,date,economy,measure,vehicle_type,unit,medium,transport_type,drive,fuel,frequency,scope,potential_datapoints,num_datapoints,sum_of_values,dataset,value,dataset_selection_method,comment
0,2010,01_AUS,new_vehicle_efficiency,2w,km_per_pj,road,passenger,bev,all,yearly,national,['avg_eff_no_outliers $ transport_data_system_9th'],1,33137029391.83156,avg_eff_no_outliers $ transport_data_system_9th,2549002260.91012,single_datapoint,no_comment
1,2010,01_AUS,turnover_rate,2w,%,road,passenger,bev,all,yearly,national,['manually_inputted_data $ guess'],1,0.42,manually_inputted_data $ guess,0.03,manual,no_comment
2,2011,01_AUS,new_vehicle_efficiency,2w,km_per_pj,road,passenger,bev,all,yearly,national,['avg_eff_no_outliers $ transport_data_system_9th'],1,33137029391.83156,avg_eff_no_outliers $ transport_data_system_9th,2549002260.91012,single_datapoint,no_comment
3,2011,01_AUS,turnover_rate,2w,%,road,passenger,bev,all,yearly,national,['manually_inputted_data $ guess'],1,0.42,manually_inputted_data $ guess,0.03,manual,no_comment
4,2012,01_AUS,new_vehicle_efficiency,2w,km_per_pj,road,passenger,bev,all,yearly,national,['avg_eff_no_outliers $ transport_data_system_9th'],1,33137029391.83156,avg_eff_no_outliers $ transport_data_system_9th,2549002260.91012,single_datapoint,no_comment
5,2012,01_AUS,turnover_rate,2w,%,road,passenger,bev,all,yearly,national,['manually_inputted_data $ guess'],1,0.42,manually_inputted_data $ guess,0.03,manual,no_comment
6,2013,01_AUS,new_vehicle_efficiency,2w,km_per_pj,road,passenger,bev,all,yearly,national,['avg_eff_no_outliers $ transport_data_system_9th'],1,33137029391.83156,avg_eff_no_outliers $ transport_data_system_9th,2549002260.91012,single_datapoint,no_comment
7,2013,01_AUS,turnover_rate,2w,%,road,passenger,bev,all,yearly,national,['manually_inputted_data $ guess'],1,0.42,manually_inputted_data $ guess,0.03,manual,no_comment
8,2014,01_AUS,new_vehicle_efficiency,2w,km_per_pj,road,passenger,bev,all,yearly,national,['avg_eff_no_outliers $ transport_data_system_9th'],1,33137029391.83156,avg_eff_no_outliers $ transport_data_system_9th,2549002260.91012,single_datapoint,no_comment
9,2014,01_AUS,turnover_rate,2w,%,road,passenger,bev,all,yearly,national,['manually_inputted_data $ guess'],1,0.42,manually_inputted_data $ guess,0.03,manual,no_comment
10,2015,01_AUS,new_vehicle_efficiency,2w,km_per_pj,road,passenger,bev,all,yearly,national,['avg_eff_no_outliers $ transport_data_system_9th'],1,33137029391.83156,avg_eff_no_outliers $ transport_data_system_9th,2549002260.91012,single_datapoint,no_comment
11,2015,01_AUS,turnover_rate,2w,%,road,passenger,bev,all,yearly,national,['manually_inputted_data $ guess'],1,0.42,manually_inputted_data $ guess,0.03,manual,no_comment
12,2016,01_AUS,new_vehicle_efficiency,2w,km_per_pj,road,passenger,bev,all,yearly,national,['avg_eff_no_outliers $ transport_data_system_9th'],1,33137029391.83156,avg_eff_no_outliers $ transport_data_system_9th,2549002260.91012,single_datapoint,no_comment
13,2016,01_AUS,turnover_rate,2w,%,road,passenger,bev,all,yearly,national,['manually_inputted_data $ guess'],1,0.42,manually_inputted_data $ guess,0.03,manual,no_comment
14,2017,01_AUS,activity,2w,passenger_km_or_freight_tonne_km,road,passenger,bev,all,yearly,national,"['8th_edition_transport_model $ reference', 'estimated $ calculate_energy_and_activity()']",2,1923225.2060654,estimated $ calculate_energy_and_activity(),1287000.0,manual,no_comment
15,2017,01_AUS,energy,2w,pj,road,passenger,bev,all,yearly,national,"['8th_edition_transport_model $ reference', 'estimated $ calculate_energy_and_activity()']",2,0.0007397168333542883,estimated $ calculate_energy_and_activity(),0.0005285364263322883,manual,no_comment
16,2017,01_AUS,new_vehicle_efficiency,2w,km_per_pj,road,passenger,bev,all,yearly,national,['avg_eff_no_outliers $ transport_data_system_9th'],1,33137029391.83156,avg_eff_no_outliers $ transport_data_system_9th,2549002260.91012,single_datapoint,no_comment
17,2017,01_AUS,travel_km,2w,km,road,passenger,bev,all,yearly,national,['estimated $ calculate_energy_and_activity()'],1,1170000.0,estimated $ calculate_energy_and_activity(),1170000.0,single_datapoint,no_comment
18,2017,01_AUS,turnover_rate,2w,%,road,passenger,bev,all,yearly,national,"['manually_inputted_data $ guess', 'turnover_rate_est']",2,0.42,manually_inputted_data $ guess,0.03,manual,no_comment
19,2018,01_AUS,new_vehicle_efficiency,2w,km_per_pj,road,passenger,bev,all,yearly,national,['avg_eff_no_outliers $ transport_data_system_9th'],1,33137029391.83156,avg_eff_no_outliers $ transport_data_system_9th,2549002260.91012,single_datapoint,no_comment
20,2018,01_AUS,turnover_rate,2w,%,road,passenger,bev,all,yearly,national,['manually_inputted_data $ guess'],1,0.42,manually_inputted_data $ guess,0.03,manual,no_comment
21,2019,01_AUS,new_vehicle_efficiency,2w,km_per_pj,road,passenger,bev,all,yearly,national,['avg_eff_no_outliers $ transport_data_system_9th'],1,33137029391.83156,avg_eff_no_outliers $ transport_data_system_9th,2549002260.91012,single_datapoint,no_comment
22,2019,01_AUS,turnover_rate,2w,%,road,passenger,bev,all,yearly,national,['manually_inputted_data $ guess'],1,0.42,manually_inputted_data $ guess,0.03,manual,no_comment
23,2020,01_AUS,new_vehicle_efficiency,2w,km_per_pj,road,passenger,bev,all,yearly,national,['avg_eff_no_outliers $ transport_data_system_9th'],1,33137029391.83156,avg_eff_no_outliers $ transport_data_system_9th,2549002260.91012,single_datapoint,no_comment
24,2020,01_AUS,turnover_rate,2w,%,road,passenger,bev,all,yearly,national,['manually_inputted_data $ guess'],1,0.42,manually_inputted_data $ guess,0.03,manual,no_comment
25,2021,01_AUS,new_vehicle_efficiency,2w,km_per_pj,road,passenger,bev,all,yearly,national,['avg_eff_no_outliers $ transport_data_system_9th'],1,33137029391.83156,avg_eff_no_outliers $ transport_data_system_9th,2549002260.91012,single_datapoint,no_comment
26,2021,01_AUS,turnover_rate,2w,%,road,passenger,bev,all,yearly,national,['manually_inputted_data $ guess'],1,0.42,manually_inputted_data $ guess,0.03,manual,no_comment
27,2022,01_AUS,new_vehicle_efficiency,2w,km_per_pj,road,passenger,bev,all,yearly,national,['avg_eff_no_outliers $ transport_data_system_9th'],1,33137029391.83156,avg_eff_no_outliers $ transport_data_system_9th,2549002260.91012,single_datapoint,no_comment
28,2022,01_AUS,turnover_rate,2w,%,road,passenger,bev,all,yearly,national,['manually_inputted_data $ guess'],1,0.42,manually_inputted_data $ guess,0.03,manual,no_comment
29,2010,01_AUS,activity,2w,passenger_km_or_freight_tonne_km,road,passenger,ice,all,yearly,national,['estimated $ calculate_energy_and_activity()'],1,79068404250.00002,estimated $ calculate_energy_and_activity(),5445825000.0,single_datapoint,no_comment
30,2010,01_AUS,energy,2w,pj,road,passenger,ice,all,yearly,national,['estimated $ calculate_energy_and_activity()'],1,113.64946492876535,estimated $ calculate_energy_and_activity(),7.82759059344104,single_datapoint,no_comment
31,2010,01_AUS,new_vehicle_efficiency,2w,km_per_pj,road,passenger,ice,all,yearly,national,['avg_eff_no_outliers $ transport_data_system_9th'],1,7669072338.574219,avg_eff_no_outliers $ transport_data_system_9th,589928641.428786,single_datapoint,no_comment
32,2010,01_AUS,travel_km,2w,km,road,passenger,ice,all,yearly,national,['estimated $ calculate_energy_and_activity()'],1,71880367500.0,estimated $ calculate_energy_and_activity(),4950750000.0,single_datapoint,no_comment
33,2010,01_AUS,turnover_rate,2w,%,road,passenger,ice,all,yearly,national,['manually_inputted_data $ guess'],1,0.39,manually_inputted_data $ guess,0.03,single_datapoint,no_comment
34,2011,01_AUS,activity,2w,passenger_km_or_freight_tonne_km,road,passenger,ice,all,yearly,national,['estimated $ calculate_energy_and_activity()'],1,79068404250.00002,estimated $ calculate_energy_and_activity(),5600100000.0,single_datapoint,no_comment
35,2011,01_AUS,energy,2w,pj,road,passenger,ice,all,yearly,national,['estimated $ calculate_energy_and_activity()'],1,113.64946492876535,estimated $ calculate_energy_and_activity(),8.049338728719555,single_datapoint,no_comment
36,2011,01_AUS,new_vehicle_efficiency,2w,km_per_pj,road,passenger,ice,all,yearly,national,['avg_eff_no_outliers $ transport_data_system_9th'],1,7669072338.574219,avg_eff_no_outliers $ transport_data_system_9th,589928641.428786,single_datapoint,no_comment
37,2011,01_AUS,travel_km,2w,km,road,passenger,ice,all,yearly,national,['estimated $ calculate_energy_and_activity()'],1,71880367500.0,estimated $ calculate_energy_and_activity(),5091000000.0,single_datapoint,no_comment
38,2011,01_AUS,turnover_rate,2w,%,road,passenger,ice,all,yearly,national,['manually_inputted_data $ guess'],1,0.39,manually_inputted_data $ guess,0.03,single_datapoint,no_comment
39,2012,01_AUS,activity,2w,passenger_km_or_freight_tonne_km,road,passenger,ice,all,yearly,national,['estimated $ calculate_energy_and_activity()'],1,79068404250.00002,estimated $ calculate_energy_and_activity(),5851725000.0,single_datapoint,no_comment
40,2012,01_AUS,energy,2w,pj,road,passenger,ice,all,yearly,national,['estimated $ calculate_energy_and_activity()'],1,113.64946492876535,estimated $ calculate_energy_and_activity(),8.411013494815528,single_datapoint,no_comment
41,2012,01_AUS,new_vehicle_efficiency,2w,km_per_pj,road,passenger,ice,all,yearly,national,['avg_eff_no_outliers $ transport_data_system_9th'],1,7669072338.574219,avg_eff_no_outliers $ transport_data_system_9th,589928641.428786,single_datapoint,no_comment
42,2012,01_AUS,travel_km,2w,km,road,passenger,ice,all,yearly,national,['estimated $ calculate_energy_and_activity()'],1,71880367500.0,estimated $ calculate_energy_and_activity(),5319750000.0,single_datapoint,no_comment
43,2012,01_AUS,turnover_rate,2w,%,road,passenger,ice,all,yearly,national,['manually_inputted_data $ guess'],1,0.39,manually_inputted_data $ guess,0.03,single_datapoint,no_comment
44,2013,01_AUS,activity,2w,passenger_km_or_freight_tonne_km,road,passenger,ice,all,yearly,national,['estimated $ calculate_energy_and_activity()'],1,79068404250.00002,estimated $ calculate_energy_and_activity(),6143775000.000001,single_datapoint,no_comment
45,2013,01_AUS,energy,2w,pj,road,passenger,ice,all,yearly,national,['estimated $ calculate_energy_and_activity()'],1,113.64946492876535,estimated $ calculate_energy_and_activity(),8.830793387267903,single_datapoint,no_comment
46,2013,01_AUS,new_vehicle_efficiency,2w,km_per_pj,road,passenger,ice,all,yearly,national,['avg_eff_no_outliers $ transport_data_system_9th'],1,7669072338.574219,avg_eff_no_outliers $ transport_data_system_9th,589928641.428786,single_datapoint,no_comment
47,2013,01_AUS,travel_km,2w,km,road,passenger,ice,all,yearly,national,['estimated $ calculate_energy_and_activity()'],1,71880367500.0,estimated $ calculate_energy_and_activity(),5585250000.0,single_datapoint,no_comment
48,2013,01_AUS,turnover_rate,2w,%,road,passenger,ice,all,yearly,national,['manually_inputted_data $ guess'],1,0.39,manually_inputted_data $ guess,0.03,single_datapoint,no_comment
49,2014,01_AUS,activity,2w,passenger_km_or_freight_tonne_km,road,passenger,ice,all,yearly,national,['estimated $ calculate_energy_and_activity()'],1,79068404250.00002,estimated $ calculate_energy_and_activity(),6436650000.000001,single_datapoint,no_comment
50,2014,01_AUS,energy,2w,pj,road,passenger,ice,all,yearly,national,['estimated $ calculate_energy_and_activity()'],1,113.64946492876535,estimated $ calculate_energy_and_activity(),9.251759098625511,single_datapoint,no_comment
51,2014,01_AUS,new_vehicle_efficiency,2w,km_per_pj,road,passenger,ice,all,yearly,national,['avg_eff_no_outliers $ transport_data_system_9th'],1,7669072338.574219,avg_eff_no_outliers $ transport_data_system_9th,589928641.428786,single_datapoint,no_comment
52,2014,01_AUS,travel_km,2w,km,road,passenger,ice,all,yearly,national,['estimated $ calculate_energy_and_activity()'],1,71880367500.0,estimated $ calculate_energy_and_activity(),5851500000.0,single_datapoint,no_comment
53,2014,01_AUS,turnover_rate,2w,%,road,passenger,ice,all,yearly,national,['manually_inputted_data $ guess'],1,0.39,manually_inputted_data $ guess,0.03,single_datapoint,no_comment
54,2015,01_AUS,activity,2w,passenger_km_or_freight_tonne_km,road,passenger,ice,all,yearly,national,['estimated $ calculate_energy_and_activity()'],1,79068404250.00002,estimated $ calculate_energy_and_activity(),6659400000.000001,single_datapoint,no_comment
55,2015,01_AUS,energy,2w,pj,road,passenger,ice,all,yearly,national,['estimated $ calculate_energy_and_activity()'],1,113.64946492876535,estimated $ calculate_energy_and_activity(),9.571930203038338,single_datapoint,no_comment
56,2015,01_AUS,new_vehicle_efficiency,2w,km_per_pj,road,passenger,ice,all,yearly,national,['avg_eff_no_outliers $ transport_data_system_9th'],1,7669072338.574219,avg_eff_no_outliers $ transport_data_system_9th,589928641.428786,single_datapoint,no_comment
57,2015,01_AUS,travel_km,2w,km,road,passenger,ice,all,yearly,national,['estimated $ calculate_energy_and_activity()'],1,71880367500.0,estimated $ calculate_energy_and_activity(),6054000000.0,single_datapoint,no_comment
58,2015,01_AUS,turnover_rate,2w,%,road,passenger,ice,all,yearly,national,['manually_inputted_data $ guess'],1,0.39,manually_inputted_data $ guess,0.03,single_datapoint,no_comment
59,2016,01_AUS,activity,2w,passenger_km_or_freight_tonne_km,road,passenger,ice,all,yearly,national,['estimated $ calculate_energy_and_activity()'],1,79068404250.00002,estimated $ calculate_energy_and_activity(),6838961250.000001,single_datapoint,no_comment
60,2016,01_AUS,energy,2w,pj,road,passenger,ice,all,yearly,national,['estimated $ calculate_energy_and_activity()'],1,113.64946492876535,estimated $ calculate_energy_and_activity(),9.830023687762235,single_datapoint,no_comment
61,2016,01_AUS,new_vehicle_efficiency,2w,km_per_pj,road,passenger,ice,all,yearly,national,['avg_eff_no_outliers $ transport_data_system_9th'],1,7669072338.574219,avg_eff_no_outliers $ transport_data_system_9th,589928641.428786,single_datapoint,no_comment
62,2016,01_AUS,travel_km,2w,km,road,passenger,ice,all,yearly,national,['estimated $ calculate_energy_and_activity()'],1,71880367500.0,estimated $ calculate_energy_and_activity(),6217237500.0,single_datapoint,no_comment
63,2016,01_AUS,turnover_rate,2w,%,road,passenger,ice,all,yearly,national,['manually_inputted_data $ guess'],1,0.39,manually_inputted_data $ guess,0.03,single_datapoint,no_comment
64,2017,01_AUS,activity,2w,passenger_km_or_freight_tonne_km,road,passenger,ice,all,yearly,national,['estimated $ calculate_energy_and_activity()'],1,79068404250.00002,estimated $ calculate_energy_and_activity(),7006725000.000001,single_datapoint,no_comment
65,2017,01_AUS,energy,2w,pj,road,passenger,ice,all,yearly,national,['estimated $ calculate_energy_and_activity()'],1,113.64946492876535,estimated $ calculate_energy_and_activity(),10.071159962141305,single_datapoint,no_comment
66,2017,01_AUS,new_vehicle_efficiency,2w,km_per_pj,road,passenger,ice,all,yearly,national,['avg_eff_no_outliers $ transport_data_system_9th'],1,7669072338.574219,avg_eff_no_outliers $ transport_data_system_9th,589928641.428786,single_datapoint,no_comment
67,2017,01_AUS,travel_km,2w,km,road,passenger,ice,all,yearly,national,['estimated $ calculate_energy_and_activity()'],1,71880367500.0,estimated $ calculate_energy_and_activity(),6369750000.0,single_datapoint,no_comment
68,2017,01_AUS,turnover_rate,2w,%,road,passenger,ice,all,yearly,national,['manually_inputted_data $ guess'],1,0.39,manually_inputted_data $ guess,0.03,single_datapoint,no_comment
69,2018,01_AUS,activity,2w,passenger_km_or_freight_tonne_km,road,passenger,ice,all,yearly,national,['estimated $ calculate_energy_and_activity()'],1,79068404250.00002,estimated $ calculate_energy_and_activity(),7100775000.000001,single_datapoint,no_comment
70,2018,01_AUS,energy,2w,pj,road,passenger,ice,all,yearly,national,['estimated $ calculate_energy_and_activity()'],1,113.64946492876535,estimated $ calculate_energy_and_activity(),10.206343317337833,single_datapoint,no_comment
71,2018,01_AUS,new_vehicle_efficiency,2w,km_per_pj,road,passenger,ice,all,yearly,national,['avg_eff_no_outliers $ transport_data_system_9th'],1,7669072338.574219,avg_eff_no_outliers $ transport_data_system_9th,589928641.428786,single_datapoint,no_comment
72,2018,01_AUS,travel_km,2w,km,road,passenger,ice,all,yearly,national,['estimated $ calculate_energy_and_activity()'],1,71880367500.0,estimated $ calculate_energy_and_activity(),6455250000.0,single_datapoint,no_comment
73,2018,01_AUS,turnover_rate,2w,%,road,passenger,ice,all,yearly,national,['manually_inputted_data $ guess'],1,0.39,manually_inputted_data $ guess,0.03,single_datapoint,no_comment
74,2019,01_AUS,activity,2w,passenger_km_or_freight_tonne_km,road,passenger,ice,all,yearly,national,['estimated $ calculate_energy_and_activity()'],1,79068404250.00002,estimated $ calculate_energy_and_activity(),7178325000.000001,single_datapoint,no_comment
75,2019,01_AUS,energy,2w,pj,road,passenger,ice,all,yearly,national,['estimated $ calculate_energy_and_activity()'],1,113.64946492876535,estimated $ calculate_energy_and_activity(),10.317810294429707,single_datapoint,no_comment
76,2019,01_AUS,new_vehicle_efficiency,2w,km_per_pj,road,passenger,ice,all,yearly,national,['avg_eff_no_outliers $ transport_data_system_9th'],1,7669072338.574219,avg_eff_no_outliers $ transport_data_system_9th,589928641.428786,single_datapoint,no_comment
77,2019,01_AUS,travel_km,2w,km,road,passenger,ice,all,yearly,national,['estimated $ calculate_energy_and_activity()'],1,71880367500.0,estimated $ calculate_energy_and_activity(),6525750000.0,single_datapoint,no_comment
78,2019,01_AUS,turnover_rate,2w,%,road,passenger,ice,all,yearly,national,['manually_inputted_data $ guess'],1,0.39,manually_inputted_data $ guess,0.03,single_datapoint,no_comment
79,2020,01_AUS,activity,2w,passenger_km_or_freight_tonne_km,road,passenger,ice,all,yearly,national,['estimated $ calculate_energy_and_activity()'],1,79068404250.00002,estimated $ calculate_energy_and_activity(),7267268250.000001,single_datapoint,no_comment
80,2020,01_AUS,energy,2w,pj,road,passenger,ice,all,yearly,national,['estimated $ calculate_energy_and_activity()'],1,113.64946492876535,estimated $ calculate_energy_and_activity(),10.445653430602844,single_datapoint,no_comment
81,2020,01_AUS,new_vehicle_efficiency,2w,km_per_pj,road,passenger,ice,all,yearly,national,['avg_eff_no_outliers $ transport_data_system_9th'],1,7669072338.574219,avg_eff_no_outliers $ transport_data_system_9th,589928641.428786,single_datapoint,no_comment
82,2020,01_AUS,travel_km,2w,km,road,passenger,ice,all,yearly,national,['estimated $ calculate_energy_and_activity()'],1,71880367500.0,estimated $ calculate_energy_and_activity(),6606607500.0,single_datapoint,no_comment
83,2020,01_AUS,turnover_rate,2w,%,road,passenger,ice,all,yearly,national,['manually_inputted_data $ guess'],1,0.39,manually_inputted_data $ guess,0.03,single_datapoint,no_comment
84,2021,01_AUS,activity,2w,passenger_km_or_freight_tonne_km,road,passenger,ice,all,yearly,national,['estimated $ calculate_energy_and_activity()'],1,79068404250.00002,estimated $ calculate_energy_and_activity(),7538874750.000001,single_datapoint,no_comment
85,2021,01_AUS,energy,2w,pj,road,passenger,ice,all,yearly,national,['estimated $ calculate_energy_and_activity()'],1,113.64946492876535,estimated $ calculate_energy_and_activity(),10.836048730583553,single_datapoint,no_comment
86,2021,01_AUS,new_vehicle_efficiency,2w,km_per_pj,road,passenger,ice,all,yearly,national,['avg_eff_no_outliers $ transport_data_system_9th'],1,7669072338.574219,avg_eff_no_outliers $ transport_data_system_9th,589928641.428786,single_datapoint,no_comment
87,2021,01_AUS,travel_km,2w,km,road,passenger,ice,all,yearly,national,['estimated $ calculate_energy_and_activity()'],1,71880367500.0,estimated $ calculate_energy_and_activity(),6853522500.0,single_datapoint,no_comment
88,2021,01_AUS,turnover_rate,2w,%,road,passenger,ice,all,yearly,national,['manually_inputted_data $ guess'],1,0.39,manually_inputted_data $ guess,0.03,single_datapoint,no_comment
89,2022,01_AUS,new_vehicle_efficiency,2w,km_per_pj,road,passenger,ice,all,yearly,national,['avg_eff_no_outliers $ transport_data_system_9th'],1,7669072338.574219,avg_eff_no_outliers $ transport_data_system_9th,589928641.428786,single_datapoint,no_comment
90,2022,01_AUS,turnover_rate,2w,%,road,passenger,ice,all,yearly,national,['manually_inputted_data $ guess'],1,0.39,manually_inputted_data $ guess,0.03,single_datapoint,no_comment
91,2010,01_AUS,intensity,all,pj_per_passenger_or_freight_tonne_km,air,freight,all,all,yearly,national,['manually_inputted_data $ energy-intensity-of-passenger-transport-modes-2018'],1,4.0300000000000004e-08,manually_inputted_data $ energy-intensity-of-passenger-transport-modes-2018,3.1e-09,single_datapoint,assumed_to_be_same_as_passenger_air_because_of_lack_of_data
92,2010,01_AUS,intensity,all,pj_per_passenger_or_freight_tonne_km,rail,freight,all,all,yearly,national,['manually_inputted_data $ iea_howtocalculatetheindicatorsforthetransportsectors.pdf'],1,2.86e-09,manually_inputted_data $ iea_howtocalculatetheindicatorsforthetransportsectors.pdf,2.2e-10,single_datapoint,from_how_to_calculate_the_indicators_for_the_transport_sector
93,2010,01_AUS,intensity,all,pj_per_passenger_or_freight_tonne_km,ship,freight,all,all,yearly,national,['manually_inputted_data $ iea_howtocalculatetheindicatorsforthetransportsectors.pdf'],1,7.02e-09,manually_inputted_data $ iea_howtocalculatetheindicatorsforthetransportsectors.pdf,5.4e-10,single_datapoint,from_how_to_calculate_the_indicators_for_the_transport_sector
94,2010,01_AUS,intensity,all,pj_per_passenger_or_freight_tonne_km,air,passenger,all,all,yearly,national,['manually_inputted_data $ energy-intensity-of-passenger-transport-modes-2018'],1,4.0300000000000004e-08,manually_inputted_data $ energy-intensity-of-passenger-transport-modes-2018,3.1e-09,single_datapoint,no_comment
95,2010,01_AUS,intensity,all,pj_per_passenger_or_freight_tonne_km,rail,passenger,all,all,yearly,national,['manually_inputted_data $ energy-intensity-of-passenger-transport-modes-2018'],1,2.6e-09,manually_inputted_data $ energy-intensity-of-passenger-transport-modes-2018,2e-10,single_datapoint,no_comment
96,2010,01_AUS,intensity,all,pj_per_passenger_or_freight_tonne_km,ship,passenger,all,all,yearly,national,['manually_inputted_data $ iea_howtocalculatetheindicatorsforthetransportsectors.pdf'],1,7.02e-09,manually_inputted_data $ iea_howtocalculatetheindicatorsforthetransportsectors.pdf,5.4e-10,single_datapoint,assumed_to_be_the_same_as_ship_freight_from_iea_how_to
97,2011,01_AUS,intensity,all,pj_per_passenger_or_freight_tonne_km,air,freight,all,all,yearly,national,['manually_inputted_data $ energy-intensity-of-passenger-transport-modes-2018'],1,4.0300000000000004e-08,manually_inputted_data $ energy-intensity-of-passenger-transport-modes-2018,3.1e-09,single_datapoint,assumed_to_be_same_as_passenger_air_because_of_lack_of_data
98,2011,01_AUS,intensity,all,pj_per_passenger_or_freight_tonne_km,rail,freight,all,all,yearly,national,['manually_inputted_data $ iea_howtocalculatetheindicatorsforthetransportsectors.pdf'],1,2.86e-09,manually_inputted_data $ iea_howtocalculatetheindicatorsforthetransportsectors.pdf,2.2e-10,single_datapoint,from_how_to_calculate_the_indicators_for_the_transport_sector
99,2011,01_AUS,intensity,all,pj_per_passenger_or_freight_tonne_km,ship,freight,all,all,yearly,national,['manually_inputted_data $ iea_howtocalculatetheindicatorsforthetransportsectors.pdf'],1,7.02e-09,manually_inputted_data $ iea_howtocalculatetheindicatorsforthetransportsectors.pdf,5.4e-10,single_datapoint,from_how_to_calculate_the_indicators_for_the_transport_sector
100,2011,01_AUS,intensity,all,pj_per_passenger_or_freight_tonne_km,air,passenger,all,all,yearly,national,['manually_inputted_data $ energy-intensity-of-passenger-transport-modes-2018'],1,4.0300000000000004e-08,manually_inputted_data $ energy-intensity-of-passenger-transport-modes-2018,3.1e-09,single_datapoint,no_comment
101,2011,01_AUS,intensity,all,pj_per_passenger_or_freight_tonne_km,rail,passenger,all,all,yearly,national,['manually_inputted_data $ energy-intensity-of-passenger-transport-modes-2018'],1,2.6e-09,manually_inputted_data $ energy-intensity-of-passenger-transport-modes-2018,2e-10,single_datapoint,no_comment
102,2011,01_AUS,intensity,all,pj_per_passenger_or_freight_tonne_km,ship,passenger,all,all,yearly,national,['manually_inputted_data $ iea_howtocalculatetheindicatorsforthetransportsectors.pdf'],1,7.02e-09,manually_inputted_data $ iea_howtocalculatetheindicatorsforthetransportsectors.pdf,5.4e-10,single_datapoint,assumed_to_be_the_same_as_ship_freight_from_iea_how_to
103,2012,01_AUS,intensity,all,pj_per_passenger_or_freight_tonne_km,air,freight,all,all,yearly,national,['manually_inputted_data $ energy-intensity-of-passenger-transport-modes-2018'],1,4.0300000000000004e-08,manually_inputted_data $ energy-intensity-of-passenger-transport-modes-2018,3.1e-09,single_datapoint,assumed_to_be_same_as_passenger_air_because_of_lack_of_data
104,2012,01_AUS,intensity,all,pj_per_passenger_or_freight_tonne_km,rail,freight,all,all,yearly,national,['manually_inputted_data $ iea_howtocalculatetheindicatorsforthetransportsectors.pdf'],1,2.86e-09,manually_inputted_data $ iea_howtocalculatetheindicatorsforthetransportsectors.pdf,2.2e-10,single_datapoint,from_how_to_calculate_the_indicators_for_the_transport_sector
105,2012,01_AUS,intensity,all,pj_per_passenger_or_freight_tonne_km,ship,freight,all,all,yearly,national,['manually_inputted_data $ iea_howtocalculatetheindicatorsforthetransportsectors.pdf'],1,7.02e-09,manually_inputted_data $ iea_howtocalculatetheindicatorsforthetransportsectors.pdf,5.4e-10,single_datapoint,from_how_to_calculate_the_indicators_for_the_transport_sector
106,2012,01_AUS,intensity,all,pj_per_passenger_or_freight_tonne_km,air,passenger,all,all,yearly,national,['manually_inputted_data $ energy-intensity-of-passenger-transport-modes-2018'],1,4.0300000000000004e-08,manually_inputted_data $ energy-intensity-of-passenger-transport-modes-2018,3.1e-09,single_datapoint,no_comment
107,2012,01_AUS,intensity,all,pj_per_passenger_or_freight_tonne_km,rail,passenger,all,all,yearly,national,['manually_inputted_data $ energy-intensity-of-passenger-transport-modes-2018'],1,2.6e-09,manually_inputted_data $ energy-intensity-of-passenger-transport-modes-2018,2e-10,single_datapoint,no_comment
108,2012,01_AUS,intensity,all,pj_per_passenger_or_freight_tonne_km,ship,passenger,all,all,yearly,national,['manually_inputted_data $ iea_howtocalculatetheindicatorsforthetransportsectors.pdf'],1,7.02e-09,manually_inputted_data $ iea_howtocalculatetheindicatorsforthetransportsectors.pdf,5.4e-10,single_datapoint,assumed_to_be_the_same_as_ship_freight_from_iea_how_to
109,2013,01_AUS,intensity,all,pj_per_passenger_or_freight_tonne_km,air,freight,all,all,yearly,national,['manually_inputted_data $ energy-intensity-of-passenger-transport-modes-2018'],1,4.0300000000000004e-08,manually_inputted_data $ energy-intensity-of-passenger-transport-modes-2018,3.1e-09,single_datapoint,assumed_to_be_same_as_passenger_air_because_of_lack_of_data
110,2013,01_AUS,intensity,all,pj_per_passenger_or_freight_tonne_km,rail,freight,all,all,yearly,national,['manually_inputted_data $ iea_howtocalculatetheindicatorsforthetransportsectors.pdf'],1,2.86e-09,manually_inputted_data $ iea_howtocalculatetheindicatorsforthetransportsectors.pdf,2.2e-10,single_datapoint,from_how_to_calculate_the_indicators_for_the_transport_sector
111,2013,01_AUS,intensity,all,pj_per_passenger_or_freight_tonne_km,ship,freight,all,all,yearly,national,['manually_inputted_data $ iea_howtocalculatetheindicatorsforthetransportsectors.pdf'],1,7.02e-09,manually_inputted_data $ iea_howtocalculatetheindicatorsforthetransportsectors.pdf,5.4e-10,single_datapoint,from_how_to_calculate_the_indicators_for_the_transport_sector
112,2013,01_AUS,intensity,all,pj_per_passenger_or_freight_tonne_km,air,passenger,all,all,yearly,national,['manually_inputted_data $ energy-intensity-of-passenger-transport-modes-2018'],1,4.0300000000000004e-08,manually_inputted_data $ energy-intensity-of-passenger-transport-modes-2018,3.1e-09,single_datapoint,no_comment
113,2013,01_AUS,intensity,all,pj_per_passenger_or_freight_tonne_km,rail,passenger,all,all,yearly,national,['manually_inputted_data $ energy-intensity-of-passenger-transport-modes-2018'],1,2.6e-09,manually_inputted_data $ energy-intensity-of-passenger-transport-modes-2018,2e-10,single_datapoint,no_comment
114,2013,01_AUS,intensity,all,pj_per_passenger_or_freight_tonne_km,ship,passenger,all,all,yearly,national,['manually_inputted_data $ iea_howtocalculatetheindicatorsforthetransportsectors.pdf'],1,7.02e-09,manually_inputted_data $ iea_howtocalculatetheindicatorsforthetransportsectors.pdf,5.4e-10,single_datapoint,assumed_to_be_the_same_as_ship_freight_from_iea_how_to
115,2014,01_AUS,intensity,all,pj_per_passenger_or_freight_tonne_km,air,freight,all,all,yearly,national,['manually_inputted_data $ energy-intensity-of-passenger-transport-modes-2018'],1,4.0300000000000004e-08,manually_inputted_data $ energy-intensity-of-passenger-transport-modes-2018,3.1e-09,single_datapoint,assumed_to_be_same_as_passenger_air_because_of_lack_of_data
116,2014,01_AUS,intensity,all,pj_per_passenger_or_freight_tonne_km,rail,freight,all,all,yearly,national,['manually_inputted_data $ iea_howtocalculatetheindicatorsforthetransportsectors.pdf'],1,2.86e-09,manually_inputted_data $ iea_howtocalculatetheindicatorsforthetransportsectors.pdf,2.2e-10,single_datapoint,from_how_to_calculate_the_indicators_for_the_transport_sector
117,2014,01_AUS,intensity,all,pj_per_passenger_or_freight_tonne_km,ship,freight,all,all,yearly,national,['manually_inputted_data $ iea_howtocalculatetheindicatorsforthetransportsectors.pdf'],1,7.02e-09,manually_inputted_data $ iea_howtocalculatetheindicatorsforthetransportsectors.pdf,5.4e-10,single_datapoint,from_how_to_calculate_the_indicators_for_the_transport_sector
118,2014,01_AUS,intensity,all,pj_per_passenger_or_freight_tonne_km,air,passenger,all,all,yearly,national,['manually_inputted_data $ energy-intensity-of-passenger-transport-modes-2018'],1,4.0300000000000004e-08,manually_inputted_data $ energy-intensity-of-passenger-transport-modes-2018,3.1e-09,single_datapoint,no_comment
119,2014,01_AUS,intensity,all,pj_per_passenger_or_freight_tonne_km,rail,passenger,all,all,yearly,national,['manually_inputted_data $ energy-intensity-of-passenger-transport-modes-2018'],1,2.6e-09,manually_inputted_data $ energy-intensity-of-passenger-transport-modes-2018,2e-10,single_datapoint,no_comment
120,2014,01_AUS,intensity,all,pj_per_passenger_or_freight_tonne_km,ship,passenger,all,all,yearly,national,['manually_inputted_data $ iea_howtocalculatetheindicatorsforthetransportsectors.pdf'],1,7.02e-09,manually_inputted_data $ iea_howtocalculatetheindicatorsforthetransportsectors.pdf,5.4e-10,single_datapoint,assumed_to_be_the_same_as_ship_freight_from_iea_how_to
121,2015,01_AUS,intensity,all,pj_per_passenger_or_freight_tonne_km,air,freight,all,all,yearly,national,['manually_inputted_data $ energy-intensity-of-passenger-transport-modes-2018'],1,4.0300000000000004e-08,manually_inputted_data $ energy-intensity-of-passenger-transport-modes-2018,3.1e-09,single_datapoint,assumed_to_be_same_as_passenger_air_because_of_lack_of_data
122,2015,01_AUS,intensity,all,pj_per_passenger_or_freight_tonne_km,rail,freight,all,all,yearly,national,['manually_inputted_data $ iea_howtocalculatetheindicatorsforthetransportsectors.pdf'],1,2.86e-09,manually_inputted_data $ iea_howtocalculatetheindicatorsforthetransportsectors.pdf,2.2e-10,single_datapoint,from_how_to_calculate_the_indicators_for_the_transport_sector
123,2015,01_AUS,intensity,all,pj_per_passenger_or_freight_tonne_km,ship,freight,all,all,yearly,national,['manually_inputted_data $ iea_howtocalculatetheindicatorsforthetransportsectors.pdf'],1,7.02e-09,manually_inputted_data $ iea_howtocalculatetheindicatorsforthetransportsectors.pdf,5.4e-10,single_datapoint,from_how_to_calculate_the_indicators_for_the_transport_sector
124,2015,01_AUS,intensity,all,pj_per_passenger_or_freight_tonne_km,air,passenger,all,all,yearly,national,['manually_inputted_data $ energy-intensity-of-passenger-transport-modes-2018'],1,4.0300000000000004e-08,manually_inputted_data $ energy-intensity-of-passenger-transport-modes-2018,3.1e-09,single_datapoint,no_comment
125,2015,01_AUS,intensity,all,pj_per_passenger_or_freight_tonne_km,rail,passenger,all,all,yearly,national,['manually_inputted_data $ energy-intensity-of-passenger-transport-modes-2018'],1,2.6e-09,manually_inputted_data $ energy-intensity-of-passenger-transport-modes-2018,2e-10,single_datapoint,no_comment
126,2015,01_AUS,intensity,all,pj_per_passenger_or_freight_tonne_km,ship,passenger,all,all,yearly,national,['manually_inputted_data $ iea_howtocalculatetheindicatorsforthetransportsectors.pdf'],1,7.02e-09,manually_inputted_data $ iea_howtocalculatetheindicatorsforthetransportsectors.pdf,5.4e-10,single_datapoint,assumed_to_be_the_same_as_ship_freight_from_iea_how_to
127,2016,01_AUS,intensity,all,pj_per_passenger_or_freight_tonne_km,air,freight,all,all,yearly,national,['manually_inputted_data $ energy-intensity-of-passenger-transport-modes-2018'],1,4.0300000000000004e-08,manually_inputted_data $ energy-intensity-of-passenger-transport-modes-2018,3.1e-09,single_datapoint,assumed_to_be_same_as_passenger_air_because_of_lack_of_data
128,2016,01_AUS,intensity,all,pj_per_passenger_or_freight_tonne_km,rail,freight,all,all,yearly,national,['manually_inputted_data $ iea_howtocalculatetheindicatorsforthetransportsectors.pdf'],1,2.86e-09,manually_inputted_data $ iea_howtocalculatetheindicatorsforthetransportsectors.pdf,2.2e-10,single_datapoint,from_how_to_calculate_the_indicators_for_the_transport_sector
129,2016,01_AUS,intensity,all,pj_per_passenger_or_freight_tonne_km,ship,freight,all,all,yearly,national,['manually_inputted_data $ iea_howtocalculatetheindicatorsforthetransportsectors.pdf'],1,7.02e-09,manually_inputted_data $ iea_howtocalculatetheindicatorsforthetransportsectors.pdf,5.4e-10,single_datapoint,from_how_to_calculate_the_indicators_for_the_transport_sector
130,2016,01_AUS,intensity,all,pj_per_passenger_or_freight_tonne_km,air,passenger,all,all,yearly,national,['manually_inputted_data $ energy-intensity-of-passenger-transport-modes-2018'],1,4.0300000000000004e-08,manually_inputted_data $ energy-intensity-of-passenger-transport-modes-2018,3.1e-09,single_datapoint,no_comment
131,2016,01_AUS,intensity,all,pj_per_passenger_or_freight_tonne_km,rail,passenger,all,all,yearly,national,['manually_inputted_data $ energy-intensity-of-passenger-transport-modes-2018'],1,2.6e-09,manually_inputted_data $ energy-intensity-of-passenger-transport-modes-2018,2e-10,single_datapoint,no_comment
132,2016,01_AUS,intensity,all,pj_per_passenger_or_freight_tonne_km,ship,passenger,all,all,yearly,national,['manually_inputted_data $ iea_howtocalculatetheindicatorsforthetransportsectors.pdf'],1,7.02e-09,manually_inputted_data $ iea_howtocalculatetheindicatorsforthetransportsectors.pdf,5.4e-10,single_datapoint,assumed_to_be_the_same_as_ship_freight_from_iea_how_to
133,2017,01_AUS,intensity,all,pj_per_passenger_or_freight_tonne_km,air,freight,all,all,yearly,national,['manually_inputted_data $ energy-intensity-of-passenger-transport-modes-2018'],1,4.0300000000000004e-08,manually_inputted_data $ energy-intensity-of-passenger-transport-modes-2018,3.1e-09,single_datapoint,assumed_to_be_same_as_passenger_air_because_of_lack_of_data
134,2017,01_AUS,intensity,all,pj_per_passenger_or_freight_tonne_km,rail,freight,all,all,yearly,national,['manually_inputted_data $ iea_howtocalculatetheindicatorsforthetransportsectors.pdf'],1,2.86e-09,manually_inputted_data $ iea_howtocalculatetheindicatorsforthetransportsectors.pdf,2.2e-10,single_datapoint,from_how_to_calculate_the_indicators_for_the_transport_sector
135,2017,01_AUS,intensity,all,pj_per_passenger_or_freight_tonne_km,ship,freight,all,all,yearly,national,['manually_inputted_data $ iea_howtocalculatetheindicatorsforthetransportsectors.pdf'],1,7.02e-09,manually_inputted_data $ iea_howtocalculatetheindicatorsforthetransportsectors.pdf,5.4e-10,single_datapoint,from_how_to_calculate_the_indicators_for_the_transport_sector
136,2017,01_AUS,intensity,all,pj_per_passenger_or_freight_tonne_km,air,passenger,all,all,yearly,national,['manually_inputted_data $ energy-intensity-of-passenger-transport-modes-2018'],1,4.0300000000000004e-08,manually_inputted_data $ energy-intensity-of-passenger-transport-modes-2018,3.1e-09,single_datapoint,no_comment
137,2017,01_AUS,intensity,all,pj_per_passenger_or_freight_tonne_km,rail,passenger,all,all,yearly,national,['manually_inputted_data $ energy-intensity-of-passenger-transport-modes-2018'],1,2.6e-09,manually_inputted_data $ energy-intensity-of-passenger-transport-modes-2018,2e-10,single_datapoint,no_comment
138,2017,01_AUS,intensity,all,pj_per_passenger_or_freight_tonne_km,ship,passenger,all,all,yearly,national,['manually_inputted_data $ iea_howtocalculatetheindicatorsforthetransportsectors.pdf'],1,7.02e-09,manually_inputted_data $ iea_howtocalculatetheindicatorsforthetransportsectors.pdf,5.4e-10,single_datapoint,assumed_to_be_the_same_as_ship_freight_from_iea_how_to
139,2018,01_AUS,intensity,all,pj_per_passenger_or_freight_tonne_km,air,freight,all,all,yearly,national,['manually_inputted_data $ energy-intensity-of-passenger-transport-modes-2018'],1,4.0300000000000004e-08,manually_inputted_data $ energy-intensity-of-passenger-transport-modes-2018,3.1e-09,single_datapoint,assumed_to_be_same_as_passenger_air_because_of_lack_of_data
140,2018,01_AUS,intensity,all,pj_per_passenger_or_freight_tonne_km,rail,freight,all,all,yearly,national,['manually_inputted_data $ iea_howtocalculatetheindicatorsforthetransportsectors.pdf'],1,2.86e-09,manually_inputted_data $ iea_howtocalculatetheindicatorsforthetransportsectors.pdf,2.2e-10,single_datapoint,from_how_to_calculate_the_indicators_for_the_transport_sector
141,2018,01_AUS,intensity,all,pj_per_passenger_or_freight_tonne_km,ship,freight,all,all,yearly,national,['manually_inputted_data $ iea_howtocalculatetheindicatorsforthetransportsectors.pdf'],1,7.02e-09,manually_inputted_data $ iea_howtocalculatetheindicatorsforthetransportsectors.pdf,5.4e-10,single_datapoint,from_how_to_calculate_the_indicators_for_the_transport_sector
142,2018,01_AUS,intensity,all,pj_per_passenger_or_freight_tonne_km,air,passenger,all,all,yearly,national,['manually_inputted_data $ energy-intensity-of-passenger-transport-modes-2018'],1,4.0300000000000004e-08,manually_inputted_data $ energy-intensity-of-passenger-transport-modes-2018,3.1e-09,single_datapoint,no_comment
143,2018,01_AUS,intensity,all,pj_per_passenger_or_freight_tonne_km,rail,passenger,all,all,yearly,national,['manually_inputted_data $ energy-intensity-of-passenger-transport-modes-2018'],1,2.6e-09,manually_inputted_data $ energy-intensity-of-passenger-transport-modes-2018,2e-10,single_datapoint,no_comment
144,2018,01_AUS,intensity,all,pj_per_passenger_or_freight_tonne_km,ship,passenger,all,all,yearly,national,['manually_inputted_data $ iea_howtocalculatetheindicatorsforthetransportsectors.pdf'],1,7.02e-09,manually_inputted_data $ iea_howtocalculatetheindicatorsforthetransportsectors.pdf,5.4e-10,single_datapoint,assumed_to_be_the_same_as_ship_freight_from_iea_how_to
145,2019,01_AUS,intensity,all,pj_per_passenger_or_freight_tonne_km,air,freight,all,all,yearly,national,['manually_inputted_data $ energy-intensity-of-passenger-transport-modes-2018'],1,4.0300000000000004e-08,manually_inputted_data $ energy-intensity-of-passenger-transport-modes-2018,3.1e-09,single_datapoint,assumed_to_be_same_as_passenger_air_because_of_lack_of_data
146,2019,01_AUS,intensity,all,pj_per_passenger_or_freight_tonne_km,rail,freight,all,all,yearly,national,['manually_inputted_data $ iea_howtocalculatetheindicatorsforthetransportsectors.pdf'],1,2.86e-09,manually_inputted_data $ iea_howtocalculatetheindicatorsforthetransportsectors.pdf,2.2e-10,single_datapoint,from_how_to_calculate_the_indicators_for_the_transport_sector
147,2019,01_AUS,intensity,all,pj_per_passenger_or_freight_tonne_km,ship,freight,all,all,yearly,national,['manually_inputted_data $ iea_howtocalculatetheindicatorsforthetransportsectors.pdf'],1,7.02e-09,manually_inputted_data $ iea_howtocalculatetheindicatorsforthetransportsectors.pdf,5.4e-10,single_datapoint,from_how_to_calculate_the_indicators_for_the_transport_sector
148,2019,01_AUS,intensity,all,pj_per_passenger_or_freight_tonne_km,air,passenger,all,all,yearly,national,['manually_inputted_data $ energy-intensity-of-passenger-transport-modes-2018'],1,4.0300000000000004e-08,manually_inputted_data $ energy-intensity-of-passenger-transport-modes-2018,3.1e-09,single_datapoint,no_comment
149,2019,01_AUS,intensity,all,pj_per_passenger_or_freight_tonne_km,rail,passenger,all,all,yearly,national,['manually_inputted_data $ energy-intensity-of-passenger-transport-modes-2018'],1,2.6e-09,manually_inputted_data $ energy-intensity-of-passenger-transport-modes-2018,2e-10,single_datapoint,no_comment
150,2019,01_AUS,intensity,all,pj_per_passenger_or_freight_tonne_km,ship,passenger,all,all,yearly,national,['manually_inputted_data $ iea_howtocalculatetheindicatorsforthetransportsectors.pdf'],1,7.02e-09,manually_inputted_data $ iea_howtocalculatetheindicatorsforthetransportsectors.pdf,5.4e-10,single_datapoint,assumed_to_be_the_same_as_ship_freight_from_iea_how_to
151,2020,01_AUS,intensity,all,pj_per_passenger_or_freight_tonne_km,air,freight,all,all,yearly,national,['manually_inputted_data $ energy-intensity-of-passenger-transport-modes-2018'],1,4.0300000000000004e-08,manually_inputted_data $ energy-intensity-of-passenger-transport-modes-2018,3.1e-09,single_datapoint,assumed_to_be_same_as_passenger_air_because_of_lack_of_data
152,2020,01_AUS,intensity,all,pj_per_passenger_or_freight_tonne_km,rail,freight,all,all,yearly,national,['manually_inputted_data $ iea_howtocalculatetheindicatorsforthetransportsectors.pdf'],1,2.86e-09,manually_inputted_data $ iea_howtocalculatetheindicatorsforthetransportsectors.pdf,2.2e-10,single_datapoint,from_how_to_calculate_the_indicators_for_the_transport_sector
153,2020,01_AUS,intensity,all,pj_per_passenger_or_freight_tonne_km,ship,freight,all,all,yearly,national,['manually_inputted_data $ iea_howtocalculatetheindicatorsforthetransportsectors.pdf'],1,7.02e-09,manually_inputted_data $ iea_howtocalculatetheindicatorsforthetransportsectors.pdf,5.4e-10,single_datapoint,from_how_to_calculate_the_indicators_for_the_transport_sector
154,2020,01_AUS,intensity,all,pj_per_passenger_or_freight_tonne_km,air,passenger,all,all,yearly,national,['manually_inputted_data $ energy-intensity-of-passenger-transport-modes-2018'],1,4.0300000000000004e-08,manually_inputted_data $ energy-intensity-of-passenger-transport-modes-2018,3.1e-09,single_datapoint,no_comment
155,2020,01_AUS,intensity,all,pj_per_passenger_or_freight_tonne_km,rail,passenger,all,all,yearly,national,['manually_inputted_data $ energy-intensity-of-passenger-transport-modes-2018'],1,2.6e-09,manually_inputted_data $ energy-intensity-of-passenger-transport-modes-2018,2e-10,single_datapoint,no_comment
156,2020,01_AUS,intensity,all,pj_per_passenger_or_freight_tonne_km,ship,passenger,all,all,yearly,national,['manually_inputted_data $ iea_howtocalculatetheindicatorsforthetransportsectors.pdf'],1,7.02e-09,manually_inputted_data $ iea_howtocalculatetheindicatorsforthetransportsectors.pdf,5.4e-10,single_datapoint,assumed_to_be_the_same_as_ship_freight_from_iea_how_to
157,2021,01_AUS,intensity,all,pj_per_passenger_or_freight_tonne_km,air,freight,all,all,yearly,national,['manually_inputted_data $ energy-intensity-of-passenger-transport-modes-2018'],1,4.0300000000000004e-08,manually_inputted_data $ energy-intensity-of-passenger-transport-modes-2018,3.1e-09,single_datapoint,assumed_to_be_same_as_passenger_air_because_of_lack_of_data
158,2021,01_AUS,intensity,all,pj_per_passenger_or_freight_tonne_km,rail,freight,all,all,yearly,national,['manually_inputted_data $ iea_howtocalculatetheindicatorsforthetransportsectors.pdf'],1,2.86e-09,manually_inputted_data $ iea_howtocalculatetheindicatorsforthetransportsectors.pdf,2.2e-10,single_datapoint,from_how_to_calculate_the_indicators_for_the_transport_sector
159,2021,01_AUS,intensity,all,pj_per_passenger_or_freight_tonne_km,ship,freight,all,all,yearly,national,['manually_inputted_data $ iea_howtocalculatetheindicatorsforthetransportsectors.pdf'],1,7.02e-09,manually_inputted_data $ iea_howtocalculatetheindicatorsforthetransportsectors.pdf,5.4e-10,single_datapoint,from_how_to_calculate_the_indicators_for_the_transport_sector
160,2021,01_AUS,intensity,all,pj_per_passenger_or_freight_tonne_km,air,passenger,all,all,yearly,national,['manually_inputted_data $ energy-intensity-of-passenger-transport-modes-2018'],1,4.0300000000000004e-08,manually_inputted_data $ energy-intensity-of-passenger-transport-modes-2018,3.1e-09,single_datapoint,no_comment
161,2021,01_AUS,intensity,all,pj_per_passenger_or_freight_tonne_km,rail,passenger,all,all,yearly,national,['manually_inputted_data $ energy-intensity-of-passenger-transport-modes-2018'],1,2.6e-09,manually_inputted_data $ energy-intensity-of-passenger-transport-modes-2018,2e-10,single_datapoint,no_comment
162,2021,01_AUS,intensity,all,pj_per_passenger_or_freight_tonne_km,ship,passenger,all,all,yearly,national,['manually_inputted_data $ iea_howtocalculatetheindicatorsforthetransportsectors.pdf'],1,7.02e-09,manually_inputted_data $ iea_howtocalculatetheindicatorsforthetransportsectors.pdf,5.4e-10,single_datapoint,assumed_to_be_the_same_as_ship_freight_from_iea_how_to
163,2022,01_AUS,intensity,all,pj_per_passenger_or_freight_tonne_km,air,freight,all,all,yearly,national,['manually_inputted_data $ energy-intensity-of-passenger-transport-modes-2018'],1,4.0300000000000004e-08,manually_inputted_data $ energy-intensity-of-passenger-transport-modes-2018,3.1e-09,single_datapoint,assumed_to_be_same_as_passenger_air_because_of_lack_of_data
164,2022,01_AUS,intensity,all,pj_per_passenger_or_freight_tonne_km,rail,freight,all,all,yearly,national,['manually_inputted_data $ iea_howtocalculatetheindicatorsforthetransportsectors.pdf'],1,2.86e-09,manually_inputted_data $ iea_howtocalculatetheindicatorsforthetransportsectors.pdf,2.2e-10,single_datapoint,from_how_to_calculate_the_indicators_for_the_transport_sector
165,2022,01_AUS,intensity,all,pj_per_passenger_or_freight_tonne_km,ship,freight,all,all,yearly,national,['manually_inputted_data $ iea_howtocalculatetheindicatorsforthetransportsectors.pdf'],1,7.02e-09,manually_inputted_data $ iea_howtocalculatetheindicatorsforthetransportsectors.pdf,5.4e-10,single_datapoint,from_how_to_calculate_the_indicators_for_the_transport_sector
166,2022,01_AUS,intensity,all,pj_per_passenger_or_freight_tonne_km,air,passenger,all,all,yearly,national,['manually_inputted_data $ energy-intensity-of-passenger-transport-modes-2018'],1,4.0300000000000004e-08,manually_inputted_data $ energy-intensity-of-passenger-transport-modes-2018,3.1e-09,single_datapoint,no_comment
167,2022,01_AUS,intensity,all,pj_per_passenger_or_freight_tonne_km,rail,passenger,all,all,yearly,national,['manually_inputted_data $ energy-intensity-of-passenger-transport-modes-2018'],1,2.6e-09,manually_inputted_data $ energy-intensity-of-passenger-transport-modes-2018,2e-10,single_datapoint,no_comment
168,2022,01_AUS,intensity,all,pj_per_passenger_or_freight_tonne_km,ship,passenger,all,all,yearly,national,['manually_inputted_data $ iea_howtocalculatetheindicatorsforthetransportsectors.pdf'],1,7.02e-09,manually_inputted_data $ iea_howtocalculatetheindicatorsforthetransportsectors.pdf,5.4e-10,single_datapoint,assumed_to_be_the_same_as_ship_freight_from_iea_how_to
169,2010,01_AUS,new_vehicle_efficiency,bus,km_per_pj,road,passenger,bev,all,yearly,national,['avg_eff_no_outliers $ transport_data_system_9th'],1,1058314235.1561403,avg_eff_no_outliers $ transport_data_system_9th,81408787.3197031,single_datapoint,no_comment
170,2010,01_AUS,turnover_rate,bus,%,road,passenger,bev,all,yearly,national,['manually_inputted_data $ guess'],1,0.42,manually_inputted_data $ guess,0.03,manual,no_comment
171,2011,01_AUS,new_vehicle_efficiency,bus,km_per_pj,road,passenger,bev,all,yearly,national,['avg_eff_no_outliers $ transport_data_system_9th'],1,1058314235.1561403,avg_eff_no_outliers $ transport_data_system_9th,81408787.3197031,single_datapoint,no_comment
172,2011,01_AUS,turnover_rate,bus,%,road,passenger,bev,all,yearly,national,['manually_inputted_data $ guess'],1,0.42,manually_inputted_data $ guess,0.03,manual,no_comment
173,2012,01_AUS,new_vehicle_efficiency,bus,km_per_pj,road,passenger,bev,all,yearly,national,['avg_eff_no_outliers $ transport_data_system_9th'],1,1058314235.1561403,avg_eff_no_outliers $ transport_data_system_9th,81408787.3197031,single_datapoint,no_comment
174,2012,01_AUS,turnover_rate,bus,%,road,passenger,bev,all,yearly,national,['manually_inputted_data $ guess'],1,0.42,manually_inputted_data $ guess,0.03,manual,no_comment
175,2013,01_AUS,new_vehicle_efficiency,bus,km_per_pj,road,passenger,bev,all,yearly,national,['avg_eff_no_outliers $ transport_data_system_9th'],1,1058314235.1561403,avg_eff_no_outliers $ transport_data_system_9th,81408787.3197031,single_datapoint,no_comment
176,2013,01_AUS,turnover_rate,bus,%,road,passenger,bev,all,yearly,national,['manually_inputted_data $ guess'],1,0.42,manually_inputted_data $ guess,0.03,manual,no_comment
177,2014,01_AUS,new_vehicle_efficiency,bus,km_per_pj,road,passenger,bev,all,yearly,national,['avg_eff_no_outliers $ transport_data_system_9th'],1,1058314235.1561403,avg_eff_no_outliers $ transport_data_system_9th,81408787.3197031,single_datapoint,no_comment
178,2014,01_AUS,turnover_rate,bus,%,road,passenger,bev,all,yearly,national,['manually_inputted_data $ guess'],1,0.42,manually_inputted_data $ guess,0.03,manual,no_comment
179,2015,01_AUS,new_vehicle_efficiency,bus,km_per_pj,road,passenger,bev,all,yearly,national,['avg_eff_no_outliers $ transport_data_system_9th'],1,1058314235.1561403,avg_eff_no_outliers $ transport_data_system_9th,81408787.3197031,single_datapoint,no_comment
180,2015,01_AUS,turnover_rate,bus,%,road,passenger,bev,all,yearly,national,['manually_inputted_data $ guess'],1,0.42,manually_inputted_data $ guess,0.03,manual,no_comment
181,2016,01_AUS,new_vehicle_efficiency,bus,km_per_pj,road,passenger,bev,all,yearly,national,['avg_eff_no_outliers $ transport_data_system_9th'],1,1058314235.1561403,avg_eff_no_outliers $ transport_data_system_9th,81408787.3197031,single_datapoint,no_comment
182,2016,01_AUS,turnover_rate,bus,%,road,passenger,bev,all,yearly,national,['manually_inputted_data $ guess'],1,0.42,manually_inputted_data $ guess,0.03,manual,no_comment
183,2017,01_AUS,new_vehicle_efficiency,bus,km_per_pj,road,passenger,bev,all,yearly,national,['avg_eff_no_outliers $ transport_data_system_9th'],1,1058314235.1561403,avg_eff_no_outliers $ transport_data_system_9th,81408787.3197031,single_datapoint,no_comment
184,2017,01_AUS,turnover_rate,bus,%,road,passenger,bev,all,yearly,national,"['manually_inputted_data $ guess', 'turnover_rate_est']",2,0.42,manually_inputted_data $ guess,0.03,manual,no_comment
185,2018,01_AUS,new_vehicle_efficiency,bus,km_per_pj,road,passenger,bev,all,yearly,national,['avg_eff_no_outliers $ transport_data_system_9th'],1,1058314235.1561403,avg_eff_no_outliers $ transport_data_system_9th,81408787.3197031,single_datapoint,no_comment
186,2018,01_AUS,turnover_rate,bus,%,road,passenger,bev,all,yearly,national,['manually_inputted_data $ guess'],1,0.42,manually_inputted_data $ guess,0.03,manual,no_comment
187,2019,01_AUS,new_vehicle_efficiency,bus,km_per_pj,road,passenger,bev,all,yearly,national,['avg_eff_no_outliers $ transport_data_system_9th'],1,1058314235.1561403,avg_eff_no_outliers $ transport_data_system_9th,81408787.3197031,single_datapoint,no_comment
188,2019,01_AUS,turnover_rate,bus,%,road,passenger,bev,all,yearly,national,['manually_inputted_data $ guess'],1,0.42,manually_inputted_data $ guess,0.03,manual,no_comment
189,2020,01_AUS,new_vehicle_efficiency,bus,km_per_pj,road,passenger,bev,all,yearly,national,['avg_eff_no_outliers $ transport_data_system_9th'],1,1058314235.1561403,avg_eff_no_outliers $ transport_data_system_9th,81408787.3197031,single_datapoint,no_comment
190,2020,01_AUS,turnover_rate,bus,%,road,passenger,bev,all,yearly,national,['manually_inputted_data $ guess'],1,0.42,manually_inputted_data $ guess,0.03,manual,no_comment
191,2021,01_AUS,new_vehicle_efficiency,bus,km_per_pj,road,passenger,bev,all,yearly,national,['avg_eff_no_outliers $ transport_data_system_9th'],1,1058314235.1561403,avg_eff_no_outliers $ transport_data_system_9th,81408787.3197031,single_datapoint,no_comment
192,2021,01_AUS,turnover_rate,bus,%,road,passenger,bev,all,yearly,national,['manually_inputted_data $ guess'],1,0.42,manually_inputted_data $ guess,0.03,manual,no_comment
193,2022,01_AUS,new_vehicle_efficiency,bus,km_per_pj,road,passenger,bev,all,yearly,national,['avg_eff_no_outliers $ transport_data_system_9th'],1,1058314235.1561403,avg_eff_no_outliers $ transport_data_system_9th,81408787.3197031,single_datapoint,no_comment
194,2022,01_AUS,turnover_rate,bus,%,road,passenger,bev,all,yearly,national,['manually_inputted_data $ guess'],1,0.42,manually_inputted_data $ guess,0.03,manual,no_comment
195,2010,01_AUS,new_vehicle_efficiency,bus,km_per_pj,road,passenger,cng,all,yearly,national,['avg_eff_no_outliers $ transport_data_system_9th'],1,1813839119.6717222,avg_eff_no_outliers $ transport_data_system_9th,139526086.128594,single_datapoint,no_comment
196,2010,01_AUS,turnover_rate,bus,%,road,passenger,cng,all,yearly,national,['manually_inputted_data $ guess'],1,0.42,manually_inputted_data $ guess,0.03,manual,no_comment
197,2011,01_AUS,new_vehicle_efficiency,bus,km_per_pj,road,passenger,cng,all,yearly,national,['avg_eff_no_outliers $ transport_data_system_9th'],1,1813839119.6717222,avg_eff_no_outliers $ transport_data_system_9th,139526086.128594,single_datapoint,no_comment
198,2011,01_AUS,turnover_rate,bus,%,road,passenger,cng,all,yearly,national,['manually_inputted_data $ guess'],1,0.42,manually_inputted_data $ guess,0.03,manual,no_comment
199,2012,01_AUS,new_vehicle_efficiency,bus,km_per_pj,road,passenger,cng,all,yearly,national,['avg_eff_no_outliers $ transport_data_system_9th'],1,1813839119.6717222,avg_eff_no_outliers $ transport_data_system_9th,139526086.128594,single_datapoint,no_comment
200,2012,01_AUS,turnover_rate,bus,%,road,passenger,cng,all,yearly,national,['manually_inputted_data $ guess'],1,0.42,manually_inputted_data $ guess,0.03,manual,no_comment
201,2013,01_AUS,new_vehicle_efficiency,bus,km_per_pj,road,passenger,cng,all,yearly,national,['avg_eff_no_outliers $ transport_data_system_9th'],1,1813839119.6717222,avg_eff_no_outliers $ transport_data_system_9th,139526086.128594,single_datapoint,no_comment
202,2013,01_AUS,turnover_rate,bus,%,road,passenger,cng,all,yearly,national,['manually_inputted_data $ guess'],1,0.42,manually_inputted_data $ guess,0.03,manual,no_comment
203,2014,01_AUS,new_vehicle_efficiency,bus,km_per_pj,road,passenger,cng,all,yearly,national,['avg_eff_no_outliers $ transport_data_system_9th'],1,1813839119.6717222,avg_eff_no_outliers $ transport_data_system_9th,139526086.128594,single_datapoint,no_comment
204,2014,01_AUS,turnover_rate,bus,%,road,passenger,cng,all,yearly,national,['manually_inputted_data $ guess'],1,0.42,manually_inputted_data $ guess,0.03,manual,no_comment
205,2015,01_AUS,new_vehicle_efficiency,bus,km_per_pj,road,passenger,cng,all,yearly,national,['avg_eff_no_outliers $ transport_data_system_9th'],1,1813839119.6717222,avg_eff_no_outliers $ transport_data_system_9th,139526086.128594,single_datapoint,no_comment
206,2015,01_AUS,turnover_rate,bus,%,road,passenger,cng,all,yearly,national,['manually_inputted_data $ guess'],1,0.42,manually_inputted_data $ guess,0.03,manual,no_comment
207,2016,01_AUS,new_vehicle_efficiency,bus,km_per_pj,road,passenger,cng,all,yearly,national,['avg_eff_no_outliers $ transport_data_system_9th'],1,1813839119.6717222,avg_eff_no_outliers $ transport_data_system_9th,139526086.128594,single_datapoint,no_comment
208,2016,01_AUS,turnover_rate,bus,%,road,passenger,cng,all,yearly,national,['manually_inputted_data $ guess'],1,0.42,manually_inputted_data $ guess,0.03,manual,no_comment
209,2017,01_AUS,activity,bus,passenger_km_or_freight_tonne_km,road,passenger,cng,all,yearly,national,['8th_edition_transport_model $ reference'],1,57768.9569087372,8th_edition_transport_model $ reference,57768.9569087372,single_datapoint,no_comment
210,2017,01_AUS,energy,bus,pj,road,passenger,cng,all,yearly,national,['8th_edition_transport_model $ reference'],1,0.0015168735021018,8th_edition_transport_model $ reference,0.0015168735021018,single_datapoint,no_comment
211,2017,01_AUS,new_vehicle_efficiency,bus,km_per_pj,road,passenger,cng,all,yearly,national,['avg_eff_no_outliers $ transport_data_system_9th'],1,1813839119.6717222,avg_eff_no_outliers $ transport_data_system_9th,139526086.128594,single_datapoint,no_comment
212,2017,01_AUS,turnover_rate,bus,%,road,passenger,cng,all,yearly,national,"['manually_inputted_data $ guess', 'turnover_rate_est']",2,0.42,manually_inputted_data $ guess,0.03,manual,no_comment
213,2018,01_AUS,new_vehicle_efficiency,bus,km_per_pj,road,passenger,cng,all,yearly,national,['avg_eff_no_outliers $ transport_data_system_9th'],1,1813839119.6717222,avg_eff_no_outliers $ transport_data_system_9th,139526086.128594,single_datapoint,no_comment
214,2018,01_AUS,turnover_rate,bus,%,road,passenger,cng,all,yearly,national,['manually_inputted_data $ guess'],1,0.42,manually_inputted_data $ guess,0.03,manual,no_comment
215,2019,01_AUS,new_vehicle_efficiency,bus,km_per_pj,road,passenger,cng,all,yearly,national,['avg_eff_no_outliers $ transport_data_system_9th'],1,1813839119.6717222,avg_eff_no_outliers $ transport_data_system_9th,139526086.128594,single_datapoint,no_comment
216,2019,01_AUS,turnover_rate,bus,%,road,passenger,cng,all,yearly,national,['manually_inputted_data $ guess'],1,0.42,manually_inputted_data $ guess,0.03,manual,no_comment
217,2020,01_AUS,new_vehicle_efficiency,bus,km_per_pj,road,passenger,cng,all,yearly,national,['avg_eff_no_outliers $ transport_data_system_9th'],1,1813839119.6717222,avg_eff_no_outliers $ transport_data_system_9th,139526086.128594,single_datapoint,no_comment
218,2020,01_AUS,turnover_rate,bus,%,road,passenger,cng,all,yearly,national,['manually_inputted_data $ guess'],1,0.42,manually_inputted_data $ guess,0.03,manual,no_comment
219,2021,01_AUS,new_vehicle_efficiency,bus,km_per_pj,road,passenger,cng,all,yearly,national,['avg_eff_no_outliers $ transport_data_system_9th'],1,1813839119.6717222,avg_eff_no_outliers $ transport_data_system_9th,139526086.128594,single_datapoint,no_comment
220,2021,01_AUS,turnover_rate,bus,%,road,passenger,cng,all,yearly,national,['manually_inputted_data $ guess'],1,0.42,manually_inputted_data $ guess,0.03,manual,no_comment
221,2022,01_AUS,new_vehicle_efficiency,bus,km_per_pj,road,passenger,cng,all,yearly,national,['avg_eff_no_outliers $ transport_data_system_9th'],1,1813839119.6717222,avg_eff_no_outliers $ transport_data_system_9th,139526086.128594,single_datapoint,no_comment
222,2022,01_AUS,turnover_rate,bus,%,road,passenger,cng,all,yearly,national,['manually_inputted_data $ guess'],1,0.42,manually_inputted_data $ guess,0.03,manual,no_comment
223,2017,01_AUS,turnover_rate,bus,%,road,passenger,fcev,all,yearly,national,['turnover_rate_est'],1,0.03,turnover_rate_est,0.03,single_datapoint,no_comment
224,2010,01_AUS,activity,bus,passenger_km_or_freight_tonne_km,road,passenger,ice,all,yearly,national,['estimated $ calculate_energy_and_activity()'],1,1278149625000.0,estimated $ calculate_energy_and_activity(),97200000000.0,single_datapoint,no_comment
225,2010,01_AUS,energy,bus,pj,road,passenger,ice,all,yearly,national,['estimated $ calculate_energy_and_activity()'],1,1144.9883928994082,estimated $ calculate_energy_and_activity(),87.07342991226278,single_datapoint,no_comment
226,2010,01_AUS,new_vehicle_efficiency,bus,km_per_pj,road,passenger,ice,all,yearly,national,['avg_eff_no_outliers $ transport_data_system_9th'],1,910941040.8338033,avg_eff_no_outliers $ transport_data_system_9th,70072387.7564464,single_datapoint,no_comment
227,2010,01_AUS,travel_km,bus,km,road,passenger,ice,all,yearly,national,['estimated $ calculate_energy_and_activity()'],1,85209975000.0,estimated $ calculate_energy_and_activity(),6480000000.0,single_datapoint,no_comment
228,2010,01_AUS,turnover_rate,bus,%,road,passenger,ice,all,yearly,national,['manually_inputted_data $ guess'],1,0.39,manually_inputted_data $ guess,0.03,single_datapoint,no_comment
229,2011,01_AUS,activity,bus,passenger_km_or_freight_tonne_km,road,passenger,ice,all,yearly,national,['estimated $ calculate_energy_and_activity()'],1,1278149625000.0,estimated $ calculate_energy_and_activity(),98887500000.0,single_datapoint,no_comment
230,2011,01_AUS,energy,bus,pj,road,passenger,ice,all,yearly,national,['estimated $ calculate_energy_and_activity()'],1,1144.9883928994082,estimated $ calculate_energy_and_activity(),88.58512140379513,single_datapoint,no_comment
231,2011,01_AUS,new_vehicle_efficiency,bus,km_per_pj,road,passenger,ice,all,yearly,national,['avg_eff_no_outliers $ transport_data_system_9th'],1,910941040.8338033,avg_eff_no_outliers $ transport_data_system_9th,70072387.7564464,single_datapoint,no_comment
232,2011,01_AUS,travel_km,bus,km,road,passenger,ice,all,yearly,national,['estimated $ calculate_energy_and_activity()'],1,85209975000.0,estimated $ calculate_energy_and_activity(),6592500000.0,single_datapoint,no_comment
233,2011,01_AUS,turnover_rate,bus,%,road,passenger,ice,all,yearly,national,['manually_inputted_data $ guess'],1,0.39,manually_inputted_data $ guess,0.03,single_datapoint,no_comment
234,2012,01_AUS,activity,bus,passenger_km_or_freight_tonne_km,road,passenger,ice,all,yearly,national,['estimated $ calculate_energy_and_activity()'],1,1278149625000.0,estimated $ calculate_energy_and_activity(),101925000000.0,single_datapoint,no_comment
235,2012,01_AUS,energy,bus,pj,road,passenger,ice,all,yearly,national,['estimated $ calculate_energy_and_activity()'],1,1144.9883928994082,estimated $ calculate_energy_and_activity(),91.30616608855334,single_datapoint,no_comment
236,2012,01_AUS,new_vehicle_efficiency,bus,km_per_pj,road,passenger,ice,all,yearly,national,['avg_eff_no_outliers $ transport_data_system_9th'],1,910941040.8338033,avg_eff_no_outliers $ transport_data_system_9th,70072387.7564464,single_datapoint,no_comment
237,2012,01_AUS,travel_km,bus,km,road,passenger,ice,all,yearly,national,['estimated $ calculate_energy_and_activity()'],1,85209975000.0,estimated $ calculate_energy_and_activity(),6795000000.0,single_datapoint,no_comment
238,2012,01_AUS,turnover_rate,bus,%,road,passenger,ice,all,yearly,national,['manually_inputted_data $ guess'],1,0.39,manually_inputted_data $ guess,0.03,single_datapoint,no_comment
239,2013,01_AUS,activity,bus,passenger_km_or_freight_tonne_km,road,passenger,ice,all,yearly,national,['estimated $ calculate_energy_and_activity()'],1,1278149625000.0,estimated $ calculate_energy_and_activity(),104625000000.0,single_datapoint,no_comment
240,2013,01_AUS,energy,bus,pj,road,passenger,ice,all,yearly,national,['estimated $ calculate_energy_and_activity()'],1,1144.9883928994082,estimated $ calculate_energy_and_activity(),93.72487247500509,single_datapoint,no_comment
241,2013,01_AUS,new_vehicle_efficiency,bus,km_per_pj,road,passenger,ice,all,yearly,national,['avg_eff_no_outliers $ transport_data_system_9th'],1,910941040.8338033,avg_eff_no_outliers $ transport_data_system_9th,70072387.7564464,single_datapoint,no_comment
242,2013,01_AUS,travel_km,bus,km,road,passenger,ice,all,yearly,national,['estimated $ calculate_energy_and_activity()'],1,85209975000.0,estimated $ calculate_energy_and_activity(),6975000000.0,single_datapoint,no_comment
243,2013,01_AUS,turnover_rate,bus,%,road,passenger,ice,all,yearly,national,['manually_inputted_data $ guess'],1,0.39,manually_inputted_data $ guess,0.03,single_datapoint,no_comment
244,2014,01_AUS,activity,bus,passenger_km_or_freight_tonne_km,road,passenger,ice,all,yearly,national,['estimated $ calculate_energy_and_activity()'],1,1278149625000.0,estimated $ calculate_energy_and_activity(),105862500000.0,single_datapoint,no_comment
245,2014,01_AUS,energy,bus,pj,road,passenger,ice,all,yearly,national,['estimated $ calculate_energy_and_activity()'],1,1144.9883928994082,estimated $ calculate_energy_and_activity(),94.83344623546213,single_datapoint,no_comment
246,2014,01_AUS,new_vehicle_efficiency,bus,km_per_pj,road,passenger,ice,all,yearly,national,['avg_eff_no_outliers $ transport_data_system_9th'],1,910941040.8338033,avg_eff_no_outliers $ transport_data_system_9th,70072387.7564464,single_datapoint,no_comment
247,2014,01_AUS,travel_km,bus,km,road,passenger,ice,all,yearly,national,['estimated $ calculate_energy_and_activity()'],1,85209975000.0,estimated $ calculate_energy_and_activity(),7057500000.0,single_datapoint,no_comment
248,2014,01_AUS,turnover_rate,bus,%,road,passenger,ice,all,yearly,national,['manually_inputted_data $ guess'],1,0.39,manually_inputted_data $ guess,0.03,single_datapoint,no_comment
249,2015,01_AUS,activity,bus,passenger_km_or_freight_tonne_km,road,passenger,ice,all,yearly,national,['estimated $ calculate_energy_and_activity()'],1,1278149625000.0,estimated $ calculate_energy_and_activity(),106987500000.0,single_datapoint,no_comment
250,2015,01_AUS,energy,bus,pj,road,passenger,ice,all,yearly,national,['estimated $ calculate_energy_and_activity()'],1,1144.9883928994082,estimated $ calculate_energy_and_activity(),95.84124056315036,single_datapoint,no_comment
251,2015,01_AUS,new_vehicle_efficiency,bus,km_per_pj,road,passenger,ice,all,yearly,national,['avg_eff_no_outliers $ transport_data_system_9th'],1,910941040.8338033,avg_eff_no_outliers $ transport_data_system_9th,70072387.7564464,single_datapoint,no_comment
252,2015,01_AUS,travel_km,bus,km,road,passenger,ice,all,yearly,national,['estimated $ calculate_energy_and_activity()'],1,85209975000.0,estimated $ calculate_energy_and_activity(),7132500000.0,single_datapoint,no_comment
253,2015,01_AUS,turnover_rate,bus,%,road,passenger,ice,all,yearly,national,['manually_inputted_data $ guess'],1,0.39,manually_inputted_data $ guess,0.03,single_datapoint,no_comment
254,2016,01_AUS,activity,bus,passenger_km_or_freight_tonne_km,road,passenger,ice,all,yearly,national,['estimated $ calculate_energy_and_activity()'],1,1278149625000.0,estimated $ calculate_energy_and_activity(),108675000000.0,single_datapoint,no_comment
255,2016,01_AUS,energy,bus,pj,road,passenger,ice,all,yearly,national,['estimated $ calculate_energy_and_activity()'],1,1144.9883928994082,estimated $ calculate_energy_and_activity(),97.3529320546827,single_datapoint,no_comment
256,2016,01_AUS,new_vehicle_efficiency,bus,km_per_pj,road,passenger,ice,all,yearly,national,['avg_eff_no_outliers $ transport_data_system_9th'],1,910941040.8338033,avg_eff_no_outliers $ transport_data_system_9th,70072387.7564464,single_datapoint,no_comment
257,2016,01_AUS,travel_km,bus,km,road,passenger,ice,all,yearly,national,['estimated $ calculate_energy_and_activity()'],1,85209975000.0,estimated $ calculate_energy_and_activity(),7245000000.0,single_datapoint,no_comment
258,2016,01_AUS,turnover_rate,bus,%,road,passenger,ice,all,yearly,national,['manually_inputted_data $ guess'],1,0.39,manually_inputted_data $ guess,0.03,single_datapoint,no_comment
259,2017,01_AUS,activity,bus,passenger_km_or_freight_tonne_km,road,passenger,ice,all,yearly,national,['estimated $ calculate_energy_and_activity()'],1,1278149625000.0,estimated $ calculate_energy_and_activity(),109012500000.0,single_datapoint,no_comment
260,2017,01_AUS,energy,bus,pj,road,passenger,ice,all,yearly,national,['estimated $ calculate_energy_and_activity()'],1,1144.9883928994082,estimated $ calculate_energy_and_activity(),97.65527035298916,single_datapoint,no_comment
261,2017,01_AUS,new_vehicle_efficiency,bus,km_per_pj,road,passenger,ice,all,yearly,national,['avg_eff_no_outliers $ transport_data_system_9th'],1,910941040.8338033,avg_eff_no_outliers $ transport_data_system_9th,70072387.7564464,single_datapoint,no_comment
262,2017,01_AUS,travel_km,bus,km,road,passenger,ice,all,yearly,national,['estimated $ calculate_energy_and_activity()'],1,85209975000.0,estimated $ calculate_energy_and_activity(),7267500000.0,single_datapoint,no_comment
263,2017,01_AUS,turnover_rate,bus,%,road,passenger,ice,all,yearly,national,['manually_inputted_data $ guess'],1,0.39,manually_inputted_data $ guess,0.03,single_datapoint,no_comment
264,2018,01_AUS,activity,bus,passenger_km_or_freight_tonne_km,road,passenger,ice,all,yearly,national,['estimated $ calculate_energy_and_activity()'],1,1278149625000.0,estimated $ calculate_energy_and_activity(),110925000000.0,single_datapoint,no_comment
265,2018,01_AUS,energy,bus,pj,road,passenger,ice,all,yearly,national,['estimated $ calculate_energy_and_activity()'],1,1144.9883928994082,estimated $ calculate_energy_and_activity(),99.36852071005916,single_datapoint,no_comment
266,2018,01_AUS,new_vehicle_efficiency,bus,km_per_pj,road,passenger,ice,all,yearly,national,['avg_eff_no_outliers $ transport_data_system_9th'],1,910941040.8338033,avg_eff_no_outliers $ transport_data_system_9th,70072387.7564464,single_datapoint,no_comment
267,2018,01_AUS,travel_km,bus,km,road,passenger,ice,all,yearly,national,['estimated $ calculate_energy_and_activity()'],1,85209975000.0,estimated $ calculate_energy_and_activity(),7395000000.0,single_datapoint,no_comment
268,2018,01_AUS,turnover_rate,bus,%,road,passenger,ice,all,yearly,national,['manually_inputted_data $ guess'],1,0.39,manually_inputted_data $ guess,0.03,single_datapoint,no_comment
269,2019,01_AUS,activity,bus,passenger_km_or_freight_tonne_km,road,passenger,ice,all,yearly,national,['estimated $ calculate_energy_and_activity()'],1,1278149625000.0,estimated $ calculate_energy_and_activity(),111825000000.0,single_datapoint,no_comment
270,2019,01_AUS,energy,bus,pj,road,passenger,ice,all,yearly,national,['estimated $ calculate_energy_and_activity()'],1,1144.9883928994082,estimated $ calculate_energy_and_activity(),100.17475617220974,single_datapoint,no_comment
271,2019,01_AUS,new_vehicle_efficiency,bus,km_per_pj,road,passenger,ice,all,yearly,national,['avg_eff_no_outliers $ transport_data_system_9th'],1,910941040.8338033,avg_eff_no_outliers $ transport_data_system_9th,70072387.7564464,single_datapoint,no_comment
272,2019,01_AUS,travel_km,bus,km,road,passenger,ice,all,yearly,national,['estimated $ calculate_energy_and_activity()'],1,85209975000.0,estimated $ calculate_energy_and_activity(),7455000000.0,single_datapoint,no_comment
273,2019,01_AUS,turnover_rate,bus,%,road,passenger,ice,all,yearly,national,['manually_inputted_data $ guess'],1,0.39,manually_inputted_data $ guess,0.03,single_datapoint,no_comment
274,2020,01_AUS,activity,bus,passenger_km_or_freight_tonne_km,road,passenger,ice,all,yearly,national,['estimated $ calculate_energy_and_activity()'],1,1278149625000.0,estimated $ calculate_energy_and_activity(),113032125000.0,single_datapoint,no_comment
275,2020,01_AUS,energy,bus,pj,road,passenger,ice,all,yearly,national,['estimated $ calculate_energy_and_activity()'],1,1144.9883928994082,estimated $ calculate_energy_and_activity(),101.2561194858192,single_datapoint,no_comment
276,2020,01_AUS,new_vehicle_efficiency,bus,km_per_pj,road,passenger,ice,all,yearly,national,['avg_eff_no_outliers $ transport_data_system_9th'],1,910941040.8338033,avg_eff_no_outliers $ transport_data_system_9th,70072387.7564464,single_datapoint,no_comment
277,2020,01_AUS,travel_km,bus,km,road,passenger,ice,all,yearly,national,['estimated $ calculate_energy_and_activity()'],1,85209975000.0,estimated $ calculate_energy_and_activity(),7535475000.0,single_datapoint,no_comment
278,2020,01_AUS,turnover_rate,bus,%,road,passenger,ice,all,yearly,national,['manually_inputted_data $ guess'],1,0.39,manually_inputted_data $ guess,0.03,single_datapoint,no_comment
279,2021,01_AUS,activity,bus,passenger_km_or_freight_tonne_km,road,passenger,ice,all,yearly,national,['estimated $ calculate_energy_and_activity()'],1,1278149625000.0,estimated $ calculate_energy_and_activity(),109192500000.0,single_datapoint,no_comment
280,2021,01_AUS,energy,bus,pj,road,passenger,ice,all,yearly,national,['estimated $ calculate_energy_and_activity()'],1,1144.9883928994082,estimated $ calculate_energy_and_activity(),97.81651744541928,single_datapoint,no_comment
281,2021,01_AUS,new_vehicle_efficiency,bus,km_per_pj,road,passenger,ice,all,yearly,national,['avg_eff_no_outliers $ transport_data_system_9th'],1,910941040.8338033,avg_eff_no_outliers $ transport_data_system_9th,70072387.7564464,single_datapoint,no_comment
282,2021,01_AUS,travel_km,bus,km,road,passenger,ice,all,yearly,national,['estimated $ calculate_energy_and_activity()'],1,85209975000.0,estimated $ calculate_energy_and_activity(),7279500000.0,single_datapoint,no_comment
283,2021,01_AUS,turnover_rate,bus,%,road,passenger,ice,all,yearly,national,['manually_inputted_data $ guess'],1,0.39,manually_inputted_data $ guess,0.03,single_datapoint,no_comment
284,2022,01_AUS,new_vehicle_efficiency,bus,km_per_pj,road,passenger,ice,all,yearly,national,['avg_eff_no_outliers $ transport_data_system_9th'],1,910941040.8338033,avg_eff_no_outliers $ transport_data_system_9th,70072387.7564464,single_datapoint,no_comment
285,2022,01_AUS,turnover_rate,bus,%,road,passenger,ice,all,yearly,national,['manually_inputted_data $ guess'],1,0.39,manually_inputted_data $ guess,0.03,single_datapoint,no_comment
286,2010,01_AUS,new_vehicle_efficiency,bus,km_per_pj,road,passenger,lpg,all,yearly,national,['avg_eff_no_outliers $ transport_data_system_9th'],1,1295830676.4857378,avg_eff_no_outliers $ transport_data_system_9th,99679282.8065952,single_datapoint,no_comment
287,2010,01_AUS,turnover_rate,bus,%,road,passenger,lpg,all,yearly,national,['manually_inputted_data $ guess'],1,0.42,manually_inputted_data $ guess,0.03,manual,no_comment
288,2011,01_AUS,new_vehicle_efficiency,bus,km_per_pj,road,passenger,lpg,all,yearly,national,['avg_eff_no_outliers $ transport_data_system_9th'],1,1295830676.4857378,avg_eff_no_outliers $ transport_data_system_9th,99679282.8065952,single_datapoint,no_comment
289,2011,01_AUS,turnover_rate,bus,%,road,passenger,lpg,all,yearly,national,['manually_inputted_data $ guess'],1,0.42,manually_inputted_data $ guess,0.03,manual,no_comment
290,2012,01_AUS,new_vehicle_efficiency,bus,km_per_pj,road,passenger,lpg,all,yearly,national,['avg_eff_no_outliers $ transport_data_system_9th'],1,1295830676.4857378,avg_eff_no_outliers $ transport_data_system_9th,99679282.8065952,single_datapoint,no_comment
291,2012,01_AUS,turnover_rate,bus,%,road,passenger,lpg,all,yearly,national,['manually_inputted_data $ guess'],1,0.42,manually_inputted_data $ guess,0.03,manual,no_comment
292,2013,01_AUS,new_vehicle_efficiency,bus,km_per_pj,road,passenger,lpg,all,yearly,national,['avg_eff_no_outliers $ transport_data_system_9th'],1,1295830676.4857378,avg_eff_no_outliers $ transport_data_system_9th,99679282.8065952,single_datapoint,no_comment
293,2013,01_AUS,turnover_rate,bus,%,road,passenger,lpg,all,yearly,national,['manually_inputted_data $ guess'],1,0.42,manually_inputted_data $ guess,0.03,manual,no_comment
294,2014,01_AUS,new_vehicle_efficiency,bus,km_per_pj,road,passenger,lpg,all,yearly,national,['avg_eff_no_outliers $ transport_data_system_9th'],1,1295830676.4857378,avg_eff_no_outliers $ transport_data_system_9th,99679282.8065952,single_datapoint,no_comment
295,2014,01_AUS,turnover_rate,bus,%,road,passenger,lpg,all,yearly,national,['manually_inputted_data $ guess'],1,0.42,manually_inputted_data $ guess,0.03,manual,no_comment
296,2015,01_AUS,new_vehicle_efficiency,bus,km_per_pj,road,passenger,lpg,all,yearly,national,['avg_eff_no_outliers $ transport_data_system_9th'],1,1295830676.4857378,avg_eff_no_outliers $ transport_data_system_9th,99679282.8065952,single_datapoint,no_comment
297,2015,01_AUS,turnover_rate,bus,%,road,passenger,lpg,all,yearly,national,['manually_inputted_data $ guess'],1,0.42,manually_inputted_data $ guess,0.03,manual,no_comment
298,2016,01_AUS,new_vehicle_efficiency,bus,km_per_pj,road,passenger,lpg,all,yearly,national,['avg_eff_no_outliers $ transport_data_system_9th'],1,1295830676.4857378,avg_eff_no_outliers $ transport_data_system_9th,99679282.8065952,single_datapoint,no_comment
299,2016,01_AUS,turnover_rate,bus,%,road,passenger,lpg,all,yearly,national,['manually_inputted_data $ guess'],1,0.42,manually_inputted_data $ guess,0.03,manual,no_comment
300,2017,01_AUS,activity,bus,passenger_km_or_freight_tonne_km,road,passenger,lpg,all,yearly,national,"['8th_edition_transport_model $ reference', 'estimated $ calculate_energy_and_activity()']",2,2287624482.3949943,estimated $ calculate_energy_and_activity(),1572750000.0,manual,no_comment
301,2017,01_AUS,energy,bus,pj,road,passenger,lpg,all,yearly,national,"['8th_edition_transport_model $ reference', 'estimated $ calculate_energy_and_activity()']",2,2.3809113872452814,estimated $ calculate_energy_and_activity(),1.408896470108141,manual,no_comment
302,2017,01_AUS,new_vehicle_efficiency,bus,km_per_pj,road,passenger,lpg,all,yearly,national,['avg_eff_no_outliers $ transport_data_system_9th'],1,1295830676.4857378,avg_eff_no_outliers $ transport_data_system_9th,99679282.8065952,single_datapoint,no_comment
303,2017,01_AUS,travel_km,bus,km,road,passenger,lpg,all,yearly,national,['estimated $ calculate_energy_and_activity()'],1,104850000.0,estimated $ calculate_energy_and_activity(),104850000.0,single_datapoint,no_comment
304,2017,01_AUS,turnover_rate,bus,%,road,passenger,lpg,all,yearly,national,"['manually_inputted_data $ guess', 'turnover_rate_est']",2,0.42,manually_inputted_data $ guess,0.03,manual,no_comment
305,2018,01_AUS,new_vehicle_efficiency,bus,km_per_pj,road,passenger,lpg,all,yearly,national,['avg_eff_no_outliers $ transport_data_system_9th'],1,1295830676.4857378,avg_eff_no_outliers $ transport_data_system_9th,99679282.8065952,single_datapoint,no_comment
306,2018,01_AUS,turnover_rate,bus,%,road,passenger,lpg,all,yearly,national,['manually_inputted_data $ guess'],1,0.42,manually_inputted_data $ guess,0.03,manual,no_comment
307,2019,01_AUS,new_vehicle_efficiency,bus,km_per_pj,road,passenger,lpg,all,yearly,national,['avg_eff_no_outliers $ transport_data_system_9th'],1,1295830676.4857378,avg_eff_no_outliers $ transport_data_system_9th,99679282.8065952,single_datapoint,no_comment
308,2019,01_AUS,turnover_rate,bus,%,road,passenger,lpg,all,yearly,national,['manually_inputted_data $ guess'],1,0.42,manually_inputted_data $ guess,0.03,manual,no_comment
309,2020,01_AUS,new_vehicle_efficiency,bus,km_per_pj,road,passenger,lpg,all,yearly,national,['avg_eff_no_outliers $ transport_data_system_9th'],1,1295830676.4857378,avg_eff_no_outliers $ transport_data_system_9th,99679282.8065952,single_datapoint,no_comment
310,2020,01_AUS,turnover_rate,bus,%,road,passenger,lpg,all,yearly,national,['manually_inputted_data $ guess'],1,0.42,manually_inputted_data $ guess,0.03,manual,no_comment
311,2021,01_AUS,new_vehicle_efficiency,bus,km_per_pj,road,passenger,lpg,all,yearly,national,['avg_eff_no_outliers $ transport_data_system_9th'],1,1295830676.4857378,avg_eff_no_outliers $ transport_data_system_9th,99679282.8065952,single_datapoint,no_comment
312,2021,01_AUS,turnover_rate,bus,%,road,passenger,lpg,all,yearly,national,['manually_inputted_data $ guess'],1,0.42,manually_inputted_data $ guess,0.03,manual,no_comment
313,2022,01_AUS,new_vehicle_efficiency,bus,km_per_pj,road,passenger,lpg,all,yearly,national,['avg_eff_no_outliers $ transport_data_system_9th'],1,1295830676.4857378,avg_eff_no_outliers $ transport_data_system_9th,99679282.8065952,single_datapoint,no_comment
314,2022,01_AUS,turnover_rate,bus,%,road,passenger,lpg,all,yearly,national,['manually_inputted_data $ guess'],1,0.42,manually_inputted_data $ guess,0.03,manual,no_comment
315,2010,01_AUS,new_vehicle_efficiency,bus,km_per_pj,road,passenger,phev,all,yearly,national,['avg_eff_no_outliers $ transport_data_system_9th'],1,1472018422.278209,avg_eff_no_outliers $ transport_data_system_9th,113232186.329093,single_datapoint,no_comment
316,2010,01_AUS,turnover_rate,bus,%,road,passenger,phev,all,yearly,national,['manually_inputted_data $ guess'],1,0.39,manually_inputted_data $ guess,0.03,single_datapoint,no_comment
317,2011,01_AUS,new_vehicle_efficiency,bus,km_per_pj,road,passenger,phev,all,yearly,national,['avg_eff_no_outliers $ transport_data_system_9th'],1,1472018422.278209,avg_eff_no_outliers $ transport_data_system_9th,113232186.329093,single_datapoint,no_comment
318,2011,01_AUS,turnover_rate,bus,%,road,passenger,phev,all,yearly,national,['manually_inputted_data $ guess'],1,0.39,manually_inputted_data $ guess,0.03,single_datapoint,no_comment
319,2012,01_AUS,new_vehicle_efficiency,bus,km_per_pj,road,passenger,phev,all,yearly,national,['avg_eff_no_outliers $ transport_data_system_9th'],1,1472018422.278209,avg_eff_no_outliers $ transport_data_system_9th,113232186.329093,single_datapoint,no_comment
320,2012,01_AUS,turnover_rate,bus,%,road,passenger,phev,all,yearly,national,['manually_inputted_data $ guess'],1,0.39,manually_inputted_data $ guess,0.03,single_datapoint,no_comment
321,2013,01_AUS,new_vehicle_efficiency,bus,km_per_pj,road,passenger,phev,all,yearly,national,['avg_eff_no_outliers $ transport_data_system_9th'],1,1472018422.278209,avg_eff_no_outliers $ transport_data_system_9th,113232186.329093,single_datapoint,no_comment
322,2013,01_AUS,turnover_rate,bus,%,road,passenger,phev,all,yearly,national,['manually_inputted_data $ guess'],1,0.39,manually_inputted_data $ guess,0.03,single_datapoint,no_comment
323,2014,01_AUS,new_vehicle_efficiency,bus,km_per_pj,road,passenger,phev,all,yearly,national,['avg_eff_no_outliers $ transport_data_system_9th'],1,1472018422.278209,avg_eff_no_outliers $ transport_data_system_9th,113232186.329093,single_datapoint,no_comment
324,2014,01_AUS,turnover_rate,bus,%,road,passenger,phev,all,yearly,national,['manually_inputted_data $ guess'],1,0.39,manually_inputted_data $ guess,0.03,single_datapoint,no_comment
325,2015,01_AUS,new_vehicle_efficiency,bus,km_per_pj,road,passenger,phev,all,yearly,national,['avg_eff_no_outliers $ transport_data_system_9th'],1,1472018422.278209,avg_eff_no_outliers $ transport_data_system_9th,113232186.329093,single_datapoint,no_comment
326,2015,01_AUS,turnover_rate,bus,%,road,passenger,phev,all,yearly,national,['manually_inputted_data $ guess'],1,0.39,manually_inputted_data $ guess,0.03,single_datapoint,no_comment
327,2016,01_AUS,new_vehicle_efficiency,bus,km_per_pj,road,passenger,phev,all,yearly,national,['avg_eff_no_outliers $ transport_data_system_9th'],1,1472018422.278209,avg_eff_no_outliers $ transport_data_system_9th,113232186.329093,single_datapoint,no_comment
328,2016,01_AUS,turnover_rate,bus,%,road,passenger,phev,all,yearly,national,['manually_inputted_data $ guess'],1,0.39,manually_inputted_data $ guess,0.03,single_datapoint,no_comment
329,2017,01_AUS,new_vehicle_efficiency,bus,km_per_pj,road,passenger,phev,all,yearly,national,['avg_eff_no_outliers $ transport_data_system_9th'],1,1472018422.278209,avg_eff_no_outliers $ transport_data_system_9th,113232186.329093,single_datapoint,no_comment
330,2017,01_AUS,turnover_rate,bus,%,road,passenger,phev,all,yearly,national,['manually_inputted_data $ guess'],1,0.39,manually_inputted_data $ guess,0.03,single_datapoint,no_comment
331,2018,01_AUS,new_vehicle_efficiency,bus,km_per_pj,road,passenger,phev,all,yearly,national,['avg_eff_no_outliers $ transport_data_system_9th'],1,1472018422.278209,avg_eff_no_outliers $ transport_data_system_9th,113232186.329093,single_datapoint,no_comment
332,2018,01_AUS,turnover_rate,bus,%,road,passenger,phev,all,yearly,national,['manually_inputted_data $ guess'],1,0.39,manually_inputted_data $ guess,0.03,single_datapoint,no_comment
333,2019,01_AUS,new_vehicle_efficiency,bus,km_per_pj,road,passenger,phev,all,yearly,national,['avg_eff_no_outliers $ transport_data_system_9th'],1,1472018422.278209,avg_eff_no_outliers $ transport_data_system_9th,113232186.329093,single_datapoint,no_comment
334,2019,01_AUS,turnover_rate,bus,%,road,passenger,phev,all,yearly,national,['manually_inputted_data $ guess'],1,0.39,manually_inputted_data $ guess,0.03,single_datapoint,no_comment
335,2020,01_AUS,new_vehicle_efficiency,bus,km_per_pj,road,passenger,phev,all,yearly,national,['avg_eff_no_outliers $ transport_data_system_9th'],1,1472018422.278209,avg_eff_no_outliers $ transport_data_system_9th,113232186.329093,single_datapoint,no_comment
336,2020,01_AUS,turnover_rate,bus,%,road,passenger,phev,all,yearly,national,['manually_inputted_data $ guess'],1,0.39,manually_inputted_data $ guess,0.03,single_datapoint,no_comment
337,2021,01_AUS,new_vehicle_efficiency,bus,km_per_pj,road,passenger,phev,all,yearly,national,['avg_eff_no_outliers $ transport_data_system_9th'],1,1472018422.278209,avg_eff_no_outliers $ transport_data_system_9th,113232186.329093,single_datapoint,no_comment
338,2021,01_AUS,turnover_rate,bus,%,road,passenger,phev,all,yearly,national,['manually_inputted_data $ guess'],1,0.39,manually_inputted_data $ guess,0.03,single_datapoint,no_comment
339,2022,01_AUS,new_vehicle_efficiency,bus,km_per_pj,road,passenger,phev,all,yearly,national,['avg_eff_no_outliers $ transport_data_system_9th'],1,1472018422.278209,avg_eff_no_outliers $ transport_data_system_9th,113232186.329093,single_datapoint,no_comment
340,2022,01_AUS,turnover_rate,bus,%,road,passenger,phev,all,yearly,national,['manually_inputted_data $ guess'],1,0.39,manually_inputted_data $ guess,0.03,single_datapoint,no_comment
341,2010,01_AUS,new_vehicle_efficiency,ht,km_per_pj,road,freight,bev,all,yearly,national,['avg_eff_no_outliers $ transport_data_system_9th'],1,3249486640.872147,avg_eff_no_outliers $ transport_data_system_9th,249960510.836319,single_datapoint,no_comment
342,2010,01_AUS,turnover_rate,ht,%,road,freight,bev,all,yearly,national,['manually_inputted_data $ guess'],1,0.42,manually_inputted_data $ guess,0.03,manual,no_comment
343,2011,01_AUS,new_vehicle_efficiency,ht,km_per_pj,road,freight,bev,all,yearly,national,['avg_eff_no_outliers $ transport_data_system_9th'],1,3249486640.872147,avg_eff_no_outliers $ transport_data_system_9th,249960510.836319,single_datapoint,no_comment
344,2011,01_AUS,turnover_rate,ht,%,road,freight,bev,all,yearly,national,['manually_inputted_data $ guess'],1,0.42,manually_inputted_data $ guess,0.03,manual,no_comment
345,2012,01_AUS,new_vehicle_efficiency,ht,km_per_pj,road,freight,bev,all,yearly,national,['avg_eff_no_outliers $ transport_data_system_9th'],1,3249486640.872147,avg_eff_no_outliers $ transport_data_system_9th,249960510.836319,single_datapoint,no_comment
346,2012,01_AUS,turnover_rate,ht,%,road,freight,bev,all,yearly,national,['manually_inputted_data $ guess'],1,0.42,manually_inputted_data $ guess,0.03,manual,no_comment
347,2013,01_AUS,new_vehicle_efficiency,ht,km_per_pj,road,freight,bev,all,yearly,national,['avg_eff_no_outliers $ transport_data_system_9th'],1,3249486640.872147,avg_eff_no_outliers $ transport_data_system_9th,249960510.836319,single_datapoint,no_comment
348,2013,01_AUS,turnover_rate,ht,%,road,freight,bev,all,yearly,national,['manually_inputted_data $ guess'],1,0.42,manually_inputted_data $ guess,0.03,manual,no_comment
349,2014,01_AUS,new_vehicle_efficiency,ht,km_per_pj,road,freight,bev,all,yearly,national,['avg_eff_no_outliers $ transport_data_system_9th'],1,3249486640.872147,avg_eff_no_outliers $ transport_data_system_9th,249960510.836319,single_datapoint,no_comment
350,2014,01_AUS,turnover_rate,ht,%,road,freight,bev,all,yearly,national,['manually_inputted_data $ guess'],1,0.42,manually_inputted_data $ guess,0.03,manual,no_comment
351,2015,01_AUS,new_vehicle_efficiency,ht,km_per_pj,road,freight,bev,all,yearly,national,['avg_eff_no_outliers $ transport_data_system_9th'],1,3249486640.872147,avg_eff_no_outliers $ transport_data_system_9th,249960510.836319,single_datapoint,no_comment
352,2015,01_AUS,turnover_rate,ht,%,road,freight,bev,all,yearly,national,['manually_inputted_data $ guess'],1,0.42,manually_inputted_data $ guess,0.03,manual,no_comment
353,2016,01_AUS,new_vehicle_efficiency,ht,km_per_pj,road,freight,bev,all,yearly,national,['avg_eff_no_outliers $ transport_data_system_9th'],1,3249486640.872147,avg_eff_no_outliers $ transport_data_system_9th,249960510.836319,single_datapoint,no_comment
354,2016,01_AUS,turnover_rate,ht,%,road,freight,bev,all,yearly,national,['manually_inputted_data $ guess'],1,0.42,manually_inputted_data $ guess,0.03,manual,no_comment
355,2017,01_AUS,new_vehicle_efficiency,ht,km_per_pj,road,freight,bev,all,yearly,national,['avg_eff_no_outliers $ transport_data_system_9th'],1,3249486640.872147,avg_eff_no_outliers $ transport_data_system_9th,249960510.836319,single_datapoint,no_comment
356,2017,01_AUS,turnover_rate,ht,%,road,freight,bev,all,yearly,national,"['manually_inputted_data $ guess', 'turnover_rate_est']",2,0.42,manually_inputted_data $ guess,0.03,manual,no_comment
357,2018,01_AUS,new_vehicle_efficiency,ht,km_per_pj,road,freight,bev,all,yearly,national,['avg_eff_no_outliers $ transport_data_system_9th'],1,3249486640.872147,avg_eff_no_outliers $ transport_data_system_9th,249960510.836319,single_datapoint,no_comment
358,2018,01_AUS,turnover_rate,ht,%,road,freight,bev,all,yearly,national,['manually_inputted_data $ guess'],1,0.42,manually_inputted_data $ guess,0.03,manual,no_comment
359,2019,01_AUS,new_vehicle_efficiency,ht,km_per_pj,road,freight,bev,all,yearly,national,['avg_eff_no_outliers $ transport_data_system_9th'],1,3249486640.872147,avg_eff_no_outliers $ transport_data_system_9th,249960510.836319,single_datapoint,no_comment
360,2019,01_AUS,turnover_rate,ht,%,road,freight,bev,all,yearly,national,['manually_inputted_data $ guess'],1,0.42,manually_inputted_data $ guess,0.03,manual,no_comment
361,2020,01_AUS,new_vehicle_efficiency,ht,km_per_pj,road,freight,bev,all,yearly,national,['avg_eff_no_outliers $ transport_data_system_9th'],1,3249486640.872147,avg_eff_no_outliers $ transport_data_system_9th,249960510.836319,single_datapoint,no_comment
362,2020,01_AUS,turnover_rate,ht,%,road,freight,bev,all,yearly,national,['manually_inputted_data $ guess'],1,0.42,manually_inputted_data $ guess,0.03,manual,no_comment
363,2021,01_AUS,new_vehicle_efficiency,ht,km_per_pj,road,freight,bev,all,yearly,national,['avg_eff_no_outliers $ transport_data_system_9th'],1,3249486640.872147,avg_eff_no_outliers $ transport_data_system_9th,249960510.836319,single_datapoint,no_comment
364,2021,01_AUS,turnover_rate,ht,%,road,freight,bev,all,yearly,national,['manually_inputted_data $ guess'],1,0.42,manually_inputted_data $ guess,0.03,manual,no_comment
365,2022,01_AUS,new_vehicle_efficiency,ht,km_per_pj,road,freight,bev,all,yearly,national,['avg_eff_no_outliers $ transport_data_system_9th'],1,3249486640.872147,avg_eff_no_outliers $ transport_data_system_9th,249960510.836319,single_datapoint,no_comment
366,2022,01_AUS,turnover_rate,ht,%,road,freight,bev,all,yearly,national,['manually_inputted_data $ guess'],1,0.42,manually_inputted_data $ guess,0.03,manual,no_comment
367,2010,01_AUS,new_vehicle_efficiency,ht,km_per_pj,road,freight,cng,all,yearly,national,['avg_eff_no_outliers $ transport_data_system_9th'],1,1775178058.548531,avg_eff_no_outliers $ transport_data_system_9th,136552158.349887,single_datapoint,no_comment
368,2010,01_AUS,turnover_rate,ht,%,road,freight,cng,all,yearly,national,['manually_inputted_data $ guess'],1,0.42,manually_inputted_data $ guess,0.03,manual,no_comment
369,2011,01_AUS,new_vehicle_efficiency,ht,km_per_pj,road,freight,cng,all,yearly,national,['avg_eff_no_outliers $ transport_data_system_9th'],1,1775178058.548531,avg_eff_no_outliers $ transport_data_system_9th,136552158.349887,single_datapoint,no_comment
370,2011,01_AUS,turnover_rate,ht,%,road,freight,cng,all,yearly,national,['manually_inputted_data $ guess'],1,0.42,manually_inputted_data $ guess,0.03,manual,no_comment
371,2012,01_AUS,new_vehicle_efficiency,ht,km_per_pj,road,freight,cng,all,yearly,national,['avg_eff_no_outliers $ transport_data_system_9th'],1,1775178058.548531,avg_eff_no_outliers $ transport_data_system_9th,136552158.349887,single_datapoint,no_comment
372,2012,01_AUS,turnover_rate,ht,%,road,freight,cng,all,yearly,national,['manually_inputted_data $ guess'],1,0.42,manually_inputted_data $ guess,0.03,manual,no_comment
373,2013,01_AUS,new_vehicle_efficiency,ht,km_per_pj,road,freight,cng,all,yearly,national,['avg_eff_no_outliers $ transport_data_system_9th'],1,1775178058.548531,avg_eff_no_outliers $ transport_data_system_9th,136552158.349887,single_datapoint,no_comment
374,2013,01_AUS,turnover_rate,ht,%,road,freight,cng,all,yearly,national,['manually_inputted_data $ guess'],1,0.42,manually_inputted_data $ guess,0.03,manual,no_comment
375,2014,01_AUS,new_vehicle_efficiency,ht,km_per_pj,road,freight,cng,all,yearly,national,['avg_eff_no_outliers $ transport_data_system_9th'],1,1775178058.548531,avg_eff_no_outliers $ transport_data_system_9th,136552158.349887,single_datapoint,no_comment
376,2014,01_AUS,turnover_rate,ht,%,road,freight,cng,all,yearly,national,['manually_inputted_data $ guess'],1,0.42,manually_inputted_data $ guess,0.03,manual,no_comment
377,2015,01_AUS,new_vehicle_efficiency,ht,km_per_pj,road,freight,cng,all,yearly,national,['avg_eff_no_outliers $ transport_data_system_9th'],1,1775178058.548531,avg_eff_no_outliers $ transport_data_system_9th,136552158.349887,single_datapoint,no_comment
378,2015,01_AUS,turnover_rate,ht,%,road,freight,cng,all,yearly,national,['manually_inputted_data $ guess'],1,0.42,manually_inputted_data $ guess,0.03,manual,no_comment
379,2016,01_AUS,new_vehicle_efficiency,ht,km_per_pj,road,freight,cng,all,yearly,national,['avg_eff_no_outliers $ transport_data_system_9th'],1,1775178058.548531,avg_eff_no_outliers $ transport_data_system_9th,136552158.349887,single_datapoint,no_comment
380,2016,01_AUS,turnover_rate,ht,%,road,freight,cng,all,yearly,national,['manually_inputted_data $ guess'],1,0.42,manually_inputted_data $ guess,0.03,manual,no_comment
381,2017,01_AUS,activity,ht,passenger_km_or_freight_tonne_km,road,freight,cng,all,yearly,national,"['8th_edition_transport_model $ reference', 'estimated $ calculate_energy_and_activity()']",2,44180233.8150333,8th_edition_transport_model $ reference,20273983.8150333,manual,no_comment
382,2017,01_AUS,energy,ht,pj,road,freight,cng,all,yearly,national,"['8th_edition_transport_model $ reference', 'estimated $ calculate_energy_and_activity()']",2,0.09725862968340254,8th_edition_transport_model $ reference,0.0370362196557059,manual,no_comment
383,2017,01_AUS,new_vehicle_efficiency,ht,km_per_pj,road,freight,cng,all,yearly,national,['avg_eff_no_outliers $ transport_data_system_9th'],1,1775178058.548531,avg_eff_no_outliers $ transport_data_system_9th,136552158.349887,single_datapoint,no_comment
384,2017,01_AUS,travel_km,ht,km,road,freight,cng,all,yearly,national,['estimated $ calculate_energy_and_activity()'],1,4250000.0,estimated $ calculate_energy_and_activity(),4250000.0,single_datapoint,no_comment
385,2017,01_AUS,turnover_rate,ht,%,road,freight,cng,all,yearly,national,"['manually_inputted_data $ guess', 'turnover_rate_est']",2,0.42,manually_inputted_data $ guess,0.03,manual,no_comment
386,2018,01_AUS,new_vehicle_efficiency,ht,km_per_pj,road,freight,cng,all,yearly,national,['avg_eff_no_outliers $ transport_data_system_9th'],1,1775178058.548531,avg_eff_no_outliers $ transport_data_system_9th,136552158.349887,single_datapoint,no_comment
387,2018,01_AUS,turnover_rate,ht,%,road,freight,cng,all,yearly,national,['manually_inputted_data $ guess'],1,0.42,manually_inputted_data $ guess,0.03,manual,no_comment
388,2019,01_AUS,new_vehicle_efficiency,ht,km_per_pj,road,freight,cng,all,yearly,national,['avg_eff_no_outliers $ transport_data_system_9th'],1,1775178058.548531,avg_eff_no_outliers $ transport_data_system_9th,136552158.349887,single_datapoint,no_comment
389,2019,01_AUS,turnover_rate,ht,%,road,freight,cng,all,yearly,national,['manually_inputted_data $ guess'],1,0.42,manually_inputted_data $ guess,0.03,manual,no_comment
390,2020,01_AUS,new_vehicle_efficiency,ht,km_per_pj,road,freight,cng,all,yearly,national,['avg_eff_no_outliers $ transport_data_system_9th'],1,1775178058.548531,avg_eff_no_outliers $ transport_data_system_9th,136552158.349887,single_datapoint,no_comment
391,2020,01_AUS,turnover_rate,ht,%,road,freight,cng,all,yearly,national,['manually_inputted_data $ guess'],1,0.42,manually_inputted_data $ guess,0.03,manual,no_comment
392,2021,01_AUS,new_vehicle_efficiency,ht,km_per_pj,road,freight,cng,all,yearly,national,['avg_eff_no_outliers $ transport_data_system_9th'],1,1775178058.548531,avg_eff_no_outliers $ transport_data_system_9th,136552158.349887,single_datapoint,no_comment
393,2021,01_AUS,turnover_rate,ht,%,road,freight,cng,all,yearly,national,['manually_inputted_data $ guess'],1,0.42,manually_inputted_data $ guess,0.03,manual,no_comment
394,2022,01_AUS,new_vehicle_efficiency,ht,km_per_pj,road,freight,cng,all,yearly,national,['avg_eff_no_outliers $ transport_data_system_9th'],1,1775178058.548531,avg_eff_no_outliers $ transport_data_system_9th,136552158.349887,single_datapoint,no_comment
395,2022,01_AUS,turnover_rate,ht,%,road,freight,cng,all,yearly,national,['manually_inputted_data $ guess'],1,0.42,manually_inputted_data $ guess,0.03,manual,no_comment
396,2017,01_AUS,turnover_rate,ht,%,road,freight,fcev,all,yearly,national,['turnover_rate_est'],1,0.03,turnover_rate_est,0.03,single_datapoint,no_comment
397,2010,01_AUS,new_vehicle_efficiency,ht,km_per_pj,road,freight,ice,all,yearly,national,['avg_eff_no_outliers $ transport_data_system_9th'],1,1058551713.3301452,avg_eff_no_outliers $ transport_data_system_9th,81427054.87154964,single_datapoint,no_comment
398,2010,01_AUS,turnover_rate,ht,%,road,freight,ice,all,yearly,national,['manually_inputted_data $ guess'],1,0.39,manually_inputted_data $ guess,0.03,single_datapoint,no_comment
399,2011,01_AUS,new_vehicle_efficiency,ht,km_per_pj,road,freight,ice,all,yearly,national,['avg_eff_no_outliers $ transport_data_system_9th'],1,1058551713.3301452,avg_eff_no_outliers $ transport_data_system_9th,81427054.87154964,single_datapoint,no_comment
400,2011,01_AUS,turnover_rate,ht,%,road,freight,ice,all,yearly,national,['manually_inputted_data $ guess'],1,0.39,manually_inputted_data $ guess,0.03,single_datapoint,no_comment
401,2012,01_AUS,new_vehicle_efficiency,ht,km_per_pj,road,freight,ice,all,yearly,national,['avg_eff_no_outliers $ transport_data_system_9th'],1,1058551713.3301452,avg_eff_no_outliers $ transport_data_system_9th,81427054.87154964,single_datapoint,no_comment
402,2012,01_AUS,turnover_rate,ht,%,road,freight,ice,all,yearly,national,['manually_inputted_data $ guess'],1,0.39,manually_inputted_data $ guess,0.03,single_datapoint,no_comment
403,2013,01_AUS,new_vehicle_efficiency,ht,km_per_pj,road,freight,ice,all,yearly,national,['avg_eff_no_outliers $ transport_data_system_9th'],1,1058551713.3301452,avg_eff_no_outliers $ transport_data_system_9th,81427054.87154964,single_datapoint,no_comment
404,2013,01_AUS,turnover_rate,ht,%,road,freight,ice,all,yearly,national,['manually_inputted_data $ guess'],1,0.39,manually_inputted_data $ guess,0.03,single_datapoint,no_comment
405,2014,01_AUS,new_vehicle_efficiency,ht,km_per_pj,road,freight,ice,all,yearly,national,['avg_eff_no_outliers $ transport_data_system_9th'],1,1058551713.3301452,avg_eff_no_outliers $ transport_data_system_9th,81427054.87154964,single_datapoint,no_comment
406,2014,01_AUS,turnover_rate,ht,%,road,freight,ice,all,yearly,national,['manually_inputted_data $ guess'],1,0.39,manually_inputted_data $ guess,0.03,single_datapoint,no_comment
407,2015,01_AUS,new_vehicle_efficiency,ht,km_per_pj,road,freight,ice,all,yearly,national,['avg_eff_no_outliers $ transport_data_system_9th'],1,1058551713.3301452,avg_eff_no_outliers $ transport_data_system_9th,81427054.87154964,single_datapoint,no_comment
408,2015,01_AUS,turnover_rate,ht,%,road,freight,ice,all,yearly,national,['manually_inputted_data $ guess'],1,0.39,manually_inputted_data $ guess,0.03,single_datapoint,no_comment
409,2016,01_AUS,new_vehicle_efficiency,ht,km_per_pj,road,freight,ice,all,yearly,national,['avg_eff_no_outliers $ transport_data_system_9th'],1,1058551713.3301452,avg_eff_no_outliers $ transport_data_system_9th,81427054.87154964,single_datapoint,no_comment
410,2016,01_AUS,turnover_rate,ht,%,road,freight,ice,all,yearly,national,['manually_inputted_data $ guess'],1,0.39,manually_inputted_data $ guess,0.03,single_datapoint,no_comment
411,2017,01_AUS,activity,ht,passenger_km_or_freight_tonne_km,road,freight,ice,all,yearly,national,['estimated $ calculate_energy_and_activity()'],1,464684765625.0,estimated $ calculate_energy_and_activity(),464684765625.0,single_datapoint,no_comment
412,2017,01_AUS,energy,ht,pj,road,freight,ice,all,yearly,national,['estimated $ calculate_energy_and_activity()'],1,1170.5908073868911,estimated $ calculate_energy_and_activity(),1170.5908073868911,single_datapoint,no_comment
413,2017,01_AUS,new_vehicle_efficiency,ht,km_per_pj,road,freight,ice,all,yearly,national,['avg_eff_no_outliers $ transport_data_system_9th'],1,1058551713.3301452,avg_eff_no_outliers $ transport_data_system_9th,81427054.87154964,single_datapoint,no_comment
414,2017,01_AUS,travel_km,ht,km,road,freight,ice,all,yearly,national,['estimated $ calculate_energy_and_activity()'],1,82610625000.0,estimated $ calculate_energy_and_activity(),82610625000.0,single_datapoint,no_comment
415,2017,01_AUS,turnover_rate,ht,%,road,freight,ice,all,yearly,national,['manually_inputted_data $ guess'],1,0.39,manually_inputted_data $ guess,0.03,single_datapoint,no_comment
416,2018,01_AUS,new_vehicle_efficiency,ht,km_per_pj,road,freight,ice,all,yearly,national,['avg_eff_no_outliers $ transport_data_system_9th'],1,1058551713.3301452,avg_eff_no_outliers $ transport_data_system_9th,81427054.87154964,single_datapoint,no_comment
417,2018,01_AUS,turnover_rate,ht,%,road,freight,ice,all,yearly,national,['manually_inputted_data $ guess'],1,0.39,manually_inputted_data $ guess,0.03,single_datapoint,no_comment
418,2019,01_AUS,new_vehicle_efficiency,ht,km_per_pj,road,freight,ice,all,yearly,national,['avg_eff_no_outliers $ transport_data_system_9th'],1,1058551713.3301452,avg_eff_no_outliers $ transport_data_system_9th,81427054.87154964,single_datapoint,no_comment
419,2019,01_AUS,turnover_rate,ht,%,road,freight,ice,all,yearly,national,['manually_inputted_data $ guess'],1,0.39,manually_inputted_data $ guess,0.03,single_datapoint,no_comment
420,2020,01_AUS,new_vehicle_efficiency,ht,km_per_pj,road,freight,ice,all,yearly,national,['avg_eff_no_outliers $ transport_data_system_9th'],1,1058551713.3301452,avg_eff_no_outliers $ transport_data_system_9th,81427054.87154964,single_datapoint,no_comment
421,2020,01_AUS,turnover_rate,ht,%,road,freight,ice,all,yearly,national,['manually_inputted_data $ guess'],1,0.39,manually_inputted_data $ guess,0.03,single_datapoint,no_comment
422,2021,01_AUS,new_vehicle_efficiency,ht,km_per_pj,road,freight,ice,all,yearly,national,['avg_eff_no_outliers $ transport_data_system_9th'],1,1058551713.3301452,avg_eff_no_outliers $ transport_data_system_9th,81427054.87154964,single_datapoint,no_comment
423,2021,01_AUS,turnover_rate,ht,%,road,freight,ice,all,yearly,national,['manually_inputted_data $ guess'],1,0.39,manually_inputted_data $ guess,0.03,single_datapoint,no_comment
424,2022,01_AUS,new_vehicle_efficiency,ht,km_per_pj,road,freight,ice,all,yearly,national,['avg_eff_no_outliers $ transport_data_system_9th'],1,1058551713.3301452,avg_eff_no_outliers $ transport_data_system_9th,81427054.87154964,single_datapoint,no_comment
425,2022,01_AUS,turnover_rate,ht,%,road,freight,ice,all,yearly,national,['manually_inputted_data $ guess'],1,0.39,manually_inputted_data $ guess,0.03,single_datapoint,no_comment
426,2010,01_AUS,new_vehicle_efficiency,ht,km_per_pj,road,freight,lpg,all,yearly,national,['avg_eff_no_outliers $ transport_data_system_9th'],1,1405649677.815799,avg_eff_no_outliers $ transport_data_system_9th,108126898.293523,single_datapoint,no_comment
427,2010,01_AUS,turnover_rate,ht,%,road,freight,lpg,all,yearly,national,['manually_inputted_data $ guess'],1,0.42,manually_inputted_data $ guess,0.03,manual,no_comment
428,2011,01_AUS,new_vehicle_efficiency,ht,km_per_pj,road,freight,lpg,all,yearly,national,['avg_eff_no_outliers $ transport_data_system_9th'],1,1405649677.815799,avg_eff_no_outliers $ transport_data_system_9th,108126898.293523,single_datapoint,no_comment
429,2011,01_AUS,turnover_rate,ht,%,road,freight,lpg,all,yearly,national,['manually_inputted_data $ guess'],1,0.42,manually_inputted_data $ guess,0.03,manual,no_comment
430,2012,01_AUS,new_vehicle_efficiency,ht,km_per_pj,road,freight,lpg,all,yearly,national,['avg_eff_no_outliers $ transport_data_system_9th'],1,1405649677.815799,avg_eff_no_outliers $ transport_data_system_9th,108126898.293523,single_datapoint,no_comment
431,2012,01_AUS,turnover_rate,ht,%,road,freight,lpg,all,yearly,national,['manually_inputted_data $ guess'],1,0.42,manually_inputted_data $ guess,0.03,manual,no_comment
432,2013,01_AUS,new_vehicle_efficiency,ht,km_per_pj,road,freight,lpg,all,yearly,national,['avg_eff_no_outliers $ transport_data_system_9th'],1,1405649677.815799,avg_eff_no_outliers $ transport_data_system_9th,108126898.293523,single_datapoint,no_comment
433,2013,01_AUS,turnover_rate,ht,%,road,freight,lpg,all,yearly,national,['manually_inputted_data $ guess'],1,0.42,manually_inputted_data $ guess,0.03,manual,no_comment
434,2014,01_AUS,new_vehicle_efficiency,ht,km_per_pj,road,freight,lpg,all,yearly,national,['avg_eff_no_outliers $ transport_data_system_9th'],1,1405649677.815799,avg_eff_no_outliers $ transport_data_system_9th,108126898.293523,single_datapoint,no_comment
435,2014,01_AUS,turnover_rate,ht,%,road,freight,lpg,all,yearly,national,['manually_inputted_data $ guess'],1,0.42,manually_inputted_data $ guess,0.03,manual,no_comment
436,2015,01_AUS,new_vehicle_efficiency,ht,km_per_pj,road,freight,lpg,all,yearly,national,['avg_eff_no_outliers $ transport_data_system_9th'],1,1405649677.815799,avg_eff_no_outliers $ transport_data_system_9th,108126898.293523,single_datapoint,no_comment
437,2015,01_AUS,turnover_rate,ht,%,road,freight,lpg,all,yearly,national,['manually_inputted_data $ guess'],1,0.42,manually_inputted_data $ guess,0.03,manual,no_comment
438,2016,01_AUS,new_vehicle_efficiency,ht,km_per_pj,road,freight,lpg,all,yearly,national,['avg_eff_no_outliers $ transport_data_system_9th'],1,1405649677.815799,avg_eff_no_outliers $ transport_data_system_9th,108126898.293523,single_datapoint,no_comment
439,2016,01_AUS,turnover_rate,ht,%,road,freight,lpg,all,yearly,national,['manually_inputted_data $ guess'],1,0.42,manually_inputted_data $ guess,0.03,manual,no_comment
440,2017,01_AUS,activity,ht,passenger_km_or_freight_tonne_km,road,freight,lpg,all,yearly,national,"['8th_edition_transport_model $ reference', 'estimated $ calculate_energy_and_activity()']",2,3085296603.770782,estimated $ calculate_energy_and_activity(),1676250000.0,manual,no_comment
441,2017,01_AUS,energy,ht,pj,road,freight,lpg,all,yearly,national,"['8th_edition_transport_model $ reference', 'estimated $ calculate_energy_and_activity()']",2,6.559158495158217,8th_edition_transport_model $ reference,2.3365048038044285,manual,no_comment
442,2017,01_AUS,new_vehicle_efficiency,ht,km_per_pj,road,freight,lpg,all,yearly,national,['avg_eff_no_outliers $ transport_data_system_9th'],1,1405649677.815799,avg_eff_no_outliers $ transport_data_system_9th,108126898.293523,single_datapoint,no_comment
443,2017,01_AUS,travel_km,ht,km,road,freight,lpg,all,yearly,national,['estimated $ calculate_energy_and_activity()'],1,298000000.0,estimated $ calculate_energy_and_activity(),298000000.0,single_datapoint,no_comment
444,2017,01_AUS,turnover_rate,ht,%,road,freight,lpg,all,yearly,national,"['manually_inputted_data $ guess', 'turnover_rate_est']",2,0.42,manually_inputted_data $ guess,0.03,manual,no_comment
445,2018,01_AUS,new_vehicle_efficiency,ht,km_per_pj,road,freight,lpg,all,yearly,national,['avg_eff_no_outliers $ transport_data_system_9th'],1,1405649677.815799,avg_eff_no_outliers $ transport_data_system_9th,108126898.293523,single_datapoint,no_comment
446,2018,01_AUS,turnover_rate,ht,%,road,freight,lpg,all,yearly,national,['manually_inputted_data $ guess'],1,0.42,manually_inputted_data $ guess,0.03,manual,no_comment
447,2019,01_AUS,new_vehicle_efficiency,ht,km_per_pj,road,freight,lpg,all,yearly,national,['avg_eff_no_outliers $ transport_data_system_9th'],1,1405649677.815799,avg_eff_no_outliers $ transport_data_system_9th,108126898.293523,single_datapoint,no_comment
448,2019,01_AUS,turnover_rate,ht,%,road,freight,lpg,all,yearly,national,['manually_inputted_data $ guess'],1,0.42,manually_inputted_data $ guess,0.03,manual,no_comment
449,2020,01_AUS,new_vehicle_efficiency,ht,km_per_pj,road,freight,lpg,all,yearly,national,['avg_eff_no_outliers $ transport_data_system_9th'],1,1405649677.815799,avg_eff_no_outliers $ transport_data_system_9th,108126898.293523,single_datapoint,no_comment
450,2020,01_AUS,turnover_rate,ht,%,road,freight,lpg,all,yearly,national,['manually_inputted_data $ guess'],1,0.42,manually_inputted_data $ guess,0.03,manual,no_comment
451,2021,01_AUS,new_vehicle_efficiency,ht,km_per_pj,road,freight,lpg,all,yearly,national,['avg_eff_no_outliers $ transport_data_system_9th'],1,1405649677.815799,avg_eff_no_outliers $ transport_data_system_9th,108126898.293523,single_datapoint,no_comment
452,2021,01_AUS,turnover_rate,ht,%,road,freight,lpg,all,yearly,national,['manually_inputted_data $ guess'],1,0.42,manually_inputted_data $ guess,0.03,manual,no_comment
453,2022,01_AUS,new_vehicle_efficiency,ht,km_per_pj,road,freight,lpg,all,yearly,national,['avg_eff_no_outliers $ transport_data_system_9th'],1,1405649677.815799,avg_eff_no_outliers $ transport_data_system_9th,108126898.293523,single_datapoint,no_comment
454,2022,01_AUS,turnover_rate,ht,%,road,freight,lpg,all,yearly,national,['manually_inputted_data $ guess'],1,0.42,manually_inputted_data $ guess,0.03,manual,no_comment
455,2010,01_AUS,new_vehicle_efficiency,ldv,km_per_pj,road,freight,bev,all,yearly,national,['avg_eff_no_outliers $ transport_data_system_9th'],1,7200566335.010296,avg_eff_no_outliers $ transport_data_system_9th,553889718.077715,single_datapoint,no_comment
456,2010,01_AUS,new_vehicle_efficiency,ldv,km_per_pj,road,passenger,bev,all,yearly,national,['avg_eff_no_outliers $ transport_data_system_9th'],1,9901716082.423439,avg_eff_no_outliers $ transport_data_system_9th,761670467.878726,single_datapoint,no_comment
457,2010,01_AUS,turnover_rate,ldv,%,road,freight,bev,all,yearly,national,['manually_inputted_data $ guess'],1,0.42,manually_inputted_data $ guess,0.03,manual,no_comment
458,2010,01_AUS,turnover_rate,ldv,%,road,passenger,bev,all,yearly,national,['manually_inputted_data $ guess'],1,0.42,manually_inputted_data $ guess,0.03,manual,no_comment
459,2011,01_AUS,activity,ldv,passenger_km_or_freight_tonne_km,road,passenger,bev,all,yearly,national,['estimated $ calculate_energy_and_activity()'],1,3248991875.9245033,estimated $ calculate_energy_and_activity(),1102500.0,manual,no_comment
460,2011,01_AUS,energy,ldv,pj,road,passenger,bev,all,yearly,national,['estimated $ calculate_energy_and_activity()'],1,1.7805532053018664,estimated $ calculate_energy_and_activity(),0.0006036896244821008,manual,no_comment
461,2011,01_AUS,new_vehicle_efficiency,ldv,km_per_pj,road,freight,bev,all,yearly,national,['avg_eff_no_outliers $ transport_data_system_9th'],1,7200566335.010296,avg_eff_no_outliers $ transport_data_system_9th,553889718.077715,single_datapoint,no_comment
462,2011,01_AUS,new_vehicle_efficiency,ldv,km_per_pj,road,passenger,bev,all,yearly,national,['avg_eff_no_outliers $ transport_data_system_9th'],1,9901716082.423439,avg_eff_no_outliers $ transport_data_system_9th,761670467.878726,single_datapoint,no_comment
463,2011,01_AUS,travel_km,ldv,km,road,passenger,bev,all,yearly,national,['estimated $ calculate_energy_and_activity()'],1,2156385000.0,estimated $ calculate_energy_and_activity(),735000.0,single_datapoint,no_comment
464,2011,01_AUS,turnover_rate,ldv,%,road,freight,bev,all,yearly,national,['manually_inputted_data $ guess'],1,0.42,manually_inputted_data $ guess,0.03,manual,no_comment
465,2011,01_AUS,turnover_rate,ldv,%,road,passenger,bev,all,yearly,national,['manually_inputted_data $ guess'],1,0.42,manually_inputted_data $ guess,0.03,manual,no_comment
466,2012,01_AUS,activity,ldv,passenger_km_or_freight_tonne_km,road,passenger,bev,all,yearly,national,['estimated $ calculate_energy_and_activity()'],1,3248991875.9245033,estimated $ calculate_energy_and_activity(),4950000.0,manual,no_comment
467,2012,01_AUS,energy,ldv,pj,road,passenger,bev,all,yearly,national,['estimated $ calculate_energy_and_activity()'],1,1.7805532053018664,estimated $ calculate_energy_and_activity(),0.002710443211960453,manual,no_comment
468,2012,01_AUS,new_vehicle_efficiency,ldv,km_per_pj,road,freight,bev,all,yearly,national,['avg_eff_no_outliers $ transport_data_system_9th'],1,7200566335.010296,avg_eff_no_outliers $ transport_data_system_9th,553889718.077715,single_datapoint,no_comment
469,2012,01_AUS,new_vehicle_efficiency,ldv,km_per_pj,road,passenger,bev,all,yearly,national,['avg_eff_no_outliers $ transport_data_system_9th'],1,9901716082.423439,avg_eff_no_outliers $ transport_data_system_9th,761670467.878726,single_datapoint,no_comment
470,2012,01_AUS,travel_km,ldv,km,road,passenger,bev,all,yearly,national,['estimated $ calculate_energy_and_activity()'],1,2156385000.0,estimated $ calculate_energy_and_activity(),3300000.0,single_datapoint,no_comment
471,2012,01_AUS,turnover_rate,ldv,%,road,freight,bev,all,yearly,national,['manually_inputted_data $ guess'],1,0.42,manually_inputted_data $ guess,0.03,manual,no_comment
472,2012,01_AUS,turnover_rate,ldv,%,road,passenger,bev,all,yearly,national,['manually_inputted_data $ guess'],1,0.42,manually_inputted_data $ guess,0.03,manual,no_comment
473,2013,01_AUS,activity,ldv,passenger_km_or_freight_tonne_km,road,passenger,bev,all,yearly,national,['estimated $ calculate_energy_and_activity()'],1,3248991875.9245033,estimated $ calculate_energy_and_activity(),9225000.0,manual,no_comment
474,2013,01_AUS,energy,ldv,pj,road,passenger,bev,all,yearly,national,['estimated $ calculate_energy_and_activity()'],1,1.7805532053018664,estimated $ calculate_energy_and_activity(),0.005051280531380844,manual,no_comment
475,2013,01_AUS,new_vehicle_efficiency,ldv,km_per_pj,road,freight,bev,all,yearly,national,['avg_eff_no_outliers $ transport_data_system_9th'],1,7200566335.010296,avg_eff_no_outliers $ transport_data_system_9th,553889718.077715,single_datapoint,no_comment
476,2013,01_AUS,new_vehicle_efficiency,ldv,km_per_pj,road,passenger,bev,all,yearly,national,['avg_eff_no_outliers $ transport_data_system_9th'],1,9901716082.423439,avg_eff_no_outliers $ transport_data_system_9th,761670467.878726,single_datapoint,no_comment
477,2013,01_AUS,travel_km,ldv,km,road,passenger,bev,all,yearly,national,['estimated $ calculate_energy_and_activity()'],1,2156385000.0,estimated $ calculate_energy_and_activity(),6150000.0,single_datapoint,no_comment
478,2013,01_AUS,turnover_rate,ldv,%,road,freight,bev,all,yearly,national,['manually_inputted_data $ guess'],1,0.42,manually_inputted_data $ guess,0.03,manual,no_comment
479,2013,01_AUS,turnover_rate,ldv,%,road,passenger,bev,all,yearly,national,['manually_inputted_data $ guess'],1,0.42,manually_inputted_data $ guess,0.03,manual,no_comment
480,2014,01_AUS,activity,ldv,passenger_km_or_freight_tonne_km,road,passenger,bev,all,yearly,national,['estimated $ calculate_energy_and_activity()'],1,3248991875.9245033,estimated $ calculate_energy_and_activity(),17550000.0,manual,no_comment
481,2014,01_AUS,energy,ldv,pj,road,passenger,bev,all,yearly,national,['estimated $ calculate_energy_and_activity()'],1,1.7805532053018664,estimated $ calculate_energy_and_activity(),0.009609753206041606,manual,no_comment
482,2014,01_AUS,new_vehicle_efficiency,ldv,km_per_pj,road,freight,bev,all,yearly,national,['avg_eff_no_outliers $ transport_data_system_9th'],1,7200566335.010296,avg_eff_no_outliers $ transport_data_system_9th,553889718.077715,single_datapoint,no_comment
483,2014,01_AUS,new_vehicle_efficiency,ldv,km_per_pj,road,passenger,bev,all,yearly,national,['avg_eff_no_outliers $ transport_data_system_9th'],1,9901716082.423439,avg_eff_no_outliers $ transport_data_system_9th,761670467.878726,single_datapoint,no_comment
484,2014,01_AUS,travel_km,ldv,km,road,passenger,bev,all,yearly,national,['estimated $ calculate_energy_and_activity()'],1,2156385000.0,estimated $ calculate_energy_and_activity(),11700000.0,single_datapoint,no_comment
485,2014,01_AUS,turnover_rate,ldv,%,road,freight,bev,all,yearly,national,['manually_inputted_data $ guess'],1,0.42,manually_inputted_data $ guess,0.03,manual,no_comment
486,2014,01_AUS,turnover_rate,ldv,%,road,passenger,bev,all,yearly,national,['manually_inputted_data $ guess'],1,0.42,manually_inputted_data $ guess,0.03,manual,no_comment
487,2015,01_AUS,activity,ldv,passenger_km_or_freight_tonne_km,road,passenger,bev,all,yearly,national,['estimated $ calculate_energy_and_activity()'],1,3248991875.9245033,estimated $ calculate_energy_and_activity(),33750000.0,manual,no_comment
488,2015,01_AUS,energy,ldv,pj,road,passenger,bev,all,yearly,national,['estimated $ calculate_energy_and_activity()'],1,1.7805532053018664,estimated $ calculate_energy_and_activity(),0.01848029462700309,manual,no_comment
489,2015,01_AUS,new_vehicle_efficiency,ldv,km_per_pj,road,freight,bev,all,yearly,national,['avg_eff_no_outliers $ transport_data_system_9th'],1,7200566335.010296,avg_eff_no_outliers $ transport_data_system_9th,553889718.077715,single_datapoint,no_comment
490,2015,01_AUS,new_vehicle_efficiency,ldv,km_per_pj,road,passenger,bev,all,yearly,national,['avg_eff_no_outliers $ transport_data_system_9th'],1,9901716082.423439,avg_eff_no_outliers $ transport_data_system_9th,761670467.878726,single_datapoint,no_comment
491,2015,01_AUS,travel_km,ldv,km,road,passenger,bev,all,yearly,national,['estimated $ calculate_energy_and_activity()'],1,2156385000.0,estimated $ calculate_energy_and_activity(),22500000.0,single_datapoint,no_comment
492,2015,01_AUS,turnover_rate,ldv,%,road,freight,bev,all,yearly,national,['manually_inputted_data $ guess'],1,0.42,manually_inputted_data $ guess,0.03,manual,no_comment
493,2015,01_AUS,turnover_rate,ldv,%,road,passenger,bev,all,yearly,national,['manually_inputted_data $ guess'],1,0.42,manually_inputted_data $ guess,0.03,manual,no_comment
494,2016,01_AUS,activity,ldv,passenger_km_or_freight_tonne_km,road,passenger,bev,all,yearly,national,['estimated $ calculate_energy_and_activity()'],1,3248991875.9245033,estimated $ calculate_energy_and_activity(),49500000.0,manual,no_comment
495,2016,01_AUS,energy,ldv,pj,road,passenger,bev,all,yearly,national,['estimated $ calculate_energy_and_activity()'],1,1.7805532053018664,estimated $ calculate_energy_and_activity(),0.02710443211960453,manual,no_comment
496,2016,01_AUS,new_vehicle_efficiency,ldv,km_per_pj,road,freight,bev,all,yearly,national,['avg_eff_no_outliers $ transport_data_system_9th'],1,7200566335.010296,avg_eff_no_outliers $ transport_data_system_9th,553889718.077715,single_datapoint,no_comment
497,2016,01_AUS,new_vehicle_efficiency,ldv,km_per_pj,road,passenger,bev,all,yearly,national,['avg_eff_no_outliers $ transport_data_system_9th'],1,9901716082.423439,avg_eff_no_outliers $ transport_data_system_9th,761670467.878726,single_datapoint,no_comment
498,2016,01_AUS,travel_km,ldv,km,road,passenger,bev,all,yearly,national,['estimated $ calculate_energy_and_activity()'],1,2156385000.0,estimated $ calculate_energy_and_activity(),33000000.0,single_datapoint,no_comment
499,2016,01_AUS,turnover_rate,ldv,%,road,freight,bev,all,yearly,national,['manually_inputted_data $ guess'],1,0.42,manually_inputted_data $ guess,0.03,manual,no_comment
500,2016,01_AUS,turnover_rate,ldv,%,road,passenger,bev,all,yearly,national,['manually_inputted_data $ guess'],1,0.42,manually_inputted_data $ guess,0.03,manual,no_comment
501,2017,01_AUS,activity,ldv,passenger_km_or_freight_tonne_km,road,freight,bev,all,yearly,national,"['8th_edition_transport_model $ reference', 'estimated $ calculate_energy_and_activity()']",2,230934.1162995,estimated $ calculate_energy_and_activity(),38325.0,manual,no_comment
502,2017,01_AUS,activity,ldv,passenger_km_or_freight_tonne_km,road,passenger,bev,all,yearly,national,"['8th_edition_transport_model $ reference', 'estimated $ calculate_energy_and_activity()']",2,3248991875.9245033,estimated $ calculate_energy_and_activity(),76500000.0,manual,no_comment
503,2017,01_AUS,energy,ldv,pj,road,freight,bev,all,yearly,national,"['8th_edition_transport_model $ reference', 'estimated $ calculate_energy_and_activity()']",2,0.0009606528045245599,estimated $ calculate_energy_and_activity(),0.00011925950132625993,manual,no_comment
504,2017,01_AUS,energy,ldv,pj,road,passenger,bev,all,yearly,national,"['8th_edition_transport_model $ reference', 'estimated $ calculate_energy_and_activity()']",2,1.7805532053018664,estimated $ calculate_energy_and_activity(),0.041888667821207,manual,no_comment
505,2017,01_AUS,new_vehicle_efficiency,ldv,km_per_pj,road,freight,bev,all,yearly,national,['avg_eff_no_outliers $ transport_data_system_9th'],1,7200566335.010296,avg_eff_no_outliers $ transport_data_system_9th,553889718.077715,single_datapoint,no_comment
506,2017,01_AUS,new_vehicle_efficiency,ldv,km_per_pj,road,passenger,bev,all,yearly,national,['avg_eff_no_outliers $ transport_data_system_9th'],1,9901716082.423439,avg_eff_no_outliers $ transport_data_system_9th,761670467.878726,single_datapoint,no_comment
507,2017,01_AUS,travel_km,ldv,km,road,freight,bev,all,yearly,national,['estimated $ calculate_energy_and_activity()'],1,105000.0,estimated $ calculate_energy_and_activity(),105000.0,single_datapoint,no_comment
508,2017,01_AUS,travel_km,ldv,km,road,passenger,bev,all,yearly,national,['estimated $ calculate_energy_and_activity()'],1,2156385000.0,estimated $ calculate_energy_and_activity(),51000000.0,single_datapoint,no_comment
509,2017,01_AUS,turnover_rate,ldv,%,road,freight,bev,all,yearly,national,"['manually_inputted_data $ guess', 'turnover_rate_est']",2,0.42,manually_inputted_data $ guess,0.03,manual,no_comment
510,2017,01_AUS,turnover_rate,ldv,%,road,passenger,bev,all,yearly,national,"['manually_inputted_data $ guess', 'turnover_rate_est']",2,0.42,manually_inputted_data $ guess,0.03,manual,no_comment
511,2018,01_AUS,activity,ldv,passenger_km_or_freight_tonne_km,road,passenger,bev,all,yearly,national,['estimated $ calculate_energy_and_activity()'],1,3248991875.9245033,estimated $ calculate_energy_and_activity(),117000000.0,manual,no_comment
512,2018,01_AUS,energy,ldv,pj,road,passenger,bev,all,yearly,national,['estimated $ calculate_energy_and_activity()'],1,1.7805532053018664,estimated $ calculate_energy_and_activity(),0.06406502137361071,manual,no_comment
513,2018,01_AUS,new_vehicle_efficiency,ldv,km_per_pj,road,freight,bev,all,yearly,national,['avg_eff_no_outliers $ transport_data_system_9th'],1,7200566335.010296,avg_eff_no_outliers $ transport_data_system_9th,553889718.077715,single_datapoint,no_comment
514,2018,01_AUS,new_vehicle_efficiency,ldv,km_per_pj,road,passenger,bev,all,yearly,national,['avg_eff_no_outliers $ transport_data_system_9th'],1,9901716082.423439,avg_eff_no_outliers $ transport_data_system_9th,761670467.878726,single_datapoint,no_comment
515,2018,01_AUS,travel_km,ldv,km,road,passenger,bev,all,yearly,national,['estimated $ calculate_energy_and_activity()'],1,2156385000.0,estimated $ calculate_energy_and_activity(),78000000.0,single_datapoint,no_comment
516,2018,01_AUS,turnover_rate,ldv,%,road,freight,bev,all,yearly,national,['manually_inputted_data $ guess'],1,0.42,manually_inputted_data $ guess,0.03,manual,no_comment
517,2018,01_AUS,turnover_rate,ldv,%,road,passenger,bev,all,yearly,national,['manually_inputted_data $ guess'],1,0.42,manually_inputted_data $ guess,0.03,manual,no_comment
518,2019,01_AUS,activity,ldv,passenger_km_or_freight_tonne_km,road,passenger,bev,all,yearly,national,['estimated $ calculate_energy_and_activity()'],1,3248991875.9245033,estimated $ calculate_energy_and_activity(),270000000.0,manual,no_comment
519,2019,01_AUS,energy,ldv,pj,road,passenger,bev,all,yearly,national,['estimated $ calculate_energy_and_activity()'],1,1.7805532053018664,estimated $ calculate_energy_and_activity(),0.14784235701602472,manual,no_comment
520,2019,01_AUS,new_vehicle_efficiency,ldv,km_per_pj,road,freight,bev,all,yearly,national,['avg_eff_no_outliers $ transport_data_system_9th'],1,7200566335.010296,avg_eff_no_outliers $ transport_data_system_9th,553889718.077715,single_datapoint,no_comment
521,2019,01_AUS,new_vehicle_efficiency,ldv,km_per_pj,road,passenger,bev,all,yearly,national,['avg_eff_no_outliers $ transport_data_system_9th'],1,9901716082.423439,avg_eff_no_outliers $ transport_data_system_9th,761670467.878726,single_datapoint,no_comment
522,2019,01_AUS,travel_km,ldv,km,road,passenger,bev,all,yearly,national,['estimated $ calculate_energy_and_activity()'],1,2156385000.0,estimated $ calculate_energy_and_activity(),180000000.0,single_datapoint,no_comment
523,2019,01_AUS,turnover_rate,ldv,%,road,freight,bev,all,yearly,national,['manually_inputted_data $ guess'],1,0.42,manually_inputted_data $ guess,0.03,manual,no_comment
524,2019,01_AUS,turnover_rate,ldv,%,road,passenger,bev,all,yearly,national,['manually_inputted_data $ guess'],1,0.42,manually_inputted_data $ guess,0.03,manual,no_comment
525,2020,01_AUS,activity,ldv,passenger_km_or_freight_tonne_km,road,passenger,bev,all,yearly,national,['estimated $ calculate_energy_and_activity()'],1,3248991875.9245033,estimated $ calculate_energy_and_activity(),382500000.0,manual,no_comment
526,2020,01_AUS,energy,ldv,pj,road,passenger,bev,all,yearly,national,['estimated $ calculate_energy_and_activity()'],1,1.7805532053018664,estimated $ calculate_energy_and_activity(),0.209443339106035,manual,no_comment
527,2020,01_AUS,new_vehicle_efficiency,ldv,km_per_pj,road,freight,bev,all,yearly,national,['avg_eff_no_outliers $ transport_data_system_9th'],1,7200566335.010296,avg_eff_no_outliers $ transport_data_system_9th,553889718.077715,single_datapoint,no_comment
528,2020,01_AUS,new_vehicle_efficiency,ldv,km_per_pj,road,passenger,bev,all,yearly,national,['avg_eff_no_outliers $ transport_data_system_9th'],1,9901716082.423439,avg_eff_no_outliers $ transport_data_system_9th,761670467.878726,single_datapoint,no_comment
529,2020,01_AUS,travel_km,ldv,km,road,passenger,bev,all,yearly,national,['estimated $ calculate_energy_and_activity()'],1,2156385000.0,estimated $ calculate_energy_and_activity(),255000000.0,single_datapoint,no_comment
530,2020,01_AUS,turnover_rate,ldv,%,road,freight,bev,all,yearly,national,['manually_inputted_data $ guess'],1,0.42,manually_inputted_data $ guess,0.03,manual,no_comment
531,2020,01_AUS,turnover_rate,ldv,%,road,passenger,bev,all,yearly,national,['manually_inputted_data $ guess'],1,0.42,manually_inputted_data $ guess,0.03,manual,no_comment
532,2021,01_AUS,activity,ldv,passenger_km_or_freight_tonne_km,road,passenger,bev,all,yearly,national,['estimated $ calculate_energy_and_activity()'],1,3248991875.9245033,estimated $ calculate_energy_and_activity(),765000000.0,manual,no_comment
533,2021,01_AUS,energy,ldv,pj,road,passenger,bev,all,yearly,national,['estimated $ calculate_energy_and_activity()'],1,1.7805532053018664,estimated $ calculate_energy_and_activity(),0.41888667821207,manual,no_comment
534,2021,01_AUS,new_vehicle_efficiency,ldv,km_per_pj,road,freight,bev,all,yearly,national,['avg_eff_no_outliers $ transport_data_system_9th'],1,7200566335.010296,avg_eff_no_outliers $ transport_data_system_9th,553889718.077715,single_datapoint,no_comment
535,2021,01_AUS,new_vehicle_efficiency,ldv,km_per_pj,road,passenger,bev,all,yearly,national,['avg_eff_no_outliers $ transport_data_system_9th'],1,9901716082.423439,avg_eff_no_outliers $ transport_data_system_9th,761670467.878726,single_datapoint,no_comment
536,2021,01_AUS,travel_km,ldv,km,road,passenger,bev,all,yearly,national,['estimated $ calculate_energy_and_activity()'],1,2156385000.0,estimated $ calculate_energy_and_activity(),510000000.0,single_datapoint,no_comment
537,2021,01_AUS,turnover_rate,ldv,%,road,freight,bev,all,yearly,national,['manually_inputted_data $ guess'],1,0.42,manually_inputted_data $ guess,0.03,manual,no_comment
538,2021,01_AUS,turnover_rate,ldv,%,road,passenger,bev,all,yearly,national,['manually_inputted_data $ guess'],1,0.42,manually_inputted_data $ guess,0.03,manual,no_comment
539,2022,01_AUS,activity,ldv,passenger_km_or_freight_tonne_km,road,passenger,bev,all,yearly,national,['estimated $ calculate_energy_and_activity()'],1,3248991875.9245033,estimated $ calculate_energy_and_activity(),1507500000.0,manual,no_comment
540,2022,01_AUS,energy,ldv,pj,road,passenger,bev,all,yearly,national,['estimated $ calculate_energy_and_activity()'],1,1.7805532053018664,estimated $ calculate_energy_and_activity(),0.8254531600061379,manual,no_comment
541,2022,01_AUS,new_vehicle_efficiency,ldv,km_per_pj,road,freight,bev,all,yearly,national,['avg_eff_no_outliers $ transport_data_system_9th'],1,7200566335.010296,avg_eff_no_outliers $ transport_data_system_9th,553889718.077715,single_datapoint,no_comment
542,2022,01_AUS,new_vehicle_efficiency,ldv,km_per_pj,road,passenger,bev,all,yearly,national,['avg_eff_no_outliers $ transport_data_system_9th'],1,9901716082.423439,avg_eff_no_outliers $ transport_data_system_9th,761670467.878726,single_datapoint,no_comment
543,2022,01_AUS,travel_km,ldv,km,road,passenger,bev,all,yearly,national,['estimated $ calculate_energy_and_activity()'],1,2156385000.0,estimated $ calculate_energy_and_activity(),1005000000.0,single_datapoint,no_comment
544,2022,01_AUS,turnover_rate,ldv,%,road,freight,bev,all,yearly,national,['manually_inputted_data $ guess'],1,0.42,manually_inputted_data $ guess,0.03,manual,no_comment
545,2022,01_AUS,turnover_rate,ldv,%,road,passenger,bev,all,yearly,national,['manually_inputted_data $ guess'],1,0.42,manually_inputted_data $ guess,0.03,manual,no_comment
546,2010,01_AUS,new_vehicle_efficiency,ldv,km_per_pj,road,freight,cng,all,yearly,national,['avg_eff_no_outliers $ transport_data_system_9th'],1,7214767129.708009,avg_eff_no_outliers $ transport_data_system_9th,554982086.900616,single_datapoint,no_comment
547,2010,01_AUS,new_vehicle_efficiency,ldv,km_per_pj,road,passenger,cng,all,yearly,national,['avg_eff_no_outliers $ transport_data_system_9th'],1,5429169522.90635,avg_eff_no_outliers $ transport_data_system_9th,417628424.83895,single_datapoint,no_comment
548,2010,01_AUS,turnover_rate,ldv,%,road,freight,cng,all,yearly,national,['manually_inputted_data $ guess'],1,0.42,manually_inputted_data $ guess,0.03,manual,no_comment
549,2010,01_AUS,turnover_rate,ldv,%,road,passenger,cng,all,yearly,national,['manually_inputted_data $ guess'],1,0.42,manually_inputted_data $ guess,0.03,manual,no_comment
550,2011,01_AUS,new_vehicle_efficiency,ldv,km_per_pj,road,freight,cng,all,yearly,national,['avg_eff_no_outliers $ transport_data_system_9th'],1,7214767129.708009,avg_eff_no_outliers $ transport_data_system_9th,554982086.900616,single_datapoint,no_comment
551,2011,01_AUS,new_vehicle_efficiency,ldv,km_per_pj,road,passenger,cng,all,yearly,national,['avg_eff_no_outliers $ transport_data_system_9th'],1,5429169522.90635,avg_eff_no_outliers $ transport_data_system_9th,417628424.83895,single_datapoint,no_comment
552,2011,01_AUS,turnover_rate,ldv,%,road,freight,cng,all,yearly,national,['manually_inputted_data $ guess'],1,0.42,manually_inputted_data $ guess,0.03,manual,no_comment
553,2011,01_AUS,turnover_rate,ldv,%,road,passenger,cng,all,yearly,national,['manually_inputted_data $ guess'],1,0.42,manually_inputted_data $ guess,0.03,manual,no_comment
554,2012,01_AUS,new_vehicle_efficiency,ldv,km_per_pj,road,freight,cng,all,yearly,national,['avg_eff_no_outliers $ transport_data_system_9th'],1,7214767129.708009,avg_eff_no_outliers $ transport_data_system_9th,554982086.900616,single_datapoint,no_comment
555,2012,01_AUS,new_vehicle_efficiency,ldv,km_per_pj,road,passenger,cng,all,yearly,national,['avg_eff_no_outliers $ transport_data_system_9th'],1,5429169522.90635,avg_eff_no_outliers $ transport_data_system_9th,417628424.83895,single_datapoint,no_comment
556,2012,01_AUS,turnover_rate,ldv,%,road,freight,cng,all,yearly,national,['manually_inputted_data $ guess'],1,0.42,manually_inputted_data $ guess,0.03,manual,no_comment
557,2012,01_AUS,turnover_rate,ldv,%,road,passenger,cng,all,yearly,national,['manually_inputted_data $ guess'],1,0.42,manually_inputted_data $ guess,0.03,manual,no_comment
558,2013,01_AUS,new_vehicle_efficiency,ldv,km_per_pj,road,freight,cng,all,yearly,national,['avg_eff_no_outliers $ transport_data_system_9th'],1,7214767129.708009,avg_eff_no_outliers $ transport_data_system_9th,554982086.900616,single_datapoint,no_comment
559,2013,01_AUS,new_vehicle_efficiency,ldv,km_per_pj,road,passenger,cng,all,yearly,national,['avg_eff_no_outliers $ transport_data_system_9th'],1,5429169522.90635,avg_eff_no_outliers $ transport_data_system_9th,417628424.83895,single_datapoint,no_comment
560,2013,01_AUS,turnover_rate,ldv,%,road,freight,cng,all,yearly,national,['manually_inputted_data $ guess'],1,0.42,manually_inputted_data $ guess,0.03,manual,no_comment
561,2013,01_AUS,turnover_rate,ldv,%,road,passenger,cng,all,yearly,national,['manually_inputted_data $ guess'],1,0.42,manually_inputted_data $ guess,0.03,manual,no_comment
562,2014,01_AUS,new_vehicle_efficiency,ldv,km_per_pj,road,freight,cng,all,yearly,national,['avg_eff_no_outliers $ transport_data_system_9th'],1,7214767129.708009,avg_eff_no_outliers $ transport_data_system_9th,554982086.900616,single_datapoint,no_comment
563,2014,01_AUS,new_vehicle_efficiency,ldv,km_per_pj,road,passenger,cng,all,yearly,national,['avg_eff_no_outliers $ transport_data_system_9th'],1,5429169522.90635,avg_eff_no_outliers $ transport_data_system_9th,417628424.83895,single_datapoint,no_comment
564,2014,01_AUS,turnover_rate,ldv,%,road,freight,cng,all,yearly,national,['manually_inputted_data $ guess'],1,0.42,manually_inputted_data $ guess,0.03,manual,no_comment
565,2014,01_AUS,turnover_rate,ldv,%,road,passenger,cng,all,yearly,national,['manually_inputted_data $ guess'],1,0.42,manually_inputted_data $ guess,0.03,manual,no_comment
566,2015,01_AUS,new_vehicle_efficiency,ldv,km_per_pj,road,freight,cng,all,yearly,national,['avg_eff_no_outliers $ transport_data_system_9th'],1,7214767129.708009,avg_eff_no_outliers $ transport_data_system_9th,554982086.900616,single_datapoint,no_comment
567,2015,01_AUS,new_vehicle_efficiency,ldv,km_per_pj,road,passenger,cng,all,yearly,national,['avg_eff_no_outliers $ transport_data_system_9th'],1,5429169522.90635,avg_eff_no_outliers $ transport_data_system_9th,417628424.83895,single_datapoint,no_comment
568,2015,01_AUS,turnover_rate,ldv,%,road,freight,cng,all,yearly,national,['manually_inputted_data $ guess'],1,0.42,manually_inputted_data $ guess,0.03,manual,no_comment
569,2015,01_AUS,turnover_rate,ldv,%,road,passenger,cng,all,yearly,national,['manually_inputted_data $ guess'],1,0.42,manually_inputted_data $ guess,0.03,manual,no_comment
570,2016,01_AUS,new_vehicle_efficiency,ldv,km_per_pj,road,freight,cng,all,yearly,national,['avg_eff_no_outliers $ transport_data_system_9th'],1,7214767129.708009,avg_eff_no_outliers $ transport_data_system_9th,554982086.900616,single_datapoint,no_comment
571,2016,01_AUS,new_vehicle_efficiency,ldv,km_per_pj,road,passenger,cng,all,yearly,national,['avg_eff_no_outliers $ transport_data_system_9th'],1,5429169522.90635,avg_eff_no_outliers $ transport_data_system_9th,417628424.83895,single_datapoint,no_comment
572,2016,01_AUS,turnover_rate,ldv,%,road,freight,cng,all,yearly,national,['manually_inputted_data $ guess'],1,0.42,manually_inputted_data $ guess,0.03,manual,no_comment
573,2016,01_AUS,turnover_rate,ldv,%,road,passenger,cng,all,yearly,national,['manually_inputted_data $ guess'],1,0.42,manually_inputted_data $ guess,0.03,manual,no_comment
574,2017,01_AUS,activity,ldv,passenger_km_or_freight_tonne_km,road,freight,cng,all,yearly,national,"['8th_edition_transport_model $ reference', 'estimated $ calculate_energy_and_activity()']",2,26423495.2421999,estimated $ calculate_energy_and_activity(),4139100.0,manual,no_comment
575,2017,01_AUS,activity,ldv,passenger_km_or_freight_tonne_km,road,passenger,cng,all,yearly,national,"['8th_edition_transport_model $ reference', 'estimated $ calculate_energy_and_activity()']",2,2462924708.9185085,8th_edition_transport_model $ reference,1522244708.9185083,manual,no_comment
576,2017,01_AUS,energy,ldv,pj,road,freight,cng,all,yearly,national,"['8th_edition_transport_model $ reference', 'estimated $ calculate_energy_and_activity()']",2,0.17454595479068585,8th_edition_transport_model $ reference,0.1294658632893596,manual,no_comment
577,2017,01_AUS,energy,ldv,pj,road,passenger,cng,all,yearly,national,"['8th_edition_transport_model $ reference', 'estimated $ calculate_energy_and_activity()']",2,5.142974201006237,estimated $ calculate_energy_and_activity(),1.8027897014534053,manual,no_comment
578,2017,01_AUS,new_vehicle_efficiency,ldv,km_per_pj,road,freight,cng,all,yearly,national,['avg_eff_no_outliers $ transport_data_system_9th'],1,7214767129.708009,avg_eff_no_outliers $ transport_data_system_9th,554982086.900616,single_datapoint,no_comment
579,2017,01_AUS,new_vehicle_efficiency,ldv,km_per_pj,road,passenger,cng,all,yearly,national,['avg_eff_no_outliers $ transport_data_system_9th'],1,5429169522.90635,avg_eff_no_outliers $ transport_data_system_9th,417628424.83895,single_datapoint,no_comment
580,2017,01_AUS,travel_km,ldv,km,road,freight,cng,all,yearly,national,['estimated $ calculate_energy_and_activity()'],1,11340000.0,estimated $ calculate_energy_and_activity(),11340000.0,single_datapoint,no_comment
581,2017,01_AUS,travel_km,ldv,km,road,passenger,cng,all,yearly,national,['estimated $ calculate_energy_and_activity()'],1,627120000.0,estimated $ calculate_energy_and_activity(),627120000.0,single_datapoint,no_comment
582,2017,01_AUS,turnover_rate,ldv,%,road,freight,cng,all,yearly,national,"['manually_inputted_data $ guess', 'turnover_rate_est']",2,0.42,manually_inputted_data $ guess,0.03,manual,no_comment
583,2017,01_AUS,turnover_rate,ldv,%,road,passenger,cng,all,yearly,national,"['manually_inputted_data $ guess', 'turnover_rate_est']",2,0.42,manually_inputted_data $ guess,0.03,manual,no_comment
584,2018,01_AUS,new_vehicle_efficiency,ldv,km_per_pj,road,freight,cng,all,yearly,national,['avg_eff_no_outliers $ transport_data_system_9th'],1,7214767129.708009,avg_eff_no_outliers $ transport_data_system_9th,554982086.900616,single_datapoint,no_comment
585,2018,01_AUS,new_vehicle_efficiency,ldv,km_per_pj,road,passenger,cng,all,yearly,national,['avg_eff_no_outliers $ transport_data_system_9th'],1,5429169522.90635,avg_eff_no_outliers $ transport_data_system_9th,417628424.83895,single_datapoint,no_comment
586,2018,01_AUS,turnover_rate,ldv,%,road,freight,cng,all,yearly,national,['manually_inputted_data $ guess'],1,0.42,manually_inputted_data $ guess,0.03,manual,no_comment
587,2018,01_AUS,turnover_rate,ldv,%,road,passenger,cng,all,yearly,national,['manually_inputted_data $ guess'],1,0.42,manually_inputted_data $ guess,0.03,manual,no_comment
588,2019,01_AUS,new_vehicle_efficiency,ldv,km_per_pj,road,freight,cng,all,yearly,national,['avg_eff_no_outliers $ transport_data_system_9th'],1,7214767129.708009,avg_eff_no_outliers $ transport_data_system_9th,554982086.900616,single_datapoint,no_comment
589,2019,01_AUS,new_vehicle_efficiency,ldv,km_per_pj,road,passenger,cng,all,yearly,national,['avg_eff_no_outliers $ transport_data_system_9th'],1,5429169522.90635,avg_eff_no_outliers $ transport_data_system_9th,417628424.83895,single_datapoint,no_comment
590,2019,01_AUS,turnover_rate,ldv,%,road,freight,cng,all,yearly,national,['manually_inputted_data $ guess'],1,0.42,manually_inputted_data $ guess,0.03,manual,no_comment
591,2019,01_AUS,turnover_rate,ldv,%,road,passenger,cng,all,yearly,national,['manually_inputted_data $ guess'],1,0.42,manually_inputted_data $ guess,0.03,manual,no_comment
592,2020,01_AUS,new_vehicle_efficiency,ldv,km_per_pj,road,freight,cng,all,yearly,national,['avg_eff_no_outliers $ transport_data_system_9th'],1,7214767129.708009,avg_eff_no_outliers $ transport_data_system_9th,554982086.900616,single_datapoint,no_comment
593,2020,01_AUS,new_vehicle_efficiency,ldv,km_per_pj,road,passenger,cng,all,yearly,national,['avg_eff_no_outliers $ transport_data_system_9th'],1,5429169522.90635,avg_eff_no_outliers $ transport_data_system_9th,417628424.83895,single_datapoint,no_comment
594,2020,01_AUS,turnover_rate,ldv,%,road,freight,cng,all,yearly,national,['manually_inputted_data $ guess'],1,0.42,manually_inputted_data $ guess,0.03,manual,no_comment
595,2020,01_AUS,turnover_rate,ldv,%,road,passenger,cng,all,yearly,national,['manually_inputted_data $ guess'],1,0.42,manually_inputted_data $ guess,0.03,manual,no_comment
596,2021,01_AUS,new_vehicle_efficiency,ldv,km_per_pj,road,freight,cng,all,yearly,national,['avg_eff_no_outliers $ transport_data_system_9th'],1,7214767129.708009,avg_eff_no_outliers $ transport_data_system_9th,554982086.900616,single_datapoint,no_comment
597,2021,01_AUS,new_vehicle_efficiency,ldv,km_per_pj,road,passenger,cng,all,yearly,national,['avg_eff_no_outliers $ transport_data_system_9th'],1,5429169522.90635,avg_eff_no_outliers $ transport_data_system_9th,417628424.83895,single_datapoint,no_comment
598,2021,01_AUS,turnover_rate,ldv,%,road,freight,cng,all,yearly,national,['manually_inputted_data $ guess'],1,0.42,manually_inputted_data $ guess,0.03,manual,no_comment
599,2021,01_AUS,turnover_rate,ldv,%,road,passenger,cng,all,yearly,national,['manually_inputted_data $ guess'],1,0.42,manually_inputted_data $ guess,0.03,manual,no_comment
600,2022,01_AUS,new_vehicle_efficiency,ldv,km_per_pj,road,freight,cng,all,yearly,national,['avg_eff_no_outliers $ transport_data_system_9th'],1,7214767129.708009,avg_eff_no_outliers $ transport_data_system_9th,554982086.900616,single_datapoint,no_comment
601,2022,01_AUS,new_vehicle_efficiency,ldv,km_per_pj,road,passenger,cng,all,yearly,national,['avg_eff_no_outliers $ transport_data_system_9th'],1,5429169522.90635,avg_eff_no_outliers $ transport_data_system_9th,417628424.83895,single_datapoint,no_comment
602,2022,01_AUS,turnover_rate,ldv,%,road,freight,cng,all,yearly,national,['manually_inputted_data $ guess'],1,0.42,manually_inputted_data $ guess,0.03,manual,no_comment
603,2022,01_AUS,turnover_rate,ldv,%,road,passenger,cng,all,yearly,national,['manually_inputted_data $ guess'],1,0.42,manually_inputted_data $ guess,0.03,manual,no_comment
604,2010,01_AUS,new_vehicle_efficiency,ldv,km_per_pj,road,passenger,fcev,all,yearly,national,['avg_eff_no_outliers $ transport_data_system_9th'],1,1469603353.601357,avg_eff_no_outliers $ transport_data_system_9th,113046411.815489,single_datapoint,no_comment
605,2010,01_AUS,turnover_rate,ldv,%,road,passenger,fcev,all,yearly,national,['manually_inputted_data $ guess'],1,0.42,manually_inputted_data $ guess,0.03,manual,no_comment
606,2011,01_AUS,new_vehicle_efficiency,ldv,km_per_pj,road,passenger,fcev,all,yearly,national,['avg_eff_no_outliers $ transport_data_system_9th'],1,1469603353.601357,avg_eff_no_outliers $ transport_data_system_9th,113046411.815489,single_datapoint,no_comment
607,2011,01_AUS,turnover_rate,ldv,%,road,passenger,fcev,all,yearly,national,['manually_inputted_data $ guess'],1,0.42,manually_inputted_data $ guess,0.03,manual,no_comment
608,2012,01_AUS,new_vehicle_efficiency,ldv,km_per_pj,road,passenger,fcev,all,yearly,national,['avg_eff_no_outliers $ transport_data_system_9th'],1,1469603353.601357,avg_eff_no_outliers $ transport_data_system_9th,113046411.815489,single_datapoint,no_comment
609,2012,01_AUS,turnover_rate,ldv,%,road,passenger,fcev,all,yearly,national,['manually_inputted_data $ guess'],1,0.42,manually_inputted_data $ guess,0.03,manual,no_comment
610,2013,01_AUS,new_vehicle_efficiency,ldv,km_per_pj,road,passenger,fcev,all,yearly,national,['avg_eff_no_outliers $ transport_data_system_9th'],1,1469603353.601357,avg_eff_no_outliers $ transport_data_system_9th,113046411.815489,single_datapoint,no_comment
611,2013,01_AUS,turnover_rate,ldv,%,road,passenger,fcev,all,yearly,national,['manually_inputted_data $ guess'],1,0.42,manually_inputted_data $ guess,0.03,manual,no_comment
612,2014,01_AUS,new_vehicle_efficiency,ldv,km_per_pj,road,passenger,fcev,all,yearly,national,['avg_eff_no_outliers $ transport_data_system_9th'],1,1469603353.601357,avg_eff_no_outliers $ transport_data_system_9th,113046411.815489,single_datapoint,no_comment
613,2014,01_AUS,turnover_rate,ldv,%,road,passenger,fcev,all,yearly,national,['manually_inputted_data $ guess'],1,0.42,manually_inputted_data $ guess,0.03,manual,no_comment
614,2015,01_AUS,new_vehicle_efficiency,ldv,km_per_pj,road,passenger,fcev,all,yearly,national,['avg_eff_no_outliers $ transport_data_system_9th'],1,1469603353.601357,avg_eff_no_outliers $ transport_data_system_9th,113046411.815489,single_datapoint,no_comment
615,2015,01_AUS,turnover_rate,ldv,%,road,passenger,fcev,all,yearly,national,['manually_inputted_data $ guess'],1,0.42,manually_inputted_data $ guess,0.03,manual,no_comment
616,2016,01_AUS,new_vehicle_efficiency,ldv,km_per_pj,road,passenger,fcev,all,yearly,national,['avg_eff_no_outliers $ transport_data_system_9th'],1,1469603353.601357,avg_eff_no_outliers $ transport_data_system_9th,113046411.815489,single_datapoint,no_comment
617,2016,01_AUS,turnover_rate,ldv,%,road,passenger,fcev,all,yearly,national,['manually_inputted_data $ guess'],1,0.42,manually_inputted_data $ guess,0.03,manual,no_comment
618,2017,01_AUS,new_vehicle_efficiency,ldv,km_per_pj,road,passenger,fcev,all,yearly,national,['avg_eff_no_outliers $ transport_data_system_9th'],1,1469603353.601357,avg_eff_no_outliers $ transport_data_system_9th,113046411.815489,single_datapoint,no_comment
619,2017,01_AUS,turnover_rate,ldv,%,road,freight,fcev,all,yearly,national,['turnover_rate_est'],1,0.03,turnover_rate_est,0.03,single_datapoint,no_comment
620,2017,01_AUS,turnover_rate,ldv,%,road,passenger,fcev,all,yearly,national,"['manually_inputted_data $ guess', 'turnover_rate_est']",2,0.42,manually_inputted_data $ guess,0.03,manual,no_comment
621,2018,01_AUS,new_vehicle_efficiency,ldv,km_per_pj,road,passenger,fcev,all,yearly,national,['avg_eff_no_outliers $ transport_data_system_9th'],1,1469603353.601357,avg_eff_no_outliers $ transport_data_system_9th,113046411.815489,single_datapoint,no_comment
622,2018,01_AUS,turnover_rate,ldv,%,road,passenger,fcev,all,yearly,national,['manually_inputted_data $ guess'],1,0.42,manually_inputted_data $ guess,0.03,manual,no_comment
623,2019,01_AUS,new_vehicle_efficiency,ldv,km_per_pj,road,passenger,fcev,all,yearly,national,['avg_eff_no_outliers $ transport_data_system_9th'],1,1469603353.601357,avg_eff_no_outliers $ transport_data_system_9th,113046411.815489,single_datapoint,no_comment
624,2019,01_AUS,turnover_rate,ldv,%,road,passenger,fcev,all,yearly,national,['manually_inputted_data $ guess'],1,0.42,manually_inputted_data $ guess,0.03,manual,no_comment
625,2020,01_AUS,new_vehicle_efficiency,ldv,km_per_pj,road,passenger,fcev,all,yearly,national,['avg_eff_no_outliers $ transport_data_system_9th'],1,1469603353.601357,avg_eff_no_outliers $ transport_data_system_9th,113046411.815489,single_datapoint,no_comment
626,2020,01_AUS,turnover_rate,ldv,%,road,passenger,fcev,all,yearly,national,['manually_inputted_data $ guess'],1,0.42,manually_inputted_data $ guess,0.03,manual,no_comment
627,2021,01_AUS,new_vehicle_efficiency,ldv,km_per_pj,road,passenger,fcev,all,yearly,national,['avg_eff_no_outliers $ transport_data_system_9th'],1,1469603353.601357,avg_eff_no_outliers $ transport_data_system_9th,113046411.815489,single_datapoint,no_comment
628,2021,01_AUS,turnover_rate,ldv,%,road,passenger,fcev,all,yearly,national,['manually_inputted_data $ guess'],1,0.42,manually_inputted_data $ guess,0.03,manual,no_comment
629,2022,01_AUS,new_vehicle_efficiency,ldv,km_per_pj,road,passenger,fcev,all,yearly,national,['avg_eff_no_outliers $ transport_data_system_9th'],1,1469603353.601357,avg_eff_no_outliers $ transport_data_system_9th,113046411.815489,single_datapoint,no_comment
630,2022,01_AUS,turnover_rate,ldv,%,road,passenger,fcev,all,yearly,national,['manually_inputted_data $ guess'],1,0.42,manually_inputted_data $ guess,0.03,manual,no_comment
631,2010,01_AUS,activity,ldv,passenger_km_or_freight_tonne_km,road,passenger,ice,all,yearly,national,['estimated $ calculate_energy_and_activity()'],1,3676813002892.4,estimated $ calculate_energy_and_activity(),276059250000.0,single_datapoint,no_comment
632,2010,01_AUS,energy,ldv,pj,road,passenger,ice,all,yearly,national,['estimated $ calculate_energy_and_activity()'],1,7046.520193673075,estimated $ calculate_energy_and_activity(),529.0606506898744,single_datapoint,no_comment
633,2010,01_AUS,new_vehicle_efficiency,ldv,km_per_pj,road,freight,ice,all,yearly,national,['avg_eff_no_outliers $ transport_data_system_9th'],1,4776513034.843043,avg_eff_no_outliers $ transport_data_system_9th,367424079.603311,single_datapoint,no_comment
634,2010,01_AUS,new_vehicle_efficiency,ldv,km_per_pj,road,passenger,ice,all,yearly,national,['avg_eff_no_outliers $ transport_data_system_9th'],1,3086802010.889935,avg_eff_no_outliers $ transport_data_system_9th,237446308.529995,single_datapoint,no_comment
635,2010,01_AUS,travel_km,ldv,km,road,passenger,ice,all,yearly,national,['estimated $ calculate_energy_and_activity()'],1,2451208668594.933,estimated $ calculate_energy_and_activity(),184039500000.0,single_datapoint,no_comment
636,2010,01_AUS,turnover_rate,ldv,%,road,freight,ice,all,yearly,national,['manually_inputted_data $ guess'],1,0.39,manually_inputted_data $ guess,0.03,single_datapoint,no_comment
637,2010,01_AUS,turnover_rate,ldv,%,road,passenger,ice,all,yearly,national,['manually_inputted_data $ guess'],1,0.39,manually_inputted_data $ guess,0.03,single_datapoint,no_comment
638,2011,01_AUS,activity,ldv,passenger_km_or_freight_tonne_km,road,passenger,ice,all,yearly,national,['estimated $ calculate_energy_and_activity()'],1,3676813002892.4,estimated $ calculate_energy_and_activity(),280663708940.9714,single_datapoint,no_comment
639,2011,01_AUS,energy,ldv,pj,road,passenger,ice,all,yearly,national,['estimated $ calculate_energy_and_activity()'],1,7046.520193673075,estimated $ calculate_energy_and_activity(),537.8849811312022,single_datapoint,no_comment
640,2011,01_AUS,new_vehicle_efficiency,ldv,km_per_pj,road,freight,ice,all,yearly,national,['avg_eff_no_outliers $ transport_data_system_9th'],1,4776513034.843043,avg_eff_no_outliers $ transport_data_system_9th,367424079.603311,single_datapoint,no_comment
641,2011,01_AUS,new_vehicle_efficiency,ldv,km_per_pj,road,passenger,ice,all,yearly,national,['avg_eff_no_outliers $ transport_data_system_9th'],1,3086802010.889935,avg_eff_no_outliers $ transport_data_system_9th,237446308.529995,single_datapoint,no_comment
642,2011,01_AUS,travel_km,ldv,km,road,passenger,ice,all,yearly,national,['estimated $ calculate_energy_and_activity()'],1,2451208668594.933,estimated $ calculate_energy_and_activity(),187109139293.98093,single_datapoint,no_comment
643,2011,01_AUS,turnover_rate,ldv,%,road,freight,ice,all,yearly,national,['manually_inputted_data $ guess'],1,0.39,manually_inputted_data $ guess,0.03,single_datapoint,no_comment
644,2011,01_AUS,turnover_rate,ldv,%,road,passenger,ice,all,yearly,national,['manually_inputted_data $ guess'],1,0.39,manually_inputted_data $ guess,0.03,single_datapoint,no_comment
645,2012,01_AUS,activity,ldv,passenger_km_or_freight_tonne_km,road,passenger,ice,all,yearly,national,['estimated $ calculate_energy_and_activity()'],1,3676813002892.4,estimated $ calculate_energy_and_activity(),286061490054.2856,single_datapoint,no_comment
646,2012,01_AUS,energy,ldv,pj,road,passenger,ice,all,yearly,national,['estimated $ calculate_energy_and_activity()'],1,7046.520193673075,estimated $ calculate_energy_and_activity(),548.2296936814664,single_datapoint,no_comment
647,2012,01_AUS,new_vehicle_efficiency,ldv,km_per_pj,road,freight,ice,all,yearly,national,['avg_eff_no_outliers $ transport_data_system_9th'],1,4776513034.843043,avg_eff_no_outliers $ transport_data_system_9th,367424079.603311,single_datapoint,no_comment
648,2012,01_AUS,new_vehicle_efficiency,ldv,km_per_pj,road,passenger,ice,all,yearly,national,['avg_eff_no_outliers $ transport_data_system_9th'],1,3086802010.889935,avg_eff_no_outliers $ transport_data_system_9th,237446308.529995,single_datapoint,no_comment
649,2012,01_AUS,travel_km,ldv,km,road,passenger,ice,all,yearly,national,['estimated $ calculate_energy_and_activity()'],1,2451208668594.933,estimated $ calculate_energy_and_activity(),190707660036.1904,single_datapoint,no_comment
650,2012,01_AUS,turnover_rate,ldv,%,road,freight,ice,all,yearly,national,['manually_inputted_data $ guess'],1,0.39,manually_inputted_data $ guess,0.03,single_datapoint,no_comment
651,2012,01_AUS,turnover_rate,ldv,%,road,passenger,ice,all,yearly,national,['manually_inputted_data $ guess'],1,0.39,manually_inputted_data $ guess,0.03,single_datapoint,no_comment
652,2013,01_AUS,activity,ldv,passenger_km_or_freight_tonne_km,road,passenger,ice,all,yearly,national,['estimated $ calculate_energy_and_activity()'],1,3676813002892.4,estimated $ calculate_energy_and_activity(),292484204999.59033,single_datapoint,no_comment
653,2013,01_AUS,energy,ldv,pj,road,passenger,ice,all,yearly,national,['estimated $ calculate_energy_and_activity()'],1,7046.520193673075,estimated $ calculate_energy_and_activity(),560.5386662957095,single_datapoint,no_comment
654,2013,01_AUS,new_vehicle_efficiency,ldv,km_per_pj,road,freight,ice,all,yearly,national,['avg_eff_no_outliers $ transport_data_system_9th'],1,4776513034.843043,avg_eff_no_outliers $ transport_data_system_9th,367424079.603311,single_datapoint,no_comment
655,2013,01_AUS,new_vehicle_efficiency,ldv,km_per_pj,road,passenger,ice,all,yearly,national,['avg_eff_no_outliers $ transport_data_system_9th'],1,3086802010.889935,avg_eff_no_outliers $ transport_data_system_9th,237446308.529995,single_datapoint,no_comment
656,2013,01_AUS,travel_km,ldv,km,road,passenger,ice,all,yearly,national,['estimated $ calculate_energy_and_activity()'],1,2451208668594.933,estimated $ calculate_energy_and_activity(),194989469999.72687,single_datapoint,no_comment
657,2013,01_AUS,turnover_rate,ldv,%,road,freight,ice,all,yearly,national,['manually_inputted_data $ guess'],1,0.39,manually_inputted_data $ guess,0.03,single_datapoint,no_comment
658,2013,01_AUS,turnover_rate,ldv,%,road,passenger,ice,all,yearly,national,['manually_inputted_data $ guess'],1,0.39,manually_inputted_data $ guess,0.03,single_datapoint,no_comment
659,2014,01_AUS,activity,ldv,passenger_km_or_freight_tonne_km,road,passenger,ice,all,yearly,national,['estimated $ calculate_energy_and_activity()'],1,3676813002892.4,estimated $ calculate_energy_and_activity(),299138387824.7359,single_datapoint,no_comment
660,2014,01_AUS,energy,ldv,pj,road,passenger,ice,all,yearly,national,['estimated $ calculate_energy_and_activity()'],1,7046.520193673075,estimated $ calculate_energy_and_activity(),573.29124131459,single_datapoint,no_comment
661,2014,01_AUS,new_vehicle_efficiency,ldv,km_per_pj,road,freight,ice,all,yearly,national,['avg_eff_no_outliers $ transport_data_system_9th'],1,4776513034.843043,avg_eff_no_outliers $ transport_data_system_9th,367424079.603311,single_datapoint,no_comment
662,2014,01_AUS,new_vehicle_efficiency,ldv,km_per_pj,road,passenger,ice,all,yearly,national,['avg_eff_no_outliers $ transport_data_system_9th'],1,3086802010.889935,avg_eff_no_outliers $ transport_data_system_9th,237446308.529995,single_datapoint,no_comment
663,2014,01_AUS,travel_km,ldv,km,road,passenger,ice,all,yearly,national,['estimated $ calculate_energy_and_activity()'],1,2451208668594.933,estimated $ calculate_energy_and_activity(),199425591883.15726,single_datapoint,no_comment
664,2014,01_AUS,turnover_rate,ldv,%,road,freight,ice,all,yearly,national,['manually_inputted_data $ guess'],1,0.39,manually_inputted_data $ guess,0.03,single_datapoint,no_comment
665,2014,01_AUS,turnover_rate,ldv,%,road,passenger,ice,all,yearly,national,['manually_inputted_data $ guess'],1,0.39,manually_inputted_data $ guess,0.03,single_datapoint,no_comment
666,2015,01_AUS,activity,ldv,passenger_km_or_freight_tonne_km,road,passenger,ice,all,yearly,national,['estimated $ calculate_energy_and_activity()'],1,3676813002892.4,estimated $ calculate_energy_and_activity(),304763944315.3664,single_datapoint,no_comment
667,2015,01_AUS,energy,ldv,pj,road,passenger,ice,all,yearly,national,['estimated $ calculate_energy_and_activity()'],1,7046.520193673075,estimated $ calculate_energy_and_activity(),584.072479680722,single_datapoint,no_comment
668,2015,01_AUS,new_vehicle_efficiency,ldv,km_per_pj,road,freight,ice,all,yearly,national,['avg_eff_no_outliers $ transport_data_system_9th'],1,4776513034.843043,avg_eff_no_outliers $ transport_data_system_9th,367424079.603311,single_datapoint,no_comment
669,2015,01_AUS,new_vehicle_efficiency,ldv,km_per_pj,road,passenger,ice,all,yearly,national,['avg_eff_no_outliers $ transport_data_system_9th'],1,3086802010.889935,avg_eff_no_outliers $ transport_data_system_9th,237446308.529995,single_datapoint,no_comment
670,2015,01_AUS,travel_km,ldv,km,road,passenger,ice,all,yearly,national,['estimated $ calculate_energy_and_activity()'],1,2451208668594.933,estimated $ calculate_energy_and_activity(),203175962876.91092,single_datapoint,no_comment
671,2015,01_AUS,turnover_rate,ldv,%,road,freight,ice,all,yearly,national,['manually_inputted_data $ guess'],1,0.39,manually_inputted_data $ guess,0.03,single_datapoint,no_comment
672,2015,01_AUS,turnover_rate,ldv,%,road,passenger,ice,all,yearly,national,['manually_inputted_data $ guess'],1,0.39,manually_inputted_data $ guess,0.03,single_datapoint,no_comment
673,2016,01_AUS,activity,ldv,passenger_km_or_freight_tonne_km,road,passenger,ice,all,yearly,national,['estimated $ calculate_energy_and_activity()'],1,3676813002892.4,estimated $ calculate_energy_and_activity(),310706088902.9608,single_datapoint,no_comment
674,2016,01_AUS,energy,ldv,pj,road,passenger,ice,all,yearly,national,['estimated $ calculate_energy_and_activity()'],1,7046.520193673075,estimated $ calculate_energy_and_activity(),595.4604512194625,single_datapoint,no_comment
675,2016,01_AUS,new_vehicle_efficiency,ldv,km_per_pj,road,freight,ice,all,yearly,national,['avg_eff_no_outliers $ transport_data_system_9th'],1,4776513034.843043,avg_eff_no_outliers $ transport_data_system_9th,367424079.603311,single_datapoint,no_comment
676,2016,01_AUS,new_vehicle_efficiency,ldv,km_per_pj,road,passenger,ice,all,yearly,national,['avg_eff_no_outliers $ transport_data_system_9th'],1,3086802010.889935,avg_eff_no_outliers $ transport_data_system_9th,237446308.529995,single_datapoint,no_comment
677,2016,01_AUS,travel_km,ldv,km,road,passenger,ice,all,yearly,national,['estimated $ calculate_energy_and_activity()'],1,2451208668594.933,estimated $ calculate_energy_and_activity(),207137392601.97388,single_datapoint,no_comment
678,2016,01_AUS,turnover_rate,ldv,%,road,freight,ice,all,yearly,national,['manually_inputted_data $ guess'],1,0.39,manually_inputted_data $ guess,0.03,single_datapoint,no_comment
679,2016,01_AUS,turnover_rate,ldv,%,road,passenger,ice,all,yearly,national,['manually_inputted_data $ guess'],1,0.39,manually_inputted_data $ guess,0.03,single_datapoint,no_comment
680,2017,01_AUS,activity,ldv,passenger_km_or_freight_tonne_km,road,freight,ice,all,yearly,national,['estimated $ calculate_energy_and_activity()'],1,1633570275.0,estimated $ calculate_energy_and_activity(),1633570275.0,single_datapoint,no_comment
681,2017,01_AUS,activity,ldv,passenger_km_or_freight_tonne_km,road,passenger,ice,all,yearly,national,['estimated $ calculate_energy_and_activity()'],1,3676813002892.4,estimated $ calculate_energy_and_activity(),316575271212.8287,single_datapoint,no_comment
682,2017,01_AUS,energy,ldv,pj,road,freight,ice,all,yearly,national,['estimated $ calculate_energy_and_activity()'],1,17.791669075607427,estimated $ calculate_energy_and_activity(),17.791669075607427,single_datapoint,no_comment
683,2017,01_AUS,energy,ldv,pj,road,passenger,ice,all,yearly,national,['estimated $ calculate_energy_and_activity()'],1,7046.520193673075,estimated $ calculate_energy_and_activity(),606.7085923771168,single_datapoint,no_comment
684,2017,01_AUS,new_vehicle_efficiency,ldv,km_per_pj,road,freight,ice,all,yearly,national,['avg_eff_no_outliers $ transport_data_system_9th'],1,4776513034.843043,avg_eff_no_outliers $ transport_data_system_9th,367424079.603311,single_datapoint,no_comment
685,2017,01_AUS,new_vehicle_efficiency,ldv,km_per_pj,road,passenger,ice,all,yearly,national,['avg_eff_no_outliers $ transport_data_system_9th'],1,3086802010.889935,avg_eff_no_outliers $ transport_data_system_9th,237446308.529995,single_datapoint,no_comment
686,2017,01_AUS,travel_km,ldv,km,road,freight,ice,all,yearly,national,['estimated $ calculate_energy_and_activity()'],1,4475535000.0,estimated $ calculate_energy_and_activity(),4475535000.0,single_datapoint,no_comment
687,2017,01_AUS,travel_km,ldv,km,road,passenger,ice,all,yearly,national,['estimated $ calculate_energy_and_activity()'],1,2451208668594.933,estimated $ calculate_energy_and_activity(),211050180808.55246,single_datapoint,no_comment
688,2017,01_AUS,turnover_rate,ldv,%,road,freight,ice,all,yearly,national,['manually_inputted_data $ guess'],1,0.39,manually_inputted_data $ guess,0.03,single_datapoint,no_comment
689,2017,01_AUS,turnover_rate,ldv,%,road,passenger,ice,all,yearly,national,['manually_inputted_data $ guess'],1,0.39,manually_inputted_data $ guess,0.03,single_datapoint,no_comment
690,2018,01_AUS,activity,ldv,passenger_km_or_freight_tonne_km,road,passenger,ice,all,yearly,national,['estimated $ calculate_energy_and_activity()'],1,3676813002892.4,estimated $ calculate_energy_and_activity(),322147033735.00323,single_datapoint,no_comment
691,2018,01_AUS,energy,ldv,pj,road,passenger,ice,all,yearly,national,['estimated $ calculate_energy_and_activity()'],1,7046.520193673075,estimated $ calculate_energy_and_activity(),617.3867359476407,single_datapoint,no_comment
692,2018,01_AUS,new_vehicle_efficiency,ldv,km_per_pj,road,freight,ice,all,yearly,national,['avg_eff_no_outliers $ transport_data_system_9th'],1,4776513034.843043,avg_eff_no_outliers $ transport_data_system_9th,367424079.603311,single_datapoint,no_comment
693,2018,01_AUS,new_vehicle_efficiency,ldv,km_per_pj,road,passenger,ice,all,yearly,national,['avg_eff_no_outliers $ transport_data_system_9th'],1,3086802010.889935,avg_eff_no_outliers $ transport_data_system_9th,237446308.529995,single_datapoint,no_comment
694,2018,01_AUS,travel_km,ldv,km,road,passenger,ice,all,yearly,national,['estimated $ calculate_energy_and_activity()'],1,2451208668594.933,estimated $ calculate_energy_and_activity(),214764689156.66882,single_datapoint,no_comment
695,2018,01_AUS,turnover_rate,ldv,%,road,freight,ice,all,yearly,national,['manually_inputted_data $ guess'],1,0.39,manually_inputted_data $ guess,0.03,single_datapoint,no_comment
696,2018,01_AUS,turnover_rate,ldv,%,road,passenger,ice,all,yearly,national,['manually_inputted_data $ guess'],1,0.39,manually_inputted_data $ guess,0.03,single_datapoint,no_comment
697,2019,01_AUS,activity,ldv,passenger_km_or_freight_tonne_km,road,passenger,ice,all,yearly,national,['estimated $ calculate_energy_and_activity()'],1,3676813002892.4,estimated $ calculate_energy_and_activity(),325820102411.67096,single_datapoint,no_comment
698,2019,01_AUS,energy,ldv,pj,road,passenger,ice,all,yearly,national,['estimated $ calculate_energy_and_activity()'],1,7046.520193673075,estimated $ calculate_energy_and_activity(),624.4260802337184,single_datapoint,no_comment
699,2019,01_AUS,new_vehicle_efficiency,ldv,km_per_pj,road,freight,ice,all,yearly,national,['avg_eff_no_outliers $ transport_data_system_9th'],1,4776513034.843043,avg_eff_no_outliers $ transport_data_system_9th,367424079.603311,single_datapoint,no_comment
700,2019,01_AUS,new_vehicle_efficiency,ldv,km_per_pj,road,passenger,ice,all,yearly,national,['avg_eff_no_outliers $ transport_data_system_9th'],1,3086802010.889935,avg_eff_no_outliers $ transport_data_system_9th,237446308.529995,single_datapoint,no_comment
701,2019,01_AUS,travel_km,ldv,km,road,passenger,ice,all,yearly,national,['estimated $ calculate_energy_and_activity()'],1,2451208668594.933,estimated $ calculate_energy_and_activity(),217213401607.78064,single_datapoint,no_comment
702,2019,01_AUS,turnover_rate,ldv,%,road,freight,ice,all,yearly,national,['manually_inputted_data $ guess'],1,0.39,manually_inputted_data $ guess,0.03,single_datapoint,no_comment
703,2019,01_AUS,turnover_rate,ldv,%,road,passenger,ice,all,yearly,national,['manually_inputted_data $ guess'],1,0.39,manually_inputted_data $ guess,0.03,single_datapoint,no_comment
704,2020,01_AUS,activity,ldv,passenger_km_or_freight_tonne_km,road,passenger,ice,all,yearly,national,['estimated $ calculate_energy_and_activity()'],1,3676813002892.4,estimated $ calculate_energy_and_activity(),329556479678.4373,single_datapoint,no_comment
705,2020,01_AUS,energy,ldv,pj,road,passenger,ice,all,yearly,national,['estimated $ calculate_energy_and_activity()'],1,7046.520193673075,estimated $ calculate_energy_and_activity(),631.5867538499014,single_datapoint,no_comment
706,2020,01_AUS,new_vehicle_efficiency,ldv,km_per_pj,road,freight,ice,all,yearly,national,['avg_eff_no_outliers $ transport_data_system_9th'],1,4776513034.843043,avg_eff_no_outliers $ transport_data_system_9th,367424079.603311,single_datapoint,no_comment
707,2020,01_AUS,new_vehicle_efficiency,ldv,km_per_pj,road,passenger,ice,all,yearly,national,['avg_eff_no_outliers $ transport_data_system_9th'],1,3086802010.889935,avg_eff_no_outliers $ transport_data_system_9th,237446308.529995,single_datapoint,no_comment
708,2020,01_AUS,travel_km,ldv,km,road,passenger,ice,all,yearly,national,['estimated $ calculate_energy_and_activity()'],1,2451208668594.933,estimated $ calculate_energy_and_activity(),219704319785.62488,single_datapoint,no_comment
709,2020,01_AUS,turnover_rate,ldv,%,road,freight,ice,all,yearly,national,['manually_inputted_data $ guess'],1,0.39,manually_inputted_data $ guess,0.03,single_datapoint,no_comment
710,2020,01_AUS,turnover_rate,ldv,%,road,passenger,ice,all,yearly,national,['manually_inputted_data $ guess'],1,0.39,manually_inputted_data $ guess,0.03,single_datapoint,no_comment
711,2021,01_AUS,activity,ldv,passenger_km_or_freight_tonne_km,road,passenger,ice,all,yearly,national,['estimated $ calculate_energy_and_activity()'],1,3676813002892.4,estimated $ calculate_energy_and_activity(),332837040816.5492,single_datapoint,no_comment
712,2021,01_AUS,energy,ldv,pj,road,passenger,ice,all,yearly,national,['estimated $ calculate_energy_and_activity()'],1,7046.520193673075,estimated $ calculate_energy_and_activity(),637.8738672516707,single_datapoint,no_comment
713,2021,01_AUS,new_vehicle_efficiency,ldv,km_per_pj,road,freight,ice,all,yearly,national,['avg_eff_no_outliers $ transport_data_system_9th'],1,4776513034.843043,avg_eff_no_outliers $ transport_data_system_9th,367424079.603311,single_datapoint,no_comment
714,2021,01_AUS,new_vehicle_efficiency,ldv,km_per_pj,road,passenger,ice,all,yearly,national,['avg_eff_no_outliers $ transport_data_system_9th'],1,3086802010.889935,avg_eff_no_outliers $ transport_data_system_9th,237446308.529995,single_datapoint,no_comment
715,2021,01_AUS,travel_km,ldv,km,road,passenger,ice,all,yearly,national,['estimated $ calculate_energy_and_activity()'],1,2451208668594.933,estimated $ calculate_energy_and_activity(),221891360544.36612,single_datapoint,no_comment
716,2021,01_AUS,turnover_rate,ldv,%,road,freight,ice,all,yearly,national,['manually_inputted_data $ guess'],1,0.39,manually_inputted_data $ guess,0.03,single_datapoint,no_comment
717,2021,01_AUS,turnover_rate,ldv,%,road,passenger,ice,all,yearly,national,['manually_inputted_data $ guess'],1,0.39,manually_inputted_data $ guess,0.03,single_datapoint,no_comment
718,2022,01_AUS,new_vehicle_efficiency,ldv,km_per_pj,road,freight,ice,all,yearly,national,['avg_eff_no_outliers $ transport_data_system_9th'],1,4776513034.843043,avg_eff_no_outliers $ transport_data_system_9th,367424079.603311,single_datapoint,no_comment
719,2022,01_AUS,new_vehicle_efficiency,ldv,km_per_pj,road,passenger,ice,all,yearly,national,['avg_eff_no_outliers $ transport_data_system_9th'],1,3086802010.889935,avg_eff_no_outliers $ transport_data_system_9th,237446308.529995,single_datapoint,no_comment
720,2022,01_AUS,turnover_rate,ldv,%,road,freight,ice,all,yearly,national,['manually_inputted_data $ guess'],1,0.39,manually_inputted_data $ guess,0.03,single_datapoint,no_comment
721,2022,01_AUS,turnover_rate,ldv,%,road,passenger,ice,all,yearly,national,['manually_inputted_data $ guess'],1,0.39,manually_inputted_data $ guess,0.03,single_datapoint,no_comment
722,2010,01_AUS,new_vehicle_efficiency,ldv,km_per_pj,road,freight,lpg,all,yearly,national,['avg_eff_no_outliers $ transport_data_system_9th'],1,3668778329.1297708,avg_eff_no_outliers $ transport_data_system_9th,282213717.625367,single_datapoint,no_comment
723,2010,01_AUS,new_vehicle_efficiency,ldv,km_per_pj,road,passenger,lpg,all,yearly,national,['avg_eff_no_outliers $ transport_data_system_9th'],1,4713924488.084526,avg_eff_no_outliers $ transport_data_system_9th,362609576.006502,single_datapoint,no_comment
724,2010,01_AUS,turnover_rate,ldv,%,road,freight,lpg,all,yearly,national,['manually_inputted_data $ guess'],1,0.42,manually_inputted_data $ guess,0.03,manual,no_comment
725,2010,01_AUS,turnover_rate,ldv,%,road,passenger,lpg,all,yearly,national,['manually_inputted_data $ guess'],1,0.42,manually_inputted_data $ guess,0.03,manual,no_comment
726,2011,01_AUS,new_vehicle_efficiency,ldv,km_per_pj,road,freight,lpg,all,yearly,national,['avg_eff_no_outliers $ transport_data_system_9th'],1,3668778329.1297708,avg_eff_no_outliers $ transport_data_system_9th,282213717.625367,single_datapoint,no_comment
727,2011,01_AUS,new_vehicle_efficiency,ldv,km_per_pj,road,passenger,lpg,all,yearly,national,['avg_eff_no_outliers $ transport_data_system_9th'],1,4713924488.084526,avg_eff_no_outliers $ transport_data_system_9th,362609576.006502,single_datapoint,no_comment
728,2011,01_AUS,turnover_rate,ldv,%,road,freight,lpg,all,yearly,national,['manually_inputted_data $ guess'],1,0.42,manually_inputted_data $ guess,0.03,manual,no_comment
729,2011,01_AUS,turnover_rate,ldv,%,road,passenger,lpg,all,yearly,national,['manually_inputted_data $ guess'],1,0.42,manually_inputted_data $ guess,0.03,manual,no_comment
730,2012,01_AUS,new_vehicle_efficiency,ldv,km_per_pj,road,freight,lpg,all,yearly,national,['avg_eff_no_outliers $ transport_data_system_9th'],1,3668778329.1297708,avg_eff_no_outliers $ transport_data_system_9th,282213717.625367,single_datapoint,no_comment
731,2012,01_AUS,new_vehicle_efficiency,ldv,km_per_pj,road,passenger,lpg,all,yearly,national,['avg_eff_no_outliers $ transport_data_system_9th'],1,4713924488.084526,avg_eff_no_outliers $ transport_data_system_9th,362609576.006502,single_datapoint,no_comment
732,2012,01_AUS,turnover_rate,ldv,%,road,freight,lpg,all,yearly,national,['manually_inputted_data $ guess'],1,0.42,manually_inputted_data $ guess,0.03,manual,no_comment
733,2012,01_AUS,turnover_rate,ldv,%,road,passenger,lpg,all,yearly,national,['manually_inputted_data $ guess'],1,0.42,manually_inputted_data $ guess,0.03,manual,no_comment
734,2013,01_AUS,new_vehicle_efficiency,ldv,km_per_pj,road,freight,lpg,all,yearly,national,['avg_eff_no_outliers $ transport_data_system_9th'],1,3668778329.1297708,avg_eff_no_outliers $ transport_data_system_9th,282213717.625367,single_datapoint,no_comment
735,2013,01_AUS,new_vehicle_efficiency,ldv,km_per_pj,road,passenger,lpg,all,yearly,national,['avg_eff_no_outliers $ transport_data_system_9th'],1,4713924488.084526,avg_eff_no_outliers $ transport_data_system_9th,362609576.006502,single_datapoint,no_comment
736,2013,01_AUS,turnover_rate,ldv,%,road,freight,lpg,all,yearly,national,['manually_inputted_data $ guess'],1,0.42,manually_inputted_data $ guess,0.03,manual,no_comment
737,2013,01_AUS,turnover_rate,ldv,%,road,passenger,lpg,all,yearly,national,['manually_inputted_data $ guess'],1,0.42,manually_inputted_data $ guess,0.03,manual,no_comment
738,2014,01_AUS,new_vehicle_efficiency,ldv,km_per_pj,road,freight,lpg,all,yearly,national,['avg_eff_no_outliers $ transport_data_system_9th'],1,3668778329.1297708,avg_eff_no_outliers $ transport_data_system_9th,282213717.625367,single_datapoint,no_comment
739,2014,01_AUS,new_vehicle_efficiency,ldv,km_per_pj,road,passenger,lpg,all,yearly,national,['avg_eff_no_outliers $ transport_data_system_9th'],1,4713924488.084526,avg_eff_no_outliers $ transport_data_system_9th,362609576.006502,single_datapoint,no_comment
740,2014,01_AUS,turnover_rate,ldv,%,road,freight,lpg,all,yearly,national,['manually_inputted_data $ guess'],1,0.42,manually_inputted_data $ guess,0.03,manual,no_comment
741,2014,01_AUS,turnover_rate,ldv,%,road,passenger,lpg,all,yearly,national,['manually_inputted_data $ guess'],1,0.42,manually_inputted_data $ guess,0.03,manual,no_comment
742,2015,01_AUS,new_vehicle_efficiency,ldv,km_per_pj,road,freight,lpg,all,yearly,national,['avg_eff_no_outliers $ transport_data_system_9th'],1,3668778329.1297708,avg_eff_no_outliers $ transport_data_system_9th,282213717.625367,single_datapoint,no_comment
743,2015,01_AUS,new_vehicle_efficiency,ldv,km_per_pj,road,passenger,lpg,all,yearly,national,['avg_eff_no_outliers $ transport_data_system_9th'],1,4713924488.084526,avg_eff_no_outliers $ transport_data_system_9th,362609576.006502,single_datapoint,no_comment
744,2015,01_AUS,turnover_rate,ldv,%,road,freight,lpg,all,yearly,national,['manually_inputted_data $ guess'],1,0.42,manually_inputted_data $ guess,0.03,manual,no_comment
745,2015,01_AUS,turnover_rate,ldv,%,road,passenger,lpg,all,yearly,national,['manually_inputted_data $ guess'],1,0.42,manually_inputted_data $ guess,0.03,manual,no_comment
746,2016,01_AUS,new_vehicle_efficiency,ldv,km_per_pj,road,freight,lpg,all,yearly,national,['avg_eff_no_outliers $ transport_data_system_9th'],1,3668778329.1297708,avg_eff_no_outliers $ transport_data_system_9th,282213717.625367,single_datapoint,no_comment
747,2016,01_AUS,new_vehicle_efficiency,ldv,km_per_pj,road,passenger,lpg,all,yearly,national,['avg_eff_no_outliers $ transport_data_system_9th'],1,4713924488.084526,avg_eff_no_outliers $ transport_data_system_9th,362609576.006502,single_datapoint,no_comment
748,2016,01_AUS,turnover_rate,ldv,%,road,freight,lpg,all,yearly,national,['manually_inputted_data $ guess'],1,0.42,manually_inputted_data $ guess,0.03,manual,no_comment
749,2016,01_AUS,turnover_rate,ldv,%,road,passenger,lpg,all,yearly,national,['manually_inputted_data $ guess'],1,0.42,manually_inputted_data $ guess,0.03,manual,no_comment
750,2017,01_AUS,activity,ldv,passenger_km_or_freight_tonne_km,road,freight,lpg,all,yearly,national,"['8th_edition_transport_model $ reference', 'estimated $ calculate_energy_and_activity()']",2,423590839.08047056,estimated $ calculate_energy_and_activity(),55697175.0,manual,no_comment
751,2017,01_AUS,activity,ldv,passenger_km_or_freight_tonne_km,road,passenger,lpg,all,yearly,national,"['8th_edition_transport_model $ reference', 'estimated $ calculate_energy_and_activity()']",2,22109229266.031044,estimated $ calculate_energy_and_activity(),7747065000.0,manual,no_comment
752,2017,01_AUS,energy,ldv,pj,road,freight,lpg,all,yearly,national,"['8th_edition_transport_model $ reference', 'estimated $ calculate_energy_and_activity()']",2,3.9014559931088413,estimated $ calculate_energy_and_activity(),0.6066134534960211,manual,no_comment
753,2017,01_AUS,energy,ldv,pj,road,passenger,lpg,all,yearly,national,"['8th_edition_transport_model $ reference', 'estimated $ calculate_energy_and_activity()']",2,42.15704520562698,estimated $ calculate_energy_and_activity(),14.847056383137863,manual,no_comment
754,2017,01_AUS,new_vehicle_efficiency,ldv,km_per_pj,road,freight,lpg,all,yearly,national,['avg_eff_no_outliers $ transport_data_system_9th'],1,3668778329.1297708,avg_eff_no_outliers $ transport_data_system_9th,282213717.625367,single_datapoint,no_comment
755,2017,01_AUS,new_vehicle_efficiency,ldv,km_per_pj,road,passenger,lpg,all,yearly,national,['avg_eff_no_outliers $ transport_data_system_9th'],1,4713924488.084526,avg_eff_no_outliers $ transport_data_system_9th,362609576.006502,single_datapoint,no_comment
756,2017,01_AUS,travel_km,ldv,km,road,freight,lpg,all,yearly,national,['estimated $ calculate_energy_and_activity()'],1,152595000.0,estimated $ calculate_energy_and_activity(),152595000.0,single_datapoint,no_comment
757,2017,01_AUS,travel_km,ldv,km,road,passenger,lpg,all,yearly,national,['estimated $ calculate_energy_and_activity()'],1,5164710000.0,estimated $ calculate_energy_and_activity(),5164710000.0,single_datapoint,no_comment
758,2017,01_AUS,turnover_rate,ldv,%,road,freight,lpg,all,yearly,national,"['manually_inputted_data $ guess', 'turnover_rate_est']",2,0.42,manually_inputted_data $ guess,0.03,manual,no_comment
759,2017,01_AUS,turnover_rate,ldv,%,road,passenger,lpg,all,yearly,national,"['manually_inputted_data $ guess', 'turnover_rate_est']",2,0.42,manually_inputted_data $ guess,0.03,manual,no_comment
760,2018,01_AUS,new_vehicle_efficiency,ldv,km_per_pj,road,freight,lpg,all,yearly,national,['avg_eff_no_outliers $ transport_data_system_9th'],1,3668778329.1297708,avg_eff_no_outliers $ transport_data_system_9th,282213717.625367,single_datapoint,no_comment
761,2018,01_AUS,new_vehicle_efficiency,ldv,km_per_pj,road,passenger,lpg,all,yearly,national,['avg_eff_no_outliers $ transport_data_system_9th'],1,4713924488.084526,avg_eff_no_outliers $ transport_data_system_9th,362609576.006502,single_datapoint,no_comment
762,2018,01_AUS,turnover_rate,ldv,%,road,freight,lpg,all,yearly,national,['manually_inputted_data $ guess'],1,0.42,manually_inputted_data $ guess,0.03,manual,no_comment
763,2018,01_AUS,turnover_rate,ldv,%,road,passenger,lpg,all,yearly,national,['manually_inputted_data $ guess'],1,0.42,manually_inputted_data $ guess,0.03,manual,no_comment
764,2019,01_AUS,new_vehicle_efficiency,ldv,km_per_pj,road,freight,lpg,all,yearly,national,['avg_eff_no_outliers $ transport_data_system_9th'],1,3668778329.1297708,avg_eff_no_outliers $ transport_data_system_9th,282213717.625367,single_datapoint,no_comment
765,2019,01_AUS,new_vehicle_efficiency,ldv,km_per_pj,road,passenger,lpg,all,yearly,national,['avg_eff_no_outliers $ transport_data_system_9th'],1,4713924488.084526,avg_eff_no_outliers $ transport_data_system_9th,362609576.006502,single_datapoint,no_comment
766,2019,01_AUS,turnover_rate,ldv,%,road,freight,lpg,all,yearly,national,['manually_inputted_data $ guess'],1,0.42,manually_inputted_data $ guess,0.03,manual,no_comment
767,2019,01_AUS,turnover_rate,ldv,%,road,passenger,lpg,all,yearly,national,['manually_inputted_data $ guess'],1,0.42,manually_inputted_data $ guess,0.03,manual,no_comment
768,2020,01_AUS,new_vehicle_efficiency,ldv,km_per_pj,road,freight,lpg,all,yearly,national,['avg_eff_no_outliers $ transport_data_system_9th'],1,3668778329.1297708,avg_eff_no_outliers $ transport_data_system_9th,282213717.625367,single_datapoint,no_comment
769,2020,01_AUS,new_vehicle_efficiency,ldv,km_per_pj,road,passenger,lpg,all,yearly,national,['avg_eff_no_outliers $ transport_data_system_9th'],1,4713924488.084526,avg_eff_no_outliers $ transport_data_system_9th,362609576.006502,single_datapoint,no_comment
770,2020,01_AUS,turnover_rate,ldv,%,road,freight,lpg,all,yearly,national,['manually_inputted_data $ guess'],1,0.42,manually_inputted_data $ guess,0.03,manual,no_comment
771,2020,01_AUS,turnover_rate,ldv,%,road,passenger,lpg,all,yearly,national,['manually_inputted_data $ guess'],1,0.42,manually_inputted_data $ guess,0.03,manual,no_comment
772,2021,01_AUS,new_vehicle_efficiency,ldv,km_per_pj,road,freight,lpg,all,yearly,national,['avg_eff_no_outliers $ transport_data_system_9th'],1,3668778329.1297708,avg_eff_no_outliers $ transport_data_system_9th,282213717.625367,single_datapoint,no_comment
773,2021,01_AUS,new_vehicle_efficiency,ldv,km_per_pj,road,passenger,lpg,all,yearly,national,['avg_eff_no_outliers $ transport_data_system_9th'],1,4713924488.084526,avg_eff_no_outliers $ transport_data_system_9th,362609576.006502,single_datapoint,no_comment
774,2021,01_AUS,turnover_rate,ldv,%,road,freight,lpg,all,yearly,national,['manually_inputted_data $ guess'],1,0.42,manually_inputted_data $ guess,0.03,manual,no_comment
775,2021,01_AUS,turnover_rate,ldv,%,road,passenger,lpg,all,yearly,national,['manually_inputted_data $ guess'],1,0.42,manually_inputted_data $ guess,0.03,manual,no_comment
776,2022,01_AUS,new_vehicle_efficiency,ldv,km_per_pj,road,freight,lpg,all,yearly,national,['avg_eff_no_outliers $ transport_data_system_9th'],1,3668778329.1297708,avg_eff_no_outliers $ transport_data_system_9th,282213717.625367,single_datapoint,no_comment
777,2022,01_AUS,new_vehicle_efficiency,ldv,km_per_pj,road,passenger,lpg,all,yearly,national,['avg_eff_no_outliers $ transport_data_system_9th'],1,4713924488.084526,avg_eff_no_outliers $ transport_data_system_9th,362609576.006502,single_datapoint,no_comment
778,2022,01_AUS,turnover_rate,ldv,%,road,freight,lpg,all,yearly,national,['manually_inputted_data $ guess'],1,0.42,manually_inputted_data $ guess,0.03,manual,no_comment
779,2022,01_AUS,turnover_rate,ldv,%,road,passenger,lpg,all,yearly,national,['manually_inputted_data $ guess'],1,0.42,manually_inputted_data $ guess,0.03,manual,no_comment
780,2010,01_AUS,new_vehicle_efficiency,ldv,km_per_pj,road,freight,phev,all,yearly,national,['avg_eff_no_outliers $ transport_data_system_9th'],1,8979606259.303562,avg_eff_no_outliers $ transport_data_system_9th,690738943.023351,single_datapoint,no_comment
781,2010,01_AUS,new_vehicle_efficiency,ldv,km_per_pj,road,passenger,phev,all,yearly,national,['avg_eff_no_outliers $ transport_data_system_9th'],1,5974718100.659283,avg_eff_no_outliers $ transport_data_system_9th,459593700.050714,single_datapoint,no_comment
782,2010,01_AUS,turnover_rate,ldv,%,road,freight,phev,all,yearly,national,['manually_inputted_data $ guess'],1,0.39,manually_inputted_data $ guess,0.03,single_datapoint,no_comment
783,2010,01_AUS,turnover_rate,ldv,%,road,passenger,phev,all,yearly,national,['manually_inputted_data $ guess'],1,0.39,manually_inputted_data $ guess,0.03,single_datapoint,no_comment
784,2011,01_AUS,new_vehicle_efficiency,ldv,km_per_pj,road,freight,phev,all,yearly,national,['avg_eff_no_outliers $ transport_data_system_9th'],1,8979606259.303562,avg_eff_no_outliers $ transport_data_system_9th,690738943.023351,single_datapoint,no_comment
785,2011,01_AUS,new_vehicle_efficiency,ldv,km_per_pj,road,passenger,phev,all,yearly,national,['avg_eff_no_outliers $ transport_data_system_9th'],1,5974718100.659283,avg_eff_no_outliers $ transport_data_system_9th,459593700.050714,single_datapoint,no_comment
786,2011,01_AUS,turnover_rate,ldv,%,road,freight,phev,all,yearly,national,['manually_inputted_data $ guess'],1,0.39,manually_inputted_data $ guess,0.03,single_datapoint,no_comment
787,2011,01_AUS,turnover_rate,ldv,%,road,passenger,phev,all,yearly,national,['manually_inputted_data $ guess'],1,0.39,manually_inputted_data $ guess,0.03,single_datapoint,no_comment
788,2012,01_AUS,activity,ldv,passenger_km_or_freight_tonne_km,road,passenger,phev,all,yearly,national,['estimated $ calculate_energy_and_activity()'],1,1562850000.0,estimated $ calculate_energy_and_activity(),1800000.0,single_datapoint,no_comment
789,2012,01_AUS,energy,ldv,pj,road,passenger,phev,all,yearly,national,['estimated $ calculate_energy_and_activity()'],1,1.711521686388846,estimated $ calculate_energy_and_activity(),0.001971231426880329,single_datapoint,no_comment
790,2012,01_AUS,new_vehicle_efficiency,ldv,km_per_pj,road,freight,phev,all,yearly,national,['avg_eff_no_outliers $ transport_data_system_9th'],1,8979606259.303562,avg_eff_no_outliers $ transport_data_system_9th,690738943.023351,single_datapoint,no_comment
791,2012,01_AUS,new_vehicle_efficiency,ldv,km_per_pj,road,passenger,phev,all,yearly,national,['avg_eff_no_outliers $ transport_data_system_9th'],1,5974718100.659283,avg_eff_no_outliers $ transport_data_system_9th,459593700.050714,single_datapoint,no_comment
792,2012,01_AUS,travel_km,ldv,km,road,passenger,phev,all,yearly,national,['estimated $ calculate_energy_and_activity()'],1,1041900000.0,estimated $ calculate_energy_and_activity(),1200000.0,single_datapoint,no_comment
793,2012,01_AUS,turnover_rate,ldv,%,road,freight,phev,all,yearly,national,['manually_inputted_data $ guess'],1,0.39,manually_inputted_data $ guess,0.03,single_datapoint,no_comment
794,2012,01_AUS,turnover_rate,ldv,%,road,passenger,phev,all,yearly,national,['manually_inputted_data $ guess'],1,0.39,manually_inputted_data $ guess,0.03,single_datapoint,no_comment
795,2013,01_AUS,activity,ldv,passenger_km_or_freight_tonne_km,road,passenger,phev,all,yearly,national,['estimated $ calculate_energy_and_activity()'],1,1562850000.0,estimated $ calculate_energy_and_activity(),4050000.0,single_datapoint,no_comment
796,2013,01_AUS,energy,ldv,pj,road,passenger,phev,all,yearly,national,['estimated $ calculate_energy_and_activity()'],1,1.711521686388846,estimated $ calculate_energy_and_activity(),0.004435270710480741,single_datapoint,no_comment
797,2013,01_AUS,new_vehicle_efficiency,ldv,km_per_pj,road,freight,phev,all,yearly,national,['avg_eff_no_outliers $ transport_data_system_9th'],1,8979606259.303562,avg_eff_no_outliers $ transport_data_system_9th,690738943.023351,single_datapoint,no_comment
798,2013,01_AUS,new_vehicle_efficiency,ldv,km_per_pj,road,passenger,phev,all,yearly,national,['avg_eff_no_outliers $ transport_data_system_9th'],1,5974718100.659283,avg_eff_no_outliers $ transport_data_system_9th,459593700.050714,single_datapoint,no_comment
799,2013,01_AUS,travel_km,ldv,km,road,passenger,phev,all,yearly,national,['estimated $ calculate_energy_and_activity()'],1,1041900000.0,estimated $ calculate_energy_and_activity(),2700000.0,single_datapoint,no_comment
800,2013,01_AUS,turnover_rate,ldv,%,road,freight,phev,all,yearly,national,['manually_inputted_data $ guess'],1,0.39,manually_inputted_data $ guess,0.03,single_datapoint,no_comment
801,2013,01_AUS,turnover_rate,ldv,%,road,passenger,phev,all,yearly,national,['manually_inputted_data $ guess'],1,0.39,manually_inputted_data $ guess,0.03,single_datapoint,no_comment
802,2014,01_AUS,activity,ldv,passenger_km_or_freight_tonne_km,road,passenger,phev,all,yearly,national,['estimated $ calculate_energy_and_activity()'],1,1562850000.0,estimated $ calculate_energy_and_activity(),24750000.0,single_datapoint,no_comment
803,2014,01_AUS,energy,ldv,pj,road,passenger,phev,all,yearly,national,['estimated $ calculate_energy_and_activity()'],1,1.711521686388846,estimated $ calculate_energy_and_activity(),0.02710443211960453,single_datapoint,no_comment
804,2014,01_AUS,new_vehicle_efficiency,ldv,km_per_pj,road,freight,phev,all,yearly,national,['avg_eff_no_outliers $ transport_data_system_9th'],1,8979606259.303562,avg_eff_no_outliers $ transport_data_system_9th,690738943.023351,single_datapoint,no_comment
805,2014,01_AUS,new_vehicle_efficiency,ldv,km_per_pj,road,passenger,phev,all,yearly,national,['avg_eff_no_outliers $ transport_data_system_9th'],1,5974718100.659283,avg_eff_no_outliers $ transport_data_system_9th,459593700.050714,single_datapoint,no_comment
806,2014,01_AUS,travel_km,ldv,km,road,passenger,phev,all,yearly,national,['estimated $ calculate_energy_and_activity()'],1,1041900000.0,estimated $ calculate_energy_and_activity(),16500000.0,single_datapoint,no_comment
807,2014,01_AUS,turnover_rate,ldv,%,road,freight,phev,all,yearly,national,['manually_inputted_data $ guess'],1,0.39,manually_inputted_data $ guess,0.03,single_datapoint,no_comment
808,2014,01_AUS,turnover_rate,ldv,%,road,passenger,phev,all,yearly,national,['manually_inputted_data $ guess'],1,0.39,manually_inputted_data $ guess,0.03,single_datapoint,no_comment
809,2015,01_AUS,activity,ldv,passenger_km_or_freight_tonne_km,road,passenger,phev,all,yearly,national,['estimated $ calculate_energy_and_activity()'],1,1562850000.0,estimated $ calculate_energy_and_activity(),47250000.0,single_datapoint,no_comment
810,2015,01_AUS,energy,ldv,pj,road,passenger,phev,all,yearly,national,['estimated $ calculate_energy_and_activity()'],1,1.711521686388846,estimated $ calculate_energy_and_activity(),0.05174482495560865,single_datapoint,no_comment
811,2015,01_AUS,new_vehicle_efficiency,ldv,km_per_pj,road,freight,phev,all,yearly,national,['avg_eff_no_outliers $ transport_data_system_9th'],1,8979606259.303562,avg_eff_no_outliers $ transport_data_system_9th,690738943.023351,single_datapoint,no_comment
812,2015,01_AUS,new_vehicle_efficiency,ldv,km_per_pj,road,passenger,phev,all,yearly,national,['avg_eff_no_outliers $ transport_data_system_9th'],1,5974718100.659283,avg_eff_no_outliers $ transport_data_system_9th,459593700.050714,single_datapoint,no_comment
813,2015,01_AUS,travel_km,ldv,km,road,passenger,phev,all,yearly,national,['estimated $ calculate_energy_and_activity()'],1,1041900000.0,estimated $ calculate_energy_and_activity(),31500000.0,single_datapoint,no_comment
814,2015,01_AUS,turnover_rate,ldv,%,road,freight,phev,all,yearly,national,['manually_inputted_data $ guess'],1,0.39,manually_inputted_data $ guess,0.03,single_datapoint,no_comment
815,2015,01_AUS,turnover_rate,ldv,%,road,passenger,phev,all,yearly,national,['manually_inputted_data $ guess'],1,0.39,manually_inputted_data $ guess,0.03,single_datapoint,no_comment
816,2016,01_AUS,activity,ldv,passenger_km_or_freight_tonne_km,road,passenger,phev,all,yearly,national,['estimated $ calculate_energy_and_activity()'],1,1562850000.0,estimated $ calculate_energy_and_activity(),63000000.0,single_datapoint,no_comment
817,2016,01_AUS,energy,ldv,pj,road,passenger,phev,all,yearly,national,['estimated $ calculate_energy_and_activity()'],1,1.711521686388846,estimated $ calculate_energy_and_activity(),0.06899309994081153,single_datapoint,no_comment
818,2016,01_AUS,new_vehicle_efficiency,ldv,km_per_pj,road,freight,phev,all,yearly,national,['avg_eff_no_outliers $ transport_data_system_9th'],1,8979606259.303562,avg_eff_no_outliers $ transport_data_system_9th,690738943.023351,single_datapoint,no_comment
819,2016,01_AUS,new_vehicle_efficiency,ldv,km_per_pj,road,passenger,phev,all,yearly,national,['avg_eff_no_outliers $ transport_data_system_9th'],1,5974718100.659283,avg_eff_no_outliers $ transport_data_system_9th,459593700.050714,single_datapoint,no_comment
820,2016,01_AUS,travel_km,ldv,km,road,passenger,phev,all,yearly,national,['estimated $ calculate_energy_and_activity()'],1,1041900000.0,estimated $ calculate_energy_and_activity(),42000000.0,single_datapoint,no_comment
821,2016,01_AUS,turnover_rate,ldv,%,road,freight,phev,all,yearly,national,['manually_inputted_data $ guess'],1,0.39,manually_inputted_data $ guess,0.03,single_datapoint,no_comment
822,2016,01_AUS,turnover_rate,ldv,%,road,passenger,phev,all,yearly,national,['manually_inputted_data $ guess'],1,0.39,manually_inputted_data $ guess,0.03,single_datapoint,no_comment
823,2017,01_AUS,activity,ldv,passenger_km_or_freight_tonne_km,road,passenger,phev,all,yearly,national,['estimated $ calculate_energy_and_activity()'],1,1562850000.0,estimated $ calculate_energy_and_activity(),87750000.0,single_datapoint,no_comment
824,2017,01_AUS,energy,ldv,pj,road,passenger,phev,all,yearly,national,['estimated $ calculate_energy_and_activity()'],1,1.711521686388846,estimated $ calculate_energy_and_activity(),0.09609753206041606,single_datapoint,no_comment
825,2017,01_AUS,new_vehicle_efficiency,ldv,km_per_pj,road,freight,phev,all,yearly,national,['avg_eff_no_outliers $ transport_data_system_9th'],1,8979606259.303562,avg_eff_no_outliers $ transport_data_system_9th,690738943.023351,single_datapoint,no_comment
826,2017,01_AUS,new_vehicle_efficiency,ldv,km_per_pj,road,passenger,phev,all,yearly,national,['avg_eff_no_outliers $ transport_data_system_9th'],1,5974718100.659283,avg_eff_no_outliers $ transport_data_system_9th,459593700.050714,single_datapoint,no_comment
827,2017,01_AUS,travel_km,ldv,km,road,passenger,phev,all,yearly,national,['estimated $ calculate_energy_and_activity()'],1,1041900000.0,estimated $ calculate_energy_and_activity(),58500000.0,single_datapoint,no_comment
828,2017,01_AUS,turnover_rate,ldv,%,road,freight,phev,all,yearly,national,['manually_inputted_data $ guess'],1,0.39,manually_inputted_data $ guess,0.03,single_datapoint,no_comment
829,2017,01_AUS,turnover_rate,ldv,%,road,passenger,phev,all,yearly,national,['manually_inputted_data $ guess'],1,0.39,manually_inputted_data $ guess,0.03,single_datapoint,no_comment
830,2018,01_AUS,activity,ldv,passenger_km_or_freight_tonne_km,road,passenger,phev,all,yearly,national,['estimated $ calculate_energy_and_activity()'],1,1562850000.0,estimated $ calculate_energy_and_activity(),128250000.0,single_datapoint,no_comment
831,2018,01_AUS,energy,ldv,pj,road,passenger,phev,all,yearly,national,['estimated $ calculate_energy_and_activity()'],1,1.711521686388846,estimated $ calculate_energy_and_activity(),0.14045023916522348,single_datapoint,no_comment
832,2018,01_AUS,new_vehicle_efficiency,ldv,km_per_pj,road,freight,phev,all,yearly,national,['avg_eff_no_outliers $ transport_data_system_9th'],1,8979606259.303562,avg_eff_no_outliers $ transport_data_system_9th,690738943.023351,single_datapoint,no_comment
833,2018,01_AUS,new_vehicle_efficiency,ldv,km_per_pj,road,passenger,phev,all,yearly,national,['avg_eff_no_outliers $ transport_data_system_9th'],1,5974718100.659283,avg_eff_no_outliers $ transport_data_system_9th,459593700.050714,single_datapoint,no_comment
834,2018,01_AUS,travel_km,ldv,km,road,passenger,phev,all,yearly,national,['estimated $ calculate_energy_and_activity()'],1,1041900000.0,estimated $ calculate_energy_and_activity(),85500000.0,single_datapoint,no_comment
835,2018,01_AUS,turnover_rate,ldv,%,road,freight,phev,all,yearly,national,['manually_inputted_data $ guess'],1,0.39,manually_inputted_data $ guess,0.03,single_datapoint,no_comment
836,2018,01_AUS,turnover_rate,ldv,%,road,passenger,phev,all,yearly,national,['manually_inputted_data $ guess'],1,0.39,manually_inputted_data $ guess,0.03,single_datapoint,no_comment
837,2019,01_AUS,activity,ldv,passenger_km_or_freight_tonne_km,road,passenger,phev,all,yearly,national,['estimated $ calculate_energy_and_activity()'],1,1562850000.0,estimated $ calculate_energy_and_activity(),193500000.0,single_datapoint,no_comment
838,2019,01_AUS,energy,ldv,pj,road,passenger,phev,all,yearly,national,['estimated $ calculate_energy_and_activity()'],1,1.711521686388846,estimated $ calculate_energy_and_activity(),0.21190737838963541,single_datapoint,no_comment
839,2019,01_AUS,new_vehicle_efficiency,ldv,km_per_pj,road,freight,phev,all,yearly,national,['avg_eff_no_outliers $ transport_data_system_9th'],1,8979606259.303562,avg_eff_no_outliers $ transport_data_system_9th,690738943.023351,single_datapoint,no_comment
840,2019,01_AUS,new_vehicle_efficiency,ldv,km_per_pj,road,passenger,phev,all,yearly,national,['avg_eff_no_outliers $ transport_data_system_9th'],1,5974718100.659283,avg_eff_no_outliers $ transport_data_system_9th,459593700.050714,single_datapoint,no_comment
841,2019,01_AUS,travel_km,ldv,km,road,passenger,phev,all,yearly,national,['estimated $ calculate_energy_and_activity()'],1,1041900000.0,estimated $ calculate_energy_and_activity(),129000000.0,single_datapoint,no_comment
842,2019,01_AUS,turnover_rate,ldv,%,road,freight,phev,all,yearly,national,['manually_inputted_data $ guess'],1,0.39,manually_inputted_data $ guess,0.03,single_datapoint,no_comment
843,2019,01_AUS,turnover_rate,ldv,%,road,passenger,phev,all,yearly,national,['manually_inputted_data $ guess'],1,0.39,manually_inputted_data $ guess,0.03,single_datapoint,no_comment
844,2020,01_AUS,activity,ldv,passenger_km_or_freight_tonne_km,road,passenger,phev,all,yearly,national,['estimated $ calculate_energy_and_activity()'],1,1562850000.0,estimated $ calculate_energy_and_activity(),225000000.0,single_datapoint,no_comment
845,2020,01_AUS,energy,ldv,pj,road,passenger,phev,all,yearly,national,['estimated $ calculate_energy_and_activity()'],1,1.711521686388846,estimated $ calculate_energy_and_activity(),0.24640392836004119,single_datapoint,no_comment
846,2020,01_AUS,new_vehicle_efficiency,ldv,km_per_pj,road,freight,phev,all,yearly,national,['avg_eff_no_outliers $ transport_data_system_9th'],1,8979606259.303562,avg_eff_no_outliers $ transport_data_system_9th,690738943.023351,single_datapoint,no_comment
847,2020,01_AUS,new_vehicle_efficiency,ldv,km_per_pj,road,passenger,phev,all,yearly,national,['avg_eff_no_outliers $ transport_data_system_9th'],1,5974718100.659283,avg_eff_no_outliers $ transport_data_system_9th,459593700.050714,single_datapoint,no_comment
848,2020,01_AUS,travel_km,ldv,km,road,passenger,phev,all,yearly,national,['estimated $ calculate_energy_and_activity()'],1,1041900000.0,estimated $ calculate_energy_and_activity(),150000000.0,single_datapoint,no_comment
849,2020,01_AUS,turnover_rate,ldv,%,road,freight,phev,all,yearly,national,['manually_inputted_data $ guess'],1,0.39,manually_inputted_data $ guess,0.03,single_datapoint,no_comment
850,2020,01_AUS,turnover_rate,ldv,%,road,passenger,phev,all,yearly,national,['manually_inputted_data $ guess'],1,0.39,manually_inputted_data $ guess,0.03,single_datapoint,no_comment
851,2021,01_AUS,activity,ldv,passenger_km_or_freight_tonne_km,road,passenger,phev,all,yearly,national,['estimated $ calculate_energy_and_activity()'],1,1562850000.0,estimated $ calculate_energy_and_activity(),315000000.0,single_datapoint,no_comment
852,2021,01_AUS,energy,ldv,pj,road,passenger,phev,all,yearly,national,['estimated $ calculate_energy_and_activity()'],1,1.711521686388846,estimated $ calculate_energy_and_activity(),0.34496549970405765,single_datapoint,no_comment
853,2021,01_AUS,new_vehicle_efficiency,ldv,km_per_pj,road,freight,phev,all,yearly,national,['avg_eff_no_outliers $ transport_data_system_9th'],1,8979606259.303562,avg_eff_no_outliers $ transport_data_system_9th,690738943.023351,single_datapoint,no_comment
854,2021,01_AUS,new_vehicle_efficiency,ldv,km_per_pj,road,passenger,phev,all,yearly,national,['avg_eff_no_outliers $ transport_data_system_9th'],1,5974718100.659283,avg_eff_no_outliers $ transport_data_system_9th,459593700.050714,single_datapoint,no_comment
855,2021,01_AUS,travel_km,ldv,km,road,passenger,phev,all,yearly,national,['estimated $ calculate_energy_and_activity()'],1,1041900000.0,estimated $ calculate_energy_and_activity(),210000000.0,single_datapoint,no_comment
856,2021,01_AUS,turnover_rate,ldv,%,road,freight,phev,all,yearly,national,['manually_inputted_data $ guess'],1,0.39,manually_inputted_data $ guess,0.03,single_datapoint,no_comment
857,2021,01_AUS,turnover_rate,ldv,%,road,passenger,phev,all,yearly,national,['manually_inputted_data $ guess'],1,0.39,manually_inputted_data $ guess,0.03,single_datapoint,no_comment
858,2022,01_AUS,activity,ldv,passenger_km_or_freight_tonne_km,road,passenger,phev,all,yearly,national,['estimated $ calculate_energy_and_activity()'],1,1562850000.0,estimated $ calculate_energy_and_activity(),472500000.0,single_datapoint,no_comment
859,2022,01_AUS,energy,ldv,pj,road,passenger,phev,all,yearly,national,['estimated $ calculate_energy_and_activity()'],1,1.711521686388846,estimated $ calculate_energy_and_activity(),0.5174482495560865,single_datapoint,no_comment
860,2022,01_AUS,new_vehicle_efficiency,ldv,km_per_pj,road,freight,phev,all,yearly,national,['avg_eff_no_outliers $ transport_data_system_9th'],1,8979606259.303562,avg_eff_no_outliers $ transport_data_system_9th,690738943.023351,single_datapoint,no_comment
861,2022,01_AUS,new_vehicle_efficiency,ldv,km_per_pj,road,passenger,phev,all,yearly,national,['avg_eff_no_outliers $ transport_data_system_9th'],1,5974718100.659283,avg_eff_no_outliers $ transport_data_system_9th,459593700.050714,single_datapoint,no_comment
862,2022,01_AUS,travel_km,ldv,km,road,passenger,phev,all,yearly,national,['estimated $ calculate_energy_and_activity()'],1,1041900000.0,estimated $ calculate_energy_and_activity(),315000000.0,single_datapoint,no_comment
863,2022,01_AUS,turnover_rate,ldv,%,road,freight,phev,all,yearly,national,['manually_inputted_data $ guess'],1,0.39,manually_inputted_data $ guess,0.03,single_datapoint,no_comment
864,2022,01_AUS,turnover_rate,ldv,%,road,passenger,phev,all,yearly,national,['manually_inputted_data $ guess'],1,0.39,manually_inputted_data $ guess,0.03,single_datapoint,no_comment
865,2010,02_BD,new_vehicle_efficiency,2w,km_per_pj,road,passenger,bev,all,yearly,national,['avg_eff_no_outliers $ transport_data_system_9th'],1,33137029391.83156,avg_eff_no_outliers $ transport_data_system_9th,2549002260.91012,single_datapoint,no_comment
866,2010,02_BD,turnover_rate,2w,%,road,passenger,bev,all,yearly,national,['manually_inputted_data $ guess'],1,0.42,manually_inputted_data $ guess,0.03,manual,no_comment
867,2011,02_BD,new_vehicle_efficiency,2w,km_per_pj,road,passenger,bev,all,yearly,national,['avg_eff_no_outliers $ transport_data_system_9th'],1,33137029391.83156,avg_eff_no_outliers $ transport_data_system_9th,2549002260.91012,single_datapoint,no_comment
868,2011,02_BD,turnover_rate,2w,%,road,passenger,bev,all,yearly,national,['manually_inputted_data $ guess'],1,0.42,manually_inputted_data $ guess,0.03,manual,no_comment
869,2012,02_BD,new_vehicle_efficiency,2w,km_per_pj,road,passenger,bev,all,yearly,national,['avg_eff_no_outliers $ transport_data_system_9th'],1,33137029391.83156,avg_eff_no_outliers $ transport_data_system_9th,2549002260.91012,single_datapoint,no_comment
870,2012,02_BD,turnover_rate,2w,%,road,passenger,bev,all,yearly,national,['manually_inputted_data $ guess'],1,0.42,manually_inputted_data $ guess,0.03,manual,no_comment
871,2013,02_BD,new_vehicle_efficiency,2w,km_per_pj,road,passenger,bev,all,yearly,national,['avg_eff_no_outliers $ transport_data_system_9th'],1,33137029391.83156,avg_eff_no_outliers $ transport_data_system_9th,2549002260.91012,single_datapoint,no_comment
872,2013,02_BD,turnover_rate,2w,%,road,passenger,bev,all,yearly,national,['manually_inputted_data $ guess'],1,0.42,manually_inputted_data $ guess,0.03,manual,no_comment
873,2014,02_BD,new_vehicle_efficiency,2w,km_per_pj,road,passenger,bev,all,yearly,national,['avg_eff_no_outliers $ transport_data_system_9th'],1,33137029391.83156,avg_eff_no_outliers $ transport_data_system_9th,2549002260.91012,single_datapoint,no_comment
874,2014,02_BD,turnover_rate,2w,%,road,passenger,bev,all,yearly,national,['manually_inputted_data $ guess'],1,0.42,manually_inputted_data $ guess,0.03,manual,no_comment
875,2015,02_BD,new_vehicle_efficiency,2w,km_per_pj,road,passenger,bev,all,yearly,national,['avg_eff_no_outliers $ transport_data_system_9th'],1,33137029391.83156,avg_eff_no_outliers $ transport_data_system_9th,2549002260.91012,single_datapoint,no_comment
876,2015,02_BD,turnover_rate,2w,%,road,passenger,bev,all,yearly,national,['manually_inputted_data $ guess'],1,0.42,manually_inputted_data $ guess,0.03,manual,no_comment
877,2016,02_BD,new_vehicle_efficiency,2w,km_per_pj,road,passenger,bev,all,yearly,national,['avg_eff_no_outliers $ transport_data_system_9th'],1,33137029391.83156,avg_eff_no_outliers $ transport_data_system_9th,2549002260.91012,single_datapoint,no_comment
878,2016,02_BD,turnover_rate,2w,%,road,passenger,bev,all,yearly,national,['manually_inputted_data $ guess'],1,0.42,manually_inputted_data $ guess,0.03,manual,no_comment
879,2017,02_BD,activity,2w,passenger_km_or_freight_tonne_km,road,passenger,bev,all,yearly,national,"['8th_edition_transport_model $ reference', 'estimated $ calculate_energy_and_activity()']",2,1910051.6915983078,8th_edition_transport_model $ reference,4301.6915983075,manual,no_comment
880,2017,02_BD,energy,2w,pj,road,passenger,bev,all,yearly,national,"['8th_edition_transport_model $ reference', 'estimated $ calculate_energy_and_activity()']",2,0.000783553579371351,estimated $ calculate_energy_and_activity(),0.0007826404774535807,manual,no_comment
881,2017,02_BD,new_vehicle_efficiency,2w,km_per_pj,road,passenger,bev,all,yearly,national,['avg_eff_no_outliers $ transport_data_system_9th'],1,33137029391.83156,avg_eff_no_outliers $ transport_data_system_9th,2549002260.91012,single_datapoint,no_comment
882,2017,02_BD,travel_km,2w,km,road,passenger,bev,all,yearly,national,['estimated $ calculate_energy_and_activity()'],1,1732500.0,estimated $ calculate_energy_and_activity(),1732500.0,single_datapoint,no_comment
883,2017,02_BD,turnover_rate,2w,%,road,passenger,bev,all,yearly,national,"['manually_inputted_data $ guess', 'turnover_rate_est']",2,0.42,manually_inputted_data $ guess,0.03,manual,no_comment
884,2018,02_BD,new_vehicle_efficiency,2w,km_per_pj,road,passenger,bev,all,yearly,national,['avg_eff_no_outliers $ transport_data_system_9th'],1,33137029391.83156,avg_eff_no_outliers $ transport_data_system_9th,2549002260.91012,single_datapoint,no_comment
885,2018,02_BD,turnover_rate,2w,%,road,passenger,bev,all,yearly,national,['manually_inputted_data $ guess'],1,0.42,manually_inputted_data $ guess,0.03,manual,no_comment
886,2019,02_BD,new_vehicle_efficiency,2w,km_per_pj,road,passenger,bev,all,yearly,national,['avg_eff_no_outliers $ transport_data_system_9th'],1,33137029391.83156,avg_eff_no_outliers $ transport_data_system_9th,2549002260.91012,single_datapoint,no_comment
887,2019,02_BD,turnover_rate,2w,%,road,passenger,bev,all,yearly,national,['manually_inputted_data $ guess'],1,0.42,manually_inputted_data $ guess,0.03,manual,no_comment
888,2020,02_BD,new_vehicle_efficiency,2w,km_per_pj,road,passenger,bev,all,yearly,national,['avg_eff_no_outliers $ transport_data_system_9th'],1,33137029391.83156,avg_eff_no_outliers $ transport_data_system_9th,2549002260.91012,single_datapoint,no_comment
889,2020,02_BD,turnover_rate,2w,%,road,passenger,bev,all,yearly,national,['manually_inputted_data $ guess'],1,0.42,manually_inputted_data $ guess,0.03,manual,no_comment
890,2021,02_BD,new_vehicle_efficiency,2w,km_per_pj,road,passenger,bev,all,yearly,national,['avg_eff_no_outliers $ transport_data_system_9th'],1,33137029391.83156,avg_eff_no_outliers $ transport_data_system_9th,2549002260.91012,single_datapoint,no_comment
891,2021,02_BD,turnover_rate,2w,%,road,passenger,bev,all,yearly,national,['manually_inputted_data $ guess'],1,0.42,manually_inputted_data $ guess,0.03,manual,no_comment
892,2022,02_BD,new_vehicle_efficiency,2w,km_per_pj,road,passenger,bev,all,yearly,national,['avg_eff_no_outliers $ transport_data_system_9th'],1,33137029391.83156,avg_eff_no_outliers $ transport_data_system_9th,2549002260.91012,single_datapoint,no_comment
893,2022,02_BD,turnover_rate,2w,%,road,passenger,bev,all,yearly,national,['manually_inputted_data $ guess'],1,0.42,manually_inputted_data $ guess,0.03,manual,no_comment
894,2010,02_BD,activity,2w,passenger_km_or_freight_tonne_km,road,passenger,ice,all,yearly,national,['estimated $ calculate_energy_and_activity()'],1,298600500.00000006,estimated $ calculate_energy_and_activity(),21334500.0,single_datapoint,no_comment
895,2010,02_BD,energy,2w,pj,road,passenger,ice,all,yearly,national,['estimated $ calculate_energy_and_activity()'],1,0.4291952945599228,estimated $ calculate_energy_and_activity(),0.030665276889317573,single_datapoint,no_comment
896,2010,02_BD,new_vehicle_efficiency,2w,km_per_pj,road,passenger,ice,all,yearly,national,['avg_eff_no_outliers $ transport_data_system_9th'],1,7669072338.574219,avg_eff_no_outliers $ transport_data_system_9th,589928641.428786,single_datapoint,no_comment
897,2010,02_BD,travel_km,2w,km,road,passenger,ice,all,yearly,national,['estimated $ calculate_energy_and_activity()'],1,271455000.0,estimated $ calculate_energy_and_activity(),19395000.0,single_datapoint,no_comment
898,2010,02_BD,turnover_rate,2w,%,road,passenger,ice,all,yearly,national,['manually_inputted_data $ guess'],1,0.39,manually_inputted_data $ guess,0.03,single_datapoint,no_comment
899,2011,02_BD,activity,2w,passenger_km_or_freight_tonne_km,road,passenger,ice,all,yearly,national,['estimated $ calculate_energy_and_activity()'],1,298600500.00000006,estimated $ calculate_energy_and_activity(),27060000.000000004,single_datapoint,no_comment
900,2011,02_BD,energy,2w,pj,road,passenger,ice,all,yearly,national,['estimated $ calculate_energy_and_activity()'],1,0.4291952945599228,estimated $ calculate_energy_and_activity(),0.0388948600916325,single_datapoint,no_comment
901,2011,02_BD,new_vehicle_efficiency,2w,km_per_pj,road,passenger,ice,all,yearly,national,['avg_eff_no_outliers $ transport_data_system_9th'],1,7669072338.574219,avg_eff_no_outliers $ transport_data_system_9th,589928641.428786,single_datapoint,no_comment
902,2011,02_BD,travel_km,2w,km,road,passenger,ice,all,yearly,national,['estimated $ calculate_energy_and_activity()'],1,271455000.0,estimated $ calculate_energy_and_activity(),24600000.0,single_datapoint,no_comment
903,2011,02_BD,turnover_rate,2w,%,road,passenger,ice,all,yearly,national,['manually_inputted_data $ guess'],1,0.39,manually_inputted_data $ guess,0.03,single_datapoint,no_comment
904,2012,02_BD,activity,2w,passenger_km_or_freight_tonne_km,road,passenger,ice,all,yearly,national,['estimated $ calculate_energy_and_activity()'],1,298600500.00000006,estimated $ calculate_energy_and_activity(),30731250.000000004,single_datapoint,no_comment
905,2012,02_BD,energy,2w,pj,road,passenger,ice,all,yearly,national,['estimated $ calculate_energy_and_activity()'],1,0.4291952945599228,estimated $ calculate_energy_and_activity(),0.044171754219918,single_datapoint,no_comment
906,2012,02_BD,new_vehicle_efficiency,2w,km_per_pj,road,passenger,ice,all,yearly,national,['avg_eff_no_outliers $ transport_data_system_9th'],1,7669072338.574219,avg_eff_no_outliers $ transport_data_system_9th,589928641.428786,single_datapoint,no_comment
907,2012,02_BD,travel_km,2w,km,road,passenger,ice,all,yearly,national,['estimated $ calculate_energy_and_activity()'],1,271455000.0,estimated $ calculate_energy_and_activity(),27937500.0,single_datapoint,no_comment
908,2012,02_BD,turnover_rate,2w,%,road,passenger,ice,all,yearly,national,['manually_inputted_data $ guess'],1,0.39,manually_inputted_data $ guess,0.03,single_datapoint,no_comment
909,2013,02_BD,activity,2w,passenger_km_or_freight_tonne_km,road,passenger,ice,all,yearly,national,['estimated $ calculate_energy_and_activity()'],1,298600500.00000006,estimated $ calculate_energy_and_activity(),33033000.000000004,single_datapoint,no_comment
910,2013,02_BD,energy,2w,pj,road,passenger,ice,all,yearly,national,['estimated $ calculate_energy_and_activity()'],1,0.4291952945599228,estimated $ calculate_energy_and_activity(),0.047480188965517235,single_datapoint,no_comment
911,2013,02_BD,new_vehicle_efficiency,2w,km_per_pj,road,passenger,ice,all,yearly,national,['avg_eff_no_outliers $ transport_data_system_9th'],1,7669072338.574219,avg_eff_no_outliers $ transport_data_system_9th,589928641.428786,single_datapoint,no_comment
912,2013,02_BD,travel_km,2w,km,road,passenger,ice,all,yearly,national,['estimated $ calculate_energy_and_activity()'],1,271455000.0,estimated $ calculate_energy_and_activity(),30030000.0,single_datapoint,no_comment
913,2013,02_BD,turnover_rate,2w,%,road,passenger,ice,all,yearly,national,['manually_inputted_data $ guess'],1,0.39,manually_inputted_data $ guess,0.03,single_datapoint,no_comment
914,2014,02_BD,activity,2w,passenger_km_or_freight_tonne_km,road,passenger,ice,all,yearly,national,['estimated $ calculate_energy_and_activity()'],1,298600500.00000006,estimated $ calculate_energy_and_activity(),32315250.000000004,single_datapoint,no_comment
915,2014,02_BD,energy,2w,pj,road,passenger,ice,all,yearly,national,['estimated $ calculate_energy_and_activity()'],1,0.4291952945599228,estimated $ calculate_energy_and_activity(),0.046448526517964786,single_datapoint,no_comment
916,2014,02_BD,new_vehicle_efficiency,2w,km_per_pj,road,passenger,ice,all,yearly,national,['avg_eff_no_outliers $ transport_data_system_9th'],1,7669072338.574219,avg_eff_no_outliers $ transport_data_system_9th,589928641.428786,single_datapoint,no_comment
917,2014,02_BD,travel_km,2w,km,road,passenger,ice,all,yearly,national,['estimated $ calculate_energy_and_activity()'],1,271455000.0,estimated $ calculate_energy_and_activity(),29377500.0,single_datapoint,no_comment
918,2014,02_BD,turnover_rate,2w,%,road,passenger,ice,all,yearly,national,['manually_inputted_data $ guess'],1,0.39,manually_inputted_data $ guess,0.03,single_datapoint,no_comment
919,2015,02_BD,activity,2w,passenger_km_or_freight_tonne_km,road,passenger,ice,all,yearly,national,['estimated $ calculate_energy_and_activity()'],1,298600500.00000006,estimated $ calculate_energy_and_activity(),30648750.000000004,single_datapoint,no_comment
920,2015,02_BD,energy,2w,pj,road,passenger,ice,all,yearly,national,['estimated $ calculate_energy_and_activity()'],1,0.4291952945599228,estimated $ calculate_energy_and_activity(),0.044053172329394735,single_datapoint,no_comment
921,2015,02_BD,new_vehicle_efficiency,2w,km_per_pj,road,passenger,ice,all,yearly,national,['avg_eff_no_outliers $ transport_data_system_9th'],1,7669072338.574219,avg_eff_no_outliers $ transport_data_system_9th,589928641.428786,single_datapoint,no_comment
922,2015,02_BD,travel_km,2w,km,road,passenger,ice,all,yearly,national,['estimated $ calculate_energy_and_activity()'],1,271455000.0,estimated $ calculate_energy_and_activity(),27862500.0,single_datapoint,no_comment
923,2015,02_BD,turnover_rate,2w,%,road,passenger,ice,all,yearly,national,['manually_inputted_data $ guess'],1,0.39,manually_inputted_data $ guess,0.03,single_datapoint,no_comment
924,2016,02_BD,activity,2w,passenger_km_or_freight_tonne_km,road,passenger,ice,all,yearly,national,['estimated $ calculate_energy_and_activity()'],1,298600500.00000006,estimated $ calculate_energy_and_activity(),30434250.000000004,single_datapoint,no_comment
925,2016,02_BD,energy,2w,pj,road,passenger,ice,all,yearly,national,['estimated $ calculate_energy_and_activity()'],1,0.4291952945599228,estimated $ calculate_energy_and_activity(),0.043744859414034235,single_datapoint,no_comment
926,2016,02_BD,new_vehicle_efficiency,2w,km_per_pj,road,passenger,ice,all,yearly,national,['avg_eff_no_outliers $ transport_data_system_9th'],1,7669072338.574219,avg_eff_no_outliers $ transport_data_system_9th,589928641.428786,single_datapoint,no_comment
927,2016,02_BD,travel_km,2w,km,road,passenger,ice,all,yearly,national,['estimated $ calculate_energy_and_activity()'],1,271455000.0,estimated $ calculate_energy_and_activity(),27667500.0,single_datapoint,no_comment
928,2016,02_BD,turnover_rate,2w,%,road,passenger,ice,all,yearly,national,['manually_inputted_data $ guess'],1,0.39,manually_inputted_data $ guess,0.03,single_datapoint,no_comment
929,2017,02_BD,activity,2w,passenger_km_or_freight_tonne_km,road,passenger,ice,all,yearly,national,['estimated $ calculate_energy_and_activity()'],1,298600500.00000006,estimated $ calculate_energy_and_activity(),30475500.000000004,single_datapoint,no_comment
930,2017,02_BD,energy,2w,pj,road,passenger,ice,all,yearly,national,['estimated $ calculate_energy_and_activity()'],1,0.4291952945599228,estimated $ calculate_energy_and_activity(),0.04380415035929587,single_datapoint,no_comment
931,2017,02_BD,new_vehicle_efficiency,2w,km_per_pj,road,passenger,ice,all,yearly,national,['avg_eff_no_outliers $ transport_data_system_9th'],1,7669072338.574219,avg_eff_no_outliers $ transport_data_system_9th,589928641.428786,single_datapoint,no_comment
932,2017,02_BD,travel_km,2w,km,road,passenger,ice,all,yearly,national,['estimated $ calculate_energy_and_activity()'],1,271455000.0,estimated $ calculate_energy_and_activity(),27705000.0,single_datapoint,no_comment
933,2017,02_BD,turnover_rate,2w,%,road,passenger,ice,all,yearly,national,['manually_inputted_data $ guess'],1,0.39,manually_inputted_data $ guess,0.03,single_datapoint,no_comment
934,2018,02_BD,activity,2w,passenger_km_or_freight_tonne_km,road,passenger,ice,all,yearly,national,['estimated $ calculate_energy_and_activity()'],1,298600500.00000006,estimated $ calculate_energy_and_activity(),30252750.000000004,single_datapoint,no_comment
935,2018,02_BD,energy,2w,pj,road,passenger,ice,all,yearly,national,['estimated $ calculate_energy_and_activity()'],1,0.4291952945599228,estimated $ calculate_energy_and_activity(),0.04348397925488304,single_datapoint,no_comment
936,2018,02_BD,new_vehicle_efficiency,2w,km_per_pj,road,passenger,ice,all,yearly,national,['avg_eff_no_outliers $ transport_data_system_9th'],1,7669072338.574219,avg_eff_no_outliers $ transport_data_system_9th,589928641.428786,single_datapoint,no_comment
937,2018,02_BD,travel_km,2w,km,road,passenger,ice,all,yearly,national,['estimated $ calculate_energy_and_activity()'],1,271455000.0,estimated $ calculate_energy_and_activity(),27502500.0,single_datapoint,no_comment
938,2018,02_BD,turnover_rate,2w,%,road,passenger,ice,all,yearly,national,['manually_inputted_data $ guess'],1,0.39,manually_inputted_data $ guess,0.03,single_datapoint,no_comment
939,2019,02_BD,activity,2w,passenger_km_or_freight_tonne_km,road,passenger,ice,all,yearly,national,['estimated $ calculate_energy_and_activity()'],1,298600500.00000006,estimated $ calculate_energy_and_activity(),32315250.000000004,single_datapoint,no_comment
940,2019,02_BD,energy,2w,pj,road,passenger,ice,all,yearly,national,['estimated $ calculate_energy_and_activity()'],1,0.4291952945599228,estimated $ calculate_energy_and_activity(),0.046448526517964786,single_datapoint,no_comment
941,2019,02_BD,new_vehicle_efficiency,2w,km_per_pj,road,passenger,ice,all,yearly,national,['avg_eff_no_outliers $ transport_data_system_9th'],1,7669072338.574219,avg_eff_no_outliers $ transport_data_system_9th,589928641.428786,single_datapoint,no_comment
942,2019,02_BD,travel_km,2w,km,road,passenger,ice,all,yearly,national,['estimated $ calculate_energy_and_activity()'],1,271455000.0,estimated $ calculate_energy_and_activity(),29377500.0,single_datapoint,no_comment
943,2019,02_BD,turnover_rate,2w,%,road,passenger,ice,all,yearly,national,['manually_inputted_data $ guess'],1,0.39,manually_inputted_data $ guess,0.03,single_datapoint,no_comment
944,2020,02_BD,new_vehicle_efficiency,2w,km_per_pj,road,passenger,ice,all,yearly,national,['avg_eff_no_outliers $ transport_data_system_9th'],1,7669072338.574219,avg_eff_no_outliers $ transport_data_system_9th,589928641.428786,single_datapoint,no_comment
945,2020,02_BD,turnover_rate,2w,%,road,passenger,ice,all,yearly,national,['manually_inputted_data $ guess'],1,0.39,manually_inputted_data $ guess,0.03,single_datapoint,no_comment
946,2021,02_BD,new_vehicle_efficiency,2w,km_per_pj,road,passenger,ice,all,yearly,national,['avg_eff_no_outliers $ transport_data_system_9th'],1,7669072338.574219,avg_eff_no_outliers $ transport_data_system_9th,589928641.428786,single_datapoint,no_comment
947,2021,02_BD,turnover_rate,2w,%,road,passenger,ice,all,yearly,national,['manually_inputted_data $ guess'],1,0.39,manually_inputted_data $ guess,0.03,single_datapoint,no_comment
948,2022,02_BD,new_vehicle_efficiency,2w,km_per_pj,road,passenger,ice,all,yearly,national,['avg_eff_no_outliers $ transport_data_system_9th'],1,7669072338.574219,avg_eff_no_outliers $ transport_data_system_9th,589928641.428786,single_datapoint,no_comment
949,2022,02_BD,turnover_rate,2w,%,road,passenger,ice,all,yearly,national,['manually_inputted_data $ guess'],1,0.39,manually_inputted_data $ guess,0.03,single_datapoint,no_comment
950,2010,02_BD,intensity,all,pj_per_passenger_or_freight_tonne_km,air,freight,all,all,yearly,national,['manually_inputted_data $ energy-intensity-of-passenger-transport-modes-2018'],1,4.0300000000000004e-08,manually_inputted_data $ energy-intensity-of-passenger-transport-modes-2018,3.1e-09,single_datapoint,assumed_to_be_same_as_passenger_air_because_of_lack_of_data
951,2010,02_BD,intensity,all,pj_per_passenger_or_freight_tonne_km,rail,freight,all,all,yearly,national,['manually_inputted_data $ iea_howtocalculatetheindicatorsforthetransportsectors.pdf'],1,2.86e-09,manually_inputted_data $ iea_howtocalculatetheindicatorsforthetransportsectors.pdf,2.2e-10,single_datapoint,from_how_to_calculate_the_indicators_for_the_transport_sector
952,2010,02_BD,intensity,all,pj_per_passenger_or_freight_tonne_km,ship,freight,all,all,yearly,national,['manually_inputted_data $ iea_howtocalculatetheindicatorsforthetransportsectors.pdf'],1,7.02e-09,manually_inputted_data $ iea_howtocalculatetheindicatorsforthetransportsectors.pdf,5.4e-10,single_datapoint,from_how_to_calculate_the_indicators_for_the_transport_sector
953,2010,02_BD,intensity,all,pj_per_passenger_or_freight_tonne_km,air,passenger,all,all,yearly,national,['manually_inputted_data $ energy-intensity-of-passenger-transport-modes-2018'],1,4.0300000000000004e-08,manually_inputted_data $ energy-intensity-of-passenger-transport-modes-2018,3.1e-09,single_datapoint,no_comment
954,2010,02_BD,intensity,all,pj_per_passenger_or_freight_tonne_km,rail,passenger,all,all,yearly,national,['manually_inputted_data $ energy-intensity-of-passenger-transport-modes-2018'],1,2.6e-09,manually_inputted_data $ energy-intensity-of-passenger-transport-modes-2018,2e-10,single_datapoint,no_comment
955,2010,02_BD,intensity,all,pj_per_passenger_or_freight_tonne_km,ship,passenger,all,all,yearly,national,['manually_inputted_data $ iea_howtocalculatetheindicatorsforthetransportsectors.pdf'],1,7.02e-09,manually_inputted_data $ iea_howtocalculatetheindicatorsforthetransportsectors.pdf,5.4e-10,single_datapoint,assumed_to_be_the_same_as_ship_freight_from_iea_how_to
956,2011,02_BD,intensity,all,pj_per_passenger_or_freight_tonne_km,air,freight,all,all,yearly,national,['manually_inputted_data $ energy-intensity-of-passenger-transport-modes-2018'],1,4.0300000000000004e-08,manually_inputted_data $ energy-intensity-of-passenger-transport-modes-2018,3.1e-09,single_datapoint,assumed_to_be_same_as_passenger_air_because_of_lack_of_data
957,2011,02_BD,intensity,all,pj_per_passenger_or_freight_tonne_km,rail,freight,all,all,yearly,national,['manually_inputted_data $ iea_howtocalculatetheindicatorsforthetransportsectors.pdf'],1,2.86e-09,manually_inputted_data $ iea_howtocalculatetheindicatorsforthetransportsectors.pdf,2.2e-10,single_datapoint,from_how_to_calculate_the_indicators_for_the_transport_sector
958,2011,02_BD,intensity,all,pj_per_passenger_or_freight_tonne_km,ship,freight,all,all,yearly,national,['manually_inputted_data $ iea_howtocalculatetheindicatorsforthetransportsectors.pdf'],1,7.02e-09,manually_inputted_data $ iea_howtocalculatetheindicatorsforthetransportsectors.pdf,5.4e-10,single_datapoint,from_how_to_calculate_the_indicators_for_the_transport_sector
959,2011,02_BD,intensity,all,pj_per_passenger_or_freight_tonne_km,air,passenger,all,all,yearly,national,['manually_inputted_data $ energy-intensity-of-passenger-transport-modes-2018'],1,4.0300000000000004e-08,manually_inputted_data $ energy-intensity-of-passenger-transport-modes-2018,3.1e-09,single_datapoint,no_comment
960,2011,02_BD,intensity,all,pj_per_passenger_or_freight_tonne_km,rail,passenger,all,all,yearly,national,['manually_inputted_data $ energy-intensity-of-passenger-transport-modes-2018'],1,2.6e-09,manually_inputted_data $ energy-intensity-of-passenger-transport-modes-2018,2e-10,single_datapoint,no_comment
961,2011,02_BD,intensity,all,pj_per_passenger_or_freight_tonne_km,ship,passenger,all,all,yearly,national,['manually_inputted_data $ iea_howtocalculatetheindicatorsforthetransportsectors.pdf'],1,7.02e-09,manually_inputted_data $ iea_howtocalculatetheindicatorsforthetransportsectors.pdf,5.4e-10,single_datapoint,assumed_to_be_the_same_as_ship_freight_from_iea_how_to
962,2012,02_BD,intensity,all,pj_per_passenger_or_freight_tonne_km,air,freight,all,all,yearly,national,['manually_inputted_data $ energy-intensity-of-passenger-transport-modes-2018'],1,4.0300000000000004e-08,manually_inputted_data $ energy-intensity-of-passenger-transport-modes-2018,3.1e-09,single_datapoint,assumed_to_be_same_as_passenger_air_because_of_lack_of_data
963,2012,02_BD,intensity,all,pj_per_passenger_or_freight_tonne_km,rail,freight,all,all,yearly,national,['manually_inputted_data $ iea_howtocalculatetheindicatorsforthetransportsectors.pdf'],1,2.86e-09,manually_inputted_data $ iea_howtocalculatetheindicatorsforthetransportsectors.pdf,2.2e-10,single_datapoint,from_how_to_calculate_the_indicators_for_the_transport_sector
964,2012,02_BD,intensity,all,pj_per_passenger_or_freight_tonne_km,ship,freight,all,all,yearly,national,['manually_inputted_data $ iea_howtocalculatetheindicatorsforthetransportsectors.pdf'],1,7.02e-09,manually_inputted_data $ iea_howtocalculatetheindicatorsforthetransportsectors.pdf,5.4e-10,single_datapoint,from_how_to_calculate_the_indicators_for_the_transport_sector
965,2012,02_BD,intensity,all,pj_per_passenger_or_freight_tonne_km,air,passenger,all,all,yearly,national,['manually_inputted_data $ energy-intensity-of-passenger-transport-modes-2018'],1,4.0300000000000004e-08,manually_inputted_data $ energy-intensity-of-passenger-transport-modes-2018,3.1e-09,single_datapoint,no_comment
966,2012,02_BD,intensity,all,pj_per_passenger_or_freight_tonne_km,rail,passenger,all,all,yearly,national,['manually_inputted_data $ energy-intensity-of-passenger-transport-modes-2018'],1,2.6e-09,manually_inputted_data $ energy-intensity-of-passenger-transport-modes-2018,2e-10,single_datapoint,no_comment
967,2012,02_BD,intensity,all,pj_per_passenger_or_freight_tonne_km,ship,passenger,all,all,yearly,national,['manually_inputted_data $ iea_howtocalculatetheindicatorsforthetransportsectors.pdf'],1,7.02e-09,manually_inputted_data $ iea_howtocalculatetheindicatorsforthetransportsectors.pdf,5.4e-10,single_datapoint,assumed_to_be_the_same_as_ship_freight_from_iea_how_to
968,2013,02_BD,intensity,all,pj_per_passenger_or_freight_tonne_km,air,freight,all,all,yearly,national,['manually_inputted_data $ energy-intensity-of-passenger-transport-modes-2018'],1,4.0300000000000004e-08,manually_inputted_data $ energy-intensity-of-passenger-transport-modes-2018,3.1e-09,single_datapoint,assumed_to_be_same_as_passenger_air_because_of_lack_of_data
969,2013,02_BD,intensity,all,pj_per_passenger_or_freight_tonne_km,rail,freight,all,all,yearly,national,['manually_inputted_data $ iea_howtocalculatetheindicatorsforthetransportsectors.pdf'],1,2.86e-09,manually_inputted_data $ iea_howtocalculatetheindicatorsforthetransportsectors.pdf,2.2e-10,single_datapoint,from_how_to_calculate_the_indicators_for_the_transport_sector
970,2013,02_BD,intensity,all,pj_per_passenger_or_freight_tonne_km,ship,freight,all,all,yearly,national,['manually_inputted_data $ iea_howtocalculatetheindicatorsforthetransportsectors.pdf'],1,7.02e-09,manually_inputted_data $ iea_howtocalculatetheindicatorsforthetransportsectors.pdf,5.4e-10,single_datapoint,from_how_to_calculate_the_indicators_for_the_transport_sector
971,2013,02_BD,intensity,all,pj_per_passenger_or_freight_tonne_km,air,passenger,all,all,yearly,national,['manually_inputted_data $ energy-intensity-of-passenger-transport-modes-2018'],1,4.0300000000000004e-08,manually_inputted_data $ energy-intensity-of-passenger-transport-modes-2018,3.1e-09,single_datapoint,no_comment
972,2013,02_BD,intensity,all,pj_per_passenger_or_freight_tonne_km,rail,passenger,all,all,yearly,national,['manually_inputted_data $ energy-intensity-of-passenger-transport-modes-2018'],1,2.6e-09,manually_inputted_data $ energy-intensity-of-passenger-transport-modes-2018,2e-10,single_datapoint,no_comment
973,2013,02_BD,intensity,all,pj_per_passenger_or_freight_tonne_km,ship,passenger,all,all,yearly,national,['manually_inputted_data $ iea_howtocalculatetheindicatorsforthetransportsectors.pdf'],1,7.02e-09,manually_inputted_data $ iea_howtocalculatetheindicatorsforthetransportsectors.pdf,5.4e-10,single_datapoint,assumed_to_be_the_same_as_ship_freight_from_iea_how_to
974,2014,02_BD,intensity,all,pj_per_passenger_or_freight_tonne_km,air,freight,all,all,yearly,national,['manually_inputted_data $ energy-intensity-of-passenger-transport-modes-2018'],1,4.0300000000000004e-08,manually_inputted_data $ energy-intensity-of-passenger-transport-modes-2018,3.1e-09,single_datapoint,assumed_to_be_same_as_passenger_air_because_of_lack_of_data
975,2014,02_BD,intensity,all,pj_per_passenger_or_freight_tonne_km,rail,freight,all,all,yearly,national,['manually_inputted_data $ iea_howtocalculatetheindicatorsforthetransportsectors.pdf'],1,2.86e-09,manually_inputted_data $ iea_howtocalculatetheindicatorsforthetransportsectors.pdf,2.2e-10,single_datapoint,from_how_to_calculate_the_indicators_for_the_transport_sector
976,2014,02_BD,intensity,all,pj_per_passenger_or_freight_tonne_km,ship,freight,all,all,yearly,national,['manually_inputted_data $ iea_howtocalculatetheindicatorsforthetransportsectors.pdf'],1,7.02e-09,manually_inputted_data $ iea_howtocalculatetheindicatorsforthetransportsectors.pdf,5.4e-10,single_datapoint,from_how_to_calculate_the_indicators_for_the_transport_sector
977,2014,02_BD,intensity,all,pj_per_passenger_or_freight_tonne_km,air,passenger,all,all,yearly,national,['manually_inputted_data $ energy-intensity-of-passenger-transport-modes-2018'],1,4.0300000000000004e-08,manually_inputted_data $ energy-intensity-of-passenger-transport-modes-2018,3.1e-09,single_datapoint,no_comment
978,2014,02_BD,intensity,all,pj_per_passenger_or_freight_tonne_km,rail,passenger,all,all,yearly,national,['manually_inputted_data $ energy-intensity-of-passenger-transport-modes-2018'],1,2.6e-09,manually_inputted_data $ energy-intensity-of-passenger-transport-modes-2018,2e-10,single_datapoint,no_comment
979,2014,02_BD,intensity,all,pj_per_passenger_or_freight_tonne_km,ship,passenger,all,all,yearly,national,['manually_inputted_data $ iea_howtocalculatetheindicatorsforthetransportsectors.pdf'],1,7.02e-09,manually_inputted_data $ iea_howtocalculatetheindicatorsforthetransportsectors.pdf,5.4e-10,single_datapoint,assumed_to_be_the_same_as_ship_freight_from_iea_how_to
980,2015,02_BD,intensity,all,pj_per_passenger_or_freight_tonne_km,air,freight,all,all,yearly,national,['manually_inputted_data $ energy-intensity-of-passenger-transport-modes-2018'],1,4.0300000000000004e-08,manually_inputted_data $ energy-intensity-of-passenger-transport-modes-2018,3.1e-09,single_datapoint,assumed_to_be_same_as_passenger_air_because_of_lack_of_data
981,2015,02_BD,intensity,all,pj_per_passenger_or_freight_tonne_km,rail,freight,all,all,yearly,national,['manually_inputted_data $ iea_howtocalculatetheindicatorsforthetransportsectors.pdf'],1,2.86e-09,manually_inputted_data $ iea_howtocalculatetheindicatorsforthetransportsectors.pdf,2.2e-10,single_datapoint,from_how_to_calculate_the_indicators_for_the_transport_sector
982,2015,02_BD,intensity,all,pj_per_passenger_or_freight_tonne_km,ship,freight,all,all,yearly,national,['manually_inputted_data $ iea_howtocalculatetheindicatorsforthetransportsectors.pdf'],1,7.02e-09,manually_inputted_data $ iea_howtocalculatetheindicatorsforthetransportsectors.pdf,5.4e-10,single_datapoint,from_how_to_calculate_the_indicators_for_the_transport_sector
983,2015,02_BD,intensity,all,pj_per_passenger_or_freight_tonne_km,air,passenger,all,all,yearly,national,['manually_inputted_data $ energy-intensity-of-passenger-transport-modes-2018'],1,4.0300000000000004e-08,manually_inputted_data $ energy-intensity-of-passenger-transport-modes-2018,3.1e-09,single_datapoint,no_comment
984,2015,02_BD,intensity,all,pj_per_passenger_or_freight_tonne_km,rail,passenger,all,all,yearly,national,['manually_inputted_data $ energy-intensity-of-passenger-transport-modes-2018'],1,2.6e-09,manually_inputted_data $ energy-intensity-of-passenger-transport-modes-2018,2e-10,single_datapoint,no_comment
985,2015,02_BD,intensity,all,pj_per_passenger_or_freight_tonne_km,ship,passenger,all,all,yearly,national,['manually_inputted_data $ iea_howtocalculatetheindicatorsforthetransportsectors.pdf'],1,7.02e-09,manually_inputted_data $ iea_howtocalculatetheindicatorsforthetransportsectors.pdf,5.4e-10,single_datapoint,assumed_to_be_the_same_as_ship_freight_from_iea_how_to
986,2016,02_BD,intensity,all,pj_per_passenger_or_freight_tonne_km,air,freight,all,all,yearly,national,['manually_inputted_data $ energy-intensity-of-passenger-transport-modes-2018'],1,4.0300000000000004e-08,manually_inputted_data $ energy-intensity-of-passenger-transport-modes-2018,3.1e-09,single_datapoint,assumed_to_be_same_as_passenger_air_because_of_lack_of_data
987,2016,02_BD,intensity,all,pj_per_passenger_or_freight_tonne_km,rail,freight,all,all,yearly,national,['manually_inputted_data $ iea_howtocalculatetheindicatorsforthetransportsectors.pdf'],1,2.86e-09,manually_inputted_data $ iea_howtocalculatetheindicatorsforthetransportsectors.pdf,2.2e-10,single_datapoint,from_how_to_calculate_the_indicators_for_the_transport_sector
988,2016,02_BD,intensity,all,pj_per_passenger_or_freight_tonne_km,ship,freight,all,all,yearly,national,['manually_inputted_data $ iea_howtocalculatetheindicatorsforthetransportsectors.pdf'],1,7.02e-09,manually_inputted_data $ iea_howtocalculatetheindicatorsforthetransportsectors.pdf,5.4e-10,single_datapoint,from_how_to_calculate_the_indicators_for_the_transport_sector
989,2016,02_BD,intensity,all,pj_per_passenger_or_freight_tonne_km,air,passenger,all,all,yearly,national,['manually_inputted_data $ energy-intensity-of-passenger-transport-modes-2018'],1,4.0300000000000004e-08,manually_inputted_data $ energy-intensity-of-passenger-transport-modes-2018,3.1e-09,single_datapoint,no_comment
990,2016,02_BD,intensity,all,pj_per_passenger_or_freight_tonne_km,rail,passenger,all,all,yearly,national,['manually_inputted_data $ energy-intensity-of-passenger-transport-modes-2018'],1,2.6e-09,manually_inputted_data $ energy-intensity-of-passenger-transport-modes-2018,2e-10,single_datapoint,no_comment
991,2016,02_BD,intensity,all,pj_per_passenger_or_freight_tonne_km,ship,passenger,all,all,yearly,national,['manually_inputted_data $ iea_howtocalculatetheindicatorsforthetransportsectors.pdf'],1,7.02e-09,manually_inputted_data $ iea_howtocalculatetheindicatorsforthetransportsectors.pdf,5.4e-10,single_datapoint,assumed_to_be_the_same_as_ship_freight_from_iea_how_to
992,2017,02_BD,intensity,all,pj_per_passenger_or_freight_tonne_km,air,freight,all,all,yearly,national,['manually_inputted_data $ energy-intensity-of-passenger-transport-modes-2018'],1,4.0300000000000004e-08,manually_inputted_data $ energy-intensity-of-passenger-transport-modes-2018,3.1e-09,single_datapoint,assumed_to_be_same_as_passenger_air_because_of_lack_of_data
993,2017,02_BD,intensity,all,pj_per_passenger_or_freight_tonne_km,rail,freight,all,all,yearly,national,['manually_inputted_data $ iea_howtocalculatetheindicatorsforthetransportsectors.pdf'],1,2.86e-09,manually_inputted_data $ iea_howtocalculatetheindicatorsforthetransportsectors.pdf,2.2e-10,single_datapoint,from_how_to_calculate_the_indicators_for_the_transport_sector
994,2017,02_BD,intensity,all,pj_per_passenger_or_freight_tonne_km,ship,freight,all,all,yearly,national,['manually_inputted_data $ iea_howtocalculatetheindicatorsforthetransportsectors.pdf'],1,7.02e-09,manually_inputted_data $ iea_howtocalculatetheindicatorsforthetransportsectors.pdf,5.4e-10,single_datapoint,from_how_to_calculate_the_indicators_for_the_transport_sector
995,2017,02_BD,intensity,all,pj_per_passenger_or_freight_tonne_km,air,passenger,all,all,yearly,national,['manually_inputted_data $ energy-intensity-of-passenger-transport-modes-2018'],1,4.0300000000000004e-08,manually_inputted_data $ energy-intensity-of-passenger-transport-modes-2018,3.1e-09,single_datapoint,no_comment
996,2017,02_BD,intensity,all,pj_per_passenger_or_freight_tonne_km,rail,passenger,all,all,yearly,national,['manually_inputted_data $ energy-intensity-of-passenger-transport-modes-2018'],1,2.6e-09,manually_inputted_data $ energy-intensity-of-passenger-transport-modes-2018,2e-10,single_datapoint,no_comment
997,2017,02_BD,intensity,all,pj_per_passenger_or_freight_tonne_km,ship,passenger,all,all,yearly,national,['manually_inputted_data $ iea_howtocalculatetheindicatorsforthetransportsectors.pdf'],1,7.02e-09,manually_inputted_data $ iea_howtocalculatetheindicatorsforthetransportsectors.pdf,5.4e-10,single_datapoint,assumed_to_be_the_same_as_ship_freight_from_iea_how_to
998,2018,02_BD,intensity,all,pj_per_passenger_or_freight_tonne_km,air,freight,all,all,yearly,national,['manually_inputted_data $ energy-intensity-of-passenger-transport-modes-2018'],1,4.0300000000000004e-08,manually_inputted_data $ energy-intensity-of-passenger-transport-modes-2018,3.1e-09,single_datapoint,assumed_to_be_same_as_passenger_air_because_of_lack_of_data
999,2018,02_BD,intensity,all,pj_per_passenger_or_freight_tonne_km,rail,freight,all,all,yearly,national,['manually_inputted_data $ iea_howtocalculatetheindicatorsforthetransportsectors.pdf'],1,2.86e-09,manually_inputted_data $ iea_howtocalculatetheindicatorsforthetransportsectors.pdf,2.2e-10,single_datapoint,from_how_to_calculate_the_indicators_for_the_transport_sector
1000,2018,02_BD,intensity,all,pj_per_passenger_or_freight_tonne_km,ship,freight,all,all,yearly,national,['manually_inputted_data $ iea_howtocalculatetheindicatorsforthetransportsectors.pdf'],1,7.02e-09,manually_inputted_data $ iea_howtocalculatetheindicatorsforthetransportsectors.pdf,5.4e-10,single_datapoint,from_how_to_calculate_the_indicators_for_the_transport_sector
1001,2018,02_BD,intensity,all,pj_per_passenger_or_freight_tonne_km,air,passenger,all,all,yearly,national,['manually_inputted_data $ energy-intensity-of-passenger-transport-modes-2018'],1,4.0300000000000004e-08,manually_inputted_data $ energy-intensity-of-passenger-transport-modes-2018,3.1e-09,single_datapoint,no_comment
1002,2018,02_BD,intensity,all,pj_per_passenger_or_freight_tonne_km,rail,passenger,all,all,yearly,national,['manually_inputted_data $ energy-intensity-of-passenger-transport-modes-2018'],1,2.6e-09,manually_inputted_data $ energy-intensity-of-passenger-transport-modes-2018,2e-10,single_datapoint,no_comment
1003,2018,02_BD,intensity,all,pj_per_passenger_or_freight_tonne_km,ship,passenger,all,all,yearly,national,['manually_inputted_data $ iea_howtocalculatetheindicatorsforthetransportsectors.pdf'],1,7.02e-09,manually_inputted_data $ iea_howtocalculatetheindicatorsforthetransportsectors.pdf,5.4e-10,single_datapoint,assumed_to_be_the_same_as_ship_freight_from_iea_how_to
1004,2019,02_BD,intensity,all,pj_per_passenger_or_freight_tonne_km,air,freight,all,all,yearly,national,['manually_inputted_data $ energy-intensity-of-passenger-transport-modes-2018'],1,4.0300000000000004e-08,manually_inputted_data $ energy-intensity-of-passenger-transport-modes-2018,3.1e-09,single_datapoint,assumed_to_be_same_as_passenger_air_because_of_lack_of_data
1005,2019,02_BD,intensity,all,pj_per_passenger_or_freight_tonne_km,rail,freight,all,all,yearly,national,['manually_inputted_data $ iea_howtocalculatetheindicatorsforthetransportsectors.pdf'],1,2.86e-09,manually_inputted_data $ iea_howtocalculatetheindicatorsforthetransportsectors.pdf,2.2e-10,single_datapoint,from_how_to_calculate_the_indicators_for_the_transport_sector
1006,2019,02_BD,intensity,all,pj_per_passenger_or_freight_tonne_km,ship,freight,all,all,yearly,national,['manually_inputted_data $ iea_howtocalculatetheindicatorsforthetransportsectors.pdf'],1,7.02e-09,manually_inputted_data $ iea_howtocalculatetheindicatorsforthetransportsectors.pdf,5.4e-10,single_datapoint,from_how_to_calculate_the_indicators_for_the_transport_sector
1007,2019,02_BD,intensity,all,pj_per_passenger_or_freight_tonne_km,air,passenger,all,all,yearly,national,['manually_inputted_data $ energy-intensity-of-passenger-transport-modes-2018'],1,4.0300000000000004e-08,manually_inputted_data $ energy-intensity-of-passenger-transport-modes-2018,3.1e-09,single_datapoint,no_comment
1008,2019,02_BD,intensity,all,pj_per_passenger_or_freight_tonne_km,rail,passenger,all,all,yearly,national,['manually_inputted_data $ energy-intensity-of-passenger-transport-modes-2018'],1,2.6e-09,manually_inputted_data $ energy-intensity-of-passenger-transport-modes-2018,2e-10,single_datapoint,no_comment
1009,2019,02_BD,intensity,all,pj_per_passenger_or_freight_tonne_km,ship,passenger,all,all,yearly,national,['manually_inputted_data $ iea_howtocalculatetheindicatorsforthetransportsectors.pdf'],1,7.02e-09,manually_inputted_data $ iea_howtocalculatetheindicatorsforthetransportsectors.pdf,5.4e-10,single_datapoint,assumed_to_be_the_same_as_ship_freight_from_iea_how_to
1010,2020,02_BD,intensity,all,pj_per_passenger_or_freight_tonne_km,air,freight,all,all,yearly,national,['manually_inputted_data $ energy-intensity-of-passenger-transport-modes-2018'],1,4.0300000000000004e-08,manually_inputted_data $ energy-intensity-of-passenger-transport-modes-2018,3.1e-09,single_datapoint,assumed_to_be_same_as_passenger_air_because_of_lack_of_data
1011,2020,02_BD,intensity,all,pj_per_passenger_or_freight_tonne_km,rail,freight,all,all,yearly,national,['manually_inputted_data $ iea_howtocalculatetheindicatorsforthetransportsectors.pdf'],1,2.86e-09,manually_inputted_data $ iea_howtocalculatetheindicatorsforthetransportsectors.pdf,2.2e-10,single_datapoint,from_how_to_calculate_the_indicators_for_the_transport_sector
1012,2020,02_BD,intensity,all,pj_per_passenger_or_freight_tonne_km,ship,freight,all,all,yearly,national,['manually_inputted_data $ iea_howtocalculatetheindicatorsforthetransportsectors.pdf'],1,7.02e-09,manually_inputted_data $ iea_howtocalculatetheindicatorsforthetransportsectors.pdf,5.4e-10,single_datapoint,from_how_to_calculate_the_indicators_for_the_transport_sector
1013,2020,02_BD,intensity,all,pj_per_passenger_or_freight_tonne_km,air,passenger,all,all,yearly,national,['manually_inputted_data $ energy-intensity-of-passenger-transport-modes-2018'],1,4.0300000000000004e-08,manually_inputted_data $ energy-intensity-of-passenger-transport-modes-2018,3.1e-09,single_datapoint,no_comment
1014,2020,02_BD,intensity,all,pj_per_passenger_or_freight_tonne_km,rail,passenger,all,all,yearly,national,['manually_inputted_data $ energy-intensity-of-passenger-transport-modes-2018'],1,2.6e-09,manually_inputted_data $ energy-intensity-of-passenger-transport-modes-2018,2e-10,single_datapoint,no_comment
1015,2020,02_BD,intensity,all,pj_per_passenger_or_freight_tonne_km,ship,passenger,all,all,yearly,national,['manually_inputted_data $ iea_howtocalculatetheindicatorsforthetransportsectors.pdf'],1,7.02e-09,manually_inputted_data $ iea_howtocalculatetheindicatorsforthetransportsectors.pdf,5.4e-10,single_datapoint,assumed_to_be_the_same_as_ship_freight_from_iea_how_to
1016,2021,02_BD,intensity,all,pj_per_passenger_or_freight_tonne_km,air,freight,all,all,yearly,national,['manually_inputted_data $ energy-intensity-of-passenger-transport-modes-2018'],1,4.0300000000000004e-08,manually_inputted_data $ energy-intensity-of-passenger-transport-modes-2018,3.1e-09,single_datapoint,assumed_to_be_same_as_passenger_air_because_of_lack_of_data
1017,2021,02_BD,intensity,all,pj_per_passenger_or_freight_tonne_km,rail,freight,all,all,yearly,national,['manually_inputted_data $ iea_howtocalculatetheindicatorsforthetransportsectors.pdf'],1,2.86e-09,manually_inputted_data $ iea_howtocalculatetheindicatorsforthetransportsectors.pdf,2.2e-10,single_datapoint,from_how_to_calculate_the_indicators_for_the_transport_sector
1018,2021,02_BD,intensity,all,pj_per_passenger_or_freight_tonne_km,ship,freight,all,all,yearly,national,['manually_inputted_data $ iea_howtocalculatetheindicatorsforthetransportsectors.pdf'],1,7.02e-09,manually_inputted_data $ iea_howtocalculatetheindicatorsforthetransportsectors.pdf,5.4e-10,single_datapoint,from_how_to_calculate_the_indicators_for_the_transport_sector
1019,2021,02_BD,intensity,all,pj_per_passenger_or_freight_tonne_km,air,passenger,all,all,yearly,national,['manually_inputted_data $ energy-intensity-of-passenger-transport-modes-2018'],1,4.0300000000000004e-08,manually_inputted_data $ energy-intensity-of-passenger-transport-modes-2018,3.1e-09,single_datapoint,no_comment
1020,2021,02_BD,intensity,all,pj_per_passenger_or_freight_tonne_km,rail,passenger,all,all,yearly,national,['manually_inputted_data $ energy-intensity-of-passenger-transport-modes-2018'],1,2.6e-09,manually_inputted_data $ energy-intensity-of-passenger-transport-modes-2018,2e-10,single_datapoint,no_comment
1021,2021,02_BD,intensity,all,pj_per_passenger_or_freight_tonne_km,ship,passenger,all,all,yearly,national,['manually_inputted_data $ iea_howtocalculatetheindicatorsforthetransportsectors.pdf'],1,7.02e-09,manually_inputted_data $ iea_howtocalculatetheindicatorsforthetransportsectors.pdf,5.4e-10,single_datapoint,assumed_to_be_the_same_as_ship_freight_from_iea_how_to
1022,2022,02_BD,intensity,all,pj_per_passenger_or_freight_tonne_km,air,freight,all,all,yearly,national,['manually_inputted_data $ energy-intensity-of-passenger-transport-modes-2018'],1,4.0300000000000004e-08,manually_inputted_data $ energy-intensity-of-passenger-transport-modes-2018,3.1e-09,single_datapoint,assumed_to_be_same_as_passenger_air_because_of_lack_of_data
1023,2022,02_BD,intensity,all,pj_per_passenger_or_freight_tonne_km,rail,freight,all,all,yearly,national,['manually_inputted_data $ iea_howtocalculatetheindicatorsforthetransportsectors.pdf'],1,2.86e-09,manually_inputted_data $ iea_howtocalculatetheindicatorsforthetransportsectors.pdf,2.2e-10,single_datapoint,from_how_to_calculate_the_indicators_for_the_transport_sector
1024,2022,02_BD,intensity,all,pj_per_passenger_or_freight_tonne_km,ship,freight,all,all,yearly,national,['manually_inputted_data $ iea_howtocalculatetheindicatorsforthetransportsectors.pdf'],1,7.02e-09,manually_inputted_data $ iea_howtocalculatetheindicatorsforthetransportsectors.pdf,5.4e-10,single_datapoint,from_how_to_calculate_the_indicators_for_the_transport_sector
1025,2022,02_BD,intensity,all,pj_per_passenger_or_freight_tonne_km,air,passenger,all,all,yearly,national,['manually_inputted_data $ energy-intensity-of-passenger-transport-modes-2018'],1,4.0300000000000004e-08,manually_inputted_data $ energy-intensity-of-passenger-transport-modes-2018,3.1e-09,single_datapoint,no_comment
1026,2022,02_BD,intensity,all,pj_per_passenger_or_freight_tonne_km,rail,passenger,all,all,yearly,national,['manually_inputted_data $ energy-intensity-of-passenger-transport-modes-2018'],1,2.6e-09,manually_inputted_data $ energy-intensity-of-passenger-transport-modes-2018,2e-10,single_datapoint,no_comment
1027,2022,02_BD,intensity,all,pj_per_passenger_or_freight_tonne_km,ship,passenger,all,all,yearly,national,['manually_inputted_data $ iea_howtocalculatetheindicatorsforthetransportsectors.pdf'],1,7.02e-09,manually_inputted_data $ iea_howtocalculatetheindicatorsforthetransportsectors.pdf,5.4e-10,single_datapoint,assumed_to_be_the_same_as_ship_freight_from_iea_how_to
1028,2010,02_BD,new_vehicle_efficiency,bus,km_per_pj,road,passenger,bev,all,yearly,national,['avg_eff_no_outliers $ transport_data_system_9th'],1,1058314235.1561403,avg_eff_no_outliers $ transport_data_system_9th,81408787.3197031,single_datapoint,no_comment
1029,2010,02_BD,turnover_rate,bus,%,road,passenger,bev,all,yearly,national,['manually_inputted_data $ guess'],1,0.42,manually_inputted_data $ guess,0.03,manual,no_comment
1030,2011,02_BD,new_vehicle_efficiency,bus,km_per_pj,road,passenger,bev,all,yearly,national,['avg_eff_no_outliers $ transport_data_system_9th'],1,1058314235.1561403,avg_eff_no_outliers $ transport_data_system_9th,81408787.3197031,single_datapoint,no_comment
1031,2011,02_BD,turnover_rate,bus,%,road,passenger,bev,all,yearly,national,['manually_inputted_data $ guess'],1,0.42,manually_inputted_data $ guess,0.03,manual,no_comment
1032,2012,02_BD,new_vehicle_efficiency,bus,km_per_pj,road,passenger,bev,all,yearly,national,['avg_eff_no_outliers $ transport_data_system_9th'],1,1058314235.1561403,avg_eff_no_outliers $ transport_data_system_9th,81408787.3197031,single_datapoint,no_comment
1033,2012,02_BD,turnover_rate,bus,%,road,passenger,bev,all,yearly,national,['manually_inputted_data $ guess'],1,0.42,manually_inputted_data $ guess,0.03,manual,no_comment
1034,2013,02_BD,new_vehicle_efficiency,bus,km_per_pj,road,passenger,bev,all,yearly,national,['avg_eff_no_outliers $ transport_data_system_9th'],1,1058314235.1561403,avg_eff_no_outliers $ transport_data_system_9th,81408787.3197031,single_datapoint,no_comment
1035,2013,02_BD,turnover_rate,bus,%,road,passenger,bev,all,yearly,national,['manually_inputted_data $ guess'],1,0.42,manually_inputted_data $ guess,0.03,manual,no_comment
1036,2014,02_BD,new_vehicle_efficiency,bus,km_per_pj,road,passenger,bev,all,yearly,national,['avg_eff_no_outliers $ transport_data_system_9th'],1,1058314235.1561403,avg_eff_no_outliers $ transport_data_system_9th,81408787.3197031,single_datapoint,no_comment
1037,2014,02_BD,turnover_rate,bus,%,road,passenger,bev,all,yearly,national,['manually_inputted_data $ guess'],1,0.42,manually_inputted_data $ guess,0.03,manual,no_comment
1038,2015,02_BD,new_vehicle_efficiency,bus,km_per_pj,road,passenger,bev,all,yearly,national,['avg_eff_no_outliers $ transport_data_system_9th'],1,1058314235.1561403,avg_eff_no_outliers $ transport_data_system_9th,81408787.3197031,single_datapoint,no_comment
1039,2015,02_BD,turnover_rate,bus,%,road,passenger,bev,all,yearly,national,['manually_inputted_data $ guess'],1,0.42,manually_inputted_data $ guess,0.03,manual,no_comment
1040,2016,02_BD,new_vehicle_efficiency,bus,km_per_pj,road,passenger,bev,all,yearly,national,['avg_eff_no_outliers $ transport_data_system_9th'],1,1058314235.1561403,avg_eff_no_outliers $ transport_data_system_9th,81408787.3197031,single_datapoint,no_comment
1041,2016,02_BD,turnover_rate,bus,%,road,passenger,bev,all,yearly,national,['manually_inputted_data $ guess'],1,0.42,manually_inputted_data $ guess,0.03,manual,no_comment
1042,2017,02_BD,new_vehicle_efficiency,bus,km_per_pj,road,passenger,bev,all,yearly,national,['avg_eff_no_outliers $ transport_data_system_9th'],1,1058314235.1561403,avg_eff_no_outliers $ transport_data_system_9th,81408787.3197031,single_datapoint,no_comment
1043,2017,02_BD,turnover_rate,bus,%,road,passenger,bev,all,yearly,national,"['manually_inputted_data $ guess', 'turnover_rate_est']",2,0.42,manually_inputted_data $ guess,0.03,manual,no_comment
1044,2018,02_BD,new_vehicle_efficiency,bus,km_per_pj,road,passenger,bev,all,yearly,national,['avg_eff_no_outliers $ transport_data_system_9th'],1,1058314235.1561403,avg_eff_no_outliers $ transport_data_system_9th,81408787.3197031,single_datapoint,no_comment
1045,2018,02_BD,turnover_rate,bus,%,road,passenger,bev,all,yearly,national,['manually_inputted_data $ guess'],1,0.42,manually_inputted_data $ guess,0.03,manual,no_comment
1046,2019,02_BD,new_vehicle_efficiency,bus,km_per_pj,road,passenger,bev,all,yearly,national,['avg_eff_no_outliers $ transport_data_system_9th'],1,1058314235.1561403,avg_eff_no_outliers $ transport_data_system_9th,81408787.3197031,single_datapoint,no_comment
1047,2019,02_BD,turnover_rate,bus,%,road,passenger,bev,all,yearly,national,['manually_inputted_data $ guess'],1,0.42,manually_inputted_data $ guess,0.03,manual,no_comment
1048,2020,02_BD,new_vehicle_efficiency,bus,km_per_pj,road,passenger,bev,all,yearly,national,['avg_eff_no_outliers $ transport_data_system_9th'],1,1058314235.1561403,avg_eff_no_outliers $ transport_data_system_9th,81408787.3197031,single_datapoint,no_comment
1049,2020,02_BD,turnover_rate,bus,%,road,passenger,bev,all,yearly,national,['manually_inputted_data $ guess'],1,0.42,manually_inputted_data $ guess,0.03,manual,no_comment
1050,2021,02_BD,new_vehicle_efficiency,bus,km_per_pj,road,passenger,bev,all,yearly,national,['avg_eff_no_outliers $ transport_data_system_9th'],1,1058314235.1561403,avg_eff_no_outliers $ transport_data_system_9th,81408787.3197031,single_datapoint,no_comment
1051,2021,02_BD,turnover_rate,bus,%,road,passenger,bev,all,yearly,national,['manually_inputted_data $ guess'],1,0.42,manually_inputted_data $ guess,0.03,manual,no_comment
1052,2022,02_BD,new_vehicle_efficiency,bus,km_per_pj,road,passenger,bev,all,yearly,national,['avg_eff_no_outliers $ transport_data_system_9th'],1,1058314235.1561403,avg_eff_no_outliers $ transport_data_system_9th,81408787.3197031,single_datapoint,no_comment
1053,2022,02_BD,turnover_rate,bus,%,road,passenger,bev,all,yearly,national,['manually_inputted_data $ guess'],1,0.42,manually_inputted_data $ guess,0.03,manual,no_comment
1054,2010,02_BD,new_vehicle_efficiency,bus,km_per_pj,road,passenger,cng,all,yearly,national,['avg_eff_no_outliers $ transport_data_system_9th'],1,1813839119.6717222,avg_eff_no_outliers $ transport_data_system_9th,139526086.128594,single_datapoint,no_comment
1055,2010,02_BD,turnover_rate,bus,%,road,passenger,cng,all,yearly,national,['manually_inputted_data $ guess'],1,0.42,manually_inputted_data $ guess,0.03,manual,no_comment
1056,2011,02_BD,new_vehicle_efficiency,bus,km_per_pj,road,passenger,cng,all,yearly,national,['avg_eff_no_outliers $ transport_data_system_9th'],1,1813839119.6717222,avg_eff_no_outliers $ transport_data_system_9th,139526086.128594,single_datapoint,no_comment
1057,2011,02_BD,turnover_rate,bus,%,road,passenger,cng,all,yearly,national,['manually_inputted_data $ guess'],1,0.42,manually_inputted_data $ guess,0.03,manual,no_comment
1058,2012,02_BD,new_vehicle_efficiency,bus,km_per_pj,road,passenger,cng,all,yearly,national,['avg_eff_no_outliers $ transport_data_system_9th'],1,1813839119.6717222,avg_eff_no_outliers $ transport_data_system_9th,139526086.128594,single_datapoint,no_comment
1059,2012,02_BD,turnover_rate,bus,%,road,passenger,cng,all,yearly,national,['manually_inputted_data $ guess'],1,0.42,manually_inputted_data $ guess,0.03,manual,no_comment
1060,2013,02_BD,new_vehicle_efficiency,bus,km_per_pj,road,passenger,cng,all,yearly,national,['avg_eff_no_outliers $ transport_data_system_9th'],1,1813839119.6717222,avg_eff_no_outliers $ transport_data_system_9th,139526086.128594,single_datapoint,no_comment
1061,2013,02_BD,turnover_rate,bus,%,road,passenger,cng,all,yearly,national,['manually_inputted_data $ guess'],1,0.42,manually_inputted_data $ guess,0.03,manual,no_comment
1062,2014,02_BD,new_vehicle_efficiency,bus,km_per_pj,road,passenger,cng,all,yearly,national,['avg_eff_no_outliers $ transport_data_system_9th'],1,1813839119.6717222,avg_eff_no_outliers $ transport_data_system_9th,139526086.128594,single_datapoint,no_comment
1063,2014,02_BD,turnover_rate,bus,%,road,passenger,cng,all,yearly,national,['manually_inputted_data $ guess'],1,0.42,manually_inputted_data $ guess,0.03,manual,no_comment
1064,2015,02_BD,new_vehicle_efficiency,bus,km_per_pj,road,passenger,cng,all,yearly,national,['avg_eff_no_outliers $ transport_data_system_9th'],1,1813839119.6717222,avg_eff_no_outliers $ transport_data_system_9th,139526086.128594,single_datapoint,no_comment
1065,2015,02_BD,turnover_rate,bus,%,road,passenger,cng,all,yearly,national,['manually_inputted_data $ guess'],1,0.42,manually_inputted_data $ guess,0.03,manual,no_comment
1066,2016,02_BD,new_vehicle_efficiency,bus,km_per_pj,road,passenger,cng,all,yearly,national,['avg_eff_no_outliers $ transport_data_system_9th'],1,1813839119.6717222,avg_eff_no_outliers $ transport_data_system_9th,139526086.128594,single_datapoint,no_comment
1067,2016,02_BD,turnover_rate,bus,%,road,passenger,cng,all,yearly,national,['manually_inputted_data $ guess'],1,0.42,manually_inputted_data $ guess,0.03,manual,no_comment
1068,2017,02_BD,new_vehicle_efficiency,bus,km_per_pj,road,passenger,cng,all,yearly,national,['avg_eff_no_outliers $ transport_data_system_9th'],1,1813839119.6717222,avg_eff_no_outliers $ transport_data_system_9th,139526086.128594,single_datapoint,no_comment
1069,2017,02_BD,turnover_rate,bus,%,road,passenger,cng,all,yearly,national,"['manually_inputted_data $ guess', 'turnover_rate_est']",2,0.42,manually_inputted_data $ guess,0.03,manual,no_comment
1070,2018,02_BD,new_vehicle_efficiency,bus,km_per_pj,road,passenger,cng,all,yearly,national,['avg_eff_no_outliers $ transport_data_system_9th'],1,1813839119.6717222,avg_eff_no_outliers $ transport_data_system_9th,139526086.128594,single_datapoint,no_comment
1071,2018,02_BD,turnover_rate,bus,%,road,passenger,cng,all,yearly,national,['manually_inputted_data $ guess'],1,0.42,manually_inputted_data $ guess,0.03,manual,no_comment
1072,2019,02_BD,new_vehicle_efficiency,bus,km_per_pj,road,passenger,cng,all,yearly,national,['avg_eff_no_outliers $ transport_data_system_9th'],1,1813839119.6717222,avg_eff_no_outliers $ transport_data_system_9th,139526086.128594,single_datapoint,no_comment
1073,2019,02_BD,turnover_rate,bus,%,road,passenger,cng,all,yearly,national,['manually_inputted_data $ guess'],1,0.42,manually_inputted_data $ guess,0.03,manual,no_comment
1074,2020,02_BD,new_vehicle_efficiency,bus,km_per_pj,road,passenger,cng,all,yearly,national,['avg_eff_no_outliers $ transport_data_system_9th'],1,1813839119.6717222,avg_eff_no_outliers $ transport_data_system_9th,139526086.128594,single_datapoint,no_comment
1075,2020,02_BD,turnover_rate,bus,%,road,passenger,cng,all,yearly,national,['manually_inputted_data $ guess'],1,0.42,manually_inputted_data $ guess,0.03,manual,no_comment
1076,2021,02_BD,new_vehicle_efficiency,bus,km_per_pj,road,passenger,cng,all,yearly,national,['avg_eff_no_outliers $ transport_data_system_9th'],1,1813839119.6717222,avg_eff_no_outliers $ transport_data_system_9th,139526086.128594,single_datapoint,no_comment
1077,2021,02_BD,turnover_rate,bus,%,road,passenger,cng,all,yearly,national,['manually_inputted_data $ guess'],1,0.42,manually_inputted_data $ guess,0.03,manual,no_comment
1078,2022,02_BD,new_vehicle_efficiency,bus,km_per_pj,road,passenger,cng,all,yearly,national,['avg_eff_no_outliers $ transport_data_system_9th'],1,1813839119.6717222,avg_eff_no_outliers $ transport_data_system_9th,139526086.128594,single_datapoint,no_comment
1079,2022,02_BD,turnover_rate,bus,%,road,passenger,cng,all,yearly,national,['manually_inputted_data $ guess'],1,0.42,manually_inputted_data $ guess,0.03,manual,no_comment
1080,2017,02_BD,turnover_rate,bus,%,road,passenger,fcev,all,yearly,national,['turnover_rate_est'],1,0.03,turnover_rate_est,0.03,single_datapoint,no_comment
1081,2010,02_BD,activity,bus,passenger_km_or_freight_tonne_km,road,passenger,ice,all,yearly,national,['estimated $ calculate_energy_and_activity()'],1,26781750000.0,estimated $ calculate_energy_and_activity(),1323000000.0,single_datapoint,no_comment
1082,2010,02_BD,energy,bus,pj,road,passenger,ice,all,yearly,national,['estimated $ calculate_energy_and_activity()'],1,23.991551764945925,estimated $ calculate_energy_and_activity(),1.1851661293613547,single_datapoint,no_comment
1083,2010,02_BD,new_vehicle_efficiency,bus,km_per_pj,road,passenger,ice,all,yearly,national,['avg_eff_no_outliers $ transport_data_system_9th'],1,910941040.8338033,avg_eff_no_outliers $ transport_data_system_9th,70072387.7564464,single_datapoint,no_comment
1084,2010,02_BD,travel_km,bus,km,road,passenger,ice,all,yearly,national,['estimated $ calculate_energy_and_activity()'],1,1785450000.0,estimated $ calculate_energy_and_activity(),88200000.0,single_datapoint,no_comment
1085,2010,02_BD,turnover_rate,bus,%,road,passenger,ice,all,yearly,national,['manually_inputted_data $ guess'],1,0.39,manually_inputted_data $ guess,0.03,single_datapoint,no_comment
1086,2011,02_BD,activity,bus,passenger_km_or_freight_tonne_km,road,passenger,ice,all,yearly,national,['estimated $ calculate_energy_and_activity()'],1,26781750000.0,estimated $ calculate_energy_and_activity(),1911375000.0,single_datapoint,no_comment
1087,2011,02_BD,energy,bus,pj,road,passenger,ice,all,yearly,national,['estimated $ calculate_energy_and_activity()'],1,23.991551764945925,estimated $ calculate_energy_and_activity(),1.7122425627422972,single_datapoint,no_comment
1088,2011,02_BD,new_vehicle_efficiency,bus,km_per_pj,road,passenger,ice,all,yearly,national,['avg_eff_no_outliers $ transport_data_system_9th'],1,910941040.8338033,avg_eff_no_outliers $ transport_data_system_9th,70072387.7564464,single_datapoint,no_comment
1089,2011,02_BD,travel_km,bus,km,road,passenger,ice,all,yearly,national,['estimated $ calculate_energy_and_activity()'],1,1785450000.0,estimated $ calculate_energy_and_activity(),127425000.0,single_datapoint,no_comment
1090,2011,02_BD,turnover_rate,bus,%,road,passenger,ice,all,yearly,national,['manually_inputted_data $ guess'],1,0.39,manually_inputted_data $ guess,0.03,single_datapoint,no_comment
1091,2012,02_BD,activity,bus,passenger_km_or_freight_tonne_km,road,passenger,ice,all,yearly,national,['estimated $ calculate_energy_and_activity()'],1,26781750000.0,estimated $ calculate_energy_and_activity(),2440125000.0,single_datapoint,no_comment
1092,2012,02_BD,energy,bus,pj,road,passenger,ice,all,yearly,national,['estimated $ calculate_energy_and_activity()'],1,23.991551764945925,estimated $ calculate_energy_and_activity(),2.185905896755764,single_datapoint,no_comment
1093,2012,02_BD,new_vehicle_efficiency,bus,km_per_pj,road,passenger,ice,all,yearly,national,['avg_eff_no_outliers $ transport_data_system_9th'],1,910941040.8338033,avg_eff_no_outliers $ transport_data_system_9th,70072387.7564464,single_datapoint,no_comment
1094,2012,02_BD,travel_km,bus,km,road,passenger,ice,all,yearly,national,['estimated $ calculate_energy_and_activity()'],1,1785450000.0,estimated $ calculate_energy_and_activity(),162675000.0,single_datapoint,no_comment
1095,2012,02_BD,turnover_rate,bus,%,road,passenger,ice,all,yearly,national,['manually_inputted_data $ guess'],1,0.39,manually_inputted_data $ guess,0.03,single_datapoint,no_comment
1096,2013,02_BD,activity,bus,passenger_km_or_freight_tonne_km,road,passenger,ice,all,yearly,national,['estimated $ calculate_energy_and_activity()'],1,26781750000.0,estimated $ calculate_energy_and_activity(),2382750000.0,single_datapoint,no_comment
1097,2013,02_BD,energy,bus,pj,road,passenger,ice,all,yearly,national,['estimated $ calculate_energy_and_activity()'],1,23.991551764945925,estimated $ calculate_energy_and_activity(),2.134508386043664,single_datapoint,no_comment
1098,2013,02_BD,new_vehicle_efficiency,bus,km_per_pj,road,passenger,ice,all,yearly,national,['avg_eff_no_outliers $ transport_data_system_9th'],1,910941040.8338033,avg_eff_no_outliers $ transport_data_system_9th,70072387.7564464,single_datapoint,no_comment
1099,2013,02_BD,travel_km,bus,km,road,passenger,ice,all,yearly,national,['estimated $ calculate_energy_and_activity()'],1,1785450000.0,estimated $ calculate_energy_and_activity(),158850000.0,single_datapoint,no_comment
1100,2013,02_BD,turnover_rate,bus,%,road,passenger,ice,all,yearly,national,['manually_inputted_data $ guess'],1,0.39,manually_inputted_data $ guess,0.03,single_datapoint,no_comment
1101,2014,02_BD,activity,bus,passenger_km_or_freight_tonne_km,road,passenger,ice,all,yearly,national,['estimated $ calculate_energy_and_activity()'],1,26781750000.0,estimated $ calculate_energy_and_activity(),2652750000.0,single_datapoint,no_comment
1102,2014,02_BD,energy,bus,pj,road,passenger,ice,all,yearly,national,['estimated $ calculate_energy_and_activity()'],1,23.991551764945925,estimated $ calculate_energy_and_activity(),2.3763790246888385,single_datapoint,no_comment
1103,2014,02_BD,new_vehicle_efficiency,bus,km_per_pj,road,passenger,ice,all,yearly,national,['avg_eff_no_outliers $ transport_data_system_9th'],1,910941040.8338033,avg_eff_no_outliers $ transport_data_system_9th,70072387.7564464,single_datapoint,no_comment
1104,2014,02_BD,travel_km,bus,km,road,passenger,ice,all,yearly,national,['estimated $ calculate_energy_and_activity()'],1,1785450000.0,estimated $ calculate_energy_and_activity(),176850000.0,single_datapoint,no_comment
1105,2014,02_BD,turnover_rate,bus,%,road,passenger,ice,all,yearly,national,['manually_inputted_data $ guess'],1,0.39,manually_inputted_data $ guess,0.03,single_datapoint,no_comment
1106,2015,02_BD,activity,bus,passenger_km_or_freight_tonne_km,road,passenger,ice,all,yearly,national,['estimated $ calculate_energy_and_activity()'],1,26781750000.0,estimated $ calculate_energy_and_activity(),2776500000.0,single_datapoint,no_comment
1107,2015,02_BD,energy,bus,pj,road,passenger,ice,all,yearly,national,['estimated $ calculate_energy_and_activity()'],1,23.991551764945925,estimated $ calculate_energy_and_activity(),2.4872364007345436,single_datapoint,no_comment
1108,2015,02_BD,new_vehicle_efficiency,bus,km_per_pj,road,passenger,ice,all,yearly,national,['avg_eff_no_outliers $ transport_data_system_9th'],1,910941040.8338033,avg_eff_no_outliers $ transport_data_system_9th,70072387.7564464,single_datapoint,no_comment
1109,2015,02_BD,travel_km,bus,km,road,passenger,ice,all,yearly,national,['estimated $ calculate_energy_and_activity()'],1,1785450000.0,estimated $ calculate_energy_and_activity(),185100000.0,single_datapoint,no_comment
1110,2015,02_BD,turnover_rate,bus,%,road,passenger,ice,all,yearly,national,['manually_inputted_data $ guess'],1,0.39,manually_inputted_data $ guess,0.03,single_datapoint,no_comment
1111,2016,02_BD,activity,bus,passenger_km_or_freight_tonne_km,road,passenger,ice,all,yearly,national,['estimated $ calculate_energy_and_activity()'],1,26781750000.0,estimated $ calculate_energy_and_activity(),4804875000.0,single_datapoint,no_comment
1112,2016,02_BD,energy,bus,pj,road,passenger,ice,all,yearly,national,['estimated $ calculate_energy_and_activity()'],1,23.991551764945925,estimated $ calculate_energy_and_activity(),4.304289573556416,single_datapoint,no_comment
1113,2016,02_BD,new_vehicle_efficiency,bus,km_per_pj,road,passenger,ice,all,yearly,national,['avg_eff_no_outliers $ transport_data_system_9th'],1,910941040.8338033,avg_eff_no_outliers $ transport_data_system_9th,70072387.7564464,single_datapoint,no_comment
1114,2016,02_BD,travel_km,bus,km,road,passenger,ice,all,yearly,national,['estimated $ calculate_energy_and_activity()'],1,1785450000.0,estimated $ calculate_energy_and_activity(),320325000.0,single_datapoint,no_comment
1115,2016,02_BD,turnover_rate,bus,%,road,passenger,ice,all,yearly,national,['manually_inputted_data $ guess'],1,0.39,manually_inputted_data $ guess,0.03,single_datapoint,no_comment
1116,2017,02_BD,activity,bus,passenger_km_or_freight_tonne_km,road,passenger,ice,all,yearly,national,['estimated $ calculate_energy_and_activity()'],1,26781750000.0,estimated $ calculate_energy_and_activity(),2752875000.0,single_datapoint,no_comment
1117,2017,02_BD,energy,bus,pj,road,passenger,ice,all,yearly,national,['estimated $ calculate_energy_and_activity()'],1,23.991551764945925,estimated $ calculate_energy_and_activity(),2.466072719853091,single_datapoint,no_comment
1118,2017,02_BD,new_vehicle_efficiency,bus,km_per_pj,road,passenger,ice,all,yearly,national,['avg_eff_no_outliers $ transport_data_system_9th'],1,910941040.8338033,avg_eff_no_outliers $ transport_data_system_9th,70072387.7564464,single_datapoint,no_comment
1119,2017,02_BD,travel_km,bus,km,road,passenger,ice,all,yearly,national,['estimated $ calculate_energy_and_activity()'],1,1785450000.0,estimated $ calculate_energy_and_activity(),183525000.0,single_datapoint,no_comment
1120,2017,02_BD,turnover_rate,bus,%,road,passenger,ice,all,yearly,national,['manually_inputted_data $ guess'],1,0.39,manually_inputted_data $ guess,0.03,single_datapoint,no_comment
1121,2018,02_BD,activity,bus,passenger_km_or_freight_tonne_km,road,passenger,ice,all,yearly,national,['estimated $ calculate_energy_and_activity()'],1,26781750000.0,estimated $ calculate_energy_and_activity(),2820375000.0,single_datapoint,no_comment
1122,2018,02_BD,energy,bus,pj,road,passenger,ice,all,yearly,national,['estimated $ calculate_energy_and_activity()'],1,23.991551764945925,estimated $ calculate_energy_and_activity(),2.526540379514384,single_datapoint,no_comment
1123,2018,02_BD,new_vehicle_efficiency,bus,km_per_pj,road,passenger,ice,all,yearly,national,['avg_eff_no_outliers $ transport_data_system_9th'],1,910941040.8338033,avg_eff_no_outliers $ transport_data_system_9th,70072387.7564464,single_datapoint,no_comment
1124,2018,02_BD,travel_km,bus,km,road,passenger,ice,all,yearly,national,['estimated $ calculate_energy_and_activity()'],1,1785450000.0,estimated $ calculate_energy_and_activity(),188025000.0,single_datapoint,no_comment
1125,2018,02_BD,turnover_rate,bus,%,road,passenger,ice,all,yearly,national,['manually_inputted_data $ guess'],1,0.39,manually_inputted_data $ guess,0.03,single_datapoint,no_comment
1126,2019,02_BD,activity,bus,passenger_km_or_freight_tonne_km,road,passenger,ice,all,yearly,national,['estimated $ calculate_energy_and_activity()'],1,26781750000.0,estimated $ calculate_energy_and_activity(),2917125000.0,single_datapoint,no_comment
1127,2019,02_BD,energy,bus,pj,road,passenger,ice,all,yearly,national,['estimated $ calculate_energy_and_activity()'],1,23.991551764945925,estimated $ calculate_energy_and_activity(),2.613210691695572,single_datapoint,no_comment
1128,2019,02_BD,new_vehicle_efficiency,bus,km_per_pj,road,passenger,ice,all,yearly,national,['avg_eff_no_outliers $ transport_data_system_9th'],1,910941040.8338033,avg_eff_no_outliers $ transport_data_system_9th,70072387.7564464,single_datapoint,no_comment
1129,2019,02_BD,travel_km,bus,km,road,passenger,ice,all,yearly,national,['estimated $ calculate_energy_and_activity()'],1,1785450000.0,estimated $ calculate_energy_and_activity(),194475000.0,single_datapoint,no_comment
1130,2019,02_BD,turnover_rate,bus,%,road,passenger,ice,all,yearly,national,['manually_inputted_data $ guess'],1,0.39,manually_inputted_data $ guess,0.03,single_datapoint,no_comment
1131,2020,02_BD,new_vehicle_efficiency,bus,km_per_pj,road,passenger,ice,all,yearly,national,['avg_eff_no_outliers $ transport_data_system_9th'],1,910941040.8338033,avg_eff_no_outliers $ transport_data_system_9th,70072387.7564464,single_datapoint,no_comment
1132,2020,02_BD,turnover_rate,bus,%,road,passenger,ice,all,yearly,national,['manually_inputted_data $ guess'],1,0.39,manually_inputted_data $ guess,0.03,single_datapoint,no_comment
1133,2021,02_BD,new_vehicle_efficiency,bus,km_per_pj,road,passenger,ice,all,yearly,national,['avg_eff_no_outliers $ transport_data_system_9th'],1,910941040.8338033,avg_eff_no_outliers $ transport_data_system_9th,70072387.7564464,single_datapoint,no_comment
1134,2021,02_BD,turnover_rate,bus,%,road,passenger,ice,all,yearly,national,['manually_inputted_data $ guess'],1,0.39,manually_inputted_data $ guess,0.03,single_datapoint,no_comment
1135,2022,02_BD,new_vehicle_efficiency,bus,km_per_pj,road,passenger,ice,all,yearly,national,['avg_eff_no_outliers $ transport_data_system_9th'],1,910941040.8338033,avg_eff_no_outliers $ transport_data_system_9th,70072387.7564464,single_datapoint,no_comment
1136,2022,02_BD,turnover_rate,bus,%,road,passenger,ice,all,yearly,national,['manually_inputted_data $ guess'],1,0.39,manually_inputted_data $ guess,0.03,single_datapoint,no_comment
1137,2010,02_BD,new_vehicle_efficiency,bus,km_per_pj,road,passenger,lpg,all,yearly,national,['avg_eff_no_outliers $ transport_data_system_9th'],1,1295830676.4857378,avg_eff_no_outliers $ transport_data_system_9th,99679282.8065952,single_datapoint,no_comment
1138,2010,02_BD,turnover_rate,bus,%,road,passenger,lpg,all,yearly,national,['manually_inputted_data $ guess'],1,0.42,manually_inputted_data $ guess,0.03,manual,no_comment
1139,2011,02_BD,new_vehicle_efficiency,bus,km_per_pj,road,passenger,lpg,all,yearly,national,['avg_eff_no_outliers $ transport_data_system_9th'],1,1295830676.4857378,avg_eff_no_outliers $ transport_data_system_9th,99679282.8065952,single_datapoint,no_comment
1140,2011,02_BD,turnover_rate,bus,%,road,passenger,lpg,all,yearly,national,['manually_inputted_data $ guess'],1,0.42,manually_inputted_data $ guess,0.03,manual,no_comment
1141,2012,02_BD,new_vehicle_efficiency,bus,km_per_pj,road,passenger,lpg,all,yearly,national,['avg_eff_no_outliers $ transport_data_system_9th'],1,1295830676.4857378,avg_eff_no_outliers $ transport_data_system_9th,99679282.8065952,single_datapoint,no_comment
1142,2012,02_BD,turnover_rate,bus,%,road,passenger,lpg,all,yearly,national,['manually_inputted_data $ guess'],1,0.42,manually_inputted_data $ guess,0.03,manual,no_comment
1143,2013,02_BD,new_vehicle_efficiency,bus,km_per_pj,road,passenger,lpg,all,yearly,national,['avg_eff_no_outliers $ transport_data_system_9th'],1,1295830676.4857378,avg_eff_no_outliers $ transport_data_system_9th,99679282.8065952,single_datapoint,no_comment
1144,2013,02_BD,turnover_rate,bus,%,road,passenger,lpg,all,yearly,national,['manually_inputted_data $ guess'],1,0.42,manually_inputted_data $ guess,0.03,manual,no_comment
1145,2014,02_BD,new_vehicle_efficiency,bus,km_per_pj,road,passenger,lpg,all,yearly,national,['avg_eff_no_outliers $ transport_data_system_9th'],1,1295830676.4857378,avg_eff_no_outliers $ transport_data_system_9th,99679282.8065952,single_datapoint,no_comment
1146,2014,02_BD,turnover_rate,bus,%,road,passenger,lpg,all,yearly,national,['manually_inputted_data $ guess'],1,0.42,manually_inputted_data $ guess,0.03,manual,no_comment
1147,2015,02_BD,new_vehicle_efficiency,bus,km_per_pj,road,passenger,lpg,all,yearly,national,['avg_eff_no_outliers $ transport_data_system_9th'],1,1295830676.4857378,avg_eff_no_outliers $ transport_data_system_9th,99679282.8065952,single_datapoint,no_comment
1148,2015,02_BD,turnover_rate,bus,%,road,passenger,lpg,all,yearly,national,['manually_inputted_data $ guess'],1,0.42,manually_inputted_data $ guess,0.03,manual,no_comment
1149,2016,02_BD,new_vehicle_efficiency,bus,km_per_pj,road,passenger,lpg,all,yearly,national,['avg_eff_no_outliers $ transport_data_system_9th'],1,1295830676.4857378,avg_eff_no_outliers $ transport_data_system_9th,99679282.8065952,single_datapoint,no_comment
1150,2016,02_BD,turnover_rate,bus,%,road,passenger,lpg,all,yearly,national,['manually_inputted_data $ guess'],1,0.42,manually_inputted_data $ guess,0.03,manual,no_comment
1151,2017,02_BD,new_vehicle_efficiency,bus,km_per_pj,road,passenger,lpg,all,yearly,national,['avg_eff_no_outliers $ transport_data_system_9th'],1,1295830676.4857378,avg_eff_no_outliers $ transport_data_system_9th,99679282.8065952,single_datapoint,no_comment
1152,2017,02_BD,turnover_rate,bus,%,road,passenger,lpg,all,yearly,national,"['manually_inputted_data $ guess', 'turnover_rate_est']",2,0.42,manually_inputted_data $ guess,0.03,manual,no_comment
1153,2018,02_BD,new_vehicle_efficiency,bus,km_per_pj,road,passenger,lpg,all,yearly,national,['avg_eff_no_outliers $ transport_data_system_9th'],1,1295830676.4857378,avg_eff_no_outliers $ transport_data_system_9th,99679282.8065952,single_datapoint,no_comment
1154,2018,02_BD,turnover_rate,bus,%,road,passenger,lpg,all,yearly,national,['manually_inputted_data $ guess'],1,0.42,manually_inputted_data $ guess,0.03,manual,no_comment
1155,2019,02_BD,new_vehicle_efficiency,bus,km_per_pj,road,passenger,lpg,all,yearly,national,['avg_eff_no_outliers $ transport_data_system_9th'],1,1295830676.4857378,avg_eff_no_outliers $ transport_data_system_9th,99679282.8065952,single_datapoint,no_comment
1156,2019,02_BD,turnover_rate,bus,%,road,passenger,lpg,all,yearly,national,['manually_inputted_data $ guess'],1,0.42,manually_inputted_data $ guess,0.03,manual,no_comment
1157,2020,02_BD,new_vehicle_efficiency,bus,km_per_pj,road,passenger,lpg,all,yearly,national,['avg_eff_no_outliers $ transport_data_system_9th'],1,1295830676.4857378,avg_eff_no_outliers $ transport_data_system_9th,99679282.8065952,single_datapoint,no_comment
1158,2020,02_BD,turnover_rate,bus,%,road,passenger,lpg,all,yearly,national,['manually_inputted_data $ guess'],1,0.42,manually_inputted_data $ guess,0.03,manual,no_comment
1159,2021,02_BD,new_vehicle_efficiency,bus,km_per_pj,road,passenger,lpg,all,yearly,national,['avg_eff_no_outliers $ transport_data_system_9th'],1,1295830676.4857378,avg_eff_no_outliers $ transport_data_system_9th,99679282.8065952,single_datapoint,no_comment
1160,2021,02_BD,turnover_rate,bus,%,road,passenger,lpg,all,yearly,national,['manually_inputted_data $ guess'],1,0.42,manually_inputted_data $ guess,0.03,manual,no_comment
1161,2022,02_BD,new_vehicle_efficiency,bus,km_per_pj,road,passenger,lpg,all,yearly,national,['avg_eff_no_outliers $ transport_data_system_9th'],1,1295830676.4857378,avg_eff_no_outliers $ transport_data_system_9th,99679282.8065952,single_datapoint,no_comment
1162,2022,02_BD,turnover_rate,bus,%,road,passenger,lpg,all,yearly,national,['manually_inputted_data $ guess'],1,0.42,manually_inputted_data $ guess,0.03,manual,no_comment
1163,2010,02_BD,new_vehicle_efficiency,bus,km_per_pj,road,passenger,phev,all,yearly,national,['avg_eff_no_outliers $ transport_data_system_9th'],1,1472018422.278209,avg_eff_no_outliers $ transport_data_system_9th,113232186.329093,single_datapoint,no_comment
1164,2010,02_BD,turnover_rate,bus,%,road,passenger,phev,all,yearly,national,['manually_inputted_data $ guess'],1,0.39,manually_inputted_data $ guess,0.03,single_datapoint,no_comment
1165,2011,02_BD,new_vehicle_efficiency,bus,km_per_pj,road,passenger,phev,all,yearly,national,['avg_eff_no_outliers $ transport_data_system_9th'],1,1472018422.278209,avg_eff_no_outliers $ transport_data_system_9th,113232186.329093,single_datapoint,no_comment
1166,2011,02_BD,turnover_rate,bus,%,road,passenger,phev,all,yearly,national,['manually_inputted_data $ guess'],1,0.39,manually_inputted_data $ guess,0.03,single_datapoint,no_comment
1167,2012,02_BD,new_vehicle_efficiency,bus,km_per_pj,road,passenger,phev,all,yearly,national,['avg_eff_no_outliers $ transport_data_system_9th'],1,1472018422.278209,avg_eff_no_outliers $ transport_data_system_9th,113232186.329093,single_datapoint,no_comment
1168,2012,02_BD,turnover_rate,bus,%,road,passenger,phev,all,yearly,national,['manually_inputted_data $ guess'],1,0.39,manually_inputted_data $ guess,0.03,single_datapoint,no_comment
1169,2013,02_BD,new_vehicle_efficiency,bus,km_per_pj,road,passenger,phev,all,yearly,national,['avg_eff_no_outliers $ transport_data_system_9th'],1,1472018422.278209,avg_eff_no_outliers $ transport_data_system_9th,113232186.329093,single_datapoint,no_comment
1170,2013,02_BD,turnover_rate,bus,%,road,passenger,phev,all,yearly,national,['manually_inputted_data $ guess'],1,0.39,manually_inputted_data $ guess,0.03,single_datapoint,no_comment
1171,2014,02_BD,new_vehicle_efficiency,bus,km_per_pj,road,passenger,phev,all,yearly,national,['avg_eff_no_outliers $ transport_data_system_9th'],1,1472018422.278209,avg_eff_no_outliers $ transport_data_system_9th,113232186.329093,single_datapoint,no_comment
1172,2014,02_BD,turnover_rate,bus,%,road,passenger,phev,all,yearly,national,['manually_inputted_data $ guess'],1,0.39,manually_inputted_data $ guess,0.03,single_datapoint,no_comment
1173,2015,02_BD,new_vehicle_efficiency,bus,km_per_pj,road,passenger,phev,all,yearly,national,['avg_eff_no_outliers $ transport_data_system_9th'],1,1472018422.278209,avg_eff_no_outliers $ transport_data_system_9th,113232186.329093,single_datapoint,no_comment
1174,2015,02_BD,turnover_rate,bus,%,road,passenger,phev,all,yearly,national,['manually_inputted_data $ guess'],1,0.39,manually_inputted_data $ guess,0.03,single_datapoint,no_comment
1175,2016,02_BD,new_vehicle_efficiency,bus,km_per_pj,road,passenger,phev,all,yearly,national,['avg_eff_no_outliers $ transport_data_system_9th'],1,1472018422.278209,avg_eff_no_outliers $ transport_data_system_9th,113232186.329093,single_datapoint,no_comment
1176,2016,02_BD,turnover_rate,bus,%,road,passenger,phev,all,yearly,national,['manually_inputted_data $ guess'],1,0.39,manually_inputted_data $ guess,0.03,single_datapoint,no_comment
1177,2017,02_BD,new_vehicle_efficiency,bus,km_per_pj,road,passenger,phev,all,yearly,national,['avg_eff_no_outliers $ transport_data_system_9th'],1,1472018422.278209,avg_eff_no_outliers $ transport_data_system_9th,113232186.329093,single_datapoint,no_comment
1178,2017,02_BD,turnover_rate,bus,%,road,passenger,phev,all,yearly,national,['manually_inputted_data $ guess'],1,0.39,manually_inputted_data $ guess,0.03,single_datapoint,no_comment
1179,2018,02_BD,new_vehicle_efficiency,bus,km_per_pj,road,passenger,phev,all,yearly,national,['avg_eff_no_outliers $ transport_data_system_9th'],1,1472018422.278209,avg_eff_no_outliers $ transport_data_system_9th,113232186.329093,single_datapoint,no_comment
1180,2018,02_BD,turnover_rate,bus,%,road,passenger,phev,all,yearly,national,['manually_inputted_data $ guess'],1,0.39,manually_inputted_data $ guess,0.03,single_datapoint,no_comment
1181,2019,02_BD,new_vehicle_efficiency,bus,km_per_pj,road,passenger,phev,all,yearly,national,['avg_eff_no_outliers $ transport_data_system_9th'],1,1472018422.278209,avg_eff_no_outliers $ transport_data_system_9th,113232186.329093,single_datapoint,no_comment
1182,2019,02_BD,turnover_rate,bus,%,road,passenger,phev,all,yearly,national,['manually_inputted_data $ guess'],1,0.39,manually_inputted_data $ guess,0.03,single_datapoint,no_comment
1183,2020,02_BD,new_vehicle_efficiency,bus,km_per_pj,road,passenger,phev,all,yearly,national,['avg_eff_no_outliers $ transport_data_system_9th'],1,1472018422.278209,avg_eff_no_outliers $ transport_data_system_9th,113232186.329093,single_datapoint,no_comment
1184,2020,02_BD,turnover_rate,bus,%,road,passenger,phev,all,yearly,national,['manually_inputted_data $ guess'],1,0.39,manually_inputted_data $ guess,0.03,single_datapoint,no_comment
1185,2021,02_BD,new_vehicle_efficiency,bus,km_per_pj,road,passenger,phev,all,yearly,national,['avg_eff_no_outliers $ transport_data_system_9th'],1,1472018422.278209,avg_eff_no_outliers $ transport_data_system_9th,113232186.329093,single_datapoint,no_comment
1186,2021,02_BD,turnover_rate,bus,%,road,passenger,phev,all,yearly,national,['manually_inputted_data $ guess'],1,0.39,manually_inputted_data $ guess,0.03,single_datapoint,no_comment
1187,2022,02_BD,new_vehicle_efficiency,bus,km_per_pj,road,passenger,phev,all,yearly,national,['avg_eff_no_outliers $ transport_data_system_9th'],1,1472018422.278209,avg_eff_no_outliers $ transport_data_system_9th,113232186.329093,single_datapoint,no_comment
1188,2022,02_BD,turnover_rate,bus,%,road,passenger,phev,all,yearly,national,['manually_inputted_data $ guess'],1,0.39,manually_inputted_data $ guess,0.03,single_datapoint,no_comment
1189,2010,02_BD,new_vehicle_efficiency,ht,km_per_pj,road,freight,bev,all,yearly,national,['avg_eff_no_outliers $ transport_data_system_9th'],1,3249486640.872147,avg_eff_no_outliers $ transport_data_system_9th,249960510.836319,single_datapoint,no_comment
1190,2010,02_BD,turnover_rate,ht,%,road,freight,bev,all,yearly,national,['manually_inputted_data $ guess'],1,0.42,manually_inputted_data $ guess,0.03,manual,no_comment
1191,2011,02_BD,new_vehicle_efficiency,ht,km_per_pj,road,freight,bev,all,yearly,national,['avg_eff_no_outliers $ transport_data_system_9th'],1,3249486640.872147,avg_eff_no_outliers $ transport_data_system_9th,249960510.836319,single_datapoint,no_comment
1192,2011,02_BD,turnover_rate,ht,%,road,freight,bev,all,yearly,national,['manually_inputted_data $ guess'],1,0.42,manually_inputted_data $ guess,0.03,manual,no_comment
1193,2012,02_BD,new_vehicle_efficiency,ht,km_per_pj,road,freight,bev,all,yearly,national,['avg_eff_no_outliers $ transport_data_system_9th'],1,3249486640.872147,avg_eff_no_outliers $ transport_data_system_9th,249960510.836319,single_datapoint,no_comment
1194,2012,02_BD,turnover_rate,ht,%,road,freight,bev,all,yearly,national,['manually_inputted_data $ guess'],1,0.42,manually_inputted_data $ guess,0.03,manual,no_comment
1195,2013,02_BD,new_vehicle_efficiency,ht,km_per_pj,road,freight,bev,all,yearly,national,['avg_eff_no_outliers $ transport_data_system_9th'],1,3249486640.872147,avg_eff_no_outliers $ transport_data_system_9th,249960510.836319,single_datapoint,no_comment
1196,2013,02_BD,turnover_rate,ht,%,road,freight,bev,all,yearly,national,['manually_inputted_data $ guess'],1,0.42,manually_inputted_data $ guess,0.03,manual,no_comment
1197,2014,02_BD,new_vehicle_efficiency,ht,km_per_pj,road,freight,bev,all,yearly,national,['avg_eff_no_outliers $ transport_data_system_9th'],1,3249486640.872147,avg_eff_no_outliers $ transport_data_system_9th,249960510.836319,single_datapoint,no_comment
1198,2014,02_BD,turnover_rate,ht,%,road,freight,bev,all,yearly,national,['manually_inputted_data $ guess'],1,0.42,manually_inputted_data $ guess,0.03,manual,no_comment
1199,2015,02_BD,new_vehicle_efficiency,ht,km_per_pj,road,freight,bev,all,yearly,national,['avg_eff_no_outliers $ transport_data_system_9th'],1,3249486640.872147,avg_eff_no_outliers $ transport_data_system_9th,249960510.836319,single_datapoint,no_comment
1200,2015,02_BD,turnover_rate,ht,%,road,freight,bev,all,yearly,national,['manually_inputted_data $ guess'],1,0.42,manually_inputted_data $ guess,0.03,manual,no_comment
1201,2016,02_BD,new_vehicle_efficiency,ht,km_per_pj,road,freight,bev,all,yearly,national,['avg_eff_no_outliers $ transport_data_system_9th'],1,3249486640.872147,avg_eff_no_outliers $ transport_data_system_9th,249960510.836319,single_datapoint,no_comment
1202,2016,02_BD,turnover_rate,ht,%,road,freight,bev,all,yearly,national,['manually_inputted_data $ guess'],1,0.42,manually_inputted_data $ guess,0.03,manual,no_comment
1203,2017,02_BD,new_vehicle_efficiency,ht,km_per_pj,road,freight,bev,all,yearly,national,['avg_eff_no_outliers $ transport_data_system_9th'],1,3249486640.872147,avg_eff_no_outliers $ transport_data_system_9th,249960510.836319,single_datapoint,no_comment
1204,2017,02_BD,turnover_rate,ht,%,road,freight,bev,all,yearly,national,"['manually_inputted_data $ guess', 'turnover_rate_est']",2,0.42,manually_inputted_data $ guess,0.03,manual,no_comment
1205,2018,02_BD,new_vehicle_efficiency,ht,km_per_pj,road,freight,bev,all,yearly,national,['avg_eff_no_outliers $ transport_data_system_9th'],1,3249486640.872147,avg_eff_no_outliers $ transport_data_system_9th,249960510.836319,single_datapoint,no_comment
1206,2018,02_BD,turnover_rate,ht,%,road,freight,bev,all,yearly,national,['manually_inputted_data $ guess'],1,0.42,manually_inputted_data $ guess,0.03,manual,no_comment
1207,2019,02_BD,new_vehicle_efficiency,ht,km_per_pj,road,freight,bev,all,yearly,national,['avg_eff_no_outliers $ transport_data_system_9th'],1,3249486640.872147,avg_eff_no_outliers $ transport_data_system_9th,249960510.836319,single_datapoint,no_comment
1208,2019,02_BD,turnover_rate,ht,%,road,freight,bev,all,yearly,national,['manually_inputted_data $ guess'],1,0.42,manually_inputted_data $ guess,0.03,manual,no_comment
1209,2020,02_BD,new_vehicle_efficiency,ht,km_per_pj,road,freight,bev,all,yearly,national,['avg_eff_no_outliers $ transport_data_system_9th'],1,3249486640.872147,avg_eff_no_outliers $ transport_data_system_9th,249960510.836319,single_datapoint,no_comment
1210,2020,02_BD,turnover_rate,ht,%,road,freight,bev,all,yearly,national,['manually_inputted_data $ guess'],1,0.42,manually_inputted_data $ guess,0.03,manual,no_comment
1211,2021,02_BD,new_vehicle_efficiency,ht,km_per_pj,road,freight,bev,all,yearly,national,['avg_eff_no_outliers $ transport_data_system_9th'],1,3249486640.872147,avg_eff_no_outliers $ transport_data_system_9th,249960510.836319,single_datapoint,no_comment
1212,2021,02_BD,turnover_rate,ht,%,road,freight,bev,all,yearly,national,['manually_inputted_data $ guess'],1,0.42,manually_inputted_data $ guess,0.03,manual,no_comment
1213,2022,02_BD,new_vehicle_efficiency,ht,km_per_pj,road,freight,bev,all,yearly,national,['avg_eff_no_outliers $ transport_data_system_9th'],1,3249486640.872147,avg_eff_no_outliers $ transport_data_system_9th,249960510.836319,single_datapoint,no_comment
1214,2022,02_BD,turnover_rate,ht,%,road,freight,bev,all,yearly,national,['manually_inputted_data $ guess'],1,0.42,manually_inputted_data $ guess,0.03,manual,no_comment
1215,2010,02_BD,new_vehicle_efficiency,ht,km_per_pj,road,freight,cng,all,yearly,national,['avg_eff_no_outliers $ transport_data_system_9th'],1,1775178058.548531,avg_eff_no_outliers $ transport_data_system_9th,136552158.349887,single_datapoint,no_comment
1216,2010,02_BD,turnover_rate,ht,%,road,freight,cng,all,yearly,national,['manually_inputted_data $ guess'],1,0.42,manually_inputted_data $ guess,0.03,manual,no_comment
1217,2011,02_BD,new_vehicle_efficiency,ht,km_per_pj,road,freight,cng,all,yearly,national,['avg_eff_no_outliers $ transport_data_system_9th'],1,1775178058.548531,avg_eff_no_outliers $ transport_data_system_9th,136552158.349887,single_datapoint,no_comment
1218,2011,02_BD,turnover_rate,ht,%,road,freight,cng,all,yearly,national,['manually_inputted_data $ guess'],1,0.42,manually_inputted_data $ guess,0.03,manual,no_comment
1219,2012,02_BD,new_vehicle_efficiency,ht,km_per_pj,road,freight,cng,all,yearly,national,['avg_eff_no_outliers $ transport_data_system_9th'],1,1775178058.548531,avg_eff_no_outliers $ transport_data_system_9th,136552158.349887,single_datapoint,no_comment
1220,2012,02_BD,turnover_rate,ht,%,road,freight,cng,all,yearly,national,['manually_inputted_data $ guess'],1,0.42,manually_inputted_data $ guess,0.03,manual,no_comment
1221,2013,02_BD,new_vehicle_efficiency,ht,km_per_pj,road,freight,cng,all,yearly,national,['avg_eff_no_outliers $ transport_data_system_9th'],1,1775178058.548531,avg_eff_no_outliers $ transport_data_system_9th,136552158.349887,single_datapoint,no_comment
1222,2013,02_BD,turnover_rate,ht,%,road,freight,cng,all,yearly,national,['manually_inputted_data $ guess'],1,0.42,manually_inputted_data $ guess,0.03,manual,no_comment
1223,2014,02_BD,new_vehicle_efficiency,ht,km_per_pj,road,freight,cng,all,yearly,national,['avg_eff_no_outliers $ transport_data_system_9th'],1,1775178058.548531,avg_eff_no_outliers $ transport_data_system_9th,136552158.349887,single_datapoint,no_comment
1224,2014,02_BD,turnover_rate,ht,%,road,freight,cng,all,yearly,national,['manually_inputted_data $ guess'],1,0.42,manually_inputted_data $ guess,0.03,manual,no_comment
1225,2015,02_BD,new_vehicle_efficiency,ht,km_per_pj,road,freight,cng,all,yearly,national,['avg_eff_no_outliers $ transport_data_system_9th'],1,1775178058.548531,avg_eff_no_outliers $ transport_data_system_9th,136552158.349887,single_datapoint,no_comment
1226,2015,02_BD,turnover_rate,ht,%,road,freight,cng,all,yearly,national,['manually_inputted_data $ guess'],1,0.42,manually_inputted_data $ guess,0.03,manual,no_comment
1227,2016,02_BD,new_vehicle_efficiency,ht,km_per_pj,road,freight,cng,all,yearly,national,['avg_eff_no_outliers $ transport_data_system_9th'],1,1775178058.548531,avg_eff_no_outliers $ transport_data_system_9th,136552158.349887,single_datapoint,no_comment
1228,2016,02_BD,turnover_rate,ht,%,road,freight,cng,all,yearly,national,['manually_inputted_data $ guess'],1,0.42,manually_inputted_data $ guess,0.03,manual,no_comment
1229,2017,02_BD,new_vehicle_efficiency,ht,km_per_pj,road,freight,cng,all,yearly,national,['avg_eff_no_outliers $ transport_data_system_9th'],1,1775178058.548531,avg_eff_no_outliers $ transport_data_system_9th,136552158.349887,single_datapoint,no_comment
1230,2017,02_BD,turnover_rate,ht,%,road,freight,cng,all,yearly,national,"['manually_inputted_data $ guess', 'turnover_rate_est']",2,0.42,manually_inputted_data $ guess,0.03,manual,no_comment
1231,2018,02_BD,new_vehicle_efficiency,ht,km_per_pj,road,freight,cng,all,yearly,national,['avg_eff_no_outliers $ transport_data_system_9th'],1,1775178058.548531,avg_eff_no_outliers $ transport_data_system_9th,136552158.349887,single_datapoint,no_comment
1232,2018,02_BD,turnover_rate,ht,%,road,freight,cng,all,yearly,national,['manually_inputted_data $ guess'],1,0.42,manually_inputted_data $ guess,0.03,manual,no_comment
1233,2019,02_BD,new_vehicle_efficiency,ht,km_per_pj,road,freight,cng,all,yearly,national,['avg_eff_no_outliers $ transport_data_system_9th'],1,1775178058.548531,avg_eff_no_outliers $ transport_data_system_9th,136552158.349887,single_datapoint,no_comment
1234,2019,02_BD,turnover_rate,ht,%,road,freight,cng,all,yearly,national,['manually_inputted_data $ guess'],1,0.42,manually_inputted_data $ guess,0.03,manual,no_comment
1235,2020,02_BD,new_vehicle_efficiency,ht,km_per_pj,road,freight,cng,all,yearly,national,['avg_eff_no_outliers $ transport_data_system_9th'],1,1775178058.548531,avg_eff_no_outliers $ transport_data_system_9th,136552158.349887,single_datapoint,no_comment
1236,2020,02_BD,turnover_rate,ht,%,road,freight,cng,all,yearly,national,['manually_inputted_data $ guess'],1,0.42,manually_inputted_data $ guess,0.03,manual,no_comment
1237,2021,02_BD,new_vehicle_efficiency,ht,km_per_pj,road,freight,cng,all,yearly,national,['avg_eff_no_outliers $ transport_data_system_9th'],1,1775178058.548531,avg_eff_no_outliers $ transport_data_system_9th,136552158.349887,single_datapoint,no_comment
1238,2021,02_BD,turnover_rate,ht,%,road,freight,cng,all,yearly,national,['manually_inputted_data $ guess'],1,0.42,manually_inputted_data $ guess,0.03,manual,no_comment
1239,2022,02_BD,new_vehicle_efficiency,ht,km_per_pj,road,freight,cng,all,yearly,national,['avg_eff_no_outliers $ transport_data_system_9th'],1,1775178058.548531,avg_eff_no_outliers $ transport_data_system_9th,136552158.349887,single_datapoint,no_comment
1240,2022,02_BD,turnover_rate,ht,%,road,freight,cng,all,yearly,national,['manually_inputted_data $ guess'],1,0.42,manually_inputted_data $ guess,0.03,manual,no_comment
1241,2017,02_BD,turnover_rate,ht,%,road,freight,fcev,all,yearly,national,['turnover_rate_est'],1,0.03,turnover_rate_est,0.03,single_datapoint,no_comment
1242,2010,02_BD,new_vehicle_efficiency,ht,km_per_pj,road,freight,ice,all,yearly,national,['avg_eff_no_outliers $ transport_data_system_9th'],1,1058551713.3301452,avg_eff_no_outliers $ transport_data_system_9th,81427054.87154964,single_datapoint,no_comment
1243,2010,02_BD,turnover_rate,ht,%,road,freight,ice,all,yearly,national,['manually_inputted_data $ guess'],1,0.39,manually_inputted_data $ guess,0.03,single_datapoint,no_comment
1244,2011,02_BD,new_vehicle_efficiency,ht,km_per_pj,road,freight,ice,all,yearly,national,['avg_eff_no_outliers $ transport_data_system_9th'],1,1058551713.3301452,avg_eff_no_outliers $ transport_data_system_9th,81427054.87154964,single_datapoint,no_comment
1245,2011,02_BD,turnover_rate,ht,%,road,freight,ice,all,yearly,national,['manually_inputted_data $ guess'],1,0.39,manually_inputted_data $ guess,0.03,single_datapoint,no_comment
1246,2012,02_BD,new_vehicle_efficiency,ht,km_per_pj,road,freight,ice,all,yearly,national,['avg_eff_no_outliers $ transport_data_system_9th'],1,1058551713.3301452,avg_eff_no_outliers $ transport_data_system_9th,81427054.87154964,single_datapoint,no_comment
1247,2012,02_BD,turnover_rate,ht,%,road,freight,ice,all,yearly,national,['manually_inputted_data $ guess'],1,0.39,manually_inputted_data $ guess,0.03,single_datapoint,no_comment
1248,2013,02_BD,new_vehicle_efficiency,ht,km_per_pj,road,freight,ice,all,yearly,national,['avg_eff_no_outliers $ transport_data_system_9th'],1,1058551713.3301452,avg_eff_no_outliers $ transport_data_system_9th,81427054.87154964,single_datapoint,no_comment
1249,2013,02_BD,turnover_rate,ht,%,road,freight,ice,all,yearly,national,['manually_inputted_data $ guess'],1,0.39,manually_inputted_data $ guess,0.03,single_datapoint,no_comment
1250,2014,02_BD,new_vehicle_efficiency,ht,km_per_pj,road,freight,ice,all,yearly,national,['avg_eff_no_outliers $ transport_data_system_9th'],1,1058551713.3301452,avg_eff_no_outliers $ transport_data_system_9th,81427054.87154964,single_datapoint,no_comment
1251,2014,02_BD,turnover_rate,ht,%,road,freight,ice,all,yearly,national,['manually_inputted_data $ guess'],1,0.39,manually_inputted_data $ guess,0.03,single_datapoint,no_comment
1252,2015,02_BD,new_vehicle_efficiency,ht,km_per_pj,road,freight,ice,all,yearly,national,['avg_eff_no_outliers $ transport_data_system_9th'],1,1058551713.3301452,avg_eff_no_outliers $ transport_data_system_9th,81427054.87154964,single_datapoint,no_comment
1253,2015,02_BD,turnover_rate,ht,%,road,freight,ice,all,yearly,national,['manually_inputted_data $ guess'],1,0.39,manually_inputted_data $ guess,0.03,single_datapoint,no_comment
1254,2016,02_BD,new_vehicle_efficiency,ht,km_per_pj,road,freight,ice,all,yearly,national,['avg_eff_no_outliers $ transport_data_system_9th'],1,1058551713.3301452,avg_eff_no_outliers $ transport_data_system_9th,81427054.87154964,single_datapoint,no_comment
1255,2016,02_BD,turnover_rate,ht,%,road,freight,ice,all,yearly,national,['manually_inputted_data $ guess'],1,0.39,manually_inputted_data $ guess,0.03,single_datapoint,no_comment
1256,2017,02_BD,activity,ht,passenger_km_or_freight_tonne_km,road,freight,ice,all,yearly,national,['estimated $ calculate_energy_and_activity()'],1,10525781250.0,estimated $ calculate_energy_and_activity(),10525781250.0,single_datapoint,no_comment
1257,2017,02_BD,energy,ht,pj,road,freight,ice,all,yearly,national,['estimated $ calculate_energy_and_activity()'],1,26.515572885724083,estimated $ calculate_energy_and_activity(),26.515572885724083,single_datapoint,no_comment
1258,2017,02_BD,new_vehicle_efficiency,ht,km_per_pj,road,freight,ice,all,yearly,national,['avg_eff_no_outliers $ transport_data_system_9th'],1,1058551713.3301452,avg_eff_no_outliers $ transport_data_system_9th,81427054.87154964,single_datapoint,no_comment
1259,2017,02_BD,travel_km,ht,km,road,freight,ice,all,yearly,national,['estimated $ calculate_energy_and_activity()'],1,1871250000.0,estimated $ calculate_energy_and_activity(),1871250000.0,single_datapoint,no_comment
1260,2017,02_BD,turnover_rate,ht,%,road,freight,ice,all,yearly,national,['manually_inputted_data $ guess'],1,0.39,manually_inputted_data $ guess,0.03,single_datapoint,no_comment
1261,2018,02_BD,new_vehicle_efficiency,ht,km_per_pj,road,freight,ice,all,yearly,national,['avg_eff_no_outliers $ transport_data_system_9th'],1,1058551713.3301452,avg_eff_no_outliers $ transport_data_system_9th,81427054.87154964,single_datapoint,no_comment
1262,2018,02_BD,turnover_rate,ht,%,road,freight,ice,all,yearly,national,['manually_inputted_data $ guess'],1,0.39,manually_inputted_data $ guess,0.03,single_datapoint,no_comment
1263,2019,02_BD,new_vehicle_efficiency,ht,km_per_pj,road,freight,ice,all,yearly,national,['avg_eff_no_outliers $ transport_data_system_9th'],1,1058551713.3301452,avg_eff_no_outliers $ transport_data_system_9th,81427054.87154964,single_datapoint,no_comment
1264,2019,02_BD,turnover_rate,ht,%,road,freight,ice,all,yearly,national,['manually_inputted_data $ guess'],1,0.39,manually_inputted_data $ guess,0.03,single_datapoint,no_comment
1265,2020,02_BD,new_vehicle_efficiency,ht,km_per_pj,road,freight,ice,all,yearly,national,['avg_eff_no_outliers $ transport_data_system_9th'],1,1058551713.3301452,avg_eff_no_outliers $ transport_data_system_9th,81427054.87154964,single_datapoint,no_comment
1266,2020,02_BD,turnover_rate,ht,%,road,freight,ice,all,yearly,national,['manually_inputted_data $ guess'],1,0.39,manually_inputted_data $ guess,0.03,single_datapoint,no_comment
1267,2021,02_BD,new_vehicle_efficiency,ht,km_per_pj,road,freight,ice,all,yearly,national,['avg_eff_no_outliers $ transport_data_system_9th'],1,1058551713.3301452,avg_eff_no_outliers $ transport_data_system_9th,81427054.87154964,single_datapoint,no_comment
1268,2021,02_BD,turnover_rate,ht,%,road,freight,ice,all,yearly,national,['manually_inputted_data $ guess'],1,0.39,manually_inputted_data $ guess,0.03,single_datapoint,no_comment
1269,2022,02_BD,new_vehicle_efficiency,ht,km_per_pj,road,freight,ice,all,yearly,national,['avg_eff_no_outliers $ transport_data_system_9th'],1,1058551713.3301452,avg_eff_no_outliers $ transport_data_system_9th,81427054.87154964,single_datapoint,no_comment
1270,2022,02_BD,turnover_rate,ht,%,road,freight,ice,all,yearly,national,['manually_inputted_data $ guess'],1,0.39,manually_inputted_data $ guess,0.03,single_datapoint,no_comment
1271,2010,02_BD,new_vehicle_efficiency,ht,km_per_pj,road,freight,lpg,all,yearly,national,['avg_eff_no_outliers $ transport_data_system_9th'],1,1405649677.815799,avg_eff_no_outliers $ transport_data_system_9th,108126898.293523,single_datapoint,no_comment
1272,2010,02_BD,turnover_rate,ht,%,road,freight,lpg,all,yearly,national,['manually_inputted_data $ guess'],1,0.42,manually_inputted_data $ guess,0.03,manual,no_comment
1273,2011,02_BD,new_vehicle_efficiency,ht,km_per_pj,road,freight,lpg,all,yearly,national,['avg_eff_no_outliers $ transport_data_system_9th'],1,1405649677.815799,avg_eff_no_outliers $ transport_data_system_9th,108126898.293523,single_datapoint,no_comment
1274,2011,02_BD,turnover_rate,ht,%,road,freight,lpg,all,yearly,national,['manually_inputted_data $ guess'],1,0.42,manually_inputted_data $ guess,0.03,manual,no_comment
1275,2012,02_BD,new_vehicle_efficiency,ht,km_per_pj,road,freight,lpg,all,yearly,national,['avg_eff_no_outliers $ transport_data_system_9th'],1,1405649677.815799,avg_eff_no_outliers $ transport_data_system_9th,108126898.293523,single_datapoint,no_comment
1276,2012,02_BD,turnover_rate,ht,%,road,freight,lpg,all,yearly,national,['manually_inputted_data $ guess'],1,0.42,manually_inputted_data $ guess,0.03,manual,no_comment
1277,2013,02_BD,new_vehicle_efficiency,ht,km_per_pj,road,freight,lpg,all,yearly,national,['avg_eff_no_outliers $ transport_data_system_9th'],1,1405649677.815799,avg_eff_no_outliers $ transport_data_system_9th,108126898.293523,single_datapoint,no_comment
1278,2013,02_BD,turnover_rate,ht,%,road,freight,lpg,all,yearly,national,['manually_inputted_data $ guess'],1,0.42,manually_inputted_data $ guess,0.03,manual,no_comment
1279,2014,02_BD,new_vehicle_efficiency,ht,km_per_pj,road,freight,lpg,all,yearly,national,['avg_eff_no_outliers $ transport_data_system_9th'],1,1405649677.815799,avg_eff_no_outliers $ transport_data_system_9th,108126898.293523,single_datapoint,no_comment
1280,2014,02_BD,turnover_rate,ht,%,road,freight,lpg,all,yearly,national,['manually_inputted_data $ guess'],1,0.42,manually_inputted_data $ guess,0.03,manual,no_comment
1281,2015,02_BD,new_vehicle_efficiency,ht,km_per_pj,road,freight,lpg,all,yearly,national,['avg_eff_no_outliers $ transport_data_system_9th'],1,1405649677.815799,avg_eff_no_outliers $ transport_data_system_9th,108126898.293523,single_datapoint,no_comment
1282,2015,02_BD,turnover_rate,ht,%,road,freight,lpg,all,yearly,national,['manually_inputted_data $ guess'],1,0.42,manually_inputted_data $ guess,0.03,manual,no_comment
1283,2016,02_BD,new_vehicle_efficiency,ht,km_per_pj,road,freight,lpg,all,yearly,national,['avg_eff_no_outliers $ transport_data_system_9th'],1,1405649677.815799,avg_eff_no_outliers $ transport_data_system_9th,108126898.293523,single_datapoint,no_comment
1284,2016,02_BD,turnover_rate,ht,%,road,freight,lpg,all,yearly,national,['manually_inputted_data $ guess'],1,0.42,manually_inputted_data $ guess,0.03,manual,no_comment
1285,2017,02_BD,new_vehicle_efficiency,ht,km_per_pj,road,freight,lpg,all,yearly,national,['avg_eff_no_outliers $ transport_data_system_9th'],1,1405649677.815799,avg_eff_no_outliers $ transport_data_system_9th,108126898.293523,single_datapoint,no_comment
1286,2017,02_BD,turnover_rate,ht,%,road,freight,lpg,all,yearly,national,"['manually_inputted_data $ guess', 'turnover_rate_est']",2,0.42,manually_inputted_data $ guess,0.03,manual,no_comment
1287,2018,02_BD,new_vehicle_efficiency,ht,km_per_pj,road,freight,lpg,all,yearly,national,['avg_eff_no_outliers $ transport_data_system_9th'],1,1405649677.815799,avg_eff_no_outliers $ transport_data_system_9th,108126898.293523,single_datapoint,no_comment
1288,2018,02_BD,turnover_rate,ht,%,road,freight,lpg,all,yearly,national,['manually_inputted_data $ guess'],1,0.42,manually_inputted_data $ guess,0.03,manual,no_comment
1289,2019,02_BD,new_vehicle_efficiency,ht,km_per_pj,road,freight,lpg,all,yearly,national,['avg_eff_no_outliers $ transport_data_system_9th'],1,1405649677.815799,avg_eff_no_outliers $ transport_data_system_9th,108126898.293523,single_datapoint,no_comment
1290,2019,02_BD,turnover_rate,ht,%,road,freight,lpg,all,yearly,national,['manually_inputted_data $ guess'],1,0.42,manually_inputted_data $ guess,0.03,manual,no_comment
1291,2020,02_BD,new_vehicle_efficiency,ht,km_per_pj,road,freight,lpg,all,yearly,national,['avg_eff_no_outliers $ transport_data_system_9th'],1,1405649677.815799,avg_eff_no_outliers $ transport_data_system_9th,108126898.293523,single_datapoint,no_comment
1292,2020,02_BD,turnover_rate,ht,%,road,freight,lpg,all,yearly,national,['manually_inputted_data $ guess'],1,0.42,manually_inputted_data $ guess,0.03,manual,no_comment
1293,2021,02_BD,new_vehicle_efficiency,ht,km_per_pj,road,freight,lpg,all,yearly,national,['avg_eff_no_outliers $ transport_data_system_9th'],1,1405649677.815799,avg_eff_no_outliers $ transport_data_system_9th,108126898.293523,single_datapoint,no_comment
1294,2021,02_BD,turnover_rate,ht,%,road,freight,lpg,all,yearly,national,['manually_inputted_data $ guess'],1,0.42,manually_inputted_data $ guess,0.03,manual,no_comment
1295,2022,02_BD,new_vehicle_efficiency,ht,km_per_pj,road,freight,lpg,all,yearly,national,['avg_eff_no_outliers $ transport_data_system_9th'],1,1405649677.815799,avg_eff_no_outliers $ transport_data_system_9th,108126898.293523,single_datapoint,no_comment
1296,2022,02_BD,turnover_rate,ht,%,road,freight,lpg,all,yearly,national,['manually_inputted_data $ guess'],1,0.42,manually_inputted_data $ guess,0.03,manual,no_comment
1297,2010,02_BD,new_vehicle_efficiency,ldv,km_per_pj,road,freight,bev,all,yearly,national,['avg_eff_no_outliers $ transport_data_system_9th'],1,7200566335.010296,avg_eff_no_outliers $ transport_data_system_9th,553889718.077715,single_datapoint,no_comment
1298,2010,02_BD,new_vehicle_efficiency,ldv,km_per_pj,road,passenger,bev,all,yearly,national,['avg_eff_no_outliers $ transport_data_system_9th'],1,9901716082.423439,avg_eff_no_outliers $ transport_data_system_9th,761670467.878726,single_datapoint,no_comment
1299,2010,02_BD,turnover_rate,ldv,%,road,freight,bev,all,yearly,national,['manually_inputted_data $ guess'],1,0.42,manually_inputted_data $ guess,0.03,manual,no_comment
1300,2010,02_BD,turnover_rate,ldv,%,road,passenger,bev,all,yearly,national,['manually_inputted_data $ guess'],1,0.42,manually_inputted_data $ guess,0.03,manual,no_comment
1301,2011,02_BD,new_vehicle_efficiency,ldv,km_per_pj,road,freight,bev,all,yearly,national,['avg_eff_no_outliers $ transport_data_system_9th'],1,7200566335.010296,avg_eff_no_outliers $ transport_data_system_9th,553889718.077715,single_datapoint,no_comment
1302,2011,02_BD,new_vehicle_efficiency,ldv,km_per_pj,road,passenger,bev,all,yearly,national,['avg_eff_no_outliers $ transport_data_system_9th'],1,9901716082.423439,avg_eff_no_outliers $ transport_data_system_9th,761670467.878726,single_datapoint,no_comment
1303,2011,02_BD,turnover_rate,ldv,%,road,freight,bev,all,yearly,national,['manually_inputted_data $ guess'],1,0.42,manually_inputted_data $ guess,0.03,manual,no_comment
1304,2011,02_BD,turnover_rate,ldv,%,road,passenger,bev,all,yearly,national,['manually_inputted_data $ guess'],1,0.42,manually_inputted_data $ guess,0.03,manual,no_comment
1305,2012,02_BD,new_vehicle_efficiency,ldv,km_per_pj,road,freight,bev,all,yearly,national,['avg_eff_no_outliers $ transport_data_system_9th'],1,7200566335.010296,avg_eff_no_outliers $ transport_data_system_9th,553889718.077715,single_datapoint,no_comment
1306,2012,02_BD,new_vehicle_efficiency,ldv,km_per_pj,road,passenger,bev,all,yearly,national,['avg_eff_no_outliers $ transport_data_system_9th'],1,9901716082.423439,avg_eff_no_outliers $ transport_data_system_9th,761670467.878726,single_datapoint,no_comment
1307,2012,02_BD,turnover_rate,ldv,%,road,freight,bev,all,yearly,national,['manually_inputted_data $ guess'],1,0.42,manually_inputted_data $ guess,0.03,manual,no_comment
1308,2012,02_BD,turnover_rate,ldv,%,road,passenger,bev,all,yearly,national,['manually_inputted_data $ guess'],1,0.42,manually_inputted_data $ guess,0.03,manual,no_comment
1309,2013,02_BD,new_vehicle_efficiency,ldv,km_per_pj,road,freight,bev,all,yearly,national,['avg_eff_no_outliers $ transport_data_system_9th'],1,7200566335.010296,avg_eff_no_outliers $ transport_data_system_9th,553889718.077715,single_datapoint,no_comment
1310,2013,02_BD,new_vehicle_efficiency,ldv,km_per_pj,road,passenger,bev,all,yearly,national,['avg_eff_no_outliers $ transport_data_system_9th'],1,9901716082.423439,avg_eff_no_outliers $ transport_data_system_9th,761670467.878726,single_datapoint,no_comment
1311,2013,02_BD,turnover_rate,ldv,%,road,freight,bev,all,yearly,national,['manually_inputted_data $ guess'],1,0.42,manually_inputted_data $ guess,0.03,manual,no_comment
1312,2013,02_BD,turnover_rate,ldv,%,road,passenger,bev,all,yearly,national,['manually_inputted_data $ guess'],1,0.42,manually_inputted_data $ guess,0.03,manual,no_comment
1313,2014,02_BD,new_vehicle_efficiency,ldv,km_per_pj,road,freight,bev,all,yearly,national,['avg_eff_no_outliers $ transport_data_system_9th'],1,7200566335.010296,avg_eff_no_outliers $ transport_data_system_9th,553889718.077715,single_datapoint,no_comment
1314,2014,02_BD,new_vehicle_efficiency,ldv,km_per_pj,road,passenger,bev,all,yearly,national,['avg_eff_no_outliers $ transport_data_system_9th'],1,9901716082.423439,avg_eff_no_outliers $ transport_data_system_9th,761670467.878726,single_datapoint,no_comment
1315,2014,02_BD,turnover_rate,ldv,%,road,freight,bev,all,yearly,national,['manually_inputted_data $ guess'],1,0.42,manually_inputted_data $ guess,0.03,manual,no_comment
1316,2014,02_BD,turnover_rate,ldv,%,road,passenger,bev,all,yearly,national,['manually_inputted_data $ guess'],1,0.42,manually_inputted_data $ guess,0.03,manual,no_comment
1317,2015,02_BD,new_vehicle_efficiency,ldv,km_per_pj,road,freight,bev,all,yearly,national,['avg_eff_no_outliers $ transport_data_system_9th'],1,7200566335.010296,avg_eff_no_outliers $ transport_data_system_9th,553889718.077715,single_datapoint,no_comment
1318,2015,02_BD,new_vehicle_efficiency,ldv,km_per_pj,road,passenger,bev,all,yearly,national,['avg_eff_no_outliers $ transport_data_system_9th'],1,9901716082.423439,avg_eff_no_outliers $ transport_data_system_9th,761670467.878726,single_datapoint,no_comment
1319,2015,02_BD,turnover_rate,ldv,%,road,freight,bev,all,yearly,national,['manually_inputted_data $ guess'],1,0.42,manually_inputted_data $ guess,0.03,manual,no_comment
1320,2015,02_BD,turnover_rate,ldv,%,road,passenger,bev,all,yearly,national,['manually_inputted_data $ guess'],1,0.42,manually_inputted_data $ guess,0.03,manual,no_comment
1321,2016,02_BD,new_vehicle_efficiency,ldv,km_per_pj,road,freight,bev,all,yearly,national,['avg_eff_no_outliers $ transport_data_system_9th'],1,7200566335.010296,avg_eff_no_outliers $ transport_data_system_9th,553889718.077715,single_datapoint,no_comment
1322,2016,02_BD,new_vehicle_efficiency,ldv,km_per_pj,road,passenger,bev,all,yearly,national,['avg_eff_no_outliers $ transport_data_system_9th'],1,9901716082.423439,avg_eff_no_outliers $ transport_data_system_9th,761670467.878726,single_datapoint,no_comment
1323,2016,02_BD,turnover_rate,ldv,%,road,freight,bev,all,yearly,national,['manually_inputted_data $ guess'],1,0.42,manually_inputted_data $ guess,0.03,manual,no_comment
1324,2016,02_BD,turnover_rate,ldv,%,road,passenger,bev,all,yearly,national,['manually_inputted_data $ guess'],1,0.42,manually_inputted_data $ guess,0.03,manual,no_comment
1325,2017,02_BD,activity,ldv,passenger_km_or_freight_tonne_km,road,passenger,bev,all,yearly,national,"['8th_edition_transport_model $ reference', 'estimated $ calculate_energy_and_activity()']",2,2936924.3248663,8th_edition_transport_model $ reference,1361924.3248663,manual,no_comment
1326,2017,02_BD,energy,ldv,pj,road,passenger,bev,all,yearly,national,"['8th_edition_transport_model $ reference', 'estimated $ calculate_energy_and_activity()']",2,0.001406583024821744,estimated $ calculate_energy_and_activity(),0.0008624137492601441,manual,no_comment
1327,2017,02_BD,new_vehicle_efficiency,ldv,km_per_pj,road,freight,bev,all,yearly,national,['avg_eff_no_outliers $ transport_data_system_9th'],1,7200566335.010296,avg_eff_no_outliers $ transport_data_system_9th,553889718.077715,single_datapoint,no_comment
1328,2017,02_BD,new_vehicle_efficiency,ldv,km_per_pj,road,passenger,bev,all,yearly,national,['avg_eff_no_outliers $ transport_data_system_9th'],1,9901716082.423439,avg_eff_no_outliers $ transport_data_system_9th,761670467.878726,single_datapoint,no_comment
1329,2017,02_BD,travel_km,ldv,km,road,passenger,bev,all,yearly,national,['estimated $ calculate_energy_and_activity()'],1,1050000.0,estimated $ calculate_energy_and_activity(),1050000.0,single_datapoint,no_comment
1330,2017,02_BD,turnover_rate,ldv,%,road,freight,bev,all,yearly,national,"['manually_inputted_data $ guess', 'turnover_rate_est']",2,0.42,manually_inputted_data $ guess,0.03,manual,no_comment
1331,2017,02_BD,turnover_rate,ldv,%,road,passenger,bev,all,yearly,national,"['manually_inputted_data $ guess', 'turnover_rate_est']",2,0.42,manually_inputted_data $ guess,0.03,manual,no_comment
1332,2018,02_BD,new_vehicle_efficiency,ldv,km_per_pj,road,freight,bev,all,yearly,national,['avg_eff_no_outliers $ transport_data_system_9th'],1,7200566335.010296,avg_eff_no_outliers $ transport_data_system_9th,553889718.077715,single_datapoint,no_comment
1333,2018,02_BD,new_vehicle_efficiency,ldv,km_per_pj,road,passenger,bev,all,yearly,national,['avg_eff_no_outliers $ transport_data_system_9th'],1,9901716082.423439,avg_eff_no_outliers $ transport_data_system_9th,761670467.878726,single_datapoint,no_comment
1334,2018,02_BD,turnover_rate,ldv,%,road,freight,bev,all,yearly,national,['manually_inputted_data $ guess'],1,0.42,manually_inputted_data $ guess,0.03,manual,no_comment
1335,2018,02_BD,turnover_rate,ldv,%,road,passenger,bev,all,yearly,national,['manually_inputted_data $ guess'],1,0.42,manually_inputted_data $ guess,0.03,manual,no_comment
1336,2019,02_BD,new_vehicle_efficiency,ldv,km_per_pj,road,freight,bev,all,yearly,national,['avg_eff_no_outliers $ transport_data_system_9th'],1,7200566335.010296,avg_eff_no_outliers $ transport_data_system_9th,553889718.077715,single_datapoint,no_comment
1337,2019,02_BD,new_vehicle_efficiency,ldv,km_per_pj,road,passenger,bev,all,yearly,national,['avg_eff_no_outliers $ transport_data_system_9th'],1,9901716082.423439,avg_eff_no_outliers $ transport_data_system_9th,761670467.878726,single_datapoint,no_comment
1338,2019,02_BD,turnover_rate,ldv,%,road,freight,bev,all,yearly,national,['manually_inputted_data $ guess'],1,0.42,manually_inputted_data $ guess,0.03,manual,no_comment
1339,2019,02_BD,turnover_rate,ldv,%,road,passenger,bev,all,yearly,national,['manually_inputted_data $ guess'],1,0.42,manually_inputted_data $ guess,0.03,manual,no_comment
1340,2020,02_BD,new_vehicle_efficiency,ldv,km_per_pj,road,freight,bev,all,yearly,national,['avg_eff_no_outliers $ transport_data_system_9th'],1,7200566335.010296,avg_eff_no_outliers $ transport_data_system_9th,553889718.077715,single_datapoint,no_comment
1341,2020,02_BD,new_vehicle_efficiency,ldv,km_per_pj,road,passenger,bev,all,yearly,national,['avg_eff_no_outliers $ transport_data_system_9th'],1,9901716082.423439,avg_eff_no_outliers $ transport_data_system_9th,761670467.878726,single_datapoint,no_comment
1342,2020,02_BD,turnover_rate,ldv,%,road,freight,bev,all,yearly,national,['manually_inputted_data $ guess'],1,0.42,manually_inputted_data $ guess,0.03,manual,no_comment
1343,2020,02_BD,turnover_rate,ldv,%,road,passenger,bev,all,yearly,national,['manually_inputted_data $ guess'],1,0.42,manually_inputted_data $ guess,0.03,manual,no_comment
1344,2021,02_BD,new_vehicle_efficiency,ldv,km_per_pj,road,freight,bev,all,yearly,national,['avg_eff_no_outliers $ transport_data_system_9th'],1,7200566335.010296,avg_eff_no_outliers $ transport_data_system_9th,553889718.077715,single_datapoint,no_comment
1345,2021,02_BD,new_vehicle_efficiency,ldv,km_per_pj,road,passenger,bev,all,yearly,national,['avg_eff_no_outliers $ transport_data_system_9th'],1,9901716082.423439,avg_eff_no_outliers $ transport_data_system_9th,761670467.878726,single_datapoint,no_comment
1346,2021,02_BD,turnover_rate,ldv,%,road,freight,bev,all,yearly,national,['manually_inputted_data $ guess'],1,0.42,manually_inputted_data $ guess,0.03,manual,no_comment
1347,2021,02_BD,turnover_rate,ldv,%,road,passenger,bev,all,yearly,national,['manually_inputted_data $ guess'],1,0.42,manually_inputted_data $ guess,0.03,manual,no_comment
1348,2022,02_BD,new_vehicle_efficiency,ldv,km_per_pj,road,freight,bev,all,yearly,national,['avg_eff_no_outliers $ transport_data_system_9th'],1,7200566335.010296,avg_eff_no_outliers $ transport_data_system_9th,553889718.077715,single_datapoint,no_comment
1349,2022,02_BD,new_vehicle_efficiency,ldv,km_per_pj,road,passenger,bev,all,yearly,national,['avg_eff_no_outliers $ transport_data_system_9th'],1,9901716082.423439,avg_eff_no_outliers $ transport_data_system_9th,761670467.878726,single_datapoint,no_comment
1350,2022,02_BD,turnover_rate,ldv,%,road,freight,bev,all,yearly,national,['manually_inputted_data $ guess'],1,0.42,manually_inputted_data $ guess,0.03,manual,no_comment
1351,2022,02_BD,turnover_rate,ldv,%,road,passenger,bev,all,yearly,national,['manually_inputted_data $ guess'],1,0.42,manually_inputted_data $ guess,0.03,manual,no_comment
1352,2010,02_BD,new_vehicle_efficiency,ldv,km_per_pj,road,freight,cng,all,yearly,national,['avg_eff_no_outliers $ transport_data_system_9th'],1,7214767129.708009,avg_eff_no_outliers $ transport_data_system_9th,554982086.900616,single_datapoint,no_comment
1353,2010,02_BD,new_vehicle_efficiency,ldv,km_per_pj,road,passenger,cng,all,yearly,national,['avg_eff_no_outliers $ transport_data_system_9th'],1,5429169522.90635,avg_eff_no_outliers $ transport_data_system_9th,417628424.83895,single_datapoint,no_comment
1354,2010,02_BD,turnover_rate,ldv,%,road,freight,cng,all,yearly,national,['manually_inputted_data $ guess'],1,0.42,manually_inputted_data $ guess,0.03,manual,no_comment
1355,2010,02_BD,turnover_rate,ldv,%,road,passenger,cng,all,yearly,national,['manually_inputted_data $ guess'],1,0.42,manually_inputted_data $ guess,0.03,manual,no_comment
1356,2011,02_BD,new_vehicle_efficiency,ldv,km_per_pj,road,freight,cng,all,yearly,national,['avg_eff_no_outliers $ transport_data_system_9th'],1,7214767129.708009,avg_eff_no_outliers $ transport_data_system_9th,554982086.900616,single_datapoint,no_comment
1357,2011,02_BD,new_vehicle_efficiency,ldv,km_per_pj,road,passenger,cng,all,yearly,national,['avg_eff_no_outliers $ transport_data_system_9th'],1,5429169522.90635,avg_eff_no_outliers $ transport_data_system_9th,417628424.83895,single_datapoint,no_comment
1358,2011,02_BD,turnover_rate,ldv,%,road,freight,cng,all,yearly,national,['manually_inputted_data $ guess'],1,0.42,manually_inputted_data $ guess,0.03,manual,no_comment
1359,2011,02_BD,turnover_rate,ldv,%,road,passenger,cng,all,yearly,national,['manually_inputted_data $ guess'],1,0.42,manually_inputted_data $ guess,0.03,manual,no_comment
1360,2012,02_BD,new_vehicle_efficiency,ldv,km_per_pj,road,freight,cng,all,yearly,national,['avg_eff_no_outliers $ transport_data_system_9th'],1,7214767129.708009,avg_eff_no_outliers $ transport_data_system_9th,554982086.900616,single_datapoint,no_comment
1361,2012,02_BD,new_vehicle_efficiency,ldv,km_per_pj,road,passenger,cng,all,yearly,national,['avg_eff_no_outliers $ transport_data_system_9th'],1,5429169522.90635,avg_eff_no_outliers $ transport_data_system_9th,417628424.83895,single_datapoint,no_comment
1362,2012,02_BD,turnover_rate,ldv,%,road,freight,cng,all,yearly,national,['manually_inputted_data $ guess'],1,0.42,manually_inputted_data $ guess,0.03,manual,no_comment
1363,2012,02_BD,turnover_rate,ldv,%,road,passenger,cng,all,yearly,national,['manually_inputted_data $ guess'],1,0.42,manually_inputted_data $ guess,0.03,manual,no_comment
1364,2013,02_BD,new_vehicle_efficiency,ldv,km_per_pj,road,freight,cng,all,yearly,national,['avg_eff_no_outliers $ transport_data_system_9th'],1,7214767129.708009,avg_eff_no_outliers $ transport_data_system_9th,554982086.900616,single_datapoint,no_comment
1365,2013,02_BD,new_vehicle_efficiency,ldv,km_per_pj,road,passenger,cng,all,yearly,national,['avg_eff_no_outliers $ transport_data_system_9th'],1,5429169522.90635,avg_eff_no_outliers $ transport_data_system_9th,417628424.83895,single_datapoint,no_comment
1366,2013,02_BD,turnover_rate,ldv,%,road,freight,cng,all,yearly,national,['manually_inputted_data $ guess'],1,0.42,manually_inputted_data $ guess,0.03,manual,no_comment
1367,2013,02_BD,turnover_rate,ldv,%,road,passenger,cng,all,yearly,national,['manually_inputted_data $ guess'],1,0.42,manually_inputted_data $ guess,0.03,manual,no_comment
1368,2014,02_BD,new_vehicle_efficiency,ldv,km_per_pj,road,freight,cng,all,yearly,national,['avg_eff_no_outliers $ transport_data_system_9th'],1,7214767129.708009,avg_eff_no_outliers $ transport_data_system_9th,554982086.900616,single_datapoint,no_comment
1369,2014,02_BD,new_vehicle_efficiency,ldv,km_per_pj,road,passenger,cng,all,yearly,national,['avg_eff_no_outliers $ transport_data_system_9th'],1,5429169522.90635,avg_eff_no_outliers $ transport_data_system_9th,417628424.83895,single_datapoint,no_comment
1370,2014,02_BD,turnover_rate,ldv,%,road,freight,cng,all,yearly,national,['manually_inputted_data $ guess'],1,0.42,manually_inputted_data $ guess,0.03,manual,no_comment
1371,2014,02_BD,turnover_rate,ldv,%,road,passenger,cng,all,yearly,national,['manually_inputted_data $ guess'],1,0.42,manually_inputted_data $ guess,0.03,manual,no_comment
1372,2015,02_BD,new_vehicle_efficiency,ldv,km_per_pj,road,freight,cng,all,yearly,national,['avg_eff_no_outliers $ transport_data_system_9th'],1,7214767129.708009,avg_eff_no_outliers $ transport_data_system_9th,554982086.900616,single_datapoint,no_comment
1373,2015,02_BD,new_vehicle_efficiency,ldv,km_per_pj,road,passenger,cng,all,yearly,national,['avg_eff_no_outliers $ transport_data_system_9th'],1,5429169522.90635,avg_eff_no_outliers $ transport_data_system_9th,417628424.83895,single_datapoint,no_comment
1374,2015,02_BD,turnover_rate,ldv,%,road,freight,cng,all,yearly,national,['manually_inputted_data $ guess'],1,0.42,manually_inputted_data $ guess,0.03,manual,no_comment
1375,2015,02_BD,turnover_rate,ldv,%,road,passenger,cng,all,yearly,national,['manually_inputted_data $ guess'],1,0.42,manually_inputted_data $ guess,0.03,manual,no_comment
1376,2016,02_BD,new_vehicle_efficiency,ldv,km_per_pj,road,freight,cng,all,yearly,national,['avg_eff_no_outliers $ transport_data_system_9th'],1,7214767129.708009,avg_eff_no_outliers $ transport_data_system_9th,554982086.900616,single_datapoint,no_comment
1377,2016,02_BD,new_vehicle_efficiency,ldv,km_per_pj,road,passenger,cng,all,yearly,national,['avg_eff_no_outliers $ transport_data_system_9th'],1,5429169522.90635,avg_eff_no_outliers $ transport_data_system_9th,417628424.83895,single_datapoint,no_comment
1378,2016,02_BD,turnover_rate,ldv,%,road,freight,cng,all,yearly,national,['manually_inputted_data $ guess'],1,0.42,manually_inputted_data $ guess,0.03,manual,no_comment
1379,2016,02_BD,turnover_rate,ldv,%,road,passenger,cng,all,yearly,national,['manually_inputted_data $ guess'],1,0.42,manually_inputted_data $ guess,0.03,manual,no_comment
1380,2017,02_BD,new_vehicle_efficiency,ldv,km_per_pj,road,freight,cng,all,yearly,national,['avg_eff_no_outliers $ transport_data_system_9th'],1,7214767129.708009,avg_eff_no_outliers $ transport_data_system_9th,554982086.900616,single_datapoint,no_comment
1381,2017,02_BD,new_vehicle_efficiency,ldv,km_per_pj,road,passenger,cng,all,yearly,national,['avg_eff_no_outliers $ transport_data_system_9th'],1,5429169522.90635,avg_eff_no_outliers $ transport_data_system_9th,417628424.83895,single_datapoint,no_comment
1382,2017,02_BD,turnover_rate,ldv,%,road,freight,cng,all,yearly,national,"['manually_inputted_data $ guess', 'turnover_rate_est']",2,0.42,manually_inputted_data $ guess,0.03,manual,no_comment
1383,2017,02_BD,turnover_rate,ldv,%,road,passenger,cng,all,yearly,national,"['manually_inputted_data $ guess', 'turnover_rate_est']",2,0.42,manually_inputted_data $ guess,0.03,manual,no_comment
1384,2018,02_BD,new_vehicle_efficiency,ldv,km_per_pj,road,freight,cng,all,yearly,national,['avg_eff_no_outliers $ transport_data_system_9th'],1,7214767129.708009,avg_eff_no_outliers $ transport_data_system_9th,554982086.900616,single_datapoint,no_comment
1385,2018,02_BD,new_vehicle_efficiency,ldv,km_per_pj,road,passenger,cng,all,yearly,national,['avg_eff_no_outliers $ transport_data_system_9th'],1,5429169522.90635,avg_eff_no_outliers $ transport_data_system_9th,417628424.83895,single_datapoint,no_comment
1386,2018,02_BD,turnover_rate,ldv,%,road,freight,cng,all,yearly,national,['manually_inputted_data $ guess'],1,0.42,manually_inputted_data $ guess,0.03,manual,no_comment
1387,2018,02_BD,turnover_rate,ldv,%,road,passenger,cng,all,yearly,national,['manually_inputted_data $ guess'],1,0.42,manually_inputted_data $ guess,0.03,manual,no_comment
1388,2019,02_BD,new_vehicle_efficiency,ldv,km_per_pj,road,freight,cng,all,yearly,national,['avg_eff_no_outliers $ transport_data_system_9th'],1,7214767129.708009,avg_eff_no_outliers $ transport_data_system_9th,554982086.900616,single_datapoint,no_comment
1389,2019,02_BD,new_vehicle_efficiency,ldv,km_per_pj,road,passenger,cng,all,yearly,national,['avg_eff_no_outliers $ transport_data_system_9th'],1,5429169522.90635,avg_eff_no_outliers $ transport_data_system_9th,417628424.83895,single_datapoint,no_comment
1390,2019,02_BD,turnover_rate,ldv,%,road,freight,cng,all,yearly,national,['manually_inputted_data $ guess'],1,0.42,manually_inputted_data $ guess,0.03,manual,no_comment
1391,2019,02_BD,turnover_rate,ldv,%,road,passenger,cng,all,yearly,national,['manually_inputted_data $ guess'],1,0.42,manually_inputted_data $ guess,0.03,manual,no_comment
1392,2020,02_BD,new_vehicle_efficiency,ldv,km_per_pj,road,freight,cng,all,yearly,national,['avg_eff_no_outliers $ transport_data_system_9th'],1,7214767129.708009,avg_eff_no_outliers $ transport_data_system_9th,554982086.900616,single_datapoint,no_comment
1393,2020,02_BD,new_vehicle_efficiency,ldv,km_per_pj,road,passenger,cng,all,yearly,national,['avg_eff_no_outliers $ transport_data_system_9th'],1,5429169522.90635,avg_eff_no_outliers $ transport_data_system_9th,417628424.83895,single_datapoint,no_comment
1394,2020,02_BD,turnover_rate,ldv,%,road,freight,cng,all,yearly,national,['manually_inputted_data $ guess'],1,0.42,manually_inputted_data $ guess,0.03,manual,no_comment
1395,2020,02_BD,turnover_rate,ldv,%,road,passenger,cng,all,yearly,national,['manually_inputted_data $ guess'],1,0.42,manually_inputted_data $ guess,0.03,manual,no_comment
1396,2021,02_BD,new_vehicle_efficiency,ldv,km_per_pj,road,freight,cng,all,yearly,national,['avg_eff_no_outliers $ transport_data_system_9th'],1,7214767129.708009,avg_eff_no_outliers $ transport_data_system_9th,554982086.900616,single_datapoint,no_comment
1397,2021,02_BD,new_vehicle_efficiency,ldv,km_per_pj,road,passenger,cng,all,yearly,national,['avg_eff_no_outliers $ transport_data_system_9th'],1,5429169522.90635,avg_eff_no_outliers $ transport_data_system_9th,417628424.83895,single_datapoint,no_comment
1398,2021,02_BD,turnover_rate,ldv,%,road,freight,cng,all,yearly,national,['manually_inputted_data $ guess'],1,0.42,manually_inputted_data $ guess,0.03,manual,no_comment
1399,2021,02_BD,turnover_rate,ldv,%,road,passenger,cng,all,yearly,national,['manually_inputted_data $ guess'],1,0.42,manually_inputted_data $ guess,0.03,manual,no_comment
1400,2022,02_BD,new_vehicle_efficiency,ldv,km_per_pj,road,freight,cng,all,yearly,national,['avg_eff_no_outliers $ transport_data_system_9th'],1,7214767129.708009,avg_eff_no_outliers $ transport_data_system_9th,554982086.900616,single_datapoint,no_comment
1401,2022,02_BD,new_vehicle_efficiency,ldv,km_per_pj,road,passenger,cng,all,yearly,national,['avg_eff_no_outliers $ transport_data_system_9th'],1,5429169522.90635,avg_eff_no_outliers $ transport_data_system_9th,417628424.83895,single_datapoint,no_comment
1402,2022,02_BD,turnover_rate,ldv,%,road,freight,cng,all,yearly,national,['manually_inputted_data $ guess'],1,0.42,manually_inputted_data $ guess,0.03,manual,no_comment
1403,2022,02_BD,turnover_rate,ldv,%,road,passenger,cng,all,yearly,national,['manually_inputted_data $ guess'],1,0.42,manually_inputted_data $ guess,0.03,manual,no_comment
1404,2010,02_BD,new_vehicle_efficiency,ldv,km_per_pj,road,passenger,fcev,all,yearly,national,['avg_eff_no_outliers $ transport_data_system_9th'],1,1469603353.601357,avg_eff_no_outliers $ transport_data_system_9th,113046411.815489,single_datapoint,no_comment
1405,2010,02_BD,turnover_rate,ldv,%,road,passenger,fcev,all,yearly,national,['manually_inputted_data $ guess'],1,0.42,manually_inputted_data $ guess,0.03,manual,no_comment
1406,2011,02_BD,new_vehicle_efficiency,ldv,km_per_pj,road,passenger,fcev,all,yearly,national,['avg_eff_no_outliers $ transport_data_system_9th'],1,1469603353.601357,avg_eff_no_outliers $ transport_data_system_9th,113046411.815489,single_datapoint,no_comment
1407,2011,02_BD,turnover_rate,ldv,%,road,passenger,fcev,all,yearly,national,['manually_inputted_data $ guess'],1,0.42,manually_inputted_data $ guess,0.03,manual,no_comment
1408,2012,02_BD,new_vehicle_efficiency,ldv,km_per_pj,road,passenger,fcev,all,yearly,national,['avg_eff_no_outliers $ transport_data_system_9th'],1,1469603353.601357,avg_eff_no_outliers $ transport_data_system_9th,113046411.815489,single_datapoint,no_comment
1409,2012,02_BD,turnover_rate,ldv,%,road,passenger,fcev,all,yearly,national,['manually_inputted_data $ guess'],1,0.42,manually_inputted_data $ guess,0.03,manual,no_comment
1410,2013,02_BD,new_vehicle_efficiency,ldv,km_per_pj,road,passenger,fcev,all,yearly,national,['avg_eff_no_outliers $ transport_data_system_9th'],1,1469603353.601357,avg_eff_no_outliers $ transport_data_system_9th,113046411.815489,single_datapoint,no_comment
1411,2013,02_BD,turnover_rate,ldv,%,road,passenger,fcev,all,yearly,national,['manually_inputted_data $ guess'],1,0.42,manually_inputted_data $ guess,0.03,manual,no_comment
1412,2014,02_BD,new_vehicle_efficiency,ldv,km_per_pj,road,passenger,fcev,all,yearly,national,['avg_eff_no_outliers $ transport_data_system_9th'],1,1469603353.601357,avg_eff_no_outliers $ transport_data_system_9th,113046411.815489,single_datapoint,no_comment
1413,2014,02_BD,turnover_rate,ldv,%,road,passenger,fcev,all,yearly,national,['manually_inputted_data $ guess'],1,0.42,manually_inputted_data $ guess,0.03,manual,no_comment
1414,2015,02_BD,new_vehicle_efficiency,ldv,km_per_pj,road,passenger,fcev,all,yearly,national,['avg_eff_no_outliers $ transport_data_system_9th'],1,1469603353.601357,avg_eff_no_outliers $ transport_data_system_9th,113046411.815489,single_datapoint,no_comment
1415,2015,02_BD,turnover_rate,ldv,%,road,passenger,fcev,all,yearly,national,['manually_inputted_data $ guess'],1,0.42,manually_inputted_data $ guess,0.03,manual,no_comment
1416,2016,02_BD,new_vehicle_efficiency,ldv,km_per_pj,road,passenger,fcev,all,yearly,national,['avg_eff_no_outliers $ transport_data_system_9th'],1,1469603353.601357,avg_eff_no_outliers $ transport_data_system_9th,113046411.815489,single_datapoint,no_comment
1417,2016,02_BD,turnover_rate,ldv,%,road,passenger,fcev,all,yearly,national,['manually_inputted_data $ guess'],1,0.42,manually_inputted_data $ guess,0.03,manual,no_comment
1418,2017,02_BD,new_vehicle_efficiency,ldv,km_per_pj,road,passenger,fcev,all,yearly,national,['avg_eff_no_outliers $ transport_data_system_9th'],1,1469603353.601357,avg_eff_no_outliers $ transport_data_system_9th,113046411.815489,single_datapoint,no_comment
1419,2017,02_BD,turnover_rate,ldv,%,road,freight,fcev,all,yearly,national,['turnover_rate_est'],1,0.03,turnover_rate_est,0.03,single_datapoint,no_comment
1420,2017,02_BD,turnover_rate,ldv,%,road,passenger,fcev,all,yearly,national,"['manually_inputted_data $ guess', 'turnover_rate_est']",2,0.42,manually_inputted_data $ guess,0.03,manual,no_comment
1421,2018,02_BD,new_vehicle_efficiency,ldv,km_per_pj,road,passenger,fcev,all,yearly,national,['avg_eff_no_outliers $ transport_data_system_9th'],1,1469603353.601357,avg_eff_no_outliers $ transport_data_system_9th,113046411.815489,single_datapoint,no_comment
1422,2018,02_BD,turnover_rate,ldv,%,road,passenger,fcev,all,yearly,national,['manually_inputted_data $ guess'],1,0.42,manually_inputted_data $ guess,0.03,manual,no_comment
1423,2019,02_BD,new_vehicle_efficiency,ldv,km_per_pj,road,passenger,fcev,all,yearly,national,['avg_eff_no_outliers $ transport_data_system_9th'],1,1469603353.601357,avg_eff_no_outliers $ transport_data_system_9th,113046411.815489,single_datapoint,no_comment
1424,2019,02_BD,turnover_rate,ldv,%,road,passenger,fcev,all,yearly,national,['manually_inputted_data $ guess'],1,0.42,manually_inputted_data $ guess,0.03,manual,no_comment
1425,2020,02_BD,new_vehicle_efficiency,ldv,km_per_pj,road,passenger,fcev,all,yearly,national,['avg_eff_no_outliers $ transport_data_system_9th'],1,1469603353.601357,avg_eff_no_outliers $ transport_data_system_9th,113046411.815489,single_datapoint,no_comment
1426,2020,02_BD,turnover_rate,ldv,%,road,passenger,fcev,all,yearly,national,['manually_inputted_data $ guess'],1,0.42,manually_inputted_data $ guess,0.03,manual,no_comment
1427,2021,02_BD,new_vehicle_efficiency,ldv,km_per_pj,road,passenger,fcev,all,yearly,national,['avg_eff_no_outliers $ transport_data_system_9th'],1,1469603353.601357,avg_eff_no_outliers $ transport_data_system_9th,113046411.815489,single_datapoint,no_comment
1428,2021,02_BD,turnover_rate,ldv,%,road,passenger,fcev,all,yearly,national,['manually_inputted_data $ guess'],1,0.42,manually_inputted_data $ guess,0.03,manual,no_comment
1429,2022,02_BD,new_vehicle_efficiency,ldv,km_per_pj,road,passenger,fcev,all,yearly,national,['avg_eff_no_outliers $ transport_data_system_9th'],1,1469603353.601357,avg_eff_no_outliers $ transport_data_system_9th,113046411.815489,single_datapoint,no_comment
1430,2022,02_BD,turnover_rate,ldv,%,road,passenger,fcev,all,yearly,national,['manually_inputted_data $ guess'],1,0.42,manually_inputted_data $ guess,0.03,manual,no_comment
1431,2010,02_BD,activity,ldv,passenger_km_or_freight_tonne_km,road,passenger,ice,all,yearly,national,['estimated $ calculate_energy_and_activity()'],1,49986517500.0,estimated $ calculate_energy_and_activity(),2308365000.0,single_datapoint,no_comment
1432,2010,02_BD,energy,ldv,pj,road,passenger,ice,all,yearly,national,['estimated $ calculate_energy_and_activity()'],1,95.79791104362846,estimated $ calculate_energy_and_activity(),4.423923809579762,single_datapoint,no_comment
1433,2010,02_BD,new_vehicle_efficiency,ldv,km_per_pj,road,freight,ice,all,yearly,national,['avg_eff_no_outliers $ transport_data_system_9th'],1,4776513034.843043,avg_eff_no_outliers $ transport_data_system_9th,367424079.603311,single_datapoint,no_comment
1434,2010,02_BD,new_vehicle_efficiency,ldv,km_per_pj,road,passenger,ice,all,yearly,national,['avg_eff_no_outliers $ transport_data_system_9th'],1,3086802010.889935,avg_eff_no_outliers $ transport_data_system_9th,237446308.529995,single_datapoint,no_comment
1435,2010,02_BD,travel_km,ldv,km,road,passenger,ice,all,yearly,national,['estimated $ calculate_energy_and_activity()'],1,33324345000.0,estimated $ calculate_energy_and_activity(),1538910000.0,single_datapoint,no_comment
1436,2010,02_BD,turnover_rate,ldv,%,road,freight,ice,all,yearly,national,['manually_inputted_data $ guess'],1,0.39,manually_inputted_data $ guess,0.03,single_datapoint,no_comment
1437,2010,02_BD,turnover_rate,ldv,%,road,passenger,ice,all,yearly,national,['manually_inputted_data $ guess'],1,0.39,manually_inputted_data $ guess,0.03,single_datapoint,no_comment
1438,2011,02_BD,activity,ldv,passenger_km_or_freight_tonne_km,road,passenger,ice,all,yearly,national,['estimated $ calculate_energy_and_activity()'],1,49986517500.0,estimated $ calculate_energy_and_activity(),2987010000.0,single_datapoint,no_comment
1439,2011,02_BD,energy,ldv,pj,road,passenger,ice,all,yearly,national,['estimated $ calculate_energy_and_activity()'],1,95.79791104362846,estimated $ calculate_energy_and_activity(),5.724529984838985,single_datapoint,no_comment
1440,2011,02_BD,new_vehicle_efficiency,ldv,km_per_pj,road,freight,ice,all,yearly,national,['avg_eff_no_outliers $ transport_data_system_9th'],1,4776513034.843043,avg_eff_no_outliers $ transport_data_system_9th,367424079.603311,single_datapoint,no_comment
1441,2011,02_BD,new_vehicle_efficiency,ldv,km_per_pj,road,passenger,ice,all,yearly,national,['avg_eff_no_outliers $ transport_data_system_9th'],1,3086802010.889935,avg_eff_no_outliers $ transport_data_system_9th,237446308.529995,single_datapoint,no_comment
1442,2011,02_BD,travel_km,ldv,km,road,passenger,ice,all,yearly,national,['estimated $ calculate_energy_and_activity()'],1,33324345000.0,estimated $ calculate_energy_and_activity(),1991340000.0,single_datapoint,no_comment
1443,2011,02_BD,turnover_rate,ldv,%,road,freight,ice,all,yearly,national,['manually_inputted_data $ guess'],1,0.39,manually_inputted_data $ guess,0.03,single_datapoint,no_comment
1444,2011,02_BD,turnover_rate,ldv,%,road,passenger,ice,all,yearly,national,['manually_inputted_data $ guess'],1,0.39,manually_inputted_data $ guess,0.03,single_datapoint,no_comment
1445,2012,02_BD,activity,ldv,passenger_km_or_freight_tonne_km,road,passenger,ice,all,yearly,national,['estimated $ calculate_energy_and_activity()'],1,49986517500.0,estimated $ calculate_energy_and_activity(),4908060000.0,single_datapoint,no_comment
1446,2012,02_BD,energy,ldv,pj,road,passenger,ice,all,yearly,national,['estimated $ calculate_energy_and_activity()'],1,95.79791104362846,estimated $ calculate_energy_and_activity(),9.406174280430541,single_datapoint,no_comment
1447,2012,02_BD,new_vehicle_efficiency,ldv,km_per_pj,road,freight,ice,all,yearly,national,['avg_eff_no_outliers $ transport_data_system_9th'],1,4776513034.843043,avg_eff_no_outliers $ transport_data_system_9th,367424079.603311,single_datapoint,no_comment
1448,2012,02_BD,new_vehicle_efficiency,ldv,km_per_pj,road,passenger,ice,all,yearly,national,['avg_eff_no_outliers $ transport_data_system_9th'],1,3086802010.889935,avg_eff_no_outliers $ transport_data_system_9th,237446308.529995,single_datapoint,no_comment
1449,2012,02_BD,travel_km,ldv,km,road,passenger,ice,all,yearly,national,['estimated $ calculate_energy_and_activity()'],1,33324345000.0,estimated $ calculate_energy_and_activity(),3272040000.0,single_datapoint,no_comment
1450,2012,02_BD,turnover_rate,ldv,%,road,freight,ice,all,yearly,national,['manually_inputted_data $ guess'],1,0.39,manually_inputted_data $ guess,0.03,single_datapoint,no_comment
1451,2012,02_BD,turnover_rate,ldv,%,road,passenger,ice,all,yearly,national,['manually_inputted_data $ guess'],1,0.39,manually_inputted_data $ guess,0.03,single_datapoint,no_comment
1452,2013,02_BD,activity,ldv,passenger_km_or_freight_tonne_km,road,passenger,ice,all,yearly,national,['estimated $ calculate_energy_and_activity()'],1,49986517500.0,estimated $ calculate_energy_and_activity(),5442705000.0,single_datapoint,no_comment
1453,2013,02_BD,energy,ldv,pj,road,passenger,ice,all,yearly,national,['estimated $ calculate_energy_and_activity()'],1,95.79791104362846,estimated $ calculate_energy_and_activity(),10.430808055926517,single_datapoint,no_comment
1454,2013,02_BD,new_vehicle_efficiency,ldv,km_per_pj,road,freight,ice,all,yearly,national,['avg_eff_no_outliers $ transport_data_system_9th'],1,4776513034.843043,avg_eff_no_outliers $ transport_data_system_9th,367424079.603311,single_datapoint,no_comment
1455,2013,02_BD,new_vehicle_efficiency,ldv,km_per_pj,road,passenger,ice,all,yearly,national,['avg_eff_no_outliers $ transport_data_system_9th'],1,3086802010.889935,avg_eff_no_outliers $ transport_data_system_9th,237446308.529995,single_datapoint,no_comment
1456,2013,02_BD,travel_km,ldv,km,road,passenger,ice,all,yearly,national,['estimated $ calculate_energy_and_activity()'],1,33324345000.0,estimated $ calculate_energy_and_activity(),3628470000.0,single_datapoint,no_comment
1457,2013,02_BD,turnover_rate,ldv,%,road,freight,ice,all,yearly,national,['manually_inputted_data $ guess'],1,0.39,manually_inputted_data $ guess,0.03,single_datapoint,no_comment
1458,2013,02_BD,turnover_rate,ldv,%,road,passenger,ice,all,yearly,national,['manually_inputted_data $ guess'],1,0.39,manually_inputted_data $ guess,0.03,single_datapoint,no_comment
1459,2014,02_BD,activity,ldv,passenger_km_or_freight_tonne_km,road,passenger,ice,all,yearly,national,['estimated $ calculate_energy_and_activity()'],1,49986517500.0,estimated $ calculate_energy_and_activity(),5506267500.0,single_datapoint,no_comment
1460,2014,02_BD,energy,ldv,pj,road,passenger,ice,all,yearly,national,['estimated $ calculate_energy_and_activity()'],1,95.79791104362846,estimated $ calculate_energy_and_activity(),10.552623998009512,single_datapoint,no_comment
1461,2014,02_BD,new_vehicle_efficiency,ldv,km_per_pj,road,freight,ice,all,yearly,national,['avg_eff_no_outliers $ transport_data_system_9th'],1,4776513034.843043,avg_eff_no_outliers $ transport_data_system_9th,367424079.603311,single_datapoint,no_comment
1462,2014,02_BD,new_vehicle_efficiency,ldv,km_per_pj,road,passenger,ice,all,yearly,national,['avg_eff_no_outliers $ transport_data_system_9th'],1,3086802010.889935,avg_eff_no_outliers $ transport_data_system_9th,237446308.529995,single_datapoint,no_comment
1463,2014,02_BD,travel_km,ldv,km,road,passenger,ice,all,yearly,national,['estimated $ calculate_energy_and_activity()'],1,33324345000.0,estimated $ calculate_energy_and_activity(),3670845000.0,single_datapoint,no_comment
1464,2014,02_BD,turnover_rate,ldv,%,road,freight,ice,all,yearly,national,['manually_inputted_data $ guess'],1,0.39,manually_inputted_data $ guess,0.03,single_datapoint,no_comment
1465,2014,02_BD,turnover_rate,ldv,%,road,passenger,ice,all,yearly,national,['manually_inputted_data $ guess'],1,0.39,manually_inputted_data $ guess,0.03,single_datapoint,no_comment
1466,2015,02_BD,activity,ldv,passenger_km_or_freight_tonne_km,road,passenger,ice,all,yearly,national,['estimated $ calculate_energy_and_activity()'],1,49986517500.0,estimated $ calculate_energy_and_activity(),5516707500.0,single_datapoint,no_comment
1467,2015,02_BD,energy,ldv,pj,road,passenger,ice,all,yearly,national,['estimated $ calculate_energy_and_activity()'],1,95.79791104362846,estimated $ calculate_energy_and_activity(),10.572631996992348,single_datapoint,no_comment
1468,2015,02_BD,new_vehicle_efficiency,ldv,km_per_pj,road,freight,ice,all,yearly,national,['avg_eff_no_outliers $ transport_data_system_9th'],1,4776513034.843043,avg_eff_no_outliers $ transport_data_system_9th,367424079.603311,single_datapoint,no_comment
1469,2015,02_BD,new_vehicle_efficiency,ldv,km_per_pj,road,passenger,ice,all,yearly,national,['avg_eff_no_outliers $ transport_data_system_9th'],1,3086802010.889935,avg_eff_no_outliers $ transport_data_system_9th,237446308.529995,single_datapoint,no_comment
1470,2015,02_BD,travel_km,ldv,km,road,passenger,ice,all,yearly,national,['estimated $ calculate_energy_and_activity()'],1,33324345000.0,estimated $ calculate_energy_and_activity(),3677805000.0,single_datapoint,no_comment
1471,2015,02_BD,turnover_rate,ldv,%,road,freight,ice,all,yearly,national,['manually_inputted_data $ guess'],1,0.39,manually_inputted_data $ guess,0.03,single_datapoint,no_comment
1472,2015,02_BD,turnover_rate,ldv,%,road,passenger,ice,all,yearly,national,['manually_inputted_data $ guess'],1,0.39,manually_inputted_data $ guess,0.03,single_datapoint,no_comment
1473,2016,02_BD,activity,ldv,passenger_km_or_freight_tonne_km,road,passenger,ice,all,yearly,national,['estimated $ calculate_energy_and_activity()'],1,49986517500.0,estimated $ calculate_energy_and_activity(),5701612500.0,single_datapoint,no_comment
1474,2016,02_BD,energy,ldv,pj,road,passenger,ice,all,yearly,national,['estimated $ calculate_energy_and_activity()'],1,95.79791104362846,estimated $ calculate_energy_and_activity(),10.92699780656334,single_datapoint,no_comment
1475,2016,02_BD,new_vehicle_efficiency,ldv,km_per_pj,road,freight,ice,all,yearly,national,['avg_eff_no_outliers $ transport_data_system_9th'],1,4776513034.843043,avg_eff_no_outliers $ transport_data_system_9th,367424079.603311,single_datapoint,no_comment
1476,2016,02_BD,new_vehicle_efficiency,ldv,km_per_pj,road,passenger,ice,all,yearly,national,['avg_eff_no_outliers $ transport_data_system_9th'],1,3086802010.889935,avg_eff_no_outliers $ transport_data_system_9th,237446308.529995,single_datapoint,no_comment
1477,2016,02_BD,travel_km,ldv,km,road,passenger,ice,all,yearly,national,['estimated $ calculate_energy_and_activity()'],1,33324345000.0,estimated $ calculate_energy_and_activity(),3801075000.0,single_datapoint,no_comment
1478,2016,02_BD,turnover_rate,ldv,%,road,freight,ice,all,yearly,national,['manually_inputted_data $ guess'],1,0.39,manually_inputted_data $ guess,0.03,single_datapoint,no_comment
1479,2016,02_BD,turnover_rate,ldv,%,road,passenger,ice,all,yearly,national,['manually_inputted_data $ guess'],1,0.39,manually_inputted_data $ guess,0.03,single_datapoint,no_comment
1480,2017,02_BD,activity,ldv,passenger_km_or_freight_tonne_km,road,freight,ice,all,yearly,national,['estimated $ calculate_energy_and_activity()'],1,69346350.0,estimated $ calculate_energy_and_activity(),69346350.0,single_datapoint,no_comment
1481,2017,02_BD,activity,ldv,passenger_km_or_freight_tonne_km,road,passenger,ice,all,yearly,national,['estimated $ calculate_energy_and_activity()'],1,49986517500.0,estimated $ calculate_energy_and_activity(),5739457500.0,single_datapoint,no_comment
1482,2017,02_BD,energy,ldv,pj,road,freight,ice,all,yearly,national,['estimated $ calculate_energy_and_activity()'],1,0.7552704218992041,estimated $ calculate_energy_and_activity(),0.7552704218992041,single_datapoint,no_comment
1483,2017,02_BD,energy,ldv,pj,road,passenger,ice,all,yearly,national,['estimated $ calculate_energy_and_activity()'],1,95.79791104362846,estimated $ calculate_energy_and_activity(),10.999526802876119,single_datapoint,no_comment
1484,2017,02_BD,new_vehicle_efficiency,ldv,km_per_pj,road,freight,ice,all,yearly,national,['avg_eff_no_outliers $ transport_data_system_9th'],1,4776513034.843043,avg_eff_no_outliers $ transport_data_system_9th,367424079.603311,single_datapoint,no_comment
1485,2017,02_BD,new_vehicle_efficiency,ldv,km_per_pj,road,passenger,ice,all,yearly,national,['avg_eff_no_outliers $ transport_data_system_9th'],1,3086802010.889935,avg_eff_no_outliers $ transport_data_system_9th,237446308.529995,single_datapoint,no_comment
1486,2017,02_BD,travel_km,ldv,km,road,freight,ice,all,yearly,national,['estimated $ calculate_energy_and_activity()'],1,189990000.0,estimated $ calculate_energy_and_activity(),189990000.0,single_datapoint,no_comment
1487,2017,02_BD,travel_km,ldv,km,road,passenger,ice,all,yearly,national,['estimated $ calculate_energy_and_activity()'],1,33324345000.0,estimated $ calculate_energy_and_activity(),3826305000.0,single_datapoint,no_comment
1488,2017,02_BD,turnover_rate,ldv,%,road,freight,ice,all,yearly,national,['manually_inputted_data $ guess'],1,0.39,manually_inputted_data $ guess,0.03,single_datapoint,no_comment
1489,2017,02_BD,turnover_rate,ldv,%,road,passenger,ice,all,yearly,national,['manually_inputted_data $ guess'],1,0.39,manually_inputted_data $ guess,0.03,single_datapoint,no_comment
1490,2018,02_BD,activity,ldv,passenger_km_or_freight_tonne_km,road,passenger,ice,all,yearly,national,['estimated $ calculate_energy_and_activity()'],1,49986517500.0,estimated $ calculate_energy_and_activity(),5854927500.0,single_datapoint,no_comment
1491,2018,02_BD,energy,ldv,pj,road,passenger,ice,all,yearly,national,['estimated $ calculate_energy_and_activity()'],1,95.79791104362846,estimated $ calculate_energy_and_activity(),11.220822170936273,single_datapoint,no_comment
1492,2018,02_BD,new_vehicle_efficiency,ldv,km_per_pj,road,freight,ice,all,yearly,national,['avg_eff_no_outliers $ transport_data_system_9th'],1,4776513034.843043,avg_eff_no_outliers $ transport_data_system_9th,367424079.603311,single_datapoint,no_comment
1493,2018,02_BD,new_vehicle_efficiency,ldv,km_per_pj,road,passenger,ice,all,yearly,national,['avg_eff_no_outliers $ transport_data_system_9th'],1,3086802010.889935,avg_eff_no_outliers $ transport_data_system_9th,237446308.529995,single_datapoint,no_comment
1494,2018,02_BD,travel_km,ldv,km,road,passenger,ice,all,yearly,national,['estimated $ calculate_energy_and_activity()'],1,33324345000.0,estimated $ calculate_energy_and_activity(),3903285000.0,single_datapoint,no_comment
1495,2018,02_BD,turnover_rate,ldv,%,road,freight,ice,all,yearly,national,['manually_inputted_data $ guess'],1,0.39,manually_inputted_data $ guess,0.03,single_datapoint,no_comment
1496,2018,02_BD,turnover_rate,ldv,%,road,passenger,ice,all,yearly,national,['manually_inputted_data $ guess'],1,0.39,manually_inputted_data $ guess,0.03,single_datapoint,no_comment
1497,2019,02_BD,activity,ldv,passenger_km_or_freight_tonne_km,road,passenger,ice,all,yearly,national,['estimated $ calculate_energy_and_activity()'],1,49986517500.0,estimated $ calculate_energy_and_activity(),6021405000.0,single_datapoint,no_comment
1498,2019,02_BD,energy,ldv,pj,road,passenger,ice,all,yearly,national,['estimated $ calculate_energy_and_activity()'],1,95.79791104362846,estimated $ calculate_energy_and_activity(),11.539872137475063,single_datapoint,no_comment
1499,2019,02_BD,new_vehicle_efficiency,ldv,km_per_pj,road,freight,ice,all,yearly,national,['avg_eff_no_outliers $ transport_data_system_9th'],1,4776513034.843043,avg_eff_no_outliers $ transport_data_system_9th,367424079.603311,single_datapoint,no_comment
1500,2019,02_BD,new_vehicle_efficiency,ldv,km_per_pj,road,passenger,ice,all,yearly,national,['avg_eff_no_outliers $ transport_data_system_9th'],1,3086802010.889935,avg_eff_no_outliers $ transport_data_system_9th,237446308.529995,single_datapoint,no_comment
1501,2019,02_BD,travel_km,ldv,km,road,passenger,ice,all,yearly,national,['estimated $ calculate_energy_and_activity()'],1,33324345000.0,estimated $ calculate_energy_and_activity(),4014270000.0,single_datapoint,no_comment
1502,2019,02_BD,turnover_rate,ldv,%,road,freight,ice,all,yearly,national,['manually_inputted_data $ guess'],1,0.39,manually_inputted_data $ guess,0.03,single_datapoint,no_comment
1503,2019,02_BD,turnover_rate,ldv,%,road,passenger,ice,all,yearly,national,['manually_inputted_data $ guess'],1,0.39,manually_inputted_data $ guess,0.03,single_datapoint,no_comment
1504,2020,02_BD,new_vehicle_efficiency,ldv,km_per_pj,road,freight,ice,all,yearly,national,['avg_eff_no_outliers $ transport_data_system_9th'],1,4776513034.843043,avg_eff_no_outliers $ transport_data_system_9th,367424079.603311,single_datapoint,no_comment
1505,2020,02_BD,new_vehicle_efficiency,ldv,km_per_pj,road,passenger,ice,all,yearly,national,['avg_eff_no_outliers $ transport_data_system_9th'],1,3086802010.889935,avg_eff_no_outliers $ transport_data_system_9th,237446308.529995,single_datapoint,no_comment
1506,2020,02_BD,turnover_rate,ldv,%,road,freight,ice,all,yearly,national,['manually_inputted_data $ guess'],1,0.39,manually_inputted_data $ guess,0.03,single_datapoint,no_comment
1507,2020,02_BD,turnover_rate,ldv,%,road,passenger,ice,all,yearly,national,['manually_inputted_data $ guess'],1,0.39,manually_inputted_data $ guess,0.03,single_datapoint,no_comment
1508,2021,02_BD,new_vehicle_efficiency,ldv,km_per_pj,road,freight,ice,all,yearly,national,['avg_eff_no_outliers $ transport_data_system_9th'],1,4776513034.843043,avg_eff_no_outliers $ transport_data_system_9th,367424079.603311,single_datapoint,no_comment
1509,2021,02_BD,new_vehicle_efficiency,ldv,km_per_pj,road,passenger,ice,all,yearly,national,['avg_eff_no_outliers $ transport_data_system_9th'],1,3086802010.889935,avg_eff_no_outliers $ transport_data_system_9th,237446308.529995,single_datapoint,no_comment
1510,2021,02_BD,turnover_rate,ldv,%,road,freight,ice,all,yearly,national,['manually_inputted_data $ guess'],1,0.39,manually_inputted_data $ guess,0.03,single_datapoint,no_comment
1511,2021,02_BD,turnover_rate,ldv,%,road,passenger,ice,all,yearly,national,['manually_inputted_data $ guess'],1,0.39,manually_inputted_data $ guess,0.03,single_datapoint,no_comment
1512,2022,02_BD,new_vehicle_efficiency,ldv,km_per_pj,road,freight,ice,all,yearly,national,['avg_eff_no_outliers $ transport_data_system_9th'],1,4776513034.843043,avg_eff_no_outliers $ transport_data_system_9th,367424079.603311,single_datapoint,no_comment
1513,2022,02_BD,new_vehicle_efficiency,ldv,km_per_pj,road,passenger,ice,all,yearly,national,['avg_eff_no_outliers $ transport_data_system_9th'],1,3086802010.889935,avg_eff_no_outliers $ transport_data_system_9th,237446308.529995,single_datapoint,no_comment
1514,2022,02_BD,turnover_rate,ldv,%,road,freight,ice,all,yearly,national,['manually_inputted_data $ guess'],1,0.39,manually_inputted_data $ guess,0.03,single_datapoint,no_comment
1515,2022,02_BD,turnover_rate,ldv,%,road,passenger,ice,all,yearly,national,['manually_inputted_data $ guess'],1,0.39,manually_inputted_data $ guess,0.03,single_datapoint,no_comment
1516,2010,02_BD,new_vehicle_efficiency,ldv,km_per_pj,road,freight,lpg,all,yearly,national,['avg_eff_no_outliers $ transport_data_system_9th'],1,3668778329.1297708,avg_eff_no_outliers $ transport_data_system_9th,282213717.625367,single_datapoint,no_comment
1517,2010,02_BD,new_vehicle_efficiency,ldv,km_per_pj,road,passenger,lpg,all,yearly,national,['avg_eff_no_outliers $ transport_data_system_9th'],1,4713924488.084526,avg_eff_no_outliers $ transport_data_system_9th,362609576.006502,single_datapoint,no_comment
1518,2010,02_BD,turnover_rate,ldv,%,road,freight,lpg,all,yearly,national,['manually_inputted_data $ guess'],1,0.42,manually_inputted_data $ guess,0.03,manual,no_comment
1519,2010,02_BD,turnover_rate,ldv,%,road,passenger,lpg,all,yearly,national,['manually_inputted_data $ guess'],1,0.42,manually_inputted_data $ guess,0.03,manual,no_comment
1520,2011,02_BD,new_vehicle_efficiency,ldv,km_per_pj,road,freight,lpg,all,yearly,national,['avg_eff_no_outliers $ transport_data_system_9th'],1,3668778329.1297708,avg_eff_no_outliers $ transport_data_system_9th,282213717.625367,single_datapoint,no_comment
1521,2011,02_BD,new_vehicle_efficiency,ldv,km_per_pj,road,passenger,lpg,all,yearly,national,['avg_eff_no_outliers $ transport_data_system_9th'],1,4713924488.084526,avg_eff_no_outliers $ transport_data_system_9th,362609576.006502,single_datapoint,no_comment
1522,2011,02_BD,turnover_rate,ldv,%,road,freight,lpg,all,yearly,national,['manually_inputted_data $ guess'],1,0.42,manually_inputted_data $ guess,0.03,manual,no_comment
1523,2011,02_BD,turnover_rate,ldv,%,road,passenger,lpg,all,yearly,national,['manually_inputted_data $ guess'],1,0.42,manually_inputted_data $ guess,0.03,manual,no_comment
1524,2012,02_BD,new_vehicle_efficiency,ldv,km_per_pj,road,freight,lpg,all,yearly,national,['avg_eff_no_outliers $ transport_data_system_9th'],1,3668778329.1297708,avg_eff_no_outliers $ transport_data_system_9th,282213717.625367,single_datapoint,no_comment
1525,2012,02_BD,new_vehicle_efficiency,ldv,km_per_pj,road,passenger,lpg,all,yearly,national,['avg_eff_no_outliers $ transport_data_system_9th'],1,4713924488.084526,avg_eff_no_outliers $ transport_data_system_9th,362609576.006502,single_datapoint,no_comment
1526,2012,02_BD,turnover_rate,ldv,%,road,freight,lpg,all,yearly,national,['manually_inputted_data $ guess'],1,0.42,manually_inputted_data $ guess,0.03,manual,no_comment
1527,2012,02_BD,turnover_rate,ldv,%,road,passenger,lpg,all,yearly,national,['manually_inputted_data $ guess'],1,0.42,manually_inputted_data $ guess,0.03,manual,no_comment
1528,2013,02_BD,new_vehicle_efficiency,ldv,km_per_pj,road,freight,lpg,all,yearly,national,['avg_eff_no_outliers $ transport_data_system_9th'],1,3668778329.1297708,avg_eff_no_outliers $ transport_data_system_9th,282213717.625367,single_datapoint,no_comment
1529,2013,02_BD,new_vehicle_efficiency,ldv,km_per_pj,road,passenger,lpg,all,yearly,national,['avg_eff_no_outliers $ transport_data_system_9th'],1,4713924488.084526,avg_eff_no_outliers $ transport_data_system_9th,362609576.006502,single_datapoint,no_comment
1530,2013,02_BD,turnover_rate,ldv,%,road,freight,lpg,all,yearly,national,['manually_inputted_data $ guess'],1,0.42,manually_inputted_data $ guess,0.03,manual,no_comment
1531,2013,02_BD,turnover_rate,ldv,%,road,passenger,lpg,all,yearly,national,['manually_inputted_data $ guess'],1,0.42,manually_inputted_data $ guess,0.03,manual,no_comment
1532,2014,02_BD,new_vehicle_efficiency,ldv,km_per_pj,road,freight,lpg,all,yearly,national,['avg_eff_no_outliers $ transport_data_system_9th'],1,3668778329.1297708,avg_eff_no_outliers $ transport_data_system_9th,282213717.625367,single_datapoint,no_comment
1533,2014,02_BD,new_vehicle_efficiency,ldv,km_per_pj,road,passenger,lpg,all,yearly,national,['avg_eff_no_outliers $ transport_data_system_9th'],1,4713924488.084526,avg_eff_no_outliers $ transport_data_system_9th,362609576.006502,single_datapoint,no_comment
1534,2014,02_BD,turnover_rate,ldv,%,road,freight,lpg,all,yearly,national,['manually_inputted_data $ guess'],1,0.42,manually_inputted_data $ guess,0.03,manual,no_comment
1535,2014,02_BD,turnover_rate,ldv,%,road,passenger,lpg,all,yearly,national,['manually_inputted_data $ guess'],1,0.42,manually_inputted_data $ guess,0.03,manual,no_comment
1536,2015,02_BD,new_vehicle_efficiency,ldv,km_per_pj,road,freight,lpg,all,yearly,national,['avg_eff_no_outliers $ transport_data_system_9th'],1,3668778329.1297708,avg_eff_no_outliers $ transport_data_system_9th,282213717.625367,single_datapoint,no_comment
1537,2015,02_BD,new_vehicle_efficiency,ldv,km_per_pj,road,passenger,lpg,all,yearly,national,['avg_eff_no_outliers $ transport_data_system_9th'],1,4713924488.084526,avg_eff_no_outliers $ transport_data_system_9th,362609576.006502,single_datapoint,no_comment
1538,2015,02_BD,turnover_rate,ldv,%,road,freight,lpg,all,yearly,national,['manually_inputted_data $ guess'],1,0.42,manually_inputted_data $ guess,0.03,manual,no_comment
1539,2015,02_BD,turnover_rate,ldv,%,road,passenger,lpg,all,yearly,national,['manually_inputted_data $ guess'],1,0.42,manually_inputted_data $ guess,0.03,manual,no_comment
1540,2016,02_BD,new_vehicle_efficiency,ldv,km_per_pj,road,freight,lpg,all,yearly,national,['avg_eff_no_outliers $ transport_data_system_9th'],1,3668778329.1297708,avg_eff_no_outliers $ transport_data_system_9th,282213717.625367,single_datapoint,no_comment
1541,2016,02_BD,new_vehicle_efficiency,ldv,km_per_pj,road,passenger,lpg,all,yearly,national,['avg_eff_no_outliers $ transport_data_system_9th'],1,4713924488.084526,avg_eff_no_outliers $ transport_data_system_9th,362609576.006502,single_datapoint,no_comment
1542,2016,02_BD,turnover_rate,ldv,%,road,freight,lpg,all,yearly,national,['manually_inputted_data $ guess'],1,0.42,manually_inputted_data $ guess,0.03,manual,no_comment
1543,2016,02_BD,turnover_rate,ldv,%,road,passenger,lpg,all,yearly,national,['manually_inputted_data $ guess'],1,0.42,manually_inputted_data $ guess,0.03,manual,no_comment
1544,2017,02_BD,new_vehicle_efficiency,ldv,km_per_pj,road,freight,lpg,all,yearly,national,['avg_eff_no_outliers $ transport_data_system_9th'],1,3668778329.1297708,avg_eff_no_outliers $ transport_data_system_9th,282213717.625367,single_datapoint,no_comment
1545,2017,02_BD,new_vehicle_efficiency,ldv,km_per_pj,road,passenger,lpg,all,yearly,national,['avg_eff_no_outliers $ transport_data_system_9th'],1,4713924488.084526,avg_eff_no_outliers $ transport_data_system_9th,362609576.006502,single_datapoint,no_comment
1546,2017,02_BD,turnover_rate,ldv,%,road,freight,lpg,all,yearly,national,"['manually_inputted_data $ guess', 'turnover_rate_est']",2,0.42,manually_inputted_data $ guess,0.03,manual,no_comment
1547,2017,02_BD,turnover_rate,ldv,%,road,passenger,lpg,all,yearly,national,"['manually_inputted_data $ guess', 'turnover_rate_est']",2,0.42,manually_inputted_data $ guess,0.03,manual,no_comment
1548,2018,02_BD,new_vehicle_efficiency,ldv,km_per_pj,road,freight,lpg,all,yearly,national,['avg_eff_no_outliers $ transport_data_system_9th'],1,3668778329.1297708,avg_eff_no_outliers $ transport_data_system_9th,282213717.625367,single_datapoint,no_comment
1549,2018,02_BD,new_vehicle_efficiency,ldv,km_per_pj,road,passenger,lpg,all,yearly,national,['avg_eff_no_outliers $ transport_data_system_9th'],1,4713924488.084526,avg_eff_no_outliers $ transport_data_system_9th,362609576.006502,single_datapoint,no_comment
1550,2018,02_BD,turnover_rate,ldv,%,road,freight,lpg,all,yearly,national,['manually_inputted_data $ guess'],1,0.42,manually_inputted_data $ guess,0.03,manual,no_comment
1551,2018,02_BD,turnover_rate,ldv,%,road,passenger,lpg,all,yearly,national,['manually_inputted_data $ guess'],1,0.42,manually_inputted_data $ guess,0.03,manual,no_comment
1552,2019,02_BD,new_vehicle_efficiency,ldv,km_per_pj,road,freight,lpg,all,yearly,national,['avg_eff_no_outliers $ transport_data_system_9th'],1,3668778329.1297708,avg_eff_no_outliers $ transport_data_system_9th,282213717.625367,single_datapoint,no_comment
1553,2019,02_BD,new_vehicle_efficiency,ldv,km_per_pj,road,passenger,lpg,all,yearly,national,['avg_eff_no_outliers $ transport_data_system_9th'],1,4713924488.084526,avg_eff_no_outliers $ transport_data_system_9th,362609576.006502,single_datapoint,no_comment
1554,2019,02_BD,turnover_rate,ldv,%,road,freight,lpg,all,yearly,national,['manually_inputted_data $ guess'],1,0.42,manually_inputted_data $ guess,0.03,manual,no_comment
1555,2019,02_BD,turnover_rate,ldv,%,road,passenger,lpg,all,yearly,national,['manually_inputted_data $ guess'],1,0.42,manually_inputted_data $ guess,0.03,manual,no_comment
1556,2020,02_BD,new_vehicle_efficiency,ldv,km_per_pj,road,freight,lpg,all,yearly,national,['avg_eff_no_outliers $ transport_data_system_9th'],1,3668778329.1297708,avg_eff_no_outliers $ transport_data_system_9th,282213717.625367,single_datapoint,no_comment
1557,2020,02_BD,new_vehicle_efficiency,ldv,km_per_pj,road,passenger,lpg,all,yearly,national,['avg_eff_no_outliers $ transport_data_system_9th'],1,4713924488.084526,avg_eff_no_outliers $ transport_data_system_9th,362609576.006502,single_datapoint,no_comment
1558,2020,02_BD,turnover_rate,ldv,%,road,freight,lpg,all,yearly,national,['manually_inputted_data $ guess'],1,0.42,manually_inputted_data $ guess,0.03,manual,no_comment
1559,2020,02_BD,turnover_rate,ldv,%,road,passenger,lpg,all,yearly,national,['manually_inputted_data $ guess'],1,0.42,manually_inputted_data $ guess,0.03,manual,no_comment
1560,2021,02_BD,new_vehicle_efficiency,ldv,km_per_pj,road,freight,lpg,all,yearly,national,['avg_eff_no_outliers $ transport_data_system_9th'],1,3668778329.1297708,avg_eff_no_outliers $ transport_data_system_9th,282213717.625367,single_datapoint,no_comment
1561,2021,02_BD,new_vehicle_efficiency,ldv,km_per_pj,road,passenger,lpg,all,yearly,national,['avg_eff_no_outliers $ transport_data_system_9th'],1,4713924488.084526,avg_eff_no_outliers $ transport_data_system_9th,362609576.006502,single_datapoint,no_comment
1562,2021,02_BD,turnover_rate,ldv,%,road,freight,lpg,all,yearly,national,['manually_inputted_data $ guess'],1,0.42,manually_inputted_data $ guess,0.03,manual,no_comment
1563,2021,02_BD,turnover_rate,ldv,%,road,passenger,lpg,all,yearly,national,['manually_inputted_data $ guess'],1,0.42,manually_inputted_data $ guess,0.03,manual,no_comment
1564,2022,02_BD,new_vehicle_efficiency,ldv,km_per_pj,road,freight,lpg,all,yearly,national,['avg_eff_no_outliers $ transport_data_system_9th'],1,3668778329.1297708,avg_eff_no_outliers $ transport_data_system_9th,282213717.625367,single_datapoint,no_comment
1565,2022,02_BD,new_vehicle_efficiency,ldv,km_per_pj,road,passenger,lpg,all,yearly,national,['avg_eff_no_outliers $ transport_data_system_9th'],1,4713924488.084526,avg_eff_no_outliers $ transport_data_system_9th,362609576.006502,single_datapoint,no_comment
1566,2022,02_BD,turnover_rate,ldv,%,road,freight,lpg,all,yearly,national,['manually_inputted_data $ guess'],1,0.42,manually_inputted_data $ guess,0.03,manual,no_comment
1567,2022,02_BD,turnover_rate,ldv,%,road,passenger,lpg,all,yearly,national,['manually_inputted_data $ guess'],1,0.42,manually_inputted_data $ guess,0.03,manual,no_comment
1568,2010,02_BD,new_vehicle_efficiency,ldv,km_per_pj,road,freight,phev,all,yearly,national,['avg_eff_no_outliers $ transport_data_system_9th'],1,8979606259.303562,avg_eff_no_outliers $ transport_data_system_9th,690738943.023351,single_datapoint,no_comment
1569,2010,02_BD,new_vehicle_efficiency,ldv,km_per_pj,road,passenger,phev,all,yearly,national,['avg_eff_no_outliers $ transport_data_system_9th'],1,5974718100.659283,avg_eff_no_outliers $ transport_data_system_9th,459593700.050714,single_datapoint,no_comment
1570,2010,02_BD,turnover_rate,ldv,%,road,freight,phev,all,yearly,national,['manually_inputted_data $ guess'],1,0.39,manually_inputted_data $ guess,0.03,single_datapoint,no_comment
1571,2010,02_BD,turnover_rate,ldv,%,road,passenger,phev,all,yearly,national,['manually_inputted_data $ guess'],1,0.39,manually_inputted_data $ guess,0.03,single_datapoint,no_comment
1572,2011,02_BD,new_vehicle_efficiency,ldv,km_per_pj,road,freight,phev,all,yearly,national,['avg_eff_no_outliers $ transport_data_system_9th'],1,8979606259.303562,avg_eff_no_outliers $ transport_data_system_9th,690738943.023351,single_datapoint,no_comment
1573,2011,02_BD,new_vehicle_efficiency,ldv,km_per_pj,road,passenger,phev,all,yearly,national,['avg_eff_no_outliers $ transport_data_system_9th'],1,5974718100.659283,avg_eff_no_outliers $ transport_data_system_9th,459593700.050714,single_datapoint,no_comment
1574,2011,02_BD,turnover_rate,ldv,%,road,freight,phev,all,yearly,national,['manually_inputted_data $ guess'],1,0.39,manually_inputted_data $ guess,0.03,single_datapoint,no_comment
1575,2011,02_BD,turnover_rate,ldv,%,road,passenger,phev,all,yearly,national,['manually_inputted_data $ guess'],1,0.39,manually_inputted_data $ guess,0.03,single_datapoint,no_comment
1576,2012,02_BD,new_vehicle_efficiency,ldv,km_per_pj,road,freight,phev,all,yearly,national,['avg_eff_no_outliers $ transport_data_system_9th'],1,8979606259.303562,avg_eff_no_outliers $ transport_data_system_9th,690738943.023351,single_datapoint,no_comment
1577,2012,02_BD,new_vehicle_efficiency,ldv,km_per_pj,road,passenger,phev,all,yearly,national,['avg_eff_no_outliers $ transport_data_system_9th'],1,5974718100.659283,avg_eff_no_outliers $ transport_data_system_9th,459593700.050714,single_datapoint,no_comment
1578,2012,02_BD,turnover_rate,ldv,%,road,freight,phev,all,yearly,national,['manually_inputted_data $ guess'],1,0.39,manually_inputted_data $ guess,0.03,single_datapoint,no_comment
1579,2012,02_BD,turnover_rate,ldv,%,road,passenger,phev,all,yearly,national,['manually_inputted_data $ guess'],1,0.39,manually_inputted_data $ guess,0.03,single_datapoint,no_comment
1580,2013,02_BD,new_vehicle_efficiency,ldv,km_per_pj,road,freight,phev,all,yearly,national,['avg_eff_no_outliers $ transport_data_system_9th'],1,8979606259.303562,avg_eff_no_outliers $ transport_data_system_9th,690738943.023351,single_datapoint,no_comment
1581,2013,02_BD,new_vehicle_efficiency,ldv,km_per_pj,road,passenger,phev,all,yearly,national,['avg_eff_no_outliers $ transport_data_system_9th'],1,5974718100.659283,avg_eff_no_outliers $ transport_data_system_9th,459593700.050714,single_datapoint,no_comment
1582,2013,02_BD,turnover_rate,ldv,%,road,freight,phev,all,yearly,national,['manually_inputted_data $ guess'],1,0.39,manually_inputted_data $ guess,0.03,single_datapoint,no_comment
1583,2013,02_BD,turnover_rate,ldv,%,road,passenger,phev,all,yearly,national,['manually_inputted_data $ guess'],1,0.39,manually_inputted_data $ guess,0.03,single_datapoint,no_comment
1584,2014,02_BD,new_vehicle_efficiency,ldv,km_per_pj,road,freight,phev,all,yearly,national,['avg_eff_no_outliers $ transport_data_system_9th'],1,8979606259.303562,avg_eff_no_outliers $ transport_data_system_9th,690738943.023351,single_datapoint,no_comment
1585,2014,02_BD,new_vehicle_efficiency,ldv,km_per_pj,road,passenger,phev,all,yearly,national,['avg_eff_no_outliers $ transport_data_system_9th'],1,5974718100.659283,avg_eff_no_outliers $ transport_data_system_9th,459593700.050714,single_datapoint,no_comment
1586,2014,02_BD,turnover_rate,ldv,%,road,freight,phev,all,yearly,national,['manually_inputted_data $ guess'],1,0.39,manually_inputted_data $ guess,0.03,single_datapoint,no_comment
1587,2014,02_BD,turnover_rate,ldv,%,road,passenger,phev,all,yearly,national,['manually_inputted_data $ guess'],1,0.39,manually_inputted_data $ guess,0.03,single_datapoint,no_comment
1588,2015,02_BD,new_vehicle_efficiency,ldv,km_per_pj,road,freight,phev,all,yearly,national,['avg_eff_no_outliers $ transport_data_system_9th'],1,8979606259.303562,avg_eff_no_outliers $ transport_data_system_9th,690738943.023351,single_datapoint,no_comment
1589,2015,02_BD,new_vehicle_efficiency,ldv,km_per_pj,road,passenger,phev,all,yearly,national,['avg_eff_no_outliers $ transport_data_system_9th'],1,5974718100.659283,avg_eff_no_outliers $ transport_data_system_9th,459593700.050714,single_datapoint,no_comment
1590,2015,02_BD,turnover_rate,ldv,%,road,freight,phev,all,yearly,national,['manually_inputted_data $ guess'],1,0.39,manually_inputted_data $ guess,0.03,single_datapoint,no_comment
1591,2015,02_BD,turnover_rate,ldv,%,road,passenger,phev,all,yearly,national,['manually_inputted_data $ guess'],1,0.39,manually_inputted_data $ guess,0.03,single_datapoint,no_comment
1592,2016,02_BD,new_vehicle_efficiency,ldv,km_per_pj,road,freight,phev,all,yearly,national,['avg_eff_no_outliers $ transport_data_system_9th'],1,8979606259.303562,avg_eff_no_outliers $ transport_data_system_9th,690738943.023351,single_datapoint,no_comment
1593,2016,02_BD,new_vehicle_efficiency,ldv,km_per_pj,road,passenger,phev,all,yearly,national,['avg_eff_no_outliers $ transport_data_system_9th'],1,5974718100.659283,avg_eff_no_outliers $ transport_data_system_9th,459593700.050714,single_datapoint,no_comment
1594,2016,02_BD,turnover_rate,ldv,%,road,freight,phev,all,yearly,national,['manually_inputted_data $ guess'],1,0.39,manually_inputted_data $ guess,0.03,single_datapoint,no_comment
1595,2016,02_BD,turnover_rate,ldv,%,road,passenger,phev,all,yearly,national,['manually_inputted_data $ guess'],1,0.39,manually_inputted_data $ guess,0.03,single_datapoint,no_comment
1596,2017,02_BD,new_vehicle_efficiency,ldv,km_per_pj,road,freight,phev,all,yearly,national,['avg_eff_no_outliers $ transport_data_system_9th'],1,8979606259.303562,avg_eff_no_outliers $ transport_data_system_9th,690738943.023351,single_datapoint,no_comment
1597,2017,02_BD,new_vehicle_efficiency,ldv,km_per_pj,road,passenger,phev,all,yearly,national,['avg_eff_no_outliers $ transport_data_system_9th'],1,5974718100.659283,avg_eff_no_outliers $ transport_data_system_9th,459593700.050714,single_datapoint,no_comment
1598,2017,02_BD,turnover_rate,ldv,%,road,freight,phev,all,yearly,national,['manually_inputted_data $ guess'],1,0.39,manually_inputted_data $ guess,0.03,single_datapoint,no_comment
1599,2017,02_BD,turnover_rate,ldv,%,road,passenger,phev,all,yearly,national,['manually_inputted_data $ guess'],1,0.39,manually_inputted_data $ guess,0.03,single_datapoint,no_comment
1600,2018,02_BD,new_vehicle_efficiency,ldv,km_per_pj,road,freight,phev,all,yearly,national,['avg_eff_no_outliers $ transport_data_system_9th'],1,8979606259.303562,avg_eff_no_outliers $ transport_data_system_9th,690738943.023351,single_datapoint,no_comment
1601,2018,02_BD,new_vehicle_efficiency,ldv,km_per_pj,road,passenger,phev,all,yearly,national,['avg_eff_no_outliers $ transport_data_system_9th'],1,5974718100.659283,avg_eff_no_outliers $ transport_data_system_9th,459593700.050714,single_datapoint,no_comment
1602,2018,02_BD,turnover_rate,ldv,%,road,freight,phev,all,yearly,national,['manually_inputted_data $ guess'],1,0.39,manually_inputted_data $ guess,0.03,single_datapoint,no_comment
1603,2018,02_BD,turnover_rate,ldv,%,road,passenger,phev,all,yearly,national,['manually_inputted_data $ guess'],1,0.39,manually_inputted_data $ guess,0.03,single_datapoint,no_comment
1604,2019,02_BD,new_vehicle_efficiency,ldv,km_per_pj,road,freight,phev,all,yearly,national,['avg_eff_no_outliers $ transport_data_system_9th'],1,8979606259.303562,avg_eff_no_outliers $ transport_data_system_9th,690738943.023351,single_datapoint,no_comment
1605,2019,02_BD,new_vehicle_efficiency,ldv,km_per_pj,road,passenger,phev,all,yearly,national,['avg_eff_no_outliers $ transport_data_system_9th'],1,5974718100.659283,avg_eff_no_outliers $ transport_data_system_9th,459593700.050714,single_datapoint,no_comment
1606,2019,02_BD,turnover_rate,ldv,%,road,freight,phev,all,yearly,national,['manually_inputted_data $ guess'],1,0.39,manually_inputted_data $ guess,0.03,single_datapoint,no_comment
1607,2019,02_BD,turnover_rate,ldv,%,road,passenger,phev,all,yearly,national,['manually_inputted_data $ guess'],1,0.39,manually_inputted_data $ guess,0.03,single_datapoint,no_comment
1608,2020,02_BD,new_vehicle_efficiency,ldv,km_per_pj,road,freight,phev,all,yearly,national,['avg_eff_no_outliers $ transport_data_system_9th'],1,8979606259.303562,avg_eff_no_outliers $ transport_data_system_9th,690738943.023351,single_datapoint,no_comment
1609,2020,02_BD,new_vehicle_efficiency,ldv,km_per_pj,road,passenger,phev,all,yearly,national,['avg_eff_no_outliers $ transport_data_system_9th'],1,5974718100.659283,avg_eff_no_outliers $ transport_data_system_9th,459593700.050714,single_datapoint,no_comment
1610,2020,02_BD,turnover_rate,ldv,%,road,freight,phev,all,yearly,national,['manually_inputted_data $ guess'],1,0.39,manually_inputted_data $ guess,0.03,single_datapoint,no_comment
1611,2020,02_BD,turnover_rate,ldv,%,road,passenger,phev,all,yearly,national,['manually_inputted_data $ guess'],1,0.39,manually_inputted_data $ guess,0.03,single_datapoint,no_comment
1612,2021,02_BD,new_vehicle_efficiency,ldv,km_per_pj,road,freight,phev,all,yearly,national,['avg_eff_no_outliers $ transport_data_system_9th'],1,8979606259.303562,avg_eff_no_outliers $ transport_data_system_9th,690738943.023351,single_datapoint,no_comment
1613,2021,02_BD,new_vehicle_efficiency,ldv,km_per_pj,road,passenger,phev,all,yearly,national,['avg_eff_no_outliers $ transport_data_system_9th'],1,5974718100.659283,avg_eff_no_outliers $ transport_data_system_9th,459593700.050714,single_datapoint,no_comment
1614,2021,02_BD,turnover_rate,ldv,%,road,freight,phev,all,yearly,national,['manually_inputted_data $ guess'],1,0.39,manually_inputted_data $ guess,0.03,single_datapoint,no_comment
1615,2021,02_BD,turnover_rate,ldv,%,road,passenger,phev,all,yearly,national,['manually_inputted_data $ guess'],1,0.39,manually_inputted_data $ guess,0.03,single_datapoint,no_comment
1616,2022,02_BD,new_vehicle_efficiency,ldv,km_per_pj,road,freight,phev,all,yearly,national,['avg_eff_no_outliers $ transport_data_system_9th'],1,8979606259.303562,avg_eff_no_outliers $ transport_data_system_9th,690738943.023351,single_datapoint,no_comment
1617,2022,02_BD,new_vehicle_efficiency,ldv,km_per_pj,road,passenger,phev,all,yearly,national,['avg_eff_no_outliers $ transport_data_system_9th'],1,5974718100.659283,avg_eff_no_outliers $ transport_data_system_9th,459593700.050714,single_datapoint,no_comment
1618,2022,02_BD,turnover_rate,ldv,%,road,freight,phev,all,yearly,national,['manually_inputted_data $ guess'],1,0.39,manually_inputted_data $ guess,0.03,single_datapoint,no_comment
1619,2022,02_BD,turnover_rate,ldv,%,road,passenger,phev,all,yearly,national,['manually_inputted_data $ guess'],1,0.39,manually_inputted_data $ guess,0.03,single_datapoint,no_comment
1620,2010,03_CDA,new_vehicle_efficiency,2w,km_per_pj,road,passenger,bev,all,yearly,national,['avg_eff_no_outliers $ transport_data_system_9th'],1,33137029391.83156,avg_eff_no_outliers $ transport_data_system_9th,2549002260.91012,single_datapoint,no_comment
1621,2010,03_CDA,turnover_rate,2w,%,road,passenger,bev,all,yearly,national,['manually_inputted_data $ guess'],1,0.42,manually_inputted_data $ guess,0.03,manual,no_comment
1622,2011,03_CDA,new_vehicle_efficiency,2w,km_per_pj,road,passenger,bev,all,yearly,national,['avg_eff_no_outliers $ transport_data_system_9th'],1,33137029391.83156,avg_eff_no_outliers $ transport_data_system_9th,2549002260.91012,single_datapoint,no_comment
1623,2011,03_CDA,turnover_rate,2w,%,road,passenger,bev,all,yearly,national,['manually_inputted_data $ guess'],1,0.42,manually_inputted_data $ guess,0.03,manual,no_comment
1624,2012,03_CDA,new_vehicle_efficiency,2w,km_per_pj,road,passenger,bev,all,yearly,national,['avg_eff_no_outliers $ transport_data_system_9th'],1,33137029391.83156,avg_eff_no_outliers $ transport_data_system_9th,2549002260.91012,single_datapoint,no_comment
1625,2012,03_CDA,turnover_rate,2w,%,road,passenger,bev,all,yearly,national,['manually_inputted_data $ guess'],1,0.42,manually_inputted_data $ guess,0.03,manual,no_comment
1626,2013,03_CDA,new_vehicle_efficiency,2w,km_per_pj,road,passenger,bev,all,yearly,national,['avg_eff_no_outliers $ transport_data_system_9th'],1,33137029391.83156,avg_eff_no_outliers $ transport_data_system_9th,2549002260.91012,single_datapoint,no_comment
1627,2013,03_CDA,turnover_rate,2w,%,road,passenger,bev,all,yearly,national,['manually_inputted_data $ guess'],1,0.42,manually_inputted_data $ guess,0.03,manual,no_comment
1628,2014,03_CDA,new_vehicle_efficiency,2w,km_per_pj,road,passenger,bev,all,yearly,national,['avg_eff_no_outliers $ transport_data_system_9th'],1,33137029391.83156,avg_eff_no_outliers $ transport_data_system_9th,2549002260.91012,single_datapoint,no_comment
1629,2014,03_CDA,turnover_rate,2w,%,road,passenger,bev,all,yearly,national,['manually_inputted_data $ guess'],1,0.42,manually_inputted_data $ guess,0.03,manual,no_comment
1630,2015,03_CDA,new_vehicle_efficiency,2w,km_per_pj,road,passenger,bev,all,yearly,national,['avg_eff_no_outliers $ transport_data_system_9th'],1,33137029391.83156,avg_eff_no_outliers $ transport_data_system_9th,2549002260.91012,single_datapoint,no_comment
1631,2015,03_CDA,turnover_rate,2w,%,road,passenger,bev,all,yearly,national,['manually_inputted_data $ guess'],1,0.42,manually_inputted_data $ guess,0.03,manual,no_comment
1632,2016,03_CDA,new_vehicle_efficiency,2w,km_per_pj,road,passenger,bev,all,yearly,national,['avg_eff_no_outliers $ transport_data_system_9th'],1,33137029391.83156,avg_eff_no_outliers $ transport_data_system_9th,2549002260.91012,single_datapoint,no_comment
1633,2016,03_CDA,turnover_rate,2w,%,road,passenger,bev,all,yearly,national,['manually_inputted_data $ guess'],1,0.42,manually_inputted_data $ guess,0.03,manual,no_comment
1634,2017,03_CDA,new_vehicle_efficiency,2w,km_per_pj,road,passenger,bev,all,yearly,national,['avg_eff_no_outliers $ transport_data_system_9th'],1,33137029391.83156,avg_eff_no_outliers $ transport_data_system_9th,2549002260.91012,single_datapoint,no_comment
1635,2017,03_CDA,turnover_rate,2w,%,road,passenger,bev,all,yearly,national,"['manually_inputted_data $ guess', 'turnover_rate_est']",2,0.42,manually_inputted_data $ guess,0.03,manual,no_comment
1636,2018,03_CDA,new_vehicle_efficiency,2w,km_per_pj,road,passenger,bev,all,yearly,national,['avg_eff_no_outliers $ transport_data_system_9th'],1,33137029391.83156,avg_eff_no_outliers $ transport_data_system_9th,2549002260.91012,single_datapoint,no_comment
1637,2018,03_CDA,turnover_rate,2w,%,road,passenger,bev,all,yearly,national,['manually_inputted_data $ guess'],1,0.42,manually_inputted_data $ guess,0.03,manual,no_comment
1638,2019,03_CDA,new_vehicle_efficiency,2w,km_per_pj,road,passenger,bev,all,yearly,national,['avg_eff_no_outliers $ transport_data_system_9th'],1,33137029391.83156,avg_eff_no_outliers $ transport_data_system_9th,2549002260.91012,single_datapoint,no_comment
1639,2019,03_CDA,turnover_rate,2w,%,road,passenger,bev,all,yearly,national,['manually_inputted_data $ guess'],1,0.42,manually_inputted_data $ guess,0.03,manual,no_comment
1640,2020,03_CDA,new_vehicle_efficiency,2w,km_per_pj,road,passenger,bev,all,yearly,national,['avg_eff_no_outliers $ transport_data_system_9th'],1,33137029391.83156,avg_eff_no_outliers $ transport_data_system_9th,2549002260.91012,single_datapoint,no_comment
1641,2020,03_CDA,turnover_rate,2w,%,road,passenger,bev,all,yearly,national,['manually_inputted_data $ guess'],1,0.42,manually_inputted_data $ guess,0.03,manual,no_comment
1642,2021,03_CDA,new_vehicle_efficiency,2w,km_per_pj,road,passenger,bev,all,yearly,national,['avg_eff_no_outliers $ transport_data_system_9th'],1,33137029391.83156,avg_eff_no_outliers $ transport_data_system_9th,2549002260.91012,single_datapoint,no_comment
1643,2021,03_CDA,turnover_rate,2w,%,road,passenger,bev,all,yearly,national,['manually_inputted_data $ guess'],1,0.42,manually_inputted_data $ guess,0.03,manual,no_comment
1644,2022,03_CDA,new_vehicle_efficiency,2w,km_per_pj,road,passenger,bev,all,yearly,national,['avg_eff_no_outliers $ transport_data_system_9th'],1,33137029391.83156,avg_eff_no_outliers $ transport_data_system_9th,2549002260.91012,single_datapoint,no_comment
1645,2022,03_CDA,turnover_rate,2w,%,road,passenger,bev,all,yearly,national,['manually_inputted_data $ guess'],1,0.42,manually_inputted_data $ guess,0.03,manual,no_comment
1646,2010,03_CDA,new_vehicle_efficiency,2w,km_per_pj,road,passenger,ice,all,yearly,national,['avg_eff_no_outliers $ transport_data_system_9th'],1,7669072338.574219,avg_eff_no_outliers $ transport_data_system_9th,589928641.428786,single_datapoint,no_comment
1647,2010,03_CDA,turnover_rate,2w,%,road,passenger,ice,all,yearly,national,['manually_inputted_data $ guess'],1,0.39,manually_inputted_data $ guess,0.03,single_datapoint,no_comment
1648,2011,03_CDA,new_vehicle_efficiency,2w,km_per_pj,road,passenger,ice,all,yearly,national,['avg_eff_no_outliers $ transport_data_system_9th'],1,7669072338.574219,avg_eff_no_outliers $ transport_data_system_9th,589928641.428786,single_datapoint,no_comment
1649,2011,03_CDA,turnover_rate,2w,%,road,passenger,ice,all,yearly,national,['manually_inputted_data $ guess'],1,0.39,manually_inputted_data $ guess,0.03,single_datapoint,no_comment
1650,2012,03_CDA,new_vehicle_efficiency,2w,km_per_pj,road,passenger,ice,all,yearly,national,['avg_eff_no_outliers $ transport_data_system_9th'],1,7669072338.574219,avg_eff_no_outliers $ transport_data_system_9th,589928641.428786,single_datapoint,no_comment
1651,2012,03_CDA,turnover_rate,2w,%,road,passenger,ice,all,yearly,national,['manually_inputted_data $ guess'],1,0.39,manually_inputted_data $ guess,0.03,single_datapoint,no_comment
1652,2013,03_CDA,new_vehicle_efficiency,2w,km_per_pj,road,passenger,ice,all,yearly,national,['avg_eff_no_outliers $ transport_data_system_9th'],1,7669072338.574219,avg_eff_no_outliers $ transport_data_system_9th,589928641.428786,single_datapoint,no_comment
1653,2013,03_CDA,turnover_rate,2w,%,road,passenger,ice,all,yearly,national,['manually_inputted_data $ guess'],1,0.39,manually_inputted_data $ guess,0.03,single_datapoint,no_comment
1654,2014,03_CDA,new_vehicle_efficiency,2w,km_per_pj,road,passenger,ice,all,yearly,national,['avg_eff_no_outliers $ transport_data_system_9th'],1,7669072338.574219,avg_eff_no_outliers $ transport_data_system_9th,589928641.428786,single_datapoint,no_comment
1655,2014,03_CDA,turnover_rate,2w,%,road,passenger,ice,all,yearly,national,['manually_inputted_data $ guess'],1,0.39,manually_inputted_data $ guess,0.03,single_datapoint,no_comment
1656,2015,03_CDA,new_vehicle_efficiency,2w,km_per_pj,road,passenger,ice,all,yearly,national,['avg_eff_no_outliers $ transport_data_system_9th'],1,7669072338.574219,avg_eff_no_outliers $ transport_data_system_9th,589928641.428786,single_datapoint,no_comment
1657,2015,03_CDA,turnover_rate,2w,%,road,passenger,ice,all,yearly,national,['manually_inputted_data $ guess'],1,0.39,manually_inputted_data $ guess,0.03,single_datapoint,no_comment
1658,2016,03_CDA,new_vehicle_efficiency,2w,km_per_pj,road,passenger,ice,all,yearly,national,['avg_eff_no_outliers $ transport_data_system_9th'],1,7669072338.574219,avg_eff_no_outliers $ transport_data_system_9th,589928641.428786,single_datapoint,no_comment
1659,2016,03_CDA,turnover_rate,2w,%,road,passenger,ice,all,yearly,national,['manually_inputted_data $ guess'],1,0.39,manually_inputted_data $ guess,0.03,single_datapoint,no_comment
1660,2017,03_CDA,activity,2w,passenger_km_or_freight_tonne_km,road,passenger,ice,all,yearly,national,['estimated $ calculate_energy_and_activity()'],1,5938506750.000001,estimated $ calculate_energy_and_activity(),5938506750.000001,single_datapoint,no_comment
1661,2017,03_CDA,energy,2w,pj,road,passenger,ice,all,yearly,national,['estimated $ calculate_energy_and_activity()'],1,8.535749785456956,estimated $ calculate_energy_and_activity(),8.535749785456956,single_datapoint,no_comment
1662,2017,03_CDA,new_vehicle_efficiency,2w,km_per_pj,road,passenger,ice,all,yearly,national,['avg_eff_no_outliers $ transport_data_system_9th'],1,7669072338.574219,avg_eff_no_outliers $ transport_data_system_9th,589928641.428786,single_datapoint,no_comment
1663,2017,03_CDA,travel_km,2w,km,road,passenger,ice,all,yearly,national,['estimated $ calculate_energy_and_activity()'],1,5398642500.0,estimated $ calculate_energy_and_activity(),5398642500.0,single_datapoint,no_comment
1664,2017,03_CDA,turnover_rate,2w,%,road,passenger,ice,all,yearly,national,['manually_inputted_data $ guess'],1,0.39,manually_inputted_data $ guess,0.03,single_datapoint,no_comment
1665,2018,03_CDA,new_vehicle_efficiency,2w,km_per_pj,road,passenger,ice,all,yearly,national,['avg_eff_no_outliers $ transport_data_system_9th'],1,7669072338.574219,avg_eff_no_outliers $ transport_data_system_9th,589928641.428786,single_datapoint,no_comment
1666,2018,03_CDA,turnover_rate,2w,%,road,passenger,ice,all,yearly,national,['manually_inputted_data $ guess'],1,0.39,manually_inputted_data $ guess,0.03,single_datapoint,no_comment
1667,2019,03_CDA,new_vehicle_efficiency,2w,km_per_pj,road,passenger,ice,all,yearly,national,['avg_eff_no_outliers $ transport_data_system_9th'],1,7669072338.574219,avg_eff_no_outliers $ transport_data_system_9th,589928641.428786,single_datapoint,no_comment
1668,2019,03_CDA,turnover_rate,2w,%,road,passenger,ice,all,yearly,national,['manually_inputted_data $ guess'],1,0.39,manually_inputted_data $ guess,0.03,single_datapoint,no_comment
1669,2020,03_CDA,new_vehicle_efficiency,2w,km_per_pj,road,passenger,ice,all,yearly,national,['avg_eff_no_outliers $ transport_data_system_9th'],1,7669072338.574219,avg_eff_no_outliers $ transport_data_system_9th,589928641.428786,single_datapoint,no_comment
1670,2020,03_CDA,turnover_rate,2w,%,road,passenger,ice,all,yearly,national,['manually_inputted_data $ guess'],1,0.39,manually_inputted_data $ guess,0.03,single_datapoint,no_comment
1671,2021,03_CDA,new_vehicle_efficiency,2w,km_per_pj,road,passenger,ice,all,yearly,national,['avg_eff_no_outliers $ transport_data_system_9th'],1,7669072338.574219,avg_eff_no_outliers $ transport_data_system_9th,589928641.428786,single_datapoint,no_comment
1672,2021,03_CDA,turnover_rate,2w,%,road,passenger,ice,all,yearly,national,['manually_inputted_data $ guess'],1,0.39,manually_inputted_data $ guess,0.03,single_datapoint,no_comment
1673,2022,03_CDA,new_vehicle_efficiency,2w,km_per_pj,road,passenger,ice,all,yearly,national,['avg_eff_no_outliers $ transport_data_system_9th'],1,7669072338.574219,avg_eff_no_outliers $ transport_data_system_9th,589928641.428786,single_datapoint,no_comment
1674,2022,03_CDA,turnover_rate,2w,%,road,passenger,ice,all,yearly,national,['manually_inputted_data $ guess'],1,0.39,manually_inputted_data $ guess,0.03,single_datapoint,no_comment
1675,2010,03_CDA,intensity,all,pj_per_passenger_or_freight_tonne_km,air,freight,all,all,yearly,national,['manually_inputted_data $ energy-intensity-of-passenger-transport-modes-2018'],1,4.0300000000000004e-08,manually_inputted_data $ energy-intensity-of-passenger-transport-modes-2018,3.1e-09,single_datapoint,assumed_to_be_same_as_passenger_air_because_of_lack_of_data
1676,2010,03_CDA,intensity,all,pj_per_passenger_or_freight_tonne_km,rail,freight,all,all,yearly,national,['manually_inputted_data $ iea_howtocalculatetheindicatorsforthetransportsectors.pdf'],1,2.86e-09,manually_inputted_data $ iea_howtocalculatetheindicatorsforthetransportsectors.pdf,2.2e-10,single_datapoint,from_how_to_calculate_the_indicators_for_the_transport_sector
1677,2010,03_CDA,intensity,all,pj_per_passenger_or_freight_tonne_km,ship,freight,all,all,yearly,national,['manually_inputted_data $ iea_howtocalculatetheindicatorsforthetransportsectors.pdf'],1,7.02e-09,manually_inputted_data $ iea_howtocalculatetheindicatorsforthetransportsectors.pdf,5.4e-10,single_datapoint,from_how_to_calculate_the_indicators_for_the_transport_sector
1678,2010,03_CDA,intensity,all,pj_per_passenger_or_freight_tonne_km,air,passenger,all,all,yearly,national,['manually_inputted_data $ energy-intensity-of-passenger-transport-modes-2018'],1,4.0300000000000004e-08,manually_inputted_data $ energy-intensity-of-passenger-transport-modes-2018,3.1e-09,single_datapoint,no_comment
1679,2010,03_CDA,intensity,all,pj_per_passenger_or_freight_tonne_km,rail,passenger,all,all,yearly,national,['manually_inputted_data $ energy-intensity-of-passenger-transport-modes-2018'],1,2.6e-09,manually_inputted_data $ energy-intensity-of-passenger-transport-modes-2018,2e-10,single_datapoint,no_comment
1680,2010,03_CDA,intensity,all,pj_per_passenger_or_freight_tonne_km,ship,passenger,all,all,yearly,national,['manually_inputted_data $ iea_howtocalculatetheindicatorsforthetransportsectors.pdf'],1,7.02e-09,manually_inputted_data $ iea_howtocalculatetheindicatorsforthetransportsectors.pdf,5.4e-10,single_datapoint,assumed_to_be_the_same_as_ship_freight_from_iea_how_to
1681,2011,03_CDA,intensity,all,pj_per_passenger_or_freight_tonne_km,air,freight,all,all,yearly,national,['manually_inputted_data $ energy-intensity-of-passenger-transport-modes-2018'],1,4.0300000000000004e-08,manually_inputted_data $ energy-intensity-of-passenger-transport-modes-2018,3.1e-09,single_datapoint,assumed_to_be_same_as_passenger_air_because_of_lack_of_data
1682,2011,03_CDA,intensity,all,pj_per_passenger_or_freight_tonne_km,rail,freight,all,all,yearly,national,['manually_inputted_data $ iea_howtocalculatetheindicatorsforthetransportsectors.pdf'],1,2.86e-09,manually_inputted_data $ iea_howtocalculatetheindicatorsforthetransportsectors.pdf,2.2e-10,single_datapoint,from_how_to_calculate_the_indicators_for_the_transport_sector
1683,2011,03_CDA,intensity,all,pj_per_passenger_or_freight_tonne_km,ship,freight,all,all,yearly,national,['manually_inputted_data $ iea_howtocalculatetheindicatorsforthetransportsectors.pdf'],1,7.02e-09,manually_inputted_data $ iea_howtocalculatetheindicatorsforthetransportsectors.pdf,5.4e-10,single_datapoint,from_how_to_calculate_the_indicators_for_the_transport_sector
1684,2011,03_CDA,intensity,all,pj_per_passenger_or_freight_tonne_km,air,passenger,all,all,yearly,national,['manually_inputted_data $ energy-intensity-of-passenger-transport-modes-2018'],1,4.0300000000000004e-08,manually_inputted_data $ energy-intensity-of-passenger-transport-modes-2018,3.1e-09,single_datapoint,no_comment
1685,2011,03_CDA,intensity,all,pj_per_passenger_or_freight_tonne_km,rail,passenger,all,all,yearly,national,['manually_inputted_data $ energy-intensity-of-passenger-transport-modes-2018'],1,2.6e-09,manually_inputted_data $ energy-intensity-of-passenger-transport-modes-2018,2e-10,single_datapoint,no_comment
1686,2011,03_CDA,intensity,all,pj_per_passenger_or_freight_tonne_km,ship,passenger,all,all,yearly,national,['manually_inputted_data $ iea_howtocalculatetheindicatorsforthetransportsectors.pdf'],1,7.02e-09,manually_inputted_data $ iea_howtocalculatetheindicatorsforthetransportsectors.pdf,5.4e-10,single_datapoint,assumed_to_be_the_same_as_ship_freight_from_iea_how_to
1687,2012,03_CDA,intensity,all,pj_per_passenger_or_freight_tonne_km,air,freight,all,all,yearly,national,['manually_inputted_data $ energy-intensity-of-passenger-transport-modes-2018'],1,4.0300000000000004e-08,manually_inputted_data $ energy-intensity-of-passenger-transport-modes-2018,3.1e-09,single_datapoint,assumed_to_be_same_as_passenger_air_because_of_lack_of_data
1688,2012,03_CDA,intensity,all,pj_per_passenger_or_freight_tonne_km,rail,freight,all,all,yearly,national,['manually_inputted_data $ iea_howtocalculatetheindicatorsforthetransportsectors.pdf'],1,2.86e-09,manually_inputted_data $ iea_howtocalculatetheindicatorsforthetransportsectors.pdf,2.2e-10,single_datapoint,from_how_to_calculate_the_indicators_for_the_transport_sector
1689,2012,03_CDA,intensity,all,pj_per_passenger_or_freight_tonne_km,ship,freight,all,all,yearly,national,['manually_inputted_data $ iea_howtocalculatetheindicatorsforthetransportsectors.pdf'],1,7.02e-09,manually_inputted_data $ iea_howtocalculatetheindicatorsforthetransportsectors.pdf,5.4e-10,single_datapoint,from_how_to_calculate_the_indicators_for_the_transport_sector
1690,2012,03_CDA,intensity,all,pj_per_passenger_or_freight_tonne_km,air,passenger,all,all,yearly,national,['manually_inputted_data $ energy-intensity-of-passenger-transport-modes-2018'],1,4.0300000000000004e-08,manually_inputted_data $ energy-intensity-of-passenger-transport-modes-2018,3.1e-09,single_datapoint,no_comment
1691,2012,03_CDA,intensity,all,pj_per_passenger_or_freight_tonne_km,rail,passenger,all,all,yearly,national,['manually_inputted_data $ energy-intensity-of-passenger-transport-modes-2018'],1,2.6e-09,manually_inputted_data $ energy-intensity-of-passenger-transport-modes-2018,2e-10,single_datapoint,no_comment
1692,2012,03_CDA,intensity,all,pj_per_passenger_or_freight_tonne_km,ship,passenger,all,all,yearly,national,['manually_inputted_data $ iea_howtocalculatetheindicatorsforthetransportsectors.pdf'],1,7.02e-09,manually_inputted_data $ iea_howtocalculatetheindicatorsforthetransportsectors.pdf,5.4e-10,single_datapoint,assumed_to_be_the_same_as_ship_freight_from_iea_how_to
1693,2013,03_CDA,intensity,all,pj_per_passenger_or_freight_tonne_km,air,freight,all,all,yearly,national,['manually_inputted_data $ energy-intensity-of-passenger-transport-modes-2018'],1,4.0300000000000004e-08,manually_inputted_data $ energy-intensity-of-passenger-transport-modes-2018,3.1e-09,single_datapoint,assumed_to_be_same_as_passenger_air_because_of_lack_of_data
1694,2013,03_CDA,intensity,all,pj_per_passenger_or_freight_tonne_km,rail,freight,all,all,yearly,national,['manually_inputted_data $ iea_howtocalculatetheindicatorsforthetransportsectors.pdf'],1,2.86e-09,manually_inputted_data $ iea_howtocalculatetheindicatorsforthetransportsectors.pdf,2.2e-10,single_datapoint,from_how_to_calculate_the_indicators_for_the_transport_sector
1695,2013,03_CDA,intensity,all,pj_per_passenger_or_freight_tonne_km,ship,freight,all,all,yearly,national,['manually_inputted_data $ iea_howtocalculatetheindicatorsforthetransportsectors.pdf'],1,7.02e-09,manually_inputted_data $ iea_howtocalculatetheindicatorsforthetransportsectors.pdf,5.4e-10,single_datapoint,from_how_to_calculate_the_indicators_for_the_transport_sector
1696,2013,03_CDA,intensity,all,pj_per_passenger_or_freight_tonne_km,air,passenger,all,all,yearly,national,['manually_inputted_data $ energy-intensity-of-passenger-transport-modes-2018'],1,4.0300000000000004e-08,manually_inputted_data $ energy-intensity-of-passenger-transport-modes-2018,3.1e-09,single_datapoint,no_comment
1697,2013,03_CDA,intensity,all,pj_per_passenger_or_freight_tonne_km,rail,passenger,all,all,yearly,national,['manually_inputted_data $ energy-intensity-of-passenger-transport-modes-2018'],1,2.6e-09,manually_inputted_data $ energy-intensity-of-passenger-transport-modes-2018,2e-10,single_datapoint,no_comment
1698,2013,03_CDA,intensity,all,pj_per_passenger_or_freight_tonne_km,ship,passenger,all,all,yearly,national,['manually_inputted_data $ iea_howtocalculatetheindicatorsforthetransportsectors.pdf'],1,7.02e-09,manually_inputted_data $ iea_howtocalculatetheindicatorsforthetransportsectors.pdf,5.4e-10,single_datapoint,assumed_to_be_the_same_as_ship_freight_from_iea_how_to
1699,2014,03_CDA,intensity,all,pj_per_passenger_or_freight_tonne_km,air,freight,all,all,yearly,national,['manually_inputted_data $ energy-intensity-of-passenger-transport-modes-2018'],1,4.0300000000000004e-08,manually_inputted_data $ energy-intensity-of-passenger-transport-modes-2018,3.1e-09,single_datapoint,assumed_to_be_same_as_passenger_air_because_of_lack_of_data
1700,2014,03_CDA,intensity,all,pj_per_passenger_or_freight_tonne_km,rail,freight,all,all,yearly,national,['manually_inputted_data $ iea_howtocalculatetheindicatorsforthetransportsectors.pdf'],1,2.86e-09,manually_inputted_data $ iea_howtocalculatetheindicatorsforthetransportsectors.pdf,2.2e-10,single_datapoint,from_how_to_calculate_the_indicators_for_the_transport_sector
1701,2014,03_CDA,intensity,all,pj_per_passenger_or_freight_tonne_km,ship,freight,all,all,yearly,national,['manually_inputted_data $ iea_howtocalculatetheindicatorsforthetransportsectors.pdf'],1,7.02e-09,manually_inputted_data $ iea_howtocalculatetheindicatorsforthetransportsectors.pdf,5.4e-10,single_datapoint,from_how_to_calculate_the_indicators_for_the_transport_sector
1702,2014,03_CDA,intensity,all,pj_per_passenger_or_freight_tonne_km,air,passenger,all,all,yearly,national,['manually_inputted_data $ energy-intensity-of-passenger-transport-modes-2018'],1,4.0300000000000004e-08,manually_inputted_data $ energy-intensity-of-passenger-transport-modes-2018,3.1e-09,single_datapoint,no_comment
1703,2014,03_CDA,intensity,all,pj_per_passenger_or_freight_tonne_km,rail,passenger,all,all,yearly,national,['manually_inputted_data $ energy-intensity-of-passenger-transport-modes-2018'],1,2.6e-09,manually_inputted_data $ energy-intensity-of-passenger-transport-modes-2018,2e-10,single_datapoint,no_comment
1704,2014,03_CDA,intensity,all,pj_per_passenger_or_freight_tonne_km,ship,passenger,all,all,yearly,national,['manually_inputted_data $ iea_howtocalculatetheindicatorsforthetransportsectors.pdf'],1,7.02e-09,manually_inputted_data $ iea_howtocalculatetheindicatorsforthetransportsectors.pdf,5.4e-10,single_datapoint,assumed_to_be_the_same_as_ship_freight_from_iea_how_to
1705,2015,03_CDA,intensity,all,pj_per_passenger_or_freight_tonne_km,air,freight,all,all,yearly,national,['manually_inputted_data $ energy-intensity-of-passenger-transport-modes-2018'],1,4.0300000000000004e-08,manually_inputted_data $ energy-intensity-of-passenger-transport-modes-2018,3.1e-09,single_datapoint,assumed_to_be_same_as_passenger_air_because_of_lack_of_data
1706,2015,03_CDA,intensity,all,pj_per_passenger_or_freight_tonne_km,rail,freight,all,all,yearly,national,['manually_inputted_data $ iea_howtocalculatetheindicatorsforthetransportsectors.pdf'],1,2.86e-09,manually_inputted_data $ iea_howtocalculatetheindicatorsforthetransportsectors.pdf,2.2e-10,single_datapoint,from_how_to_calculate_the_indicators_for_the_transport_sector
1707,2015,03_CDA,intensity,all,pj_per_passenger_or_freight_tonne_km,ship,freight,all,all,yearly,national,['manually_inputted_data $ iea_howtocalculatetheindicatorsforthetransportsectors.pdf'],1,7.02e-09,manually_inputted_data $ iea_howtocalculatetheindicatorsforthetransportsectors.pdf,5.4e-10,single_datapoint,from_how_to_calculate_the_indicators_for_the_transport_sector
1708,2015,03_CDA,intensity,all,pj_per_passenger_or_freight_tonne_km,air,passenger,all,all,yearly,national,['manually_inputted_data $ energy-intensity-of-passenger-transport-modes-2018'],1,4.0300000000000004e-08,manually_inputted_data $ energy-intensity-of-passenger-transport-modes-2018,3.1e-09,single_datapoint,no_comment
1709,2015,03_CDA,intensity,all,pj_per_passenger_or_freight_tonne_km,rail,passenger,all,all,yearly,national,['manually_inputted_data $ energy-intensity-of-passenger-transport-modes-2018'],1,2.6e-09,manually_inputted_data $ energy-intensity-of-passenger-transport-modes-2018,2e-10,single_datapoint,no_comment
1710,2015,03_CDA,intensity,all,pj_per_passenger_or_freight_tonne_km,ship,passenger,all,all,yearly,national,['manually_inputted_data $ iea_howtocalculatetheindicatorsforthetransportsectors.pdf'],1,7.02e-09,manually_inputted_data $ iea_howtocalculatetheindicatorsforthetransportsectors.pdf,5.4e-10,single_datapoint,assumed_to_be_the_same_as_ship_freight_from_iea_how_to
1711,2016,03_CDA,intensity,all,pj_per_passenger_or_freight_tonne_km,air,freight,all,all,yearly,national,['manually_inputted_data $ energy-intensity-of-passenger-transport-modes-2018'],1,4.0300000000000004e-08,manually_inputted_data $ energy-intensity-of-passenger-transport-modes-2018,3.1e-09,single_datapoint,assumed_to_be_same_as_passenger_air_because_of_lack_of_data
1712,2016,03_CDA,intensity,all,pj_per_passenger_or_freight_tonne_km,rail,freight,all,all,yearly,national,['manually_inputted_data $ iea_howtocalculatetheindicatorsforthetransportsectors.pdf'],1,2.86e-09,manually_inputted_data $ iea_howtocalculatetheindicatorsforthetransportsectors.pdf,2.2e-10,single_datapoint,from_how_to_calculate_the_indicators_for_the_transport_sector
1713,2016,03_CDA,intensity,all,pj_per_passenger_or_freight_tonne_km,ship,freight,all,all,yearly,national,['manually_inputted_data $ iea_howtocalculatetheindicatorsforthetransportsectors.pdf'],1,7.02e-09,manually_inputted_data $ iea_howtocalculatetheindicatorsforthetransportsectors.pdf,5.4e-10,single_datapoint,from_how_to_calculate_the_indicators_for_the_transport_sector
1714,2016,03_CDA,intensity,all,pj_per_passenger_or_freight_tonne_km,air,passenger,all,all,yearly,national,['manually_inputted_data $ energy-intensity-of-passenger-transport-modes-2018'],1,4.0300000000000004e-08,manually_inputted_data $ energy-intensity-of-passenger-transport-modes-2018,3.1e-09,single_datapoint,no_comment
1715,2016,03_CDA,intensity,all,pj_per_passenger_or_freight_tonne_km,rail,passenger,all,all,yearly,national,['manually_inputted_data $ energy-intensity-of-passenger-transport-modes-2018'],1,2.6e-09,manually_inputted_data $ energy-intensity-of-passenger-transport-modes-2018,2e-10,single_datapoint,no_comment
1716,2016,03_CDA,intensity,all,pj_per_passenger_or_freight_tonne_km,ship,passenger,all,all,yearly,national,['manually_inputted_data $ iea_howtocalculatetheindicatorsforthetransportsectors.pdf'],1,7.02e-09,manually_inputted_data $ iea_howtocalculatetheindicatorsforthetransportsectors.pdf,5.4e-10,single_datapoint,assumed_to_be_the_same_as_ship_freight_from_iea_how_to
1717,2017,03_CDA,intensity,all,pj_per_passenger_or_freight_tonne_km,air,freight,all,all,yearly,national,['manually_inputted_data $ energy-intensity-of-passenger-transport-modes-2018'],1,4.0300000000000004e-08,manually_inputted_data $ energy-intensity-of-passenger-transport-modes-2018,3.1e-09,single_datapoint,assumed_to_be_same_as_passenger_air_because_of_lack_of_data
1718,2017,03_CDA,intensity,all,pj_per_passenger_or_freight_tonne_km,rail,freight,all,all,yearly,national,['manually_inputted_data $ iea_howtocalculatetheindicatorsforthetransportsectors.pdf'],1,2.86e-09,manually_inputted_data $ iea_howtocalculatetheindicatorsforthetransportsectors.pdf,2.2e-10,single_datapoint,from_how_to_calculate_the_indicators_for_the_transport_sector
1719,2017,03_CDA,intensity,all,pj_per_passenger_or_freight_tonne_km,ship,freight,all,all,yearly,national,['manually_inputted_data $ iea_howtocalculatetheindicatorsforthetransportsectors.pdf'],1,7.02e-09,manually_inputted_data $ iea_howtocalculatetheindicatorsforthetransportsectors.pdf,5.4e-10,single_datapoint,from_how_to_calculate_the_indicators_for_the_transport_sector
1720,2017,03_CDA,intensity,all,pj_per_passenger_or_freight_tonne_km,air,passenger,all,all,yearly,national,['manually_inputted_data $ energy-intensity-of-passenger-transport-modes-2018'],1,4.0300000000000004e-08,manually_inputted_data $ energy-intensity-of-passenger-transport-modes-2018,3.1e-09,single_datapoint,no_comment
1721,2017,03_CDA,intensity,all,pj_per_passenger_or_freight_tonne_km,rail,passenger,all,all,yearly,national,['manually_inputted_data $ energy-intensity-of-passenger-transport-modes-2018'],1,2.6e-09,manually_inputted_data $ energy-intensity-of-passenger-transport-modes-2018,2e-10,single_datapoint,no_comment
1722,2017,03_CDA,intensity,all,pj_per_passenger_or_freight_tonne_km,ship,passenger,all,all,yearly,national,['manually_inputted_data $ iea_howtocalculatetheindicatorsforthetransportsectors.pdf'],1,7.02e-09,manually_inputted_data $ iea_howtocalculatetheindicatorsforthetransportsectors.pdf,5.4e-10,single_datapoint,assumed_to_be_the_same_as_ship_freight_from_iea_how_to
1723,2018,03_CDA,intensity,all,pj_per_passenger_or_freight_tonne_km,air,freight,all,all,yearly,national,['manually_inputted_data $ energy-intensity-of-passenger-transport-modes-2018'],1,4.0300000000000004e-08,manually_inputted_data $ energy-intensity-of-passenger-transport-modes-2018,3.1e-09,single_datapoint,assumed_to_be_same_as_passenger_air_because_of_lack_of_data
1724,2018,03_CDA,intensity,all,pj_per_passenger_or_freight_tonne_km,rail,freight,all,all,yearly,national,['manually_inputted_data $ iea_howtocalculatetheindicatorsforthetransportsectors.pdf'],1,2.86e-09,manually_inputted_data $ iea_howtocalculatetheindicatorsforthetransportsectors.pdf,2.2e-10,single_datapoint,from_how_to_calculate_the_indicators_for_the_transport_sector
1725,2018,03_CDA,intensity,all,pj_per_passenger_or_freight_tonne_km,ship,freight,all,all,yearly,national,['manually_inputted_data $ iea_howtocalculatetheindicatorsforthetransportsectors.pdf'],1,7.02e-09,manually_inputted_data $ iea_howtocalculatetheindicatorsforthetransportsectors.pdf,5.4e-10,single_datapoint,from_how_to_calculate_the_indicators_for_the_transport_sector
1726,2018,03_CDA,intensity,all,pj_per_passenger_or_freight_tonne_km,air,passenger,all,all,yearly,national,['manually_inputted_data $ energy-intensity-of-passenger-transport-modes-2018'],1,4.0300000000000004e-08,manually_inputted_data $ energy-intensity-of-passenger-transport-modes-2018,3.1e-09,single_datapoint,no_comment
1727,2018,03_CDA,intensity,all,pj_per_passenger_or_freight_tonne_km,rail,passenger,all,all,yearly,national,['manually_inputted_data $ energy-intensity-of-passenger-transport-modes-2018'],1,2.6e-09,manually_inputted_data $ energy-intensity-of-passenger-transport-modes-2018,2e-10,single_datapoint,no_comment
1728,2018,03_CDA,intensity,all,pj_per_passenger_or_freight_tonne_km,ship,passenger,all,all,yearly,national,['manually_inputted_data $ iea_howtocalculatetheindicatorsforthetransportsectors.pdf'],1,7.02e-09,manually_inputted_data $ iea_howtocalculatetheindicatorsforthetransportsectors.pdf,5.4e-10,single_datapoint,assumed_to_be_the_same_as_ship_freight_from_iea_how_to
1729,2019,03_CDA,intensity,all,pj_per_passenger_or_freight_tonne_km,air,freight,all,all,yearly,national,['manually_inputted_data $ energy-intensity-of-passenger-transport-modes-2018'],1,4.0300000000000004e-08,manually_inputted_data $ energy-intensity-of-passenger-transport-modes-2018,3.1e-09,single_datapoint,assumed_to_be_same_as_passenger_air_because_of_lack_of_data
1730,2019,03_CDA,intensity,all,pj_per_passenger_or_freight_tonne_km,rail,freight,all,all,yearly,national,['manually_inputted_data $ iea_howtocalculatetheindicatorsforthetransportsectors.pdf'],1,2.86e-09,manually_inputted_data $ iea_howtocalculatetheindicatorsforthetransportsectors.pdf,2.2e-10,single_datapoint,from_how_to_calculate_the_indicators_for_the_transport_sector
1731,2019,03_CDA,intensity,all,pj_per_passenger_or_freight_tonne_km,ship,freight,all,all,yearly,national,['manually_inputted_data $ iea_howtocalculatetheindicatorsforthetransportsectors.pdf'],1,7.02e-09,manually_inputted_data $ iea_howtocalculatetheindicatorsforthetransportsectors.pdf,5.4e-10,single_datapoint,from_how_to_calculate_the_indicators_for_the_transport_sector
1732,2019,03_CDA,intensity,all,pj_per_passenger_or_freight_tonne_km,air,passenger,all,all,yearly,national,['manually_inputted_data $ energy-intensity-of-passenger-transport-modes-2018'],1,4.0300000000000004e-08,manually_inputted_data $ energy-intensity-of-passenger-transport-modes-2018,3.1e-09,single_datapoint,no_comment
1733,2019,03_CDA,intensity,all,pj_per_passenger_or_freight_tonne_km,rail,passenger,all,all,yearly,national,['manually_inputted_data $ energy-intensity-of-passenger-transport-modes-2018'],1,2.6e-09,manually_inputted_data $ energy-intensity-of-passenger-transport-modes-2018,2e-10,single_datapoint,no_comment
1734,2019,03_CDA,intensity,all,pj_per_passenger_or_freight_tonne_km,ship,passenger,all,all,yearly,national,['manually_inputted_data $ iea_howtocalculatetheindicatorsforthetransportsectors.pdf'],1,7.02e-09,manually_inputted_data $ iea_howtocalculatetheindicatorsforthetransportsectors.pdf,5.4e-10,single_datapoint,assumed_to_be_the_same_as_ship_freight_from_iea_how_to
1735,2020,03_CDA,intensity,all,pj_per_passenger_or_freight_tonne_km,air,freight,all,all,yearly,national,['manually_inputted_data $ energy-intensity-of-passenger-transport-modes-2018'],1,4.0300000000000004e-08,manually_inputted_data $ energy-intensity-of-passenger-transport-modes-2018,3.1e-09,single_datapoint,assumed_to_be_same_as_passenger_air_because_of_lack_of_data
1736,2020,03_CDA,intensity,all,pj_per_passenger_or_freight_tonne_km,rail,freight,all,all,yearly,national,['manually_inputted_data $ iea_howtocalculatetheindicatorsforthetransportsectors.pdf'],1,2.86e-09,manually_inputted_data $ iea_howtocalculatetheindicatorsforthetransportsectors.pdf,2.2e-10,single_datapoint,from_how_to_calculate_the_indicators_for_the_transport_sector
1737,2020,03_CDA,intensity,all,pj_per_passenger_or_freight_tonne_km,ship,freight,all,all,yearly,national,['manually_inputted_data $ iea_howtocalculatetheindicatorsforthetransportsectors.pdf'],1,7.02e-09,manually_inputted_data $ iea_howtocalculatetheindicatorsforthetransportsectors.pdf,5.4e-10,single_datapoint,from_how_to_calculate_the_indicators_for_the_transport_sector
1738,2020,03_CDA,intensity,all,pj_per_passenger_or_freight_tonne_km,air,passenger,all,all,yearly,national,['manually_inputted_data $ energy-intensity-of-passenger-transport-modes-2018'],1,4.0300000000000004e-08,manually_inputted_data $ energy-intensity-of-passenger-transport-modes-2018,3.1e-09,single_datapoint,no_comment
1739,2020,03_CDA,intensity,all,pj_per_passenger_or_freight_tonne_km,rail,passenger,all,all,yearly,national,['manually_inputted_data $ energy-intensity-of-passenger-transport-modes-2018'],1,2.6e-09,manually_inputted_data $ energy-intensity-of-passenger-transport-modes-2018,2e-10,single_datapoint,no_comment
1740,2020,03_CDA,intensity,all,pj_per_passenger_or_freight_tonne_km,ship,passenger,all,all,yearly,national,['manually_inputted_data $ iea_howtocalculatetheindicatorsforthetransportsectors.pdf'],1,7.02e-09,manually_inputted_data $ iea_howtocalculatetheindicatorsforthetransportsectors.pdf,5.4e-10,single_datapoint,assumed_to_be_the_same_as_ship_freight_from_iea_how_to
1741,2021,03_CDA,intensity,all,pj_per_passenger_or_freight_tonne_km,air,freight,all,all,yearly,national,['manually_inputted_data $ energy-intensity-of-passenger-transport-modes-2018'],1,4.0300000000000004e-08,manually_inputted_data $ energy-intensity-of-passenger-transport-modes-2018,3.1e-09,single_datapoint,assumed_to_be_same_as_passenger_air_because_of_lack_of_data
1742,2021,03_CDA,intensity,all,pj_per_passenger_or_freight_tonne_km,rail,freight,all,all,yearly,national,['manually_inputted_data $ iea_howtocalculatetheindicatorsforthetransportsectors.pdf'],1,2.86e-09,manually_inputted_data $ iea_howtocalculatetheindicatorsforthetransportsectors.pdf,2.2e-10,single_datapoint,from_how_to_calculate_the_indicators_for_the_transport_sector
1743,2021,03_CDA,intensity,all,pj_per_passenger_or_freight_tonne_km,ship,freight,all,all,yearly,national,['manually_inputted_data $ iea_howtocalculatetheindicatorsforthetransportsectors.pdf'],1,7.02e-09,manually_inputted_data $ iea_howtocalculatetheindicatorsforthetransportsectors.pdf,5.4e-10,single_datapoint,from_how_to_calculate_the_indicators_for_the_transport_sector
1744,2021,03_CDA,intensity,all,pj_per_passenger_or_freight_tonne_km,air,passenger,all,all,yearly,national,['manually_inputted_data $ energy-intensity-of-passenger-transport-modes-2018'],1,4.0300000000000004e-08,manually_inputted_data $ energy-intensity-of-passenger-transport-modes-2018,3.1e-09,single_datapoint,no_comment
1745,2021,03_CDA,intensity,all,pj_per_passenger_or_freight_tonne_km,rail,passenger,all,all,yearly,national,['manually_inputted_data $ energy-intensity-of-passenger-transport-modes-2018'],1,2.6e-09,manually_inputted_data $ energy-intensity-of-passenger-transport-modes-2018,2e-10,single_datapoint,no_comment
1746,2021,03_CDA,intensity,all,pj_per_passenger_or_freight_tonne_km,ship,passenger,all,all,yearly,national,['manually_inputted_data $ iea_howtocalculatetheindicatorsforthetransportsectors.pdf'],1,7.02e-09,manually_inputted_data $ iea_howtocalculatetheindicatorsforthetransportsectors.pdf,5.4e-10,single_datapoint,assumed_to_be_the_same_as_ship_freight_from_iea_how_to
1747,2022,03_CDA,intensity,all,pj_per_passenger_or_freight_tonne_km,air,freight,all,all,yearly,national,['manually_inputted_data $ energy-intensity-of-passenger-transport-modes-2018'],1,4.0300000000000004e-08,manually_inputted_data $ energy-intensity-of-passenger-transport-modes-2018,3.1e-09,single_datapoint,assumed_to_be_same_as_passenger_air_because_of_lack_of_data
1748,2022,03_CDA,intensity,all,pj_per_passenger_or_freight_tonne_km,rail,freight,all,all,yearly,national,['manually_inputted_data $ iea_howtocalculatetheindicatorsforthetransportsectors.pdf'],1,2.86e-09,manually_inputted_data $ iea_howtocalculatetheindicatorsforthetransportsectors.pdf,2.2e-10,single_datapoint,from_how_to_calculate_the_indicators_for_the_transport_sector
1749,2022,03_CDA,intensity,all,pj_per_passenger_or_freight_tonne_km,ship,freight,all,all,yearly,national,['manually_inputted_data $ iea_howtocalculatetheindicatorsforthetransportsectors.pdf'],1,7.02e-09,manually_inputted_data $ iea_howtocalculatetheindicatorsforthetransportsectors.pdf,5.4e-10,single_datapoint,from_how_to_calculate_the_indicators_for_the_transport_sector
1750,2022,03_CDA,intensity,all,pj_per_passenger_or_freight_tonne_km,air,passenger,all,all,yearly,national,['manually_inputted_data $ energy-intensity-of-passenger-transport-modes-2018'],1,4.0300000000000004e-08,manually_inputted_data $ energy-intensity-of-passenger-transport-modes-2018,3.1e-09,single_datapoint,no_comment
1751,2022,03_CDA,intensity,all,pj_per_passenger_or_freight_tonne_km,rail,passenger,all,all,yearly,national,['manually_inputted_data $ energy-intensity-of-passenger-transport-modes-2018'],1,2.6e-09,manually_inputted_data $ energy-intensity-of-passenger-transport-modes-2018,2e-10,single_datapoint,no_comment
1752,2022,03_CDA,intensity,all,pj_per_passenger_or_freight_tonne_km,ship,passenger,all,all,yearly,national,['manually_inputted_data $ iea_howtocalculatetheindicatorsforthetransportsectors.pdf'],1,7.02e-09,manually_inputted_data $ iea_howtocalculatetheindicatorsforthetransportsectors.pdf,5.4e-10,single_datapoint,assumed_to_be_the_same_as_ship_freight_from_iea_how_to
1753,2010,03_CDA,new_vehicle_efficiency,bus,km_per_pj,road,passenger,bev,all,yearly,national,['avg_eff_no_outliers $ transport_data_system_9th'],1,1058314235.1561403,avg_eff_no_outliers $ transport_data_system_9th,81408787.3197031,single_datapoint,no_comment
1754,2010,03_CDA,turnover_rate,bus,%,road,passenger,bev,all,yearly,national,['manually_inputted_data $ guess'],1,0.42,manually_inputted_data $ guess,0.03,manual,no_comment
1755,2011,03_CDA,new_vehicle_efficiency,bus,km_per_pj,road,passenger,bev,all,yearly,national,['avg_eff_no_outliers $ transport_data_system_9th'],1,1058314235.1561403,avg_eff_no_outliers $ transport_data_system_9th,81408787.3197031,single_datapoint,no_comment
1756,2011,03_CDA,turnover_rate,bus,%,road,passenger,bev,all,yearly,national,['manually_inputted_data $ guess'],1,0.42,manually_inputted_data $ guess,0.03,manual,no_comment
1757,2012,03_CDA,new_vehicle_efficiency,bus,km_per_pj,road,passenger,bev,all,yearly,national,['avg_eff_no_outliers $ transport_data_system_9th'],1,1058314235.1561403,avg_eff_no_outliers $ transport_data_system_9th,81408787.3197031,single_datapoint,no_comment
1758,2012,03_CDA,turnover_rate,bus,%,road,passenger,bev,all,yearly,national,['manually_inputted_data $ guess'],1,0.42,manually_inputted_data $ guess,0.03,manual,no_comment
1759,2013,03_CDA,new_vehicle_efficiency,bus,km_per_pj,road,passenger,bev,all,yearly,national,['avg_eff_no_outliers $ transport_data_system_9th'],1,1058314235.1561403,avg_eff_no_outliers $ transport_data_system_9th,81408787.3197031,single_datapoint,no_comment
1760,2013,03_CDA,turnover_rate,bus,%,road,passenger,bev,all,yearly,national,['manually_inputted_data $ guess'],1,0.42,manually_inputted_data $ guess,0.03,manual,no_comment
1761,2014,03_CDA,new_vehicle_efficiency,bus,km_per_pj,road,passenger,bev,all,yearly,national,['avg_eff_no_outliers $ transport_data_system_9th'],1,1058314235.1561403,avg_eff_no_outliers $ transport_data_system_9th,81408787.3197031,single_datapoint,no_comment
1762,2014,03_CDA,turnover_rate,bus,%,road,passenger,bev,all,yearly,national,['manually_inputted_data $ guess'],1,0.42,manually_inputted_data $ guess,0.03,manual,no_comment
1763,2015,03_CDA,new_vehicle_efficiency,bus,km_per_pj,road,passenger,bev,all,yearly,national,['avg_eff_no_outliers $ transport_data_system_9th'],1,1058314235.1561403,avg_eff_no_outliers $ transport_data_system_9th,81408787.3197031,single_datapoint,no_comment
1764,2015,03_CDA,turnover_rate,bus,%,road,passenger,bev,all,yearly,national,['manually_inputted_data $ guess'],1,0.42,manually_inputted_data $ guess,0.03,manual,no_comment
1765,2016,03_CDA,new_vehicle_efficiency,bus,km_per_pj,road,passenger,bev,all,yearly,national,['avg_eff_no_outliers $ transport_data_system_9th'],1,1058314235.1561403,avg_eff_no_outliers $ transport_data_system_9th,81408787.3197031,single_datapoint,no_comment
1766,2016,03_CDA,turnover_rate,bus,%,road,passenger,bev,all,yearly,national,['manually_inputted_data $ guess'],1,0.42,manually_inputted_data $ guess,0.03,manual,no_comment
1767,2017,03_CDA,activity,bus,passenger_km_or_freight_tonne_km,road,passenger,bev,all,yearly,national,"['8th_edition_transport_model $ reference', 'estimated $ calculate_energy_and_activity()']",2,31333028770.0,8th_edition_transport_model $ reference,13194653770.0,manual,no_comment
1768,2017,03_CDA,energy,bus,pj,road,passenger,bev,all,yearly,national,"['8th_edition_transport_model $ reference', 'estimated $ calculate_energy_and_activity()']",2,8.990830677429729,8th_edition_transport_model $ reference,4.3483541216247925,manual,no_comment
1769,2017,03_CDA,new_vehicle_efficiency,bus,km_per_pj,road,passenger,bev,all,yearly,national,['avg_eff_no_outliers $ transport_data_system_9th'],1,1058314235.1561403,avg_eff_no_outliers $ transport_data_system_9th,81408787.3197031,single_datapoint,no_comment
1770,2017,03_CDA,travel_km,bus,km,road,passenger,bev,all,yearly,national,['estimated $ calculate_energy_and_activity()'],1,1209225000.0,estimated $ calculate_energy_and_activity(),1075200000.0,single_datapoint,no_comment
1771,2017,03_CDA,turnover_rate,bus,%,road,passenger,bev,all,yearly,national,"['manually_inputted_data $ guess', 'turnover_rate_est']",2,0.42,manually_inputted_data $ guess,0.03,manual,no_comment
1772,2018,03_CDA,activity,bus,passenger_km_or_freight_tonne_km,road,passenger,bev,all,yearly,national,['estimated $ calculate_energy_and_activity()'],1,31333028770.0,estimated $ calculate_energy_and_activity(),21375000.0,manual,no_comment
1773,2018,03_CDA,energy,bus,pj,road,passenger,bev,all,yearly,national,['estimated $ calculate_energy_and_activity()'],1,8.990830677429729,estimated $ calculate_energy_and_activity(),0.0054708834931646595,manual,no_comment
1774,2018,03_CDA,new_vehicle_efficiency,bus,km_per_pj,road,passenger,bev,all,yearly,national,['avg_eff_no_outliers $ transport_data_system_9th'],1,1058314235.1561403,avg_eff_no_outliers $ transport_data_system_9th,81408787.3197031,single_datapoint,no_comment
1775,2018,03_CDA,travel_km,bus,km,road,passenger,bev,all,yearly,national,['estimated $ calculate_energy_and_activity()'],1,1209225000.0,estimated $ calculate_energy_and_activity(),1425000.0,single_datapoint,no_comment
1776,2018,03_CDA,turnover_rate,bus,%,road,passenger,bev,all,yearly,national,['manually_inputted_data $ guess'],1,0.42,manually_inputted_data $ guess,0.03,manual,no_comment
1777,2019,03_CDA,activity,bus,passenger_km_or_freight_tonne_km,road,passenger,bev,all,yearly,national,['estimated $ calculate_energy_and_activity()'],1,31333028770.0,estimated $ calculate_energy_and_activity(),76500000.0,manual,no_comment
1778,2019,03_CDA,energy,bus,pj,road,passenger,bev,all,yearly,national,['estimated $ calculate_energy_and_activity()'],1,8.990830677429729,estimated $ calculate_energy_and_activity(),0.019580004080799834,manual,no_comment
1779,2019,03_CDA,new_vehicle_efficiency,bus,km_per_pj,road,passenger,bev,all,yearly,national,['avg_eff_no_outliers $ transport_data_system_9th'],1,1058314235.1561403,avg_eff_no_outliers $ transport_data_system_9th,81408787.3197031,single_datapoint,no_comment
1780,2019,03_CDA,travel_km,bus,km,road,passenger,bev,all,yearly,national,['estimated $ calculate_energy_and_activity()'],1,1209225000.0,estimated $ calculate_energy_and_activity(),5100000.0,single_datapoint,no_comment
1781,2019,03_CDA,turnover_rate,bus,%,road,passenger,bev,all,yearly,national,['manually_inputted_data $ guess'],1,0.42,manually_inputted_data $ guess,0.03,manual,no_comment
1782,2020,03_CDA,activity,bus,passenger_km_or_freight_tonne_km,road,passenger,bev,all,yearly,national,['estimated $ calculate_energy_and_activity()'],1,31333028770.0,estimated $ calculate_energy_and_activity(),281250000.0,manual,no_comment
1783,2020,03_CDA,energy,bus,pj,road,passenger,bev,all,yearly,national,['estimated $ calculate_energy_and_activity()'],1,8.990830677429729,estimated $ calculate_energy_and_activity(),0.07198530912058763,manual,no_comment
1784,2020,03_CDA,new_vehicle_efficiency,bus,km_per_pj,road,passenger,bev,all,yearly,national,['avg_eff_no_outliers $ transport_data_system_9th'],1,1058314235.1561403,avg_eff_no_outliers $ transport_data_system_9th,81408787.3197031,single_datapoint,no_comment
1785,2020,03_CDA,travel_km,bus,km,road,passenger,bev,all,yearly,national,['estimated $ calculate_energy_and_activity()'],1,1209225000.0,estimated $ calculate_energy_and_activity(),18750000.0,single_datapoint,no_comment
1786,2020,03_CDA,turnover_rate,bus,%,road,passenger,bev,all,yearly,national,['manually_inputted_data $ guess'],1,0.42,manually_inputted_data $ guess,0.03,manual,no_comment
1787,2021,03_CDA,activity,bus,passenger_km_or_freight_tonne_km,road,passenger,bev,all,yearly,national,['estimated $ calculate_energy_and_activity()'],1,31333028770.0,estimated $ calculate_energy_and_activity(),675000000.0,manual,no_comment
1788,2021,03_CDA,energy,bus,pj,road,passenger,bev,all,yearly,national,['estimated $ calculate_energy_and_activity()'],1,8.990830677429729,estimated $ calculate_energy_and_activity(),0.1727647418894103,manual,no_comment
1789,2021,03_CDA,new_vehicle_efficiency,bus,km_per_pj,road,passenger,bev,all,yearly,national,['avg_eff_no_outliers $ transport_data_system_9th'],1,1058314235.1561403,avg_eff_no_outliers $ transport_data_system_9th,81408787.3197031,single_datapoint,no_comment
1790,2021,03_CDA,travel_km,bus,km,road,passenger,bev,all,yearly,national,['estimated $ calculate_energy_and_activity()'],1,1209225000.0,estimated $ calculate_energy_and_activity(),45000000.0,single_datapoint,no_comment
1791,2021,03_CDA,turnover_rate,bus,%,road,passenger,bev,all,yearly,national,['manually_inputted_data $ guess'],1,0.42,manually_inputted_data $ guess,0.03,manual,no_comment
1792,2022,03_CDA,activity,bus,passenger_km_or_freight_tonne_km,road,passenger,bev,all,yearly,national,['estimated $ calculate_energy_and_activity()'],1,31333028770.0,estimated $ calculate_energy_and_activity(),956250000.0,manual,no_comment
1793,2022,03_CDA,energy,bus,pj,road,passenger,bev,all,yearly,national,['estimated $ calculate_energy_and_activity()'],1,8.990830677429729,estimated $ calculate_energy_and_activity(),0.24475005100999794,manual,no_comment
1794,2022,03_CDA,new_vehicle_efficiency,bus,km_per_pj,road,passenger,bev,all,yearly,national,['avg_eff_no_outliers $ transport_data_system_9th'],1,1058314235.1561403,avg_eff_no_outliers $ transport_data_system_9th,81408787.3197031,single_datapoint,no_comment
1795,2022,03_CDA,travel_km,bus,km,road,passenger,bev,all,yearly,national,['estimated $ calculate_energy_and_activity()'],1,1209225000.0,estimated $ calculate_energy_and_activity(),63750000.0,single_datapoint,no_comment
1796,2022,03_CDA,turnover_rate,bus,%,road,passenger,bev,all,yearly,national,['manually_inputted_data $ guess'],1,0.42,manually_inputted_data $ guess,0.03,manual,no_comment
1797,2010,03_CDA,new_vehicle_efficiency,bus,km_per_pj,road,passenger,cng,all,yearly,national,['avg_eff_no_outliers $ transport_data_system_9th'],1,1813839119.6717222,avg_eff_no_outliers $ transport_data_system_9th,139526086.128594,single_datapoint,no_comment
1798,2010,03_CDA,turnover_rate,bus,%,road,passenger,cng,all,yearly,national,['manually_inputted_data $ guess'],1,0.42,manually_inputted_data $ guess,0.03,manual,no_comment
1799,2011,03_CDA,new_vehicle_efficiency,bus,km_per_pj,road,passenger,cng,all,yearly,national,['avg_eff_no_outliers $ transport_data_system_9th'],1,1813839119.6717222,avg_eff_no_outliers $ transport_data_system_9th,139526086.128594,single_datapoint,no_comment
1800,2011,03_CDA,turnover_rate,bus,%,road,passenger,cng,all,yearly,national,['manually_inputted_data $ guess'],1,0.42,manually_inputted_data $ guess,0.03,manual,no_comment
1801,2012,03_CDA,new_vehicle_efficiency,bus,km_per_pj,road,passenger,cng,all,yearly,national,['avg_eff_no_outliers $ transport_data_system_9th'],1,1813839119.6717222,avg_eff_no_outliers $ transport_data_system_9th,139526086.128594,single_datapoint,no_comment
1802,2012,03_CDA,turnover_rate,bus,%,road,passenger,cng,all,yearly,national,['manually_inputted_data $ guess'],1,0.42,manually_inputted_data $ guess,0.03,manual,no_comment
1803,2013,03_CDA,new_vehicle_efficiency,bus,km_per_pj,road,passenger,cng,all,yearly,national,['avg_eff_no_outliers $ transport_data_system_9th'],1,1813839119.6717222,avg_eff_no_outliers $ transport_data_system_9th,139526086.128594,single_datapoint,no_comment
1804,2013,03_CDA,turnover_rate,bus,%,road,passenger,cng,all,yearly,national,['manually_inputted_data $ guess'],1,0.42,manually_inputted_data $ guess,0.03,manual,no_comment
1805,2014,03_CDA,new_vehicle_efficiency,bus,km_per_pj,road,passenger,cng,all,yearly,national,['avg_eff_no_outliers $ transport_data_system_9th'],1,1813839119.6717222,avg_eff_no_outliers $ transport_data_system_9th,139526086.128594,single_datapoint,no_comment
1806,2014,03_CDA,turnover_rate,bus,%,road,passenger,cng,all,yearly,national,['manually_inputted_data $ guess'],1,0.42,manually_inputted_data $ guess,0.03,manual,no_comment
1807,2015,03_CDA,new_vehicle_efficiency,bus,km_per_pj,road,passenger,cng,all,yearly,national,['avg_eff_no_outliers $ transport_data_system_9th'],1,1813839119.6717222,avg_eff_no_outliers $ transport_data_system_9th,139526086.128594,single_datapoint,no_comment
1808,2015,03_CDA,turnover_rate,bus,%,road,passenger,cng,all,yearly,national,['manually_inputted_data $ guess'],1,0.42,manually_inputted_data $ guess,0.03,manual,no_comment
1809,2016,03_CDA,new_vehicle_efficiency,bus,km_per_pj,road,passenger,cng,all,yearly,national,['avg_eff_no_outliers $ transport_data_system_9th'],1,1813839119.6717222,avg_eff_no_outliers $ transport_data_system_9th,139526086.128594,single_datapoint,no_comment
1810,2016,03_CDA,turnover_rate,bus,%,road,passenger,cng,all,yearly,national,['manually_inputted_data $ guess'],1,0.42,manually_inputted_data $ guess,0.03,manual,no_comment
1811,2017,03_CDA,activity,bus,passenger_km_or_freight_tonne_km,road,passenger,cng,all,yearly,national,"['8th_edition_transport_model $ reference', 'estimated $ calculate_energy_and_activity()']",2,7075978558.0,estimated $ calculate_energy_and_activity(),4114125000.0,manual,no_comment
1812,2017,03_CDA,energy,bus,pj,road,passenger,cng,all,yearly,national,"['8th_edition_transport_model $ reference', 'estimated $ calculate_energy_and_activity()']",2,4.752022989567589,estimated $ calculate_energy_and_activity(),3.685503856355845,manual,no_comment
1813,2017,03_CDA,new_vehicle_efficiency,bus,km_per_pj,road,passenger,cng,all,yearly,national,['avg_eff_no_outliers $ transport_data_system_9th'],1,1813839119.6717222,avg_eff_no_outliers $ transport_data_system_9th,139526086.128594,single_datapoint,no_comment
1814,2017,03_CDA,travel_km,bus,km,road,passenger,cng,all,yearly,national,['estimated $ calculate_energy_and_activity()'],1,274275000.0,estimated $ calculate_energy_and_activity(),274275000.0,single_datapoint,no_comment
1815,2017,03_CDA,turnover_rate,bus,%,road,passenger,cng,all,yearly,national,"['manually_inputted_data $ guess', 'turnover_rate_est']",2,0.42,manually_inputted_data $ guess,0.03,manual,no_comment
1816,2018,03_CDA,new_vehicle_efficiency,bus,km_per_pj,road,passenger,cng,all,yearly,national,['avg_eff_no_outliers $ transport_data_system_9th'],1,1813839119.6717222,avg_eff_no_outliers $ transport_data_system_9th,139526086.128594,single_datapoint,no_comment
1817,2018,03_CDA,turnover_rate,bus,%,road,passenger,cng,all,yearly,national,['manually_inputted_data $ guess'],1,0.42,manually_inputted_data $ guess,0.03,manual,no_comment
1818,2019,03_CDA,new_vehicle_efficiency,bus,km_per_pj,road,passenger,cng,all,yearly,national,['avg_eff_no_outliers $ transport_data_system_9th'],1,1813839119.6717222,avg_eff_no_outliers $ transport_data_system_9th,139526086.128594,single_datapoint,no_comment
1819,2019,03_CDA,turnover_rate,bus,%,road,passenger,cng,all,yearly,national,['manually_inputted_data $ guess'],1,0.42,manually_inputted_data $ guess,0.03,manual,no_comment
1820,2020,03_CDA,new_vehicle_efficiency,bus,km_per_pj,road,passenger,cng,all,yearly,national,['avg_eff_no_outliers $ transport_data_system_9th'],1,1813839119.6717222,avg_eff_no_outliers $ transport_data_system_9th,139526086.128594,single_datapoint,no_comment
1821,2020,03_CDA,turnover_rate,bus,%,road,passenger,cng,all,yearly,national,['manually_inputted_data $ guess'],1,0.42,manually_inputted_data $ guess,0.03,manual,no_comment
1822,2021,03_CDA,new_vehicle_efficiency,bus,km_per_pj,road,passenger,cng,all,yearly,national,['avg_eff_no_outliers $ transport_data_system_9th'],1,1813839119.6717222,avg_eff_no_outliers $ transport_data_system_9th,139526086.128594,single_datapoint,no_comment
1823,2021,03_CDA,turnover_rate,bus,%,road,passenger,cng,all,yearly,national,['manually_inputted_data $ guess'],1,0.42,manually_inputted_data $ guess,0.03,manual,no_comment
1824,2022,03_CDA,new_vehicle_efficiency,bus,km_per_pj,road,passenger,cng,all,yearly,national,['avg_eff_no_outliers $ transport_data_system_9th'],1,1813839119.6717222,avg_eff_no_outliers $ transport_data_system_9th,139526086.128594,single_datapoint,no_comment
1825,2022,03_CDA,turnover_rate,bus,%,road,passenger,cng,all,yearly,national,['manually_inputted_data $ guess'],1,0.42,manually_inputted_data $ guess,0.03,manual,no_comment
1826,2017,03_CDA,turnover_rate,bus,%,road,passenger,fcev,all,yearly,national,['turnover_rate_est'],1,0.03,turnover_rate_est,0.03,single_datapoint,no_comment
1827,2010,03_CDA,new_vehicle_efficiency,bus,km_per_pj,road,passenger,ice,all,yearly,national,['avg_eff_no_outliers $ transport_data_system_9th'],1,910941040.8338033,avg_eff_no_outliers $ transport_data_system_9th,70072387.7564464,single_datapoint,no_comment
1828,2010,03_CDA,turnover_rate,bus,%,road,passenger,ice,all,yearly,national,['manually_inputted_data $ guess'],1,0.39,manually_inputted_data $ guess,0.03,single_datapoint,no_comment
1829,2011,03_CDA,new_vehicle_efficiency,bus,km_per_pj,road,passenger,ice,all,yearly,national,['avg_eff_no_outliers $ transport_data_system_9th'],1,910941040.8338033,avg_eff_no_outliers $ transport_data_system_9th,70072387.7564464,single_datapoint,no_comment
1830,2011,03_CDA,turnover_rate,bus,%,road,passenger,ice,all,yearly,national,['manually_inputted_data $ guess'],1,0.39,manually_inputted_data $ guess,0.03,single_datapoint,no_comment
1831,2012,03_CDA,new_vehicle_efficiency,bus,km_per_pj,road,passenger,ice,all,yearly,national,['avg_eff_no_outliers $ transport_data_system_9th'],1,910941040.8338033,avg_eff_no_outliers $ transport_data_system_9th,70072387.7564464,single_datapoint,no_comment
1832,2012,03_CDA,turnover_rate,bus,%,road,passenger,ice,all,yearly,national,['manually_inputted_data $ guess'],1,0.39,manually_inputted_data $ guess,0.03,single_datapoint,no_comment
1833,2013,03_CDA,new_vehicle_efficiency,bus,km_per_pj,road,passenger,ice,all,yearly,national,['avg_eff_no_outliers $ transport_data_system_9th'],1,910941040.8338033,avg_eff_no_outliers $ transport_data_system_9th,70072387.7564464,single_datapoint,no_comment
1834,2013,03_CDA,turnover_rate,bus,%,road,passenger,ice,all,yearly,national,['manually_inputted_data $ guess'],1,0.39,manually_inputted_data $ guess,0.03,single_datapoint,no_comment
1835,2014,03_CDA,new_vehicle_efficiency,bus,km_per_pj,road,passenger,ice,all,yearly,national,['avg_eff_no_outliers $ transport_data_system_9th'],1,910941040.8338033,avg_eff_no_outliers $ transport_data_system_9th,70072387.7564464,single_datapoint,no_comment
1836,2014,03_CDA,turnover_rate,bus,%,road,passenger,ice,all,yearly,national,['manually_inputted_data $ guess'],1,0.39,manually_inputted_data $ guess,0.03,single_datapoint,no_comment
1837,2015,03_CDA,new_vehicle_efficiency,bus,km_per_pj,road,passenger,ice,all,yearly,national,['avg_eff_no_outliers $ transport_data_system_9th'],1,910941040.8338033,avg_eff_no_outliers $ transport_data_system_9th,70072387.7564464,single_datapoint,no_comment
1838,2015,03_CDA,turnover_rate,bus,%,road,passenger,ice,all,yearly,national,['manually_inputted_data $ guess'],1,0.39,manually_inputted_data $ guess,0.03,single_datapoint,no_comment
1839,2016,03_CDA,new_vehicle_efficiency,bus,km_per_pj,road,passenger,ice,all,yearly,national,['avg_eff_no_outliers $ transport_data_system_9th'],1,910941040.8338033,avg_eff_no_outliers $ transport_data_system_9th,70072387.7564464,single_datapoint,no_comment
1840,2016,03_CDA,turnover_rate,bus,%,road,passenger,ice,all,yearly,national,['manually_inputted_data $ guess'],1,0.39,manually_inputted_data $ guess,0.03,single_datapoint,no_comment
1841,2017,03_CDA,activity,bus,passenger_km_or_freight_tonne_km,road,passenger,ice,all,yearly,national,['estimated $ calculate_energy_and_activity()'],1,103269375000.0,estimated $ calculate_energy_and_activity(),103269375000.0,single_datapoint,no_comment
1842,2017,03_CDA,energy,bus,pj,road,passenger,ice,all,yearly,national,['estimated $ calculate_energy_and_activity()'],1,92.51048031014076,estimated $ calculate_energy_and_activity(),92.51048031014076,single_datapoint,no_comment
1843,2017,03_CDA,new_vehicle_efficiency,bus,km_per_pj,road,passenger,ice,all,yearly,national,['avg_eff_no_outliers $ transport_data_system_9th'],1,910941040.8338033,avg_eff_no_outliers $ transport_data_system_9th,70072387.7564464,single_datapoint,no_comment
1844,2017,03_CDA,travel_km,bus,km,road,passenger,ice,all,yearly,national,['estimated $ calculate_energy_and_activity()'],1,6884625000.0,estimated $ calculate_energy_and_activity(),6884625000.0,single_datapoint,no_comment
1845,2017,03_CDA,turnover_rate,bus,%,road,passenger,ice,all,yearly,national,['manually_inputted_data $ guess'],1,0.39,manually_inputted_data $ guess,0.03,single_datapoint,no_comment
1846,2018,03_CDA,new_vehicle_efficiency,bus,km_per_pj,road,passenger,ice,all,yearly,national,['avg_eff_no_outliers $ transport_data_system_9th'],1,910941040.8338033,avg_eff_no_outliers $ transport_data_system_9th,70072387.7564464,single_datapoint,no_comment
1847,2018,03_CDA,turnover_rate,bus,%,road,passenger,ice,all,yearly,national,['manually_inputted_data $ guess'],1,0.39,manually_inputted_data $ guess,0.03,single_datapoint,no_comment
1848,2019,03_CDA,new_vehicle_efficiency,bus,km_per_pj,road,passenger,ice,all,yearly,national,['avg_eff_no_outliers $ transport_data_system_9th'],1,910941040.8338033,avg_eff_no_outliers $ transport_data_system_9th,70072387.7564464,single_datapoint,no_comment
1849,2019,03_CDA,turnover_rate,bus,%,road,passenger,ice,all,yearly,national,['manually_inputted_data $ guess'],1,0.39,manually_inputted_data $ guess,0.03,single_datapoint,no_comment
1850,2020,03_CDA,new_vehicle_efficiency,bus,km_per_pj,road,passenger,ice,all,yearly,national,['avg_eff_no_outliers $ transport_data_system_9th'],1,910941040.8338033,avg_eff_no_outliers $ transport_data_system_9th,70072387.7564464,single_datapoint,no_comment
1851,2020,03_CDA,turnover_rate,bus,%,road,passenger,ice,all,yearly,national,['manually_inputted_data $ guess'],1,0.39,manually_inputted_data $ guess,0.03,single_datapoint,no_comment
1852,2021,03_CDA,new_vehicle_efficiency,bus,km_per_pj,road,passenger,ice,all,yearly,national,['avg_eff_no_outliers $ transport_data_system_9th'],1,910941040.8338033,avg_eff_no_outliers $ transport_data_system_9th,70072387.7564464,single_datapoint,no_comment
1853,2021,03_CDA,turnover_rate,bus,%,road,passenger,ice,all,yearly,national,['manually_inputted_data $ guess'],1,0.39,manually_inputted_data $ guess,0.03,single_datapoint,no_comment
1854,2022,03_CDA,new_vehicle_efficiency,bus,km_per_pj,road,passenger,ice,all,yearly,national,['avg_eff_no_outliers $ transport_data_system_9th'],1,910941040.8338033,avg_eff_no_outliers $ transport_data_system_9th,70072387.7564464,single_datapoint,no_comment
1855,2022,03_CDA,turnover_rate,bus,%,road,passenger,ice,all,yearly,national,['manually_inputted_data $ guess'],1,0.39,manually_inputted_data $ guess,0.03,single_datapoint,no_comment
1856,2010,03_CDA,new_vehicle_efficiency,bus,km_per_pj,road,passenger,lpg,all,yearly,national,['avg_eff_no_outliers $ transport_data_system_9th'],1,1295830676.4857378,avg_eff_no_outliers $ transport_data_system_9th,99679282.8065952,single_datapoint,no_comment
1857,2010,03_CDA,turnover_rate,bus,%,road,passenger,lpg,all,yearly,national,['manually_inputted_data $ guess'],1,0.42,manually_inputted_data $ guess,0.03,manual,no_comment
1858,2011,03_CDA,new_vehicle_efficiency,bus,km_per_pj,road,passenger,lpg,all,yearly,national,['avg_eff_no_outliers $ transport_data_system_9th'],1,1295830676.4857378,avg_eff_no_outliers $ transport_data_system_9th,99679282.8065952,single_datapoint,no_comment
1859,2011,03_CDA,turnover_rate,bus,%,road,passenger,lpg,all,yearly,national,['manually_inputted_data $ guess'],1,0.42,manually_inputted_data $ guess,0.03,manual,no_comment
1860,2012,03_CDA,new_vehicle_efficiency,bus,km_per_pj,road,passenger,lpg,all,yearly,national,['avg_eff_no_outliers $ transport_data_system_9th'],1,1295830676.4857378,avg_eff_no_outliers $ transport_data_system_9th,99679282.8065952,single_datapoint,no_comment
1861,2012,03_CDA,turnover_rate,bus,%,road,passenger,lpg,all,yearly,national,['manually_inputted_data $ guess'],1,0.42,manually_inputted_data $ guess,0.03,manual,no_comment
1862,2013,03_CDA,new_vehicle_efficiency,bus,km_per_pj,road,passenger,lpg,all,yearly,national,['avg_eff_no_outliers $ transport_data_system_9th'],1,1295830676.4857378,avg_eff_no_outliers $ transport_data_system_9th,99679282.8065952,single_datapoint,no_comment
1863,2013,03_CDA,turnover_rate,bus,%,road,passenger,lpg,all,yearly,national,['manually_inputted_data $ guess'],1,0.42,manually_inputted_data $ guess,0.03,manual,no_comment
1864,2014,03_CDA,new_vehicle_efficiency,bus,km_per_pj,road,passenger,lpg,all,yearly,national,['avg_eff_no_outliers $ transport_data_system_9th'],1,1295830676.4857378,avg_eff_no_outliers $ transport_data_system_9th,99679282.8065952,single_datapoint,no_comment
1865,2014,03_CDA,turnover_rate,bus,%,road,passenger,lpg,all,yearly,national,['manually_inputted_data $ guess'],1,0.42,manually_inputted_data $ guess,0.03,manual,no_comment
1866,2015,03_CDA,new_vehicle_efficiency,bus,km_per_pj,road,passenger,lpg,all,yearly,national,['avg_eff_no_outliers $ transport_data_system_9th'],1,1295830676.4857378,avg_eff_no_outliers $ transport_data_system_9th,99679282.8065952,single_datapoint,no_comment
1867,2015,03_CDA,turnover_rate,bus,%,road,passenger,lpg,all,yearly,national,['manually_inputted_data $ guess'],1,0.42,manually_inputted_data $ guess,0.03,manual,no_comment
1868,2016,03_CDA,new_vehicle_efficiency,bus,km_per_pj,road,passenger,lpg,all,yearly,national,['avg_eff_no_outliers $ transport_data_system_9th'],1,1295830676.4857378,avg_eff_no_outliers $ transport_data_system_9th,99679282.8065952,single_datapoint,no_comment
1869,2016,03_CDA,turnover_rate,bus,%,road,passenger,lpg,all,yearly,national,['manually_inputted_data $ guess'],1,0.42,manually_inputted_data $ guess,0.03,manual,no_comment
1870,2017,03_CDA,activity,bus,passenger_km_or_freight_tonne_km,road,passenger,lpg,all,yearly,national,"['8th_edition_transport_model $ reference', 'estimated $ calculate_energy_and_activity()']",2,161937120.0,estimated $ calculate_energy_and_activity(),92250000.0,manual,no_comment
1871,2017,03_CDA,energy,bus,pj,road,passenger,lpg,all,yearly,national,"['8th_edition_transport_model $ reference', 'estimated $ calculate_energy_and_activity()']",2,0.11555023556209049,estimated $ calculate_energy_and_activity(),0.08263913487043459,manual,no_comment
1872,2017,03_CDA,new_vehicle_efficiency,bus,km_per_pj,road,passenger,lpg,all,yearly,national,['avg_eff_no_outliers $ transport_data_system_9th'],1,1295830676.4857378,avg_eff_no_outliers $ transport_data_system_9th,99679282.8065952,single_datapoint,no_comment
1873,2017,03_CDA,travel_km,bus,km,road,passenger,lpg,all,yearly,national,['estimated $ calculate_energy_and_activity()'],1,6150000.0,estimated $ calculate_energy_and_activity(),6150000.0,single_datapoint,no_comment
1874,2017,03_CDA,turnover_rate,bus,%,road,passenger,lpg,all,yearly,national,"['manually_inputted_data $ guess', 'turnover_rate_est']",2,0.42,manually_inputted_data $ guess,0.03,manual,no_comment
1875,2018,03_CDA,new_vehicle_efficiency,bus,km_per_pj,road,passenger,lpg,all,yearly,national,['avg_eff_no_outliers $ transport_data_system_9th'],1,1295830676.4857378,avg_eff_no_outliers $ transport_data_system_9th,99679282.8065952,single_datapoint,no_comment
1876,2018,03_CDA,turnover_rate,bus,%,road,passenger,lpg,all,yearly,national,['manually_inputted_data $ guess'],1,0.42,manually_inputted_data $ guess,0.03,manual,no_comment
1877,2019,03_CDA,new_vehicle_efficiency,bus,km_per_pj,road,passenger,lpg,all,yearly,national,['avg_eff_no_outliers $ transport_data_system_9th'],1,1295830676.4857378,avg_eff_no_outliers $ transport_data_system_9th,99679282.8065952,single_datapoint,no_comment
1878,2019,03_CDA,turnover_rate,bus,%,road,passenger,lpg,all,yearly,national,['manually_inputted_data $ guess'],1,0.42,manually_inputted_data $ guess,0.03,manual,no_comment
1879,2020,03_CDA,new_vehicle_efficiency,bus,km_per_pj,road,passenger,lpg,all,yearly,national,['avg_eff_no_outliers $ transport_data_system_9th'],1,1295830676.4857378,avg_eff_no_outliers $ transport_data_system_9th,99679282.8065952,single_datapoint,no_comment
1880,2020,03_CDA,turnover_rate,bus,%,road,passenger,lpg,all,yearly,national,['manually_inputted_data $ guess'],1,0.42,manually_inputted_data $ guess,0.03,manual,no_comment
1881,2021,03_CDA,new_vehicle_efficiency,bus,km_per_pj,road,passenger,lpg,all,yearly,national,['avg_eff_no_outliers $ transport_data_system_9th'],1,1295830676.4857378,avg_eff_no_outliers $ transport_data_system_9th,99679282.8065952,single_datapoint,no_comment
1882,2021,03_CDA,turnover_rate,bus,%,road,passenger,lpg,all,yearly,national,['manually_inputted_data $ guess'],1,0.42,manually_inputted_data $ guess,0.03,manual,no_comment
1883,2022,03_CDA,new_vehicle_efficiency,bus,km_per_pj,road,passenger,lpg,all,yearly,national,['avg_eff_no_outliers $ transport_data_system_9th'],1,1295830676.4857378,avg_eff_no_outliers $ transport_data_system_9th,99679282.8065952,single_datapoint,no_comment
1884,2022,03_CDA,turnover_rate,bus,%,road,passenger,lpg,all,yearly,national,['manually_inputted_data $ guess'],1,0.42,manually_inputted_data $ guess,0.03,manual,no_comment
1885,2010,03_CDA,new_vehicle_efficiency,bus,km_per_pj,road,passenger,phev,all,yearly,national,['avg_eff_no_outliers $ transport_data_system_9th'],1,1472018422.278209,avg_eff_no_outliers $ transport_data_system_9th,113232186.329093,single_datapoint,no_comment
1886,2010,03_CDA,turnover_rate,bus,%,road,passenger,phev,all,yearly,national,['manually_inputted_data $ guess'],1,0.39,manually_inputted_data $ guess,0.03,single_datapoint,no_comment
1887,2011,03_CDA,new_vehicle_efficiency,bus,km_per_pj,road,passenger,phev,all,yearly,national,['avg_eff_no_outliers $ transport_data_system_9th'],1,1472018422.278209,avg_eff_no_outliers $ transport_data_system_9th,113232186.329093,single_datapoint,no_comment
1888,2011,03_CDA,turnover_rate,bus,%,road,passenger,phev,all,yearly,national,['manually_inputted_data $ guess'],1,0.39,manually_inputted_data $ guess,0.03,single_datapoint,no_comment
1889,2012,03_CDA,new_vehicle_efficiency,bus,km_per_pj,road,passenger,phev,all,yearly,national,['avg_eff_no_outliers $ transport_data_system_9th'],1,1472018422.278209,avg_eff_no_outliers $ transport_data_system_9th,113232186.329093,single_datapoint,no_comment
1890,2012,03_CDA,turnover_rate,bus,%,road,passenger,phev,all,yearly,national,['manually_inputted_data $ guess'],1,0.39,manually_inputted_data $ guess,0.03,single_datapoint,no_comment
1891,2013,03_CDA,new_vehicle_efficiency,bus,km_per_pj,road,passenger,phev,all,yearly,national,['avg_eff_no_outliers $ transport_data_system_9th'],1,1472018422.278209,avg_eff_no_outliers $ transport_data_system_9th,113232186.329093,single_datapoint,no_comment
1892,2013,03_CDA,turnover_rate,bus,%,road,passenger,phev,all,yearly,national,['manually_inputted_data $ guess'],1,0.39,manually_inputted_data $ guess,0.03,single_datapoint,no_comment
1893,2014,03_CDA,new_vehicle_efficiency,bus,km_per_pj,road,passenger,phev,all,yearly,national,['avg_eff_no_outliers $ transport_data_system_9th'],1,1472018422.278209,avg_eff_no_outliers $ transport_data_system_9th,113232186.329093,single_datapoint,no_comment
1894,2014,03_CDA,turnover_rate,bus,%,road,passenger,phev,all,yearly,national,['manually_inputted_data $ guess'],1,0.39,manually_inputted_data $ guess,0.03,single_datapoint,no_comment
1895,2015,03_CDA,new_vehicle_efficiency,bus,km_per_pj,road,passenger,phev,all,yearly,national,['avg_eff_no_outliers $ transport_data_system_9th'],1,1472018422.278209,avg_eff_no_outliers $ transport_data_system_9th,113232186.329093,single_datapoint,no_comment
1896,2015,03_CDA,turnover_rate,bus,%,road,passenger,phev,all,yearly,national,['manually_inputted_data $ guess'],1,0.39,manually_inputted_data $ guess,0.03,single_datapoint,no_comment
1897,2016,03_CDA,new_vehicle_efficiency,bus,km_per_pj,road,passenger,phev,all,yearly,national,['avg_eff_no_outliers $ transport_data_system_9th'],1,1472018422.278209,avg_eff_no_outliers $ transport_data_system_9th,113232186.329093,single_datapoint,no_comment
1898,2016,03_CDA,turnover_rate,bus,%,road,passenger,phev,all,yearly,national,['manually_inputted_data $ guess'],1,0.39,manually_inputted_data $ guess,0.03,single_datapoint,no_comment
1899,2017,03_CDA,new_vehicle_efficiency,bus,km_per_pj,road,passenger,phev,all,yearly,national,['avg_eff_no_outliers $ transport_data_system_9th'],1,1472018422.278209,avg_eff_no_outliers $ transport_data_system_9th,113232186.329093,single_datapoint,no_comment
1900,2017,03_CDA,turnover_rate,bus,%,road,passenger,phev,all,yearly,national,['manually_inputted_data $ guess'],1,0.39,manually_inputted_data $ guess,0.03,single_datapoint,no_comment
1901,2018,03_CDA,new_vehicle_efficiency,bus,km_per_pj,road,passenger,phev,all,yearly,national,['avg_eff_no_outliers $ transport_data_system_9th'],1,1472018422.278209,avg_eff_no_outliers $ transport_data_system_9th,113232186.329093,single_datapoint,no_comment
1902,2018,03_CDA,turnover_rate,bus,%,road,passenger,phev,all,yearly,national,['manually_inputted_data $ guess'],1,0.39,manually_inputted_data $ guess,0.03,single_datapoint,no_comment
1903,2019,03_CDA,new_vehicle_efficiency,bus,km_per_pj,road,passenger,phev,all,yearly,national,['avg_eff_no_outliers $ transport_data_system_9th'],1,1472018422.278209,avg_eff_no_outliers $ transport_data_system_9th,113232186.329093,single_datapoint,no_comment
1904,2019,03_CDA,turnover_rate,bus,%,road,passenger,phev,all,yearly,national,['manually_inputted_data $ guess'],1,0.39,manually_inputted_data $ guess,0.03,single_datapoint,no_comment
1905,2020,03_CDA,new_vehicle_efficiency,bus,km_per_pj,road,passenger,phev,all,yearly,national,['avg_eff_no_outliers $ transport_data_system_9th'],1,1472018422.278209,avg_eff_no_outliers $ transport_data_system_9th,113232186.329093,single_datapoint,no_comment
1906,2020,03_CDA,turnover_rate,bus,%,road,passenger,phev,all,yearly,national,['manually_inputted_data $ guess'],1,0.39,manually_inputted_data $ guess,0.03,single_datapoint,no_comment
1907,2021,03_CDA,new_vehicle_efficiency,bus,km_per_pj,road,passenger,phev,all,yearly,national,['avg_eff_no_outliers $ transport_data_system_9th'],1,1472018422.278209,avg_eff_no_outliers $ transport_data_system_9th,113232186.329093,single_datapoint,no_comment
1908,2021,03_CDA,turnover_rate,bus,%,road,passenger,phev,all,yearly,national,['manually_inputted_data $ guess'],1,0.39,manually_inputted_data $ guess,0.03,single_datapoint,no_comment
1909,2022,03_CDA,new_vehicle_efficiency,bus,km_per_pj,road,passenger,phev,all,yearly,national,['avg_eff_no_outliers $ transport_data_system_9th'],1,1472018422.278209,avg_eff_no_outliers $ transport_data_system_9th,113232186.329093,single_datapoint,no_comment
1910,2022,03_CDA,turnover_rate,bus,%,road,passenger,phev,all,yearly,national,['manually_inputted_data $ guess'],1,0.39,manually_inputted_data $ guess,0.03,single_datapoint,no_comment
1911,2010,03_CDA,new_vehicle_efficiency,ht,km_per_pj,road,freight,bev,all,yearly,national,['avg_eff_no_outliers $ transport_data_system_9th'],1,3249486640.872147,avg_eff_no_outliers $ transport_data_system_9th,249960510.836319,single_datapoint,no_comment
1912,2010,03_CDA,turnover_rate,ht,%,road,freight,bev,all,yearly,national,['manually_inputted_data $ guess'],1,0.42,manually_inputted_data $ guess,0.03,manual,no_comment
1913,2011,03_CDA,activity,ht,passenger_km_or_freight_tonne_km,road,freight,bev,all,yearly,national,['estimated $ calculate_energy_and_activity()'],1,855703125.0,estimated $ calculate_energy_and_activity(),1406250.0,single_datapoint,no_comment
1914,2011,03_CDA,energy,ht,pj,road,freight,bev,all,yearly,national,['estimated $ calculate_energy_and_activity()'],1,0.6158880084345111,estimated $ calculate_energy_and_activity(),0.001012141345003305,single_datapoint,no_comment
1915,2011,03_CDA,new_vehicle_efficiency,ht,km_per_pj,road,freight,bev,all,yearly,national,['avg_eff_no_outliers $ transport_data_system_9th'],1,3249486640.872147,avg_eff_no_outliers $ transport_data_system_9th,249960510.836319,single_datapoint,no_comment
1916,2011,03_CDA,travel_km,ht,km,road,freight,bev,all,yearly,national,['estimated $ calculate_energy_and_activity()'],1,152125000.0,estimated $ calculate_energy_and_activity(),250000.0,single_datapoint,no_comment
1917,2011,03_CDA,turnover_rate,ht,%,road,freight,bev,all,yearly,national,['manually_inputted_data $ guess'],1,0.42,manually_inputted_data $ guess,0.03,manual,no_comment
1918,2012,03_CDA,activity,ht,passenger_km_or_freight_tonne_km,road,freight,bev,all,yearly,national,['estimated $ calculate_energy_and_activity()'],1,855703125.0,estimated $ calculate_energy_and_activity(),3515625.0,single_datapoint,no_comment
1919,2012,03_CDA,energy,ht,pj,road,freight,bev,all,yearly,national,['estimated $ calculate_energy_and_activity()'],1,0.6158880084345111,estimated $ calculate_energy_and_activity(),0.0025303533625082625,single_datapoint,no_comment
1920,2012,03_CDA,new_vehicle_efficiency,ht,km_per_pj,road,freight,bev,all,yearly,national,['avg_eff_no_outliers $ transport_data_system_9th'],1,3249486640.872147,avg_eff_no_outliers $ transport_data_system_9th,249960510.836319,single_datapoint,no_comment
1921,2012,03_CDA,travel_km,ht,km,road,freight,bev,all,yearly,national,['estimated $ calculate_energy_and_activity()'],1,152125000.0,estimated $ calculate_energy_and_activity(),625000.0,single_datapoint,no_comment
1922,2012,03_CDA,turnover_rate,ht,%,road,freight,bev,all,yearly,national,['manually_inputted_data $ guess'],1,0.42,manually_inputted_data $ guess,0.03,manual,no_comment
1923,2013,03_CDA,activity,ht,passenger_km_or_freight_tonne_km,road,freight,bev,all,yearly,national,['estimated $ calculate_energy_and_activity()'],1,855703125.0,estimated $ calculate_energy_and_activity(),9140625.0,single_datapoint,no_comment
1924,2013,03_CDA,energy,ht,pj,road,freight,bev,all,yearly,national,['estimated $ calculate_energy_and_activity()'],1,0.6158880084345111,estimated $ calculate_energy_and_activity(),0.006578918742521483,single_datapoint,no_comment
1925,2013,03_CDA,new_vehicle_efficiency,ht,km_per_pj,road,freight,bev,all,yearly,national,['avg_eff_no_outliers $ transport_data_system_9th'],1,3249486640.872147,avg_eff_no_outliers $ transport_data_system_9th,249960510.836319,single_datapoint,no_comment
1926,2013,03_CDA,travel_km,ht,km,road,freight,bev,all,yearly,national,['estimated $ calculate_energy_and_activity()'],1,152125000.0,estimated $ calculate_energy_and_activity(),1625000.0,single_datapoint,no_comment
1927,2013,03_CDA,turnover_rate,ht,%,road,freight,bev,all,yearly,national,['manually_inputted_data $ guess'],1,0.42,manually_inputted_data $ guess,0.03,manual,no_comment
1928,2014,03_CDA,activity,ht,passenger_km_or_freight_tonne_km,road,freight,bev,all,yearly,national,['estimated $ calculate_energy_and_activity()'],1,855703125.0,estimated $ calculate_energy_and_activity(),13359375.0,single_datapoint,no_comment
1929,2014,03_CDA,energy,ht,pj,road,freight,bev,all,yearly,national,['estimated $ calculate_energy_and_activity()'],1,0.6158880084345111,estimated $ calculate_energy_and_activity(),0.009615342777531398,single_datapoint,no_comment
1930,2014,03_CDA,new_vehicle_efficiency,ht,km_per_pj,road,freight,bev,all,yearly,national,['avg_eff_no_outliers $ transport_data_system_9th'],1,3249486640.872147,avg_eff_no_outliers $ transport_data_system_9th,249960510.836319,single_datapoint,no_comment
1931,2014,03_CDA,travel_km,ht,km,road,freight,bev,all,yearly,national,['estimated $ calculate_energy_and_activity()'],1,152125000.0,estimated $ calculate_energy_and_activity(),2375000.0,single_datapoint,no_comment
1932,2014,03_CDA,turnover_rate,ht,%,road,freight,bev,all,yearly,national,['manually_inputted_data $ guess'],1,0.42,manually_inputted_data $ guess,0.03,manual,no_comment
1933,2015,03_CDA,activity,ht,passenger_km_or_freight_tonne_km,road,freight,bev,all,yearly,national,['estimated $ calculate_energy_and_activity()'],1,855703125.0,estimated $ calculate_energy_and_activity(),19687500.0,single_datapoint,no_comment
1934,2015,03_CDA,energy,ht,pj,road,freight,bev,all,yearly,national,['estimated $ calculate_energy_and_activity()'],1,0.6158880084345111,estimated $ calculate_energy_and_activity(),0.014169978830046271,single_datapoint,no_comment
1935,2015,03_CDA,new_vehicle_efficiency,ht,km_per_pj,road,freight,bev,all,yearly,national,['avg_eff_no_outliers $ transport_data_system_9th'],1,3249486640.872147,avg_eff_no_outliers $ transport_data_system_9th,249960510.836319,single_datapoint,no_comment
1936,2015,03_CDA,travel_km,ht,km,road,freight,bev,all,yearly,national,['estimated $ calculate_energy_and_activity()'],1,152125000.0,estimated $ calculate_energy_and_activity(),3500000.0,single_datapoint,no_comment
1937,2015,03_CDA,turnover_rate,ht,%,road,freight,bev,all,yearly,national,['manually_inputted_data $ guess'],1,0.42,manually_inputted_data $ guess,0.03,manual,no_comment
1938,2016,03_CDA,activity,ht,passenger_km_or_freight_tonne_km,road,freight,bev,all,yearly,national,['estimated $ calculate_energy_and_activity()'],1,855703125.0,estimated $ calculate_energy_and_activity(),19687500.0,single_datapoint,no_comment
1939,2016,03_CDA,energy,ht,pj,road,freight,bev,all,yearly,national,['estimated $ calculate_energy_and_activity()'],1,0.6158880084345111,estimated $ calculate_energy_and_activity(),0.014169978830046271,single_datapoint,no_comment
1940,2016,03_CDA,new_vehicle_efficiency,ht,km_per_pj,road,freight,bev,all,yearly,national,['avg_eff_no_outliers $ transport_data_system_9th'],1,3249486640.872147,avg_eff_no_outliers $ transport_data_system_9th,249960510.836319,single_datapoint,no_comment
1941,2016,03_CDA,travel_km,ht,km,road,freight,bev,all,yearly,national,['estimated $ calculate_energy_and_activity()'],1,152125000.0,estimated $ calculate_energy_and_activity(),3500000.0,single_datapoint,no_comment
1942,2016,03_CDA,turnover_rate,ht,%,road,freight,bev,all,yearly,national,['manually_inputted_data $ guess'],1,0.42,manually_inputted_data $ guess,0.03,manual,no_comment
1943,2017,03_CDA,activity,ht,passenger_km_or_freight_tonne_km,road,freight,bev,all,yearly,national,['estimated $ calculate_energy_and_activity()'],1,855703125.0,estimated $ calculate_energy_and_activity(),19687500.0,single_datapoint,no_comment
1944,2017,03_CDA,energy,ht,pj,road,freight,bev,all,yearly,national,['estimated $ calculate_energy_and_activity()'],1,0.6158880084345111,estimated $ calculate_energy_and_activity(),0.014169978830046271,single_datapoint,no_comment
1945,2017,03_CDA,new_vehicle_efficiency,ht,km_per_pj,road,freight,bev,all,yearly,national,['avg_eff_no_outliers $ transport_data_system_9th'],1,3249486640.872147,avg_eff_no_outliers $ transport_data_system_9th,249960510.836319,single_datapoint,no_comment
1946,2017,03_CDA,travel_km,ht,km,road,freight,bev,all,yearly,national,['estimated $ calculate_energy_and_activity()'],1,152125000.0,estimated $ calculate_energy_and_activity(),3500000.0,single_datapoint,no_comment
1947,2017,03_CDA,turnover_rate,ht,%,road,freight,bev,all,yearly,national,"['manually_inputted_data $ guess', 'turnover_rate_est']",2,0.42,manually_inputted_data $ guess,0.03,manual,no_comment
1948,2018,03_CDA,activity,ht,passenger_km_or_freight_tonne_km,road,freight,bev,all,yearly,national,['estimated $ calculate_energy_and_activity()'],1,855703125.0,estimated $ calculate_energy_and_activity(),24609375.0,single_datapoint,no_comment
1949,2018,03_CDA,energy,ht,pj,road,freight,bev,all,yearly,national,['estimated $ calculate_energy_and_activity()'],1,0.6158880084345111,estimated $ calculate_energy_and_activity(),0.017712473537557838,single_datapoint,no_comment
1950,2018,03_CDA,new_vehicle_efficiency,ht,km_per_pj,road,freight,bev,all,yearly,national,['avg_eff_no_outliers $ transport_data_system_9th'],1,3249486640.872147,avg_eff_no_outliers $ transport_data_system_9th,249960510.836319,single_datapoint,no_comment
1951,2018,03_CDA,travel_km,ht,km,road,freight,bev,all,yearly,national,['estimated $ calculate_energy_and_activity()'],1,152125000.0,estimated $ calculate_energy_and_activity(),4375000.0,single_datapoint,no_comment
1952,2018,03_CDA,turnover_rate,ht,%,road,freight,bev,all,yearly,national,['manually_inputted_data $ guess'],1,0.42,manually_inputted_data $ guess,0.03,manual,no_comment
1953,2019,03_CDA,activity,ht,passenger_km_or_freight_tonne_km,road,freight,bev,all,yearly,national,['estimated $ calculate_energy_and_activity()'],1,855703125.0,estimated $ calculate_energy_and_activity(),24609375.0,single_datapoint,no_comment
1954,2019,03_CDA,energy,ht,pj,road,freight,bev,all,yearly,national,['estimated $ calculate_energy_and_activity()'],1,0.6158880084345111,estimated $ calculate_energy_and_activity(),0.017712473537557838,single_datapoint,no_comment
1955,2019,03_CDA,new_vehicle_efficiency,ht,km_per_pj,road,freight,bev,all,yearly,national,['avg_eff_no_outliers $ transport_data_system_9th'],1,3249486640.872147,avg_eff_no_outliers $ transport_data_system_9th,249960510.836319,single_datapoint,no_comment
1956,2019,03_CDA,travel_km,ht,km,road,freight,bev,all,yearly,national,['estimated $ calculate_energy_and_activity()'],1,152125000.0,estimated $ calculate_energy_and_activity(),4375000.0,single_datapoint,no_comment
1957,2019,03_CDA,turnover_rate,ht,%,road,freight,bev,all,yearly,national,['manually_inputted_data $ guess'],1,0.42,manually_inputted_data $ guess,0.03,manual,no_comment
1958,2020,03_CDA,activity,ht,passenger_km_or_freight_tonne_km,road,freight,bev,all,yearly,national,['estimated $ calculate_energy_and_activity()'],1,855703125.0,estimated $ calculate_energy_and_activity(),29531250.0,single_datapoint,no_comment
1959,2020,03_CDA,energy,ht,pj,road,freight,bev,all,yearly,national,['estimated $ calculate_energy_and_activity()'],1,0.6158880084345111,estimated $ calculate_energy_and_activity(),0.02125496824506941,single_datapoint,no_comment
1960,2020,03_CDA,new_vehicle_efficiency,ht,km_per_pj,road,freight,bev,all,yearly,national,['avg_eff_no_outliers $ transport_data_system_9th'],1,3249486640.872147,avg_eff_no_outliers $ transport_data_system_9th,249960510.836319,single_datapoint,no_comment
1961,2020,03_CDA,travel_km,ht,km,road,freight,bev,all,yearly,national,['estimated $ calculate_energy_and_activity()'],1,152125000.0,estimated $ calculate_energy_and_activity(),5250000.0,single_datapoint,no_comment
1962,2020,03_CDA,turnover_rate,ht,%,road,freight,bev,all,yearly,national,['manually_inputted_data $ guess'],1,0.42,manually_inputted_data $ guess,0.03,manual,no_comment
1963,2021,03_CDA,activity,ht,passenger_km_or_freight_tonne_km,road,freight,bev,all,yearly,national,['estimated $ calculate_energy_and_activity()'],1,855703125.0,estimated $ calculate_energy_and_activity(),29531250.0,single_datapoint,no_comment
1964,2021,03_CDA,energy,ht,pj,road,freight,bev,all,yearly,national,['estimated $ calculate_energy_and_activity()'],1,0.6158880084345111,estimated $ calculate_energy_and_activity(),0.02125496824506941,single_datapoint,no_comment
1965,2021,03_CDA,new_vehicle_efficiency,ht,km_per_pj,road,freight,bev,all,yearly,national,['avg_eff_no_outliers $ transport_data_system_9th'],1,3249486640.872147,avg_eff_no_outliers $ transport_data_system_9th,249960510.836319,single_datapoint,no_comment
1966,2021,03_CDA,travel_km,ht,km,road,freight,bev,all,yearly,national,['estimated $ calculate_energy_and_activity()'],1,152125000.0,estimated $ calculate_energy_and_activity(),5250000.0,single_datapoint,no_comment
1967,2021,03_CDA,turnover_rate,ht,%,road,freight,bev,all,yearly,national,['manually_inputted_data $ guess'],1,0.42,manually_inputted_data $ guess,0.03,manual,no_comment
1968,2022,03_CDA,activity,ht,passenger_km_or_freight_tonne_km,road,freight,bev,all,yearly,national,['estimated $ calculate_energy_and_activity()'],1,855703125.0,estimated $ calculate_energy_and_activity(),660937500.0,single_datapoint,no_comment
1969,2022,03_CDA,energy,ht,pj,road,freight,bev,all,yearly,national,['estimated $ calculate_energy_and_activity()'],1,0.6158880084345111,estimated $ calculate_energy_and_activity(),0.4757064321515534,single_datapoint,no_comment
1970,2022,03_CDA,new_vehicle_efficiency,ht,km_per_pj,road,freight,bev,all,yearly,national,['avg_eff_no_outliers $ transport_data_system_9th'],1,3249486640.872147,avg_eff_no_outliers $ transport_data_system_9th,249960510.836319,single_datapoint,no_comment
1971,2022,03_CDA,travel_km,ht,km,road,freight,bev,all,yearly,national,['estimated $ calculate_energy_and_activity()'],1,152125000.0,estimated $ calculate_energy_and_activity(),117500000.0,single_datapoint,no_comment
1972,2022,03_CDA,turnover_rate,ht,%,road,freight,bev,all,yearly,national,['manually_inputted_data $ guess'],1,0.42,manually_inputted_data $ guess,0.03,manual,no_comment
1973,2010,03_CDA,new_vehicle_efficiency,ht,km_per_pj,road,freight,cng,all,yearly,national,['avg_eff_no_outliers $ transport_data_system_9th'],1,1775178058.548531,avg_eff_no_outliers $ transport_data_system_9th,136552158.349887,single_datapoint,no_comment
1974,2010,03_CDA,turnover_rate,ht,%,road,freight,cng,all,yearly,national,['manually_inputted_data $ guess'],1,0.42,manually_inputted_data $ guess,0.03,manual,no_comment
1975,2011,03_CDA,new_vehicle_efficiency,ht,km_per_pj,road,freight,cng,all,yearly,national,['avg_eff_no_outliers $ transport_data_system_9th'],1,1775178058.548531,avg_eff_no_outliers $ transport_data_system_9th,136552158.349887,single_datapoint,no_comment
1976,2011,03_CDA,turnover_rate,ht,%,road,freight,cng,all,yearly,national,['manually_inputted_data $ guess'],1,0.42,manually_inputted_data $ guess,0.03,manual,no_comment
1977,2012,03_CDA,new_vehicle_efficiency,ht,km_per_pj,road,freight,cng,all,yearly,national,['avg_eff_no_outliers $ transport_data_system_9th'],1,1775178058.548531,avg_eff_no_outliers $ transport_data_system_9th,136552158.349887,single_datapoint,no_comment
1978,2012,03_CDA,turnover_rate,ht,%,road,freight,cng,all,yearly,national,['manually_inputted_data $ guess'],1,0.42,manually_inputted_data $ guess,0.03,manual,no_comment
1979,2013,03_CDA,new_vehicle_efficiency,ht,km_per_pj,road,freight,cng,all,yearly,national,['avg_eff_no_outliers $ transport_data_system_9th'],1,1775178058.548531,avg_eff_no_outliers $ transport_data_system_9th,136552158.349887,single_datapoint,no_comment
1980,2013,03_CDA,turnover_rate,ht,%,road,freight,cng,all,yearly,national,['manually_inputted_data $ guess'],1,0.42,manually_inputted_data $ guess,0.03,manual,no_comment
1981,2014,03_CDA,new_vehicle_efficiency,ht,km_per_pj,road,freight,cng,all,yearly,national,['avg_eff_no_outliers $ transport_data_system_9th'],1,1775178058.548531,avg_eff_no_outliers $ transport_data_system_9th,136552158.349887,single_datapoint,no_comment
1982,2014,03_CDA,turnover_rate,ht,%,road,freight,cng,all,yearly,national,['manually_inputted_data $ guess'],1,0.42,manually_inputted_data $ guess,0.03,manual,no_comment
1983,2015,03_CDA,new_vehicle_efficiency,ht,km_per_pj,road,freight,cng,all,yearly,national,['avg_eff_no_outliers $ transport_data_system_9th'],1,1775178058.548531,avg_eff_no_outliers $ transport_data_system_9th,136552158.349887,single_datapoint,no_comment
1984,2015,03_CDA,turnover_rate,ht,%,road,freight,cng,all,yearly,national,['manually_inputted_data $ guess'],1,0.42,manually_inputted_data $ guess,0.03,manual,no_comment
1985,2016,03_CDA,new_vehicle_efficiency,ht,km_per_pj,road,freight,cng,all,yearly,national,['avg_eff_no_outliers $ transport_data_system_9th'],1,1775178058.548531,avg_eff_no_outliers $ transport_data_system_9th,136552158.349887,single_datapoint,no_comment
1986,2016,03_CDA,turnover_rate,ht,%,road,freight,cng,all,yearly,national,['manually_inputted_data $ guess'],1,0.42,manually_inputted_data $ guess,0.03,manual,no_comment
1987,2017,03_CDA,activity,ht,passenger_km_or_freight_tonne_km,road,freight,cng,all,yearly,national,"['8th_edition_transport_model $ reference', 'estimated $ calculate_energy_and_activity()']",2,1975116784.0,8th_edition_transport_model $ reference,453554284.0,manual,no_comment
1988,2017,03_CDA,energy,ht,pj,road,freight,cng,all,yearly,national,"['8th_edition_transport_model $ reference', 'estimated $ calculate_energy_and_activity()']",2,4.430853198607384,estimated $ calculate_energy_and_activity(),3.832979273527516,manual,no_comment
1989,2017,03_CDA,new_vehicle_efficiency,ht,km_per_pj,road,freight,cng,all,yearly,national,['avg_eff_no_outliers $ transport_data_system_9th'],1,1775178058.548531,avg_eff_no_outliers $ transport_data_system_9th,136552158.349887,single_datapoint,no_comment
1990,2017,03_CDA,travel_km,ht,km,road,freight,cng,all,yearly,national,['estimated $ calculate_energy_and_activity()'],1,270500000.0,estimated $ calculate_energy_and_activity(),270500000.0,single_datapoint,no_comment
1991,2017,03_CDA,turnover_rate,ht,%,road,freight,cng,all,yearly,national,"['manually_inputted_data $ guess', 'turnover_rate_est']",2,0.42,manually_inputted_data $ guess,0.03,manual,no_comment
1992,2018,03_CDA,new_vehicle_efficiency,ht,km_per_pj,road,freight,cng,all,yearly,national,['avg_eff_no_outliers $ transport_data_system_9th'],1,1775178058.548531,avg_eff_no_outliers $ transport_data_system_9th,136552158.349887,single_datapoint,no_comment
1993,2018,03_CDA,turnover_rate,ht,%,road,freight,cng,all,yearly,national,['manually_inputted_data $ guess'],1,0.42,manually_inputted_data $ guess,0.03,manual,no_comment
1994,2019,03_CDA,new_vehicle_efficiency,ht,km_per_pj,road,freight,cng,all,yearly,national,['avg_eff_no_outliers $ transport_data_system_9th'],1,1775178058.548531,avg_eff_no_outliers $ transport_data_system_9th,136552158.349887,single_datapoint,no_comment
1995,2019,03_CDA,turnover_rate,ht,%,road,freight,cng,all,yearly,national,['manually_inputted_data $ guess'],1,0.42,manually_inputted_data $ guess,0.03,manual,no_comment
1996,2020,03_CDA,new_vehicle_efficiency,ht,km_per_pj,road,freight,cng,all,yearly,national,['avg_eff_no_outliers $ transport_data_system_9th'],1,1775178058.548531,avg_eff_no_outliers $ transport_data_system_9th,136552158.349887,single_datapoint,no_comment
1997,2020,03_CDA,turnover_rate,ht,%,road,freight,cng,all,yearly,national,['manually_inputted_data $ guess'],1,0.42,manually_inputted_data $ guess,0.03,manual,no_comment
1998,2021,03_CDA,new_vehicle_efficiency,ht,km_per_pj,road,freight,cng,all,yearly,national,['avg_eff_no_outliers $ transport_data_system_9th'],1,1775178058.548531,avg_eff_no_outliers $ transport_data_system_9th,136552158.349887,single_datapoint,no_comment
1999,2021,03_CDA,turnover_rate,ht,%,road,freight,cng,all,yearly,national,['manually_inputted_data $ guess'],1,0.42,manually_inputted_data $ guess,0.03,manual,no_comment
2000,2022,03_CDA,new_vehicle_efficiency,ht,km_per_pj,road,freight,cng,all,yearly,national,['avg_eff_no_outliers $ transport_data_system_9th'],1,1775178058.548531,avg_eff_no_outliers $ transport_data_system_9th,136552158.349887,single_datapoint,no_comment
2001,2022,03_CDA,turnover_rate,ht,%,road,freight,cng,all,yearly,national,['manually_inputted_data $ guess'],1,0.42,manually_inputted_data $ guess,0.03,manual,no_comment
2002,2017,03_CDA,turnover_rate,ht,%,road,freight,fcev,all,yearly,national,['turnover_rate_est'],1,0.03,turnover_rate_est,0.03,single_datapoint,no_comment
2003,2010,03_CDA,new_vehicle_efficiency,ht,km_per_pj,road,freight,ice,all,yearly,national,['avg_eff_no_outliers $ transport_data_system_9th'],1,1058551713.3301452,avg_eff_no_outliers $ transport_data_system_9th,81427054.87154964,single_datapoint,no_comment
2004,2010,03_CDA,turnover_rate,ht,%,road,freight,ice,all,yearly,national,['manually_inputted_data $ guess'],1,0.39,manually_inputted_data $ guess,0.03,single_datapoint,no_comment
2005,2011,03_CDA,new_vehicle_efficiency,ht,km_per_pj,road,freight,ice,all,yearly,national,['avg_eff_no_outliers $ transport_data_system_9th'],1,1058551713.3301452,avg_eff_no_outliers $ transport_data_system_9th,81427054.87154964,single_datapoint,no_comment
2006,2011,03_CDA,turnover_rate,ht,%,road,freight,ice,all,yearly,national,['manually_inputted_data $ guess'],1,0.39,manually_inputted_data $ guess,0.03,single_datapoint,no_comment
2007,2012,03_CDA,new_vehicle_efficiency,ht,km_per_pj,road,freight,ice,all,yearly,national,['avg_eff_no_outliers $ transport_data_system_9th'],1,1058551713.3301452,avg_eff_no_outliers $ transport_data_system_9th,81427054.87154964,single_datapoint,no_comment
2008,2012,03_CDA,turnover_rate,ht,%,road,freight,ice,all,yearly,national,['manually_inputted_data $ guess'],1,0.39,manually_inputted_data $ guess,0.03,single_datapoint,no_comment
2009,2013,03_CDA,new_vehicle_efficiency,ht,km_per_pj,road,freight,ice,all,yearly,national,['avg_eff_no_outliers $ transport_data_system_9th'],1,1058551713.3301452,avg_eff_no_outliers $ transport_data_system_9th,81427054.87154964,single_datapoint,no_comment
2010,2013,03_CDA,turnover_rate,ht,%,road,freight,ice,all,yearly,national,['manually_inputted_data $ guess'],1,0.39,manually_inputted_data $ guess,0.03,single_datapoint,no_comment
2011,2014,03_CDA,new_vehicle_efficiency,ht,km_per_pj,road,freight,ice,all,yearly,national,['avg_eff_no_outliers $ transport_data_system_9th'],1,1058551713.3301452,avg_eff_no_outliers $ transport_data_system_9th,81427054.87154964,single_datapoint,no_comment
2012,2014,03_CDA,turnover_rate,ht,%,road,freight,ice,all,yearly,national,['manually_inputted_data $ guess'],1,0.39,manually_inputted_data $ guess,0.03,single_datapoint,no_comment
2013,2015,03_CDA,new_vehicle_efficiency,ht,km_per_pj,road,freight,ice,all,yearly,national,['avg_eff_no_outliers $ transport_data_system_9th'],1,1058551713.3301452,avg_eff_no_outliers $ transport_data_system_9th,81427054.87154964,single_datapoint,no_comment
2014,2015,03_CDA,turnover_rate,ht,%,road,freight,ice,all,yearly,national,['manually_inputted_data $ guess'],1,0.39,manually_inputted_data $ guess,0.03,single_datapoint,no_comment
2015,2016,03_CDA,new_vehicle_efficiency,ht,km_per_pj,road,freight,ice,all,yearly,national,['avg_eff_no_outliers $ transport_data_system_9th'],1,1058551713.3301452,avg_eff_no_outliers $ transport_data_system_9th,81427054.87154964,single_datapoint,no_comment
2016,2016,03_CDA,turnover_rate,ht,%,road,freight,ice,all,yearly,national,['manually_inputted_data $ guess'],1,0.39,manually_inputted_data $ guess,0.03,single_datapoint,no_comment
2017,2017,03_CDA,activity,ht,passenger_km_or_freight_tonne_km,road,freight,ice,all,yearly,national,['estimated $ calculate_energy_and_activity()'],1,1523049267183.3865,estimated $ calculate_energy_and_activity(),1523049267183.3865,single_datapoint,no_comment
2018,2017,03_CDA,energy,ht,pj,road,freight,ice,all,yearly,national,['estimated $ calculate_energy_and_activity()'],1,3836.7245996633023,estimated $ calculate_energy_and_activity(),3836.7245996633023,single_datapoint,no_comment
2019,2017,03_CDA,new_vehicle_efficiency,ht,km_per_pj,road,freight,ice,all,yearly,national,['avg_eff_no_outliers $ transport_data_system_9th'],1,1058551713.3301452,avg_eff_no_outliers $ transport_data_system_9th,81427054.87154964,single_datapoint,no_comment
2020,2017,03_CDA,travel_km,ht,km,road,freight,ice,all,yearly,national,['estimated $ calculate_energy_and_activity()'],1,270764314165.9354,estimated $ calculate_energy_and_activity(),270764314165.9354,single_datapoint,no_comment
2021,2017,03_CDA,turnover_rate,ht,%,road,freight,ice,all,yearly,national,['manually_inputted_data $ guess'],1,0.39,manually_inputted_data $ guess,0.03,single_datapoint,no_comment
2022,2018,03_CDA,new_vehicle_efficiency,ht,km_per_pj,road,freight,ice,all,yearly,national,['avg_eff_no_outliers $ transport_data_system_9th'],1,1058551713.3301452,avg_eff_no_outliers $ transport_data_system_9th,81427054.87154964,single_datapoint,no_comment
2023,2018,03_CDA,turnover_rate,ht,%,road,freight,ice,all,yearly,national,['manually_inputted_data $ guess'],1,0.39,manually_inputted_data $ guess,0.03,single_datapoint,no_comment
2024,2019,03_CDA,new_vehicle_efficiency,ht,km_per_pj,road,freight,ice,all,yearly,national,['avg_eff_no_outliers $ transport_data_system_9th'],1,1058551713.3301452,avg_eff_no_outliers $ transport_data_system_9th,81427054.87154964,single_datapoint,no_comment
2025,2019,03_CDA,turnover_rate,ht,%,road,freight,ice,all,yearly,national,['manually_inputted_data $ guess'],1,0.39,manually_inputted_data $ guess,0.03,single_datapoint,no_comment
2026,2020,03_CDA,new_vehicle_efficiency,ht,km_per_pj,road,freight,ice,all,yearly,national,['avg_eff_no_outliers $ transport_data_system_9th'],1,1058551713.3301452,avg_eff_no_outliers $ transport_data_system_9th,81427054.87154964,single_datapoint,no_comment
2027,2020,03_CDA,turnover_rate,ht,%,road,freight,ice,all,yearly,national,['manually_inputted_data $ guess'],1,0.39,manually_inputted_data $ guess,0.03,single_datapoint,no_comment
2028,2021,03_CDA,new_vehicle_efficiency,ht,km_per_pj,road,freight,ice,all,yearly,national,['avg_eff_no_outliers $ transport_data_system_9th'],1,1058551713.3301452,avg_eff_no_outliers $ transport_data_system_9th,81427054.87154964,single_datapoint,no_comment
2029,2021,03_CDA,turnover_rate,ht,%,road,freight,ice,all,yearly,national,['manually_inputted_data $ guess'],1,0.39,manually_inputted_data $ guess,0.03,single_datapoint,no_comment
2030,2022,03_CDA,new_vehicle_efficiency,ht,km_per_pj,road,freight,ice,all,yearly,national,['avg_eff_no_outliers $ transport_data_system_9th'],1,1058551713.3301452,avg_eff_no_outliers $ transport_data_system_9th,81427054.87154964,single_datapoint,no_comment
2031,2022,03_CDA,turnover_rate,ht,%,road,freight,ice,all,yearly,national,['manually_inputted_data $ guess'],1,0.39,manually_inputted_data $ guess,0.03,single_datapoint,no_comment
2032,2010,03_CDA,new_vehicle_efficiency,ht,km_per_pj,road,freight,lpg,all,yearly,national,['avg_eff_no_outliers $ transport_data_system_9th'],1,1405649677.815799,avg_eff_no_outliers $ transport_data_system_9th,108126898.293523,single_datapoint,no_comment
2033,2010,03_CDA,turnover_rate,ht,%,road,freight,lpg,all,yearly,national,['manually_inputted_data $ guess'],1,0.42,manually_inputted_data $ guess,0.03,manual,no_comment
2034,2011,03_CDA,new_vehicle_efficiency,ht,km_per_pj,road,freight,lpg,all,yearly,national,['avg_eff_no_outliers $ transport_data_system_9th'],1,1405649677.815799,avg_eff_no_outliers $ transport_data_system_9th,108126898.293523,single_datapoint,no_comment
2035,2011,03_CDA,turnover_rate,ht,%,road,freight,lpg,all,yearly,national,['manually_inputted_data $ guess'],1,0.42,manually_inputted_data $ guess,0.03,manual,no_comment
2036,2012,03_CDA,new_vehicle_efficiency,ht,km_per_pj,road,freight,lpg,all,yearly,national,['avg_eff_no_outliers $ transport_data_system_9th'],1,1405649677.815799,avg_eff_no_outliers $ transport_data_system_9th,108126898.293523,single_datapoint,no_comment
2037,2012,03_CDA,turnover_rate,ht,%,road,freight,lpg,all,yearly,national,['manually_inputted_data $ guess'],1,0.42,manually_inputted_data $ guess,0.03,manual,no_comment
2038,2013,03_CDA,new_vehicle_efficiency,ht,km_per_pj,road,freight,lpg,all,yearly,national,['avg_eff_no_outliers $ transport_data_system_9th'],1,1405649677.815799,avg_eff_no_outliers $ transport_data_system_9th,108126898.293523,single_datapoint,no_comment
2039,2013,03_CDA,turnover_rate,ht,%,road,freight,lpg,all,yearly,national,['manually_inputted_data $ guess'],1,0.42,manually_inputted_data $ guess,0.03,manual,no_comment
2040,2014,03_CDA,new_vehicle_efficiency,ht,km_per_pj,road,freight,lpg,all,yearly,national,['avg_eff_no_outliers $ transport_data_system_9th'],1,1405649677.815799,avg_eff_no_outliers $ transport_data_system_9th,108126898.293523,single_datapoint,no_comment
2041,2014,03_CDA,turnover_rate,ht,%,road,freight,lpg,all,yearly,national,['manually_inputted_data $ guess'],1,0.42,manually_inputted_data $ guess,0.03,manual,no_comment
2042,2015,03_CDA,new_vehicle_efficiency,ht,km_per_pj,road,freight,lpg,all,yearly,national,['avg_eff_no_outliers $ transport_data_system_9th'],1,1405649677.815799,avg_eff_no_outliers $ transport_data_system_9th,108126898.293523,single_datapoint,no_comment
2043,2015,03_CDA,turnover_rate,ht,%,road,freight,lpg,all,yearly,national,['manually_inputted_data $ guess'],1,0.42,manually_inputted_data $ guess,0.03,manual,no_comment
2044,2016,03_CDA,new_vehicle_efficiency,ht,km_per_pj,road,freight,lpg,all,yearly,national,['avg_eff_no_outliers $ transport_data_system_9th'],1,1405649677.815799,avg_eff_no_outliers $ transport_data_system_9th,108126898.293523,single_datapoint,no_comment
2045,2016,03_CDA,turnover_rate,ht,%,road,freight,lpg,all,yearly,national,['manually_inputted_data $ guess'],1,0.42,manually_inputted_data $ guess,0.03,manual,no_comment
2046,2017,03_CDA,activity,ht,passenger_km_or_freight_tonne_km,road,freight,lpg,all,yearly,national,"['8th_edition_transport_model $ reference', 'estimated $ calculate_energy_and_activity()']",2,11974397325.0,8th_edition_transport_model $ reference,2845022325.0,manual,no_comment
2047,2017,03_CDA,energy,ht,pj,road,freight,lpg,all,yearly,national,"['8th_edition_transport_model $ reference', 'estimated $ calculate_energy_and_activity()']",2,27.998583157365005,estimated $ calculate_energy_and_activity(),22.9978756411651,manual,no_comment
2048,2017,03_CDA,new_vehicle_efficiency,ht,km_per_pj,road,freight,lpg,all,yearly,national,['avg_eff_no_outliers $ transport_data_system_9th'],1,1405649677.815799,avg_eff_no_outliers $ transport_data_system_9th,108126898.293523,single_datapoint,no_comment
2049,2017,03_CDA,travel_km,ht,km,road,freight,lpg,all,yearly,national,['estimated $ calculate_energy_and_activity()'],1,1623000000.0,estimated $ calculate_energy_and_activity(),1623000000.0,single_datapoint,no_comment
2050,2017,03_CDA,turnover_rate,ht,%,road,freight,lpg,all,yearly,national,"['manually_inputted_data $ guess', 'turnover_rate_est']",2,0.42,manually_inputted_data $ guess,0.03,manual,no_comment
2051,2018,03_CDA,new_vehicle_efficiency,ht,km_per_pj,road,freight,lpg,all,yearly,national,['avg_eff_no_outliers $ transport_data_system_9th'],1,1405649677.815799,avg_eff_no_outliers $ transport_data_system_9th,108126898.293523,single_datapoint,no_comment
2052,2018,03_CDA,turnover_rate,ht,%,road,freight,lpg,all,yearly,national,['manually_inputted_data $ guess'],1,0.42,manually_inputted_data $ guess,0.03,manual,no_comment
2053,2019,03_CDA,new_vehicle_efficiency,ht,km_per_pj,road,freight,lpg,all,yearly,national,['avg_eff_no_outliers $ transport_data_system_9th'],1,1405649677.815799,avg_eff_no_outliers $ transport_data_system_9th,108126898.293523,single_datapoint,no_comment
2054,2019,03_CDA,turnover_rate,ht,%,road,freight,lpg,all,yearly,national,['manually_inputted_data $ guess'],1,0.42,manually_inputted_data $ guess,0.03,manual,no_comment
2055,2020,03_CDA,new_vehicle_efficiency,ht,km_per_pj,road,freight,lpg,all,yearly,national,['avg_eff_no_outliers $ transport_data_system_9th'],1,1405649677.815799,avg_eff_no_outliers $ transport_data_system_9th,108126898.293523,single_datapoint,no_comment
2056,2020,03_CDA,turnover_rate,ht,%,road,freight,lpg,all,yearly,national,['manually_inputted_data $ guess'],1,0.42,manually_inputted_data $ guess,0.03,manual,no_comment
2057,2021,03_CDA,new_vehicle_efficiency,ht,km_per_pj,road,freight,lpg,all,yearly,national,['avg_eff_no_outliers $ transport_data_system_9th'],1,1405649677.815799,avg_eff_no_outliers $ transport_data_system_9th,108126898.293523,single_datapoint,no_comment
2058,2021,03_CDA,turnover_rate,ht,%,road,freight,lpg,all,yearly,national,['manually_inputted_data $ guess'],1,0.42,manually_inputted_data $ guess,0.03,manual,no_comment
2059,2022,03_CDA,new_vehicle_efficiency,ht,km_per_pj,road,freight,lpg,all,yearly,national,['avg_eff_no_outliers $ transport_data_system_9th'],1,1405649677.815799,avg_eff_no_outliers $ transport_data_system_9th,108126898.293523,single_datapoint,no_comment
2060,2022,03_CDA,turnover_rate,ht,%,road,freight,lpg,all,yearly,national,['manually_inputted_data $ guess'],1,0.42,manually_inputted_data $ guess,0.03,manual,no_comment
2061,2010,03_CDA,new_vehicle_efficiency,ldv,km_per_pj,road,freight,bev,all,yearly,national,['avg_eff_no_outliers $ transport_data_system_9th'],1,7200566335.010296,avg_eff_no_outliers $ transport_data_system_9th,553889718.077715,single_datapoint,no_comment
2062,2010,03_CDA,new_vehicle_efficiency,ldv,km_per_pj,road,passenger,bev,all,yearly,national,['avg_eff_no_outliers $ transport_data_system_9th'],1,9901716082.423439,avg_eff_no_outliers $ transport_data_system_9th,761670467.878726,single_datapoint,no_comment
2063,2010,03_CDA,turnover_rate,ldv,%,road,freight,bev,all,yearly,national,['manually_inputted_data $ guess'],1,0.42,manually_inputted_data $ guess,0.03,manual,no_comment
2064,2010,03_CDA,turnover_rate,ldv,%,road,passenger,bev,all,yearly,national,['manually_inputted_data $ guess'],1,0.42,manually_inputted_data $ guess,0.03,manual,no_comment
2065,2011,03_CDA,activity,ldv,passenger_km_or_freight_tonne_km,road,passenger,bev,all,yearly,national,['estimated $ calculate_energy_and_activity()'],1,15789443539.0,estimated $ calculate_energy_and_activity(),5625000.0,manual,no_comment
2066,2011,03_CDA,energy,ldv,pj,road,passenger,bev,all,yearly,national,['estimated $ calculate_energy_and_activity()'],1,8.665232153805778,estimated $ calculate_energy_and_activity(),0.0030800491045005146,manual,no_comment
2067,2011,03_CDA,new_vehicle_efficiency,ldv,km_per_pj,road,freight,bev,all,yearly,national,['avg_eff_no_outliers $ transport_data_system_9th'],1,7200566335.010296,avg_eff_no_outliers $ transport_data_system_9th,553889718.077715,single_datapoint,no_comment
2068,2011,03_CDA,new_vehicle_efficiency,ldv,km_per_pj,road,passenger,bev,all,yearly,national,['avg_eff_no_outliers $ transport_data_system_9th'],1,9901716082.423439,avg_eff_no_outliers $ transport_data_system_9th,761670467.878726,single_datapoint,no_comment
2069,2011,03_CDA,travel_km,ldv,km,road,passenger,bev,all,yearly,national,['estimated $ calculate_energy_and_activity()'],1,10496700000.0,estimated $ calculate_energy_and_activity(),3750000.0,single_datapoint,no_comment
2070,2011,03_CDA,turnover_rate,ldv,%,road,freight,bev,all,yearly,national,['manually_inputted_data $ guess'],1,0.42,manually_inputted_data $ guess,0.03,manual,no_comment
2071,2011,03_CDA,turnover_rate,ldv,%,road,passenger,bev,all,yearly,national,['manually_inputted_data $ guess'],1,0.42,manually_inputted_data $ guess,0.03,manual,no_comment
2072,2012,03_CDA,activity,ldv,passenger_km_or_freight_tonne_km,road,passenger,bev,all,yearly,national,['estimated $ calculate_energy_and_activity()'],1,15789443539.0,estimated $ calculate_energy_and_activity(),18675000.0,manual,no_comment
2073,2012,03_CDA,energy,ldv,pj,road,passenger,bev,all,yearly,national,['estimated $ calculate_energy_and_activity()'],1,8.665232153805778,estimated $ calculate_energy_and_activity(),0.010225763026941708,manual,no_comment
2074,2012,03_CDA,new_vehicle_efficiency,ldv,km_per_pj,road,freight,bev,all,yearly,national,['avg_eff_no_outliers $ transport_data_system_9th'],1,7200566335.010296,avg_eff_no_outliers $ transport_data_system_9th,553889718.077715,single_datapoint,no_comment
2075,2012,03_CDA,new_vehicle_efficiency,ldv,km_per_pj,road,passenger,bev,all,yearly,national,['avg_eff_no_outliers $ transport_data_system_9th'],1,9901716082.423439,avg_eff_no_outliers $ transport_data_system_9th,761670467.878726,single_datapoint,no_comment
2076,2012,03_CDA,travel_km,ldv,km,road,passenger,bev,all,yearly,national,['estimated $ calculate_energy_and_activity()'],1,10496700000.0,estimated $ calculate_energy_and_activity(),12450000.0,single_datapoint,no_comment
2077,2012,03_CDA,turnover_rate,ldv,%,road,freight,bev,all,yearly,national,['manually_inputted_data $ guess'],1,0.42,manually_inputted_data $ guess,0.03,manual,no_comment
2078,2012,03_CDA,turnover_rate,ldv,%,road,passenger,bev,all,yearly,national,['manually_inputted_data $ guess'],1,0.42,manually_inputted_data $ guess,0.03,manual,no_comment
2079,2013,03_CDA,activity,ldv,passenger_km_or_freight_tonne_km,road,passenger,bev,all,yearly,national,['estimated $ calculate_energy_and_activity()'],1,15789443539.0,estimated $ calculate_energy_and_activity(),54000000.0,manual,no_comment
2080,2013,03_CDA,energy,ldv,pj,road,passenger,bev,all,yearly,national,['estimated $ calculate_energy_and_activity()'],1,8.665232153805778,estimated $ calculate_energy_and_activity(),0.02956847140320494,manual,no_comment
2081,2013,03_CDA,new_vehicle_efficiency,ldv,km_per_pj,road,freight,bev,all,yearly,national,['avg_eff_no_outliers $ transport_data_system_9th'],1,7200566335.010296,avg_eff_no_outliers $ transport_data_system_9th,553889718.077715,single_datapoint,no_comment
2082,2013,03_CDA,new_vehicle_efficiency,ldv,km_per_pj,road,passenger,bev,all,yearly,national,['avg_eff_no_outliers $ transport_data_system_9th'],1,9901716082.423439,avg_eff_no_outliers $ transport_data_system_9th,761670467.878726,single_datapoint,no_comment
2083,2013,03_CDA,travel_km,ldv,km,road,passenger,bev,all,yearly,national,['estimated $ calculate_energy_and_activity()'],1,10496700000.0,estimated $ calculate_energy_and_activity(),36000000.0,single_datapoint,no_comment
2084,2013,03_CDA,turnover_rate,ldv,%,road,freight,bev,all,yearly,national,['manually_inputted_data $ guess'],1,0.42,manually_inputted_data $ guess,0.03,manual,no_comment
2085,2013,03_CDA,turnover_rate,ldv,%,road,passenger,bev,all,yearly,national,['manually_inputted_data $ guess'],1,0.42,manually_inputted_data $ guess,0.03,manual,no_comment
2086,2014,03_CDA,activity,ldv,passenger_km_or_freight_tonne_km,road,passenger,bev,all,yearly,national,['estimated $ calculate_energy_and_activity()'],1,15789443539.0,estimated $ calculate_energy_and_activity(),121500000.0,manual,no_comment
2087,2014,03_CDA,energy,ldv,pj,road,passenger,bev,all,yearly,national,['estimated $ calculate_energy_and_activity()'],1,8.665232153805778,estimated $ calculate_energy_and_activity(),0.06652906065721112,manual,no_comment
2088,2014,03_CDA,new_vehicle_efficiency,ldv,km_per_pj,road,freight,bev,all,yearly,national,['avg_eff_no_outliers $ transport_data_system_9th'],1,7200566335.010296,avg_eff_no_outliers $ transport_data_system_9th,553889718.077715,single_datapoint,no_comment
2089,2014,03_CDA,new_vehicle_efficiency,ldv,km_per_pj,road,passenger,bev,all,yearly,national,['avg_eff_no_outliers $ transport_data_system_9th'],1,9901716082.423439,avg_eff_no_outliers $ transport_data_system_9th,761670467.878726,single_datapoint,no_comment
2090,2014,03_CDA,travel_km,ldv,km,road,passenger,bev,all,yearly,national,['estimated $ calculate_energy_and_activity()'],1,10496700000.0,estimated $ calculate_energy_and_activity(),81000000.0,single_datapoint,no_comment
2091,2014,03_CDA,turnover_rate,ldv,%,road,freight,bev,all,yearly,national,['manually_inputted_data $ guess'],1,0.42,manually_inputted_data $ guess,0.03,manual,no_comment
2092,2014,03_CDA,turnover_rate,ldv,%,road,passenger,bev,all,yearly,national,['manually_inputted_data $ guess'],1,0.42,manually_inputted_data $ guess,0.03,manual,no_comment
2093,2015,03_CDA,activity,ldv,passenger_km_or_freight_tonne_km,road,passenger,bev,all,yearly,national,['estimated $ calculate_energy_and_activity()'],1,15789443539.0,estimated $ calculate_energy_and_activity(),222750000.0,manual,no_comment
2094,2015,03_CDA,energy,ldv,pj,road,passenger,bev,all,yearly,national,['estimated $ calculate_energy_and_activity()'],1,8.665232153805778,estimated $ calculate_energy_and_activity(),0.12196994453822038,manual,no_comment
2095,2015,03_CDA,new_vehicle_efficiency,ldv,km_per_pj,road,freight,bev,all,yearly,national,['avg_eff_no_outliers $ transport_data_system_9th'],1,7200566335.010296,avg_eff_no_outliers $ transport_data_system_9th,553889718.077715,single_datapoint,no_comment
2096,2015,03_CDA,new_vehicle_efficiency,ldv,km_per_pj,road,passenger,bev,all,yearly,national,['avg_eff_no_outliers $ transport_data_system_9th'],1,9901716082.423439,avg_eff_no_outliers $ transport_data_system_9th,761670467.878726,single_datapoint,no_comment
2097,2015,03_CDA,travel_km,ldv,km,road,passenger,bev,all,yearly,national,['estimated $ calculate_energy_and_activity()'],1,10496700000.0,estimated $ calculate_energy_and_activity(),148500000.0,single_datapoint,no_comment
2098,2015,03_CDA,turnover_rate,ldv,%,road,freight,bev,all,yearly,national,['manually_inputted_data $ guess'],1,0.42,manually_inputted_data $ guess,0.03,manual,no_comment
2099,2015,03_CDA,turnover_rate,ldv,%,road,passenger,bev,all,yearly,national,['manually_inputted_data $ guess'],1,0.42,manually_inputted_data $ guess,0.03,manual,no_comment
2100,2016,03_CDA,activity,ldv,passenger_km_or_freight_tonne_km,road,passenger,bev,all,yearly,national,['estimated $ calculate_energy_and_activity()'],1,15789443539.0,estimated $ calculate_energy_and_activity(),337500000.0,manual,no_comment
2101,2016,03_CDA,energy,ldv,pj,road,passenger,bev,all,yearly,national,['estimated $ calculate_energy_and_activity()'],1,8.665232153805778,estimated $ calculate_energy_and_activity(),0.18480294627003088,manual,no_comment
2102,2016,03_CDA,new_vehicle_efficiency,ldv,km_per_pj,road,freight,bev,all,yearly,national,['avg_eff_no_outliers $ transport_data_system_9th'],1,7200566335.010296,avg_eff_no_outliers $ transport_data_system_9th,553889718.077715,single_datapoint,no_comment
2103,2016,03_CDA,new_vehicle_efficiency,ldv,km_per_pj,road,passenger,bev,all,yearly,national,['avg_eff_no_outliers $ transport_data_system_9th'],1,9901716082.423439,avg_eff_no_outliers $ transport_data_system_9th,761670467.878726,single_datapoint,no_comment
2104,2016,03_CDA,travel_km,ldv,km,road,passenger,bev,all,yearly,national,['estimated $ calculate_energy_and_activity()'],1,10496700000.0,estimated $ calculate_energy_and_activity(),225000000.0,single_datapoint,no_comment
2105,2016,03_CDA,turnover_rate,ldv,%,road,freight,bev,all,yearly,national,['manually_inputted_data $ guess'],1,0.42,manually_inputted_data $ guess,0.03,manual,no_comment
2106,2016,03_CDA,turnover_rate,ldv,%,road,passenger,bev,all,yearly,national,['manually_inputted_data $ guess'],1,0.42,manually_inputted_data $ guess,0.03,manual,no_comment
2107,2017,03_CDA,activity,ldv,passenger_km_or_freight_tonne_km,road,passenger,bev,all,yearly,national,"['8th_edition_transport_model $ reference', 'estimated $ calculate_energy_and_activity()']",2,15789443539.0,estimated $ calculate_energy_and_activity(),562500000.0,manual,no_comment
2108,2017,03_CDA,energy,ldv,pj,road,passenger,bev,all,yearly,national,"['8th_edition_transport_model $ reference', 'estimated $ calculate_energy_and_activity()']",2,8.665232153805778,estimated $ calculate_energy_and_activity(),0.30800491045005146,manual,no_comment
2109,2017,03_CDA,new_vehicle_efficiency,ldv,km_per_pj,road,freight,bev,all,yearly,national,['avg_eff_no_outliers $ transport_data_system_9th'],1,7200566335.010296,avg_eff_no_outliers $ transport_data_system_9th,553889718.077715,single_datapoint,no_comment
2110,2017,03_CDA,new_vehicle_efficiency,ldv,km_per_pj,road,passenger,bev,all,yearly,national,['avg_eff_no_outliers $ transport_data_system_9th'],1,9901716082.423439,avg_eff_no_outliers $ transport_data_system_9th,761670467.878726,single_datapoint,no_comment
2111,2017,03_CDA,travel_km,ldv,km,road,passenger,bev,all,yearly,national,['estimated $ calculate_energy_and_activity()'],1,10496700000.0,estimated $ calculate_energy_and_activity(),375000000.0,single_datapoint,no_comment
2112,2017,03_CDA,turnover_rate,ldv,%,road,freight,bev,all,yearly,national,"['manually_inputted_data $ guess', 'turnover_rate_est']",2,0.42,manually_inputted_data $ guess,0.03,manual,no_comment
2113,2017,03_CDA,turnover_rate,ldv,%,road,passenger,bev,all,yearly,national,"['manually_inputted_data $ guess', 'turnover_rate_est']",2,0.42,manually_inputted_data $ guess,0.03,manual,no_comment
2114,2018,03_CDA,activity,ldv,passenger_km_or_freight_tonne_km,road,passenger,bev,all,yearly,national,['estimated $ calculate_energy_and_activity()'],1,15789443539.0,estimated $ calculate_energy_and_activity(),1012500000.0,manual,no_comment
2115,2018,03_CDA,energy,ldv,pj,road,passenger,bev,all,yearly,national,['estimated $ calculate_energy_and_activity()'],1,8.665232153805778,estimated $ calculate_energy_and_activity(),0.5544088388100926,manual,no_comment
2116,2018,03_CDA,new_vehicle_efficiency,ldv,km_per_pj,road,freight,bev,all,yearly,national,['avg_eff_no_outliers $ transport_data_system_9th'],1,7200566335.010296,avg_eff_no_outliers $ transport_data_system_9th,553889718.077715,single_datapoint,no_comment
2117,2018,03_CDA,new_vehicle_efficiency,ldv,km_per_pj,road,passenger,bev,all,yearly,national,['avg_eff_no_outliers $ transport_data_system_9th'],1,9901716082.423439,avg_eff_no_outliers $ transport_data_system_9th,761670467.878726,single_datapoint,no_comment
2118,2018,03_CDA,travel_km,ldv,km,road,passenger,bev,all,yearly,national,['estimated $ calculate_energy_and_activity()'],1,10496700000.0,estimated $ calculate_energy_and_activity(),675000000.0,single_datapoint,no_comment
2119,2018,03_CDA,turnover_rate,ldv,%,road,freight,bev,all,yearly,national,['manually_inputted_data $ guess'],1,0.42,manually_inputted_data $ guess,0.03,manual,no_comment
2120,2018,03_CDA,turnover_rate,ldv,%,road,passenger,bev,all,yearly,national,['manually_inputted_data $ guess'],1,0.42,manually_inputted_data $ guess,0.03,manual,no_comment
2121,2019,03_CDA,activity,ldv,passenger_km_or_freight_tonne_km,road,passenger,bev,all,yearly,national,['estimated $ calculate_energy_and_activity()'],1,15789443539.0,estimated $ calculate_energy_and_activity(),1710000000.0,manual,no_comment
2122,2019,03_CDA,energy,ldv,pj,road,passenger,bev,all,yearly,national,['estimated $ calculate_energy_and_activity()'],1,8.665232153805778,estimated $ calculate_energy_and_activity(),0.9363349277681564,manual,no_comment
2123,2019,03_CDA,new_vehicle_efficiency,ldv,km_per_pj,road,freight,bev,all,yearly,national,['avg_eff_no_outliers $ transport_data_system_9th'],1,7200566335.010296,avg_eff_no_outliers $ transport_data_system_9th,553889718.077715,single_datapoint,no_comment
2124,2019,03_CDA,new_vehicle_efficiency,ldv,km_per_pj,road,passenger,bev,all,yearly,national,['avg_eff_no_outliers $ transport_data_system_9th'],1,9901716082.423439,avg_eff_no_outliers $ transport_data_system_9th,761670467.878726,single_datapoint,no_comment
2125,2019,03_CDA,travel_km,ldv,km,road,passenger,bev,all,yearly,national,['estimated $ calculate_energy_and_activity()'],1,10496700000.0,estimated $ calculate_energy_and_activity(),1140000000.0,single_datapoint,no_comment
2126,2019,03_CDA,turnover_rate,ldv,%,road,freight,bev,all,yearly,national,['manually_inputted_data $ guess'],1,0.42,manually_inputted_data $ guess,0.03,manual,no_comment
2127,2019,03_CDA,turnover_rate,ldv,%,road,passenger,bev,all,yearly,national,['manually_inputted_data $ guess'],1,0.42,manually_inputted_data $ guess,0.03,manual,no_comment
2128,2020,03_CDA,activity,ldv,passenger_km_or_freight_tonne_km,road,passenger,bev,all,yearly,national,['estimated $ calculate_energy_and_activity()'],1,15789443539.0,estimated $ calculate_energy_and_activity(),2475000000.0,manual,no_comment
2129,2020,03_CDA,energy,ldv,pj,road,passenger,bev,all,yearly,national,['estimated $ calculate_energy_and_activity()'],1,8.665232153805778,estimated $ calculate_energy_and_activity(),1.3552216059802265,manual,no_comment
2130,2020,03_CDA,new_vehicle_efficiency,ldv,km_per_pj,road,freight,bev,all,yearly,national,['avg_eff_no_outliers $ transport_data_system_9th'],1,7200566335.010296,avg_eff_no_outliers $ transport_data_system_9th,553889718.077715,single_datapoint,no_comment
2131,2020,03_CDA,new_vehicle_efficiency,ldv,km_per_pj,road,passenger,bev,all,yearly,national,['avg_eff_no_outliers $ transport_data_system_9th'],1,9901716082.423439,avg_eff_no_outliers $ transport_data_system_9th,761670467.878726,single_datapoint,no_comment
2132,2020,03_CDA,travel_km,ldv,km,road,passenger,bev,all,yearly,national,['estimated $ calculate_energy_and_activity()'],1,10496700000.0,estimated $ calculate_energy_and_activity(),1650000000.0,single_datapoint,no_comment
2133,2020,03_CDA,turnover_rate,ldv,%,road,freight,bev,all,yearly,national,['manually_inputted_data $ guess'],1,0.42,manually_inputted_data $ guess,0.03,manual,no_comment
2134,2020,03_CDA,turnover_rate,ldv,%,road,passenger,bev,all,yearly,national,['manually_inputted_data $ guess'],1,0.42,manually_inputted_data $ guess,0.03,manual,no_comment
2135,2021,03_CDA,activity,ldv,passenger_km_or_freight_tonne_km,road,passenger,bev,all,yearly,national,['estimated $ calculate_energy_and_activity()'],1,15789443539.0,estimated $ calculate_energy_and_activity(),3600000000.0,manual,no_comment
2136,2021,03_CDA,energy,ldv,pj,road,passenger,bev,all,yearly,national,['estimated $ calculate_energy_and_activity()'],1,8.665232153805778,estimated $ calculate_energy_and_activity(),1.9712314268803295,manual,no_comment
2137,2021,03_CDA,new_vehicle_efficiency,ldv,km_per_pj,road,freight,bev,all,yearly,national,['avg_eff_no_outliers $ transport_data_system_9th'],1,7200566335.010296,avg_eff_no_outliers $ transport_data_system_9th,553889718.077715,single_datapoint,no_comment
2138,2021,03_CDA,new_vehicle_efficiency,ldv,km_per_pj,road,passenger,bev,all,yearly,national,['avg_eff_no_outliers $ transport_data_system_9th'],1,9901716082.423439,avg_eff_no_outliers $ transport_data_system_9th,761670467.878726,single_datapoint,no_comment
2139,2021,03_CDA,travel_km,ldv,km,road,passenger,bev,all,yearly,national,['estimated $ calculate_energy_and_activity()'],1,10496700000.0,estimated $ calculate_energy_and_activity(),2400000000.0,single_datapoint,no_comment
2140,2021,03_CDA,turnover_rate,ldv,%,road,freight,bev,all,yearly,national,['manually_inputted_data $ guess'],1,0.42,manually_inputted_data $ guess,0.03,manual,no_comment
2141,2021,03_CDA,turnover_rate,ldv,%,road,passenger,bev,all,yearly,national,['manually_inputted_data $ guess'],1,0.42,manually_inputted_data $ guess,0.03,manual,no_comment
2142,2022,03_CDA,activity,ldv,passenger_km_or_freight_tonne_km,road,passenger,bev,all,yearly,national,['estimated $ calculate_energy_and_activity()'],1,15789443539.0,estimated $ calculate_energy_and_activity(),5625000000.0,manual,no_comment
2143,2022,03_CDA,energy,ldv,pj,road,passenger,bev,all,yearly,national,['estimated $ calculate_energy_and_activity()'],1,8.665232153805778,estimated $ calculate_energy_and_activity(),3.0800491045005147,manual,no_comment
2144,2022,03_CDA,new_vehicle_efficiency,ldv,km_per_pj,road,freight,bev,all,yearly,national,['avg_eff_no_outliers $ transport_data_system_9th'],1,7200566335.010296,avg_eff_no_outliers $ transport_data_system_9th,553889718.077715,single_datapoint,no_comment
2145,2022,03_CDA,new_vehicle_efficiency,ldv,km_per_pj,road,passenger,bev,all,yearly,national,['avg_eff_no_outliers $ transport_data_system_9th'],1,9901716082.423439,avg_eff_no_outliers $ transport_data_system_9th,761670467.878726,single_datapoint,no_comment
2146,2022,03_CDA,travel_km,ldv,km,road,passenger,bev,all,yearly,national,['estimated $ calculate_energy_and_activity()'],1,10496700000.0,estimated $ calculate_energy_and_activity(),3750000000.0,single_datapoint,no_comment
2147,2022,03_CDA,turnover_rate,ldv,%,road,freight,bev,all,yearly,national,['manually_inputted_data $ guess'],1,0.42,manually_inputted_data $ guess,0.03,manual,no_comment
2148,2022,03_CDA,turnover_rate,ldv,%,road,passenger,bev,all,yearly,national,['manually_inputted_data $ guess'],1,0.42,manually_inputted_data $ guess,0.03,manual,no_comment
2149,2010,03_CDA,new_vehicle_efficiency,ldv,km_per_pj,road,freight,cng,all,yearly,national,['avg_eff_no_outliers $ transport_data_system_9th'],1,7214767129.708009,avg_eff_no_outliers $ transport_data_system_9th,554982086.900616,single_datapoint,no_comment
2150,2010,03_CDA,new_vehicle_efficiency,ldv,km_per_pj,road,passenger,cng,all,yearly,national,['avg_eff_no_outliers $ transport_data_system_9th'],1,5429169522.90635,avg_eff_no_outliers $ transport_data_system_9th,417628424.83895,single_datapoint,no_comment
2151,2010,03_CDA,turnover_rate,ldv,%,road,freight,cng,all,yearly,national,['manually_inputted_data $ guess'],1,0.42,manually_inputted_data $ guess,0.03,manual,no_comment
2152,2010,03_CDA,turnover_rate,ldv,%,road,passenger,cng,all,yearly,national,['manually_inputted_data $ guess'],1,0.42,manually_inputted_data $ guess,0.03,manual,no_comment
2153,2011,03_CDA,new_vehicle_efficiency,ldv,km_per_pj,road,freight,cng,all,yearly,national,['avg_eff_no_outliers $ transport_data_system_9th'],1,7214767129.708009,avg_eff_no_outliers $ transport_data_system_9th,554982086.900616,single_datapoint,no_comment
2154,2011,03_CDA,new_vehicle_efficiency,ldv,km_per_pj,road,passenger,cng,all,yearly,national,['avg_eff_no_outliers $ transport_data_system_9th'],1,5429169522.90635,avg_eff_no_outliers $ transport_data_system_9th,417628424.83895,single_datapoint,no_comment
2155,2011,03_CDA,turnover_rate,ldv,%,road,freight,cng,all,yearly,national,['manually_inputted_data $ guess'],1,0.42,manually_inputted_data $ guess,0.03,manual,no_comment
2156,2011,03_CDA,turnover_rate,ldv,%,road,passenger,cng,all,yearly,national,['manually_inputted_data $ guess'],1,0.42,manually_inputted_data $ guess,0.03,manual,no_comment
2157,2012,03_CDA,new_vehicle_efficiency,ldv,km_per_pj,road,freight,cng,all,yearly,national,['avg_eff_no_outliers $ transport_data_system_9th'],1,7214767129.708009,avg_eff_no_outliers $ transport_data_system_9th,554982086.900616,single_datapoint,no_comment
2158,2012,03_CDA,new_vehicle_efficiency,ldv,km_per_pj,road,passenger,cng,all,yearly,national,['avg_eff_no_outliers $ transport_data_system_9th'],1,5429169522.90635,avg_eff_no_outliers $ transport_data_system_9th,417628424.83895,single_datapoint,no_comment
2159,2012,03_CDA,turnover_rate,ldv,%,road,freight,cng,all,yearly,national,['manually_inputted_data $ guess'],1,0.42,manually_inputted_data $ guess,0.03,manual,no_comment
2160,2012,03_CDA,turnover_rate,ldv,%,road,passenger,cng,all,yearly,national,['manually_inputted_data $ guess'],1,0.42,manually_inputted_data $ guess,0.03,manual,no_comment
2161,2013,03_CDA,new_vehicle_efficiency,ldv,km_per_pj,road,freight,cng,all,yearly,national,['avg_eff_no_outliers $ transport_data_system_9th'],1,7214767129.708009,avg_eff_no_outliers $ transport_data_system_9th,554982086.900616,single_datapoint,no_comment
2162,2013,03_CDA,new_vehicle_efficiency,ldv,km_per_pj,road,passenger,cng,all,yearly,national,['avg_eff_no_outliers $ transport_data_system_9th'],1,5429169522.90635,avg_eff_no_outliers $ transport_data_system_9th,417628424.83895,single_datapoint,no_comment
2163,2013,03_CDA,turnover_rate,ldv,%,road,freight,cng,all,yearly,national,['manually_inputted_data $ guess'],1,0.42,manually_inputted_data $ guess,0.03,manual,no_comment
2164,2013,03_CDA,turnover_rate,ldv,%,road,passenger,cng,all,yearly,national,['manually_inputted_data $ guess'],1,0.42,manually_inputted_data $ guess,0.03,manual,no_comment
2165,2014,03_CDA,new_vehicle_efficiency,ldv,km_per_pj,road,freight,cng,all,yearly,national,['avg_eff_no_outliers $ transport_data_system_9th'],1,7214767129.708009,avg_eff_no_outliers $ transport_data_system_9th,554982086.900616,single_datapoint,no_comment
2166,2014,03_CDA,new_vehicle_efficiency,ldv,km_per_pj,road,passenger,cng,all,yearly,national,['avg_eff_no_outliers $ transport_data_system_9th'],1,5429169522.90635,avg_eff_no_outliers $ transport_data_system_9th,417628424.83895,single_datapoint,no_comment
2167,2014,03_CDA,turnover_rate,ldv,%,road,freight,cng,all,yearly,national,['manually_inputted_data $ guess'],1,0.42,manually_inputted_data $ guess,0.03,manual,no_comment
2168,2014,03_CDA,turnover_rate,ldv,%,road,passenger,cng,all,yearly,national,['manually_inputted_data $ guess'],1,0.42,manually_inputted_data $ guess,0.03,manual,no_comment
2169,2015,03_CDA,new_vehicle_efficiency,ldv,km_per_pj,road,freight,cng,all,yearly,national,['avg_eff_no_outliers $ transport_data_system_9th'],1,7214767129.708009,avg_eff_no_outliers $ transport_data_system_9th,554982086.900616,single_datapoint,no_comment
2170,2015,03_CDA,new_vehicle_efficiency,ldv,km_per_pj,road,passenger,cng,all,yearly,national,['avg_eff_no_outliers $ transport_data_system_9th'],1,5429169522.90635,avg_eff_no_outliers $ transport_data_system_9th,417628424.83895,single_datapoint,no_comment
2171,2015,03_CDA,turnover_rate,ldv,%,road,freight,cng,all,yearly,national,['manually_inputted_data $ guess'],1,0.42,manually_inputted_data $ guess,0.03,manual,no_comment
2172,2015,03_CDA,turnover_rate,ldv,%,road,passenger,cng,all,yearly,national,['manually_inputted_data $ guess'],1,0.42,manually_inputted_data $ guess,0.03,manual,no_comment
2173,2016,03_CDA,new_vehicle_efficiency,ldv,km_per_pj,road,freight,cng,all,yearly,national,['avg_eff_no_outliers $ transport_data_system_9th'],1,7214767129.708009,avg_eff_no_outliers $ transport_data_system_9th,554982086.900616,single_datapoint,no_comment
2174,2016,03_CDA,new_vehicle_efficiency,ldv,km_per_pj,road,passenger,cng,all,yearly,national,['avg_eff_no_outliers $ transport_data_system_9th'],1,5429169522.90635,avg_eff_no_outliers $ transport_data_system_9th,417628424.83895,single_datapoint,no_comment
2175,2016,03_CDA,turnover_rate,ldv,%,road,freight,cng,all,yearly,national,['manually_inputted_data $ guess'],1,0.42,manually_inputted_data $ guess,0.03,manual,no_comment
2176,2016,03_CDA,turnover_rate,ldv,%,road,passenger,cng,all,yearly,national,['manually_inputted_data $ guess'],1,0.42,manually_inputted_data $ guess,0.03,manual,no_comment
2177,2017,03_CDA,activity,ldv,passenger_km_or_freight_tonne_km,road,passenger,cng,all,yearly,national,"['8th_edition_transport_model $ reference', 'estimated $ calculate_energy_and_activity()']",2,547087289.0,8th_edition_transport_model $ reference,272879789.0,manual,no_comment
2178,2017,03_CDA,energy,ldv,pj,road,passenger,cng,all,yearly,national,"['8th_edition_transport_model $ reference', 'estimated $ calculate_energy_and_activity()']",2,0.77720777936037,8th_edition_transport_model $ reference,0.2516959612487012,manual,no_comment
2179,2017,03_CDA,new_vehicle_efficiency,ldv,km_per_pj,road,freight,cng,all,yearly,national,['avg_eff_no_outliers $ transport_data_system_9th'],1,7214767129.708009,avg_eff_no_outliers $ transport_data_system_9th,554982086.900616,single_datapoint,no_comment
2180,2017,03_CDA,new_vehicle_efficiency,ldv,km_per_pj,road,passenger,cng,all,yearly,national,['avg_eff_no_outliers $ transport_data_system_9th'],1,5429169522.90635,avg_eff_no_outliers $ transport_data_system_9th,417628424.83895,single_datapoint,no_comment
2181,2017,03_CDA,travel_km,ldv,km,road,passenger,cng,all,yearly,national,['estimated $ calculate_energy_and_activity()'],1,182805000.0,estimated $ calculate_energy_and_activity(),182805000.0,single_datapoint,no_comment
2182,2017,03_CDA,turnover_rate,ldv,%,road,freight,cng,all,yearly,national,"['manually_inputted_data $ guess', 'turnover_rate_est']",2,0.42,manually_inputted_data $ guess,0.03,manual,no_comment
2183,2017,03_CDA,turnover_rate,ldv,%,road,passenger,cng,all,yearly,national,"['manually_inputted_data $ guess', 'turnover_rate_est']",2,0.42,manually_inputted_data $ guess,0.03,manual,no_comment
2184,2018,03_CDA,new_vehicle_efficiency,ldv,km_per_pj,road,freight,cng,all,yearly,national,['avg_eff_no_outliers $ transport_data_system_9th'],1,7214767129.708009,avg_eff_no_outliers $ transport_data_system_9th,554982086.900616,single_datapoint,no_comment
2185,2018,03_CDA,new_vehicle_efficiency,ldv,km_per_pj,road,passenger,cng,all,yearly,national,['avg_eff_no_outliers $ transport_data_system_9th'],1,5429169522.90635,avg_eff_no_outliers $ transport_data_system_9th,417628424.83895,single_datapoint,no_comment
2186,2018,03_CDA,turnover_rate,ldv,%,road,freight,cng,all,yearly,national,['manually_inputted_data $ guess'],1,0.42,manually_inputted_data $ guess,0.03,manual,no_comment
2187,2018,03_CDA,turnover_rate,ldv,%,road,passenger,cng,all,yearly,national,['manually_inputted_data $ guess'],1,0.42,manually_inputted_data $ guess,0.03,manual,no_comment
2188,2019,03_CDA,new_vehicle_efficiency,ldv,km_per_pj,road,freight,cng,all,yearly,national,['avg_eff_no_outliers $ transport_data_system_9th'],1,7214767129.708009,avg_eff_no_outliers $ transport_data_system_9th,554982086.900616,single_datapoint,no_comment
2189,2019,03_CDA,new_vehicle_efficiency,ldv,km_per_pj,road,passenger,cng,all,yearly,national,['avg_eff_no_outliers $ transport_data_system_9th'],1,5429169522.90635,avg_eff_no_outliers $ transport_data_system_9th,417628424.83895,single_datapoint,no_comment
2190,2019,03_CDA,turnover_rate,ldv,%,road,freight,cng,all,yearly,national,['manually_inputted_data $ guess'],1,0.42,manually_inputted_data $ guess,0.03,manual,no_comment
2191,2019,03_CDA,turnover_rate,ldv,%,road,passenger,cng,all,yearly,national,['manually_inputted_data $ guess'],1,0.42,manually_inputted_data $ guess,0.03,manual,no_comment
2192,2020,03_CDA,new_vehicle_efficiency,ldv,km_per_pj,road,freight,cng,all,yearly,national,['avg_eff_no_outliers $ transport_data_system_9th'],1,7214767129.708009,avg_eff_no_outliers $ transport_data_system_9th,554982086.900616,single_datapoint,no_comment
2193,2020,03_CDA,new_vehicle_efficiency,ldv,km_per_pj,road,passenger,cng,all,yearly,national,['avg_eff_no_outliers $ transport_data_system_9th'],1,5429169522.90635,avg_eff_no_outliers $ transport_data_system_9th,417628424.83895,single_datapoint,no_comment
2194,2020,03_CDA,turnover_rate,ldv,%,road,freight,cng,all,yearly,national,['manually_inputted_data $ guess'],1,0.42,manually_inputted_data $ guess,0.03,manual,no_comment
2195,2020,03_CDA,turnover_rate,ldv,%,road,passenger,cng,all,yearly,national,['manually_inputted_data $ guess'],1,0.42,manually_inputted_data $ guess,0.03,manual,no_comment
2196,2021,03_CDA,new_vehicle_efficiency,ldv,km_per_pj,road,freight,cng,all,yearly,national,['avg_eff_no_outliers $ transport_data_system_9th'],1,7214767129.708009,avg_eff_no_outliers $ transport_data_system_9th,554982086.900616,single_datapoint,no_comment
2197,2021,03_CDA,new_vehicle_efficiency,ldv,km_per_pj,road,passenger,cng,all,yearly,national,['avg_eff_no_outliers $ transport_data_system_9th'],1,5429169522.90635,avg_eff_no_outliers $ transport_data_system_9th,417628424.83895,single_datapoint,no_comment
2198,2021,03_CDA,turnover_rate,ldv,%,road,freight,cng,all,yearly,national,['manually_inputted_data $ guess'],1,0.42,manually_inputted_data $ guess,0.03,manual,no_comment
2199,2021,03_CDA,turnover_rate,ldv,%,road,passenger,cng,all,yearly,national,['manually_inputted_data $ guess'],1,0.42,manually_inputted_data $ guess,0.03,manual,no_comment
2200,2022,03_CDA,new_vehicle_efficiency,ldv,km_per_pj,road,freight,cng,all,yearly,national,['avg_eff_no_outliers $ transport_data_system_9th'],1,7214767129.708009,avg_eff_no_outliers $ transport_data_system_9th,554982086.900616,single_datapoint,no_comment
2201,2022,03_CDA,new_vehicle_efficiency,ldv,km_per_pj,road,passenger,cng,all,yearly,national,['avg_eff_no_outliers $ transport_data_system_9th'],1,5429169522.90635,avg_eff_no_outliers $ transport_data_system_9th,417628424.83895,single_datapoint,no_comment
2202,2022,03_CDA,turnover_rate,ldv,%,road,freight,cng,all,yearly,national,['manually_inputted_data $ guess'],1,0.42,manually_inputted_data $ guess,0.03,manual,no_comment
2203,2022,03_CDA,turnover_rate,ldv,%,road,passenger,cng,all,yearly,national,['manually_inputted_data $ guess'],1,0.42,manually_inputted_data $ guess,0.03,manual,no_comment
2204,2010,03_CDA,new_vehicle_efficiency,ldv,km_per_pj,road,passenger,fcev,all,yearly,national,['avg_eff_no_outliers $ transport_data_system_9th'],1,1469603353.601357,avg_eff_no_outliers $ transport_data_system_9th,113046411.815489,single_datapoint,no_comment
2205,2010,03_CDA,turnover_rate,ldv,%,road,passenger,fcev,all,yearly,national,['manually_inputted_data $ guess'],1,0.42,manually_inputted_data $ guess,0.03,manual,no_comment
2206,2011,03_CDA,new_vehicle_efficiency,ldv,km_per_pj,road,passenger,fcev,all,yearly,national,['avg_eff_no_outliers $ transport_data_system_9th'],1,1469603353.601357,avg_eff_no_outliers $ transport_data_system_9th,113046411.815489,single_datapoint,no_comment
2207,2011,03_CDA,turnover_rate,ldv,%,road,passenger,fcev,all,yearly,national,['manually_inputted_data $ guess'],1,0.42,manually_inputted_data $ guess,0.03,manual,no_comment
2208,2012,03_CDA,new_vehicle_efficiency,ldv,km_per_pj,road,passenger,fcev,all,yearly,national,['avg_eff_no_outliers $ transport_data_system_9th'],1,1469603353.601357,avg_eff_no_outliers $ transport_data_system_9th,113046411.815489,single_datapoint,no_comment
2209,2012,03_CDA,turnover_rate,ldv,%,road,passenger,fcev,all,yearly,national,['manually_inputted_data $ guess'],1,0.42,manually_inputted_data $ guess,0.03,manual,no_comment
2210,2013,03_CDA,new_vehicle_efficiency,ldv,km_per_pj,road,passenger,fcev,all,yearly,national,['avg_eff_no_outliers $ transport_data_system_9th'],1,1469603353.601357,avg_eff_no_outliers $ transport_data_system_9th,113046411.815489,single_datapoint,no_comment
2211,2013,03_CDA,turnover_rate,ldv,%,road,passenger,fcev,all,yearly,national,['manually_inputted_data $ guess'],1,0.42,manually_inputted_data $ guess,0.03,manual,no_comment
2212,2014,03_CDA,new_vehicle_efficiency,ldv,km_per_pj,road,passenger,fcev,all,yearly,national,['avg_eff_no_outliers $ transport_data_system_9th'],1,1469603353.601357,avg_eff_no_outliers $ transport_data_system_9th,113046411.815489,single_datapoint,no_comment
2213,2014,03_CDA,turnover_rate,ldv,%,road,passenger,fcev,all,yearly,national,['manually_inputted_data $ guess'],1,0.42,manually_inputted_data $ guess,0.03,manual,no_comment
2214,2015,03_CDA,new_vehicle_efficiency,ldv,km_per_pj,road,passenger,fcev,all,yearly,national,['avg_eff_no_outliers $ transport_data_system_9th'],1,1469603353.601357,avg_eff_no_outliers $ transport_data_system_9th,113046411.815489,single_datapoint,no_comment
2215,2015,03_CDA,turnover_rate,ldv,%,road,passenger,fcev,all,yearly,national,['manually_inputted_data $ guess'],1,0.42,manually_inputted_data $ guess,0.03,manual,no_comment
2216,2016,03_CDA,new_vehicle_efficiency,ldv,km_per_pj,road,passenger,fcev,all,yearly,national,['avg_eff_no_outliers $ transport_data_system_9th'],1,1469603353.601357,avg_eff_no_outliers $ transport_data_system_9th,113046411.815489,single_datapoint,no_comment
2217,2016,03_CDA,turnover_rate,ldv,%,road,passenger,fcev,all,yearly,national,['manually_inputted_data $ guess'],1,0.42,manually_inputted_data $ guess,0.03,manual,no_comment
2218,2017,03_CDA,new_vehicle_efficiency,ldv,km_per_pj,road,passenger,fcev,all,yearly,national,['avg_eff_no_outliers $ transport_data_system_9th'],1,1469603353.601357,avg_eff_no_outliers $ transport_data_system_9th,113046411.815489,single_datapoint,no_comment
2219,2017,03_CDA,turnover_rate,ldv,%,road,freight,fcev,all,yearly,national,['turnover_rate_est'],1,0.03,turnover_rate_est,0.03,single_datapoint,no_comment
2220,2017,03_CDA,turnover_rate,ldv,%,road,passenger,fcev,all,yearly,national,"['manually_inputted_data $ guess', 'turnover_rate_est']",2,0.42,manually_inputted_data $ guess,0.03,manual,no_comment
2221,2018,03_CDA,new_vehicle_efficiency,ldv,km_per_pj,road,passenger,fcev,all,yearly,national,['avg_eff_no_outliers $ transport_data_system_9th'],1,1469603353.601357,avg_eff_no_outliers $ transport_data_system_9th,113046411.815489,single_datapoint,no_comment
2222,2018,03_CDA,turnover_rate,ldv,%,road,passenger,fcev,all,yearly,national,['manually_inputted_data $ guess'],1,0.42,manually_inputted_data $ guess,0.03,manual,no_comment
2223,2019,03_CDA,new_vehicle_efficiency,ldv,km_per_pj,road,passenger,fcev,all,yearly,national,['avg_eff_no_outliers $ transport_data_system_9th'],1,1469603353.601357,avg_eff_no_outliers $ transport_data_system_9th,113046411.815489,single_datapoint,no_comment
2224,2019,03_CDA,turnover_rate,ldv,%,road,passenger,fcev,all,yearly,national,['manually_inputted_data $ guess'],1,0.42,manually_inputted_data $ guess,0.03,manual,no_comment
2225,2020,03_CDA,new_vehicle_efficiency,ldv,km_per_pj,road,passenger,fcev,all,yearly,national,['avg_eff_no_outliers $ transport_data_system_9th'],1,1469603353.601357,avg_eff_no_outliers $ transport_data_system_9th,113046411.815489,single_datapoint,no_comment
2226,2020,03_CDA,turnover_rate,ldv,%,road,passenger,fcev,all,yearly,national,['manually_inputted_data $ guess'],1,0.42,manually_inputted_data $ guess,0.03,manual,no_comment
2227,2021,03_CDA,new_vehicle_efficiency,ldv,km_per_pj,road,passenger,fcev,all,yearly,national,['avg_eff_no_outliers $ transport_data_system_9th'],1,1469603353.601357,avg_eff_no_outliers $ transport_data_system_9th,113046411.815489,single_datapoint,no_comment
2228,2021,03_CDA,turnover_rate,ldv,%,road,passenger,fcev,all,yearly,national,['manually_inputted_data $ guess'],1,0.42,manually_inputted_data $ guess,0.03,manual,no_comment
2229,2022,03_CDA,new_vehicle_efficiency,ldv,km_per_pj,road,passenger,fcev,all,yearly,national,['avg_eff_no_outliers $ transport_data_system_9th'],1,1469603353.601357,avg_eff_no_outliers $ transport_data_system_9th,113046411.815489,single_datapoint,no_comment
2230,2022,03_CDA,turnover_rate,ldv,%,road,passenger,fcev,all,yearly,national,['manually_inputted_data $ guess'],1,0.42,manually_inputted_data $ guess,0.03,manual,no_comment
2231,2010,03_CDA,new_vehicle_efficiency,ldv,km_per_pj,road,freight,ice,all,yearly,national,['avg_eff_no_outliers $ transport_data_system_9th'],1,4776513034.843043,avg_eff_no_outliers $ transport_data_system_9th,367424079.603311,single_datapoint,no_comment
2232,2010,03_CDA,new_vehicle_efficiency,ldv,km_per_pj,road,passenger,ice,all,yearly,national,['avg_eff_no_outliers $ transport_data_system_9th'],1,3086802010.889935,avg_eff_no_outliers $ transport_data_system_9th,237446308.529995,single_datapoint,no_comment
2233,2010,03_CDA,turnover_rate,ldv,%,road,freight,ice,all,yearly,national,['manually_inputted_data $ guess'],1,0.39,manually_inputted_data $ guess,0.03,single_datapoint,no_comment
2234,2010,03_CDA,turnover_rate,ldv,%,road,passenger,ice,all,yearly,national,['manually_inputted_data $ guess'],1,0.39,manually_inputted_data $ guess,0.03,single_datapoint,no_comment
2235,2011,03_CDA,new_vehicle_efficiency,ldv,km_per_pj,road,freight,ice,all,yearly,national,['avg_eff_no_outliers $ transport_data_system_9th'],1,4776513034.843043,avg_eff_no_outliers $ transport_data_system_9th,367424079.603311,single_datapoint,no_comment
2236,2011,03_CDA,new_vehicle_efficiency,ldv,km_per_pj,road,passenger,ice,all,yearly,national,['avg_eff_no_outliers $ transport_data_system_9th'],1,3086802010.889935,avg_eff_no_outliers $ transport_data_system_9th,237446308.529995,single_datapoint,no_comment
2237,2011,03_CDA,turnover_rate,ldv,%,road,freight,ice,all,yearly,national,['manually_inputted_data $ guess'],1,0.39,manually_inputted_data $ guess,0.03,single_datapoint,no_comment
2238,2011,03_CDA,turnover_rate,ldv,%,road,passenger,ice,all,yearly,national,['manually_inputted_data $ guess'],1,0.39,manually_inputted_data $ guess,0.03,single_datapoint,no_comment
2239,2012,03_CDA,new_vehicle_efficiency,ldv,km_per_pj,road,freight,ice,all,yearly,national,['avg_eff_no_outliers $ transport_data_system_9th'],1,4776513034.843043,avg_eff_no_outliers $ transport_data_system_9th,367424079.603311,single_datapoint,no_comment
2240,2012,03_CDA,new_vehicle_efficiency,ldv,km_per_pj,road,passenger,ice,all,yearly,national,['avg_eff_no_outliers $ transport_data_system_9th'],1,3086802010.889935,avg_eff_no_outliers $ transport_data_system_9th,237446308.529995,single_datapoint,no_comment
2241,2012,03_CDA,turnover_rate,ldv,%,road,freight,ice,all,yearly,national,['manually_inputted_data $ guess'],1,0.39,manually_inputted_data $ guess,0.03,single_datapoint,no_comment
2242,2012,03_CDA,turnover_rate,ldv,%,road,passenger,ice,all,yearly,national,['manually_inputted_data $ guess'],1,0.39,manually_inputted_data $ guess,0.03,single_datapoint,no_comment
2243,2013,03_CDA,new_vehicle_efficiency,ldv,km_per_pj,road,freight,ice,all,yearly,national,['avg_eff_no_outliers $ transport_data_system_9th'],1,4776513034.843043,avg_eff_no_outliers $ transport_data_system_9th,367424079.603311,single_datapoint,no_comment
2244,2013,03_CDA,new_vehicle_efficiency,ldv,km_per_pj,road,passenger,ice,all,yearly,national,['avg_eff_no_outliers $ transport_data_system_9th'],1,3086802010.889935,avg_eff_no_outliers $ transport_data_system_9th,237446308.529995,single_datapoint,no_comment
2245,2013,03_CDA,turnover_rate,ldv,%,road,freight,ice,all,yearly,national,['manually_inputted_data $ guess'],1,0.39,manually_inputted_data $ guess,0.03,single_datapoint,no_comment
2246,2013,03_CDA,turnover_rate,ldv,%,road,passenger,ice,all,yearly,national,['manually_inputted_data $ guess'],1,0.39,manually_inputted_data $ guess,0.03,single_datapoint,no_comment
2247,2014,03_CDA,new_vehicle_efficiency,ldv,km_per_pj,road,freight,ice,all,yearly,national,['avg_eff_no_outliers $ transport_data_system_9th'],1,4776513034.843043,avg_eff_no_outliers $ transport_data_system_9th,367424079.603311,single_datapoint,no_comment
2248,2014,03_CDA,new_vehicle_efficiency,ldv,km_per_pj,road,passenger,ice,all,yearly,national,['avg_eff_no_outliers $ transport_data_system_9th'],1,3086802010.889935,avg_eff_no_outliers $ transport_data_system_9th,237446308.529995,single_datapoint,no_comment
2249,2014,03_CDA,turnover_rate,ldv,%,road,freight,ice,all,yearly,national,['manually_inputted_data $ guess'],1,0.39,manually_inputted_data $ guess,0.03,single_datapoint,no_comment
2250,2014,03_CDA,turnover_rate,ldv,%,road,passenger,ice,all,yearly,national,['manually_inputted_data $ guess'],1,0.39,manually_inputted_data $ guess,0.03,single_datapoint,no_comment
2251,2015,03_CDA,new_vehicle_efficiency,ldv,km_per_pj,road,freight,ice,all,yearly,national,['avg_eff_no_outliers $ transport_data_system_9th'],1,4776513034.843043,avg_eff_no_outliers $ transport_data_system_9th,367424079.603311,single_datapoint,no_comment
2252,2015,03_CDA,new_vehicle_efficiency,ldv,km_per_pj,road,passenger,ice,all,yearly,national,['avg_eff_no_outliers $ transport_data_system_9th'],1,3086802010.889935,avg_eff_no_outliers $ transport_data_system_9th,237446308.529995,single_datapoint,no_comment
2253,2015,03_CDA,turnover_rate,ldv,%,road,freight,ice,all,yearly,national,['manually_inputted_data $ guess'],1,0.39,manually_inputted_data $ guess,0.03,single_datapoint,no_comment
2254,2015,03_CDA,turnover_rate,ldv,%,road,passenger,ice,all,yearly,national,['manually_inputted_data $ guess'],1,0.39,manually_inputted_data $ guess,0.03,single_datapoint,no_comment
2255,2016,03_CDA,new_vehicle_efficiency,ldv,km_per_pj,road,freight,ice,all,yearly,national,['avg_eff_no_outliers $ transport_data_system_9th'],1,4776513034.843043,avg_eff_no_outliers $ transport_data_system_9th,367424079.603311,single_datapoint,no_comment
2256,2016,03_CDA,new_vehicle_efficiency,ldv,km_per_pj,road,passenger,ice,all,yearly,national,['avg_eff_no_outliers $ transport_data_system_9th'],1,3086802010.889935,avg_eff_no_outliers $ transport_data_system_9th,237446308.529995,single_datapoint,no_comment
2257,2016,03_CDA,turnover_rate,ldv,%,road,freight,ice,all,yearly,national,['manually_inputted_data $ guess'],1,0.39,manually_inputted_data $ guess,0.03,single_datapoint,no_comment
2258,2016,03_CDA,turnover_rate,ldv,%,road,passenger,ice,all,yearly,national,['manually_inputted_data $ guess'],1,0.39,manually_inputted_data $ guess,0.03,single_datapoint,no_comment
2259,2017,03_CDA,activity,ldv,passenger_km_or_freight_tonne_km,road,freight,ice,all,yearly,national,['estimated $ calculate_energy_and_activity()'],1,6500166375.0,estimated $ calculate_energy_and_activity(),6500166375.0,single_datapoint,no_comment
2260,2017,03_CDA,activity,ldv,passenger_km_or_freight_tonne_km,road,passenger,ice,all,yearly,national,['estimated $ calculate_energy_and_activity()'],1,531159632463.3988,estimated $ calculate_energy_and_activity(),531159632463.3988,single_datapoint,no_comment
2261,2017,03_CDA,energy,ldv,pj,road,freight,ice,all,yearly,national,['estimated $ calculate_energy_and_activity()'],1,70.79512332604774,estimated $ calculate_energy_and_activity(),70.79512332604774,single_datapoint,no_comment
2262,2017,03_CDA,energy,ldv,pj,road,passenger,ice,all,yearly,national,['estimated $ calculate_energy_and_activity()'],1,1017.9541557519999,estimated $ calculate_energy_and_activity(),1017.9541557519999,single_datapoint,no_comment
2263,2017,03_CDA,new_vehicle_efficiency,ldv,km_per_pj,road,freight,ice,all,yearly,national,['avg_eff_no_outliers $ transport_data_system_9th'],1,4776513034.843043,avg_eff_no_outliers $ transport_data_system_9th,367424079.603311,single_datapoint,no_comment
2264,2017,03_CDA,new_vehicle_efficiency,ldv,km_per_pj,road,passenger,ice,all,yearly,national,['avg_eff_no_outliers $ transport_data_system_9th'],1,3086802010.889935,avg_eff_no_outliers $ transport_data_system_9th,237446308.529995,single_datapoint,no_comment
2265,2017,03_CDA,travel_km,ldv,km,road,freight,ice,all,yearly,national,['estimated $ calculate_energy_and_activity()'],1,17808675000.0,estimated $ calculate_energy_and_activity(),17808675000.0,single_datapoint,no_comment
2266,2017,03_CDA,travel_km,ldv,km,road,passenger,ice,all,yearly,national,['estimated $ calculate_energy_and_activity()'],1,354106421642.26587,estimated $ calculate_energy_and_activity(),354106421642.26587,single_datapoint,no_comment
2267,2017,03_CDA,turnover_rate,ldv,%,road,freight,ice,all,yearly,national,['manually_inputted_data $ guess'],1,0.39,manually_inputted_data $ guess,0.03,single_datapoint,no_comment
2268,2017,03_CDA,turnover_rate,ldv,%,road,passenger,ice,all,yearly,national,['manually_inputted_data $ guess'],1,0.39,manually_inputted_data $ guess,0.03,single_datapoint,no_comment
2269,2018,03_CDA,new_vehicle_efficiency,ldv,km_per_pj,road,freight,ice,all,yearly,national,['avg_eff_no_outliers $ transport_data_system_9th'],1,4776513034.843043,avg_eff_no_outliers $ transport_data_system_9th,367424079.603311,single_datapoint,no_comment
2270,2018,03_CDA,new_vehicle_efficiency,ldv,km_per_pj,road,passenger,ice,all,yearly,national,['avg_eff_no_outliers $ transport_data_system_9th'],1,3086802010.889935,avg_eff_no_outliers $ transport_data_system_9th,237446308.529995,single_datapoint,no_comment
2271,2018,03_CDA,turnover_rate,ldv,%,road,freight,ice,all,yearly,national,['manually_inputted_data $ guess'],1,0.39,manually_inputted_data $ guess,0.03,single_datapoint,no_comment
2272,2018,03_CDA,turnover_rate,ldv,%,road,passenger,ice,all,yearly,national,['manually_inputted_data $ guess'],1,0.39,manually_inputted_data $ guess,0.03,single_datapoint,no_comment
2273,2019,03_CDA,new_vehicle_efficiency,ldv,km_per_pj,road,freight,ice,all,yearly,national,['avg_eff_no_outliers $ transport_data_system_9th'],1,4776513034.843043,avg_eff_no_outliers $ transport_data_system_9th,367424079.603311,single_datapoint,no_comment
2274,2019,03_CDA,new_vehicle_efficiency,ldv,km_per_pj,road,passenger,ice,all,yearly,national,['avg_eff_no_outliers $ transport_data_system_9th'],1,3086802010.889935,avg_eff_no_outliers $ transport_data_system_9th,237446308.529995,single_datapoint,no_comment
2275,2019,03_CDA,turnover_rate,ldv,%,road,freight,ice,all,yearly,national,['manually_inputted_data $ guess'],1,0.39,manually_inputted_data $ guess,0.03,single_datapoint,no_comment
2276,2019,03_CDA,turnover_rate,ldv,%,road,passenger,ice,all,yearly,national,['manually_inputted_data $ guess'],1,0.39,manually_inputted_data $ guess,0.03,single_datapoint,no_comment
2277,2020,03_CDA,new_vehicle_efficiency,ldv,km_per_pj,road,freight,ice,all,yearly,national,['avg_eff_no_outliers $ transport_data_system_9th'],1,4776513034.843043,avg_eff_no_outliers $ transport_data_system_9th,367424079.603311,single_datapoint,no_comment
2278,2020,03_CDA,new_vehicle_efficiency,ldv,km_per_pj,road,passenger,ice,all,yearly,national,['avg_eff_no_outliers $ transport_data_system_9th'],1,3086802010.889935,avg_eff_no_outliers $ transport_data_system_9th,237446308.529995,single_datapoint,no_comment
2279,2020,03_CDA,turnover_rate,ldv,%,road,freight,ice,all,yearly,national,['manually_inputted_data $ guess'],1,0.39,manually_inputted_data $ guess,0.03,single_datapoint,no_comment
2280,2020,03_CDA,turnover_rate,ldv,%,road,passenger,ice,all,yearly,national,['manually_inputted_data $ guess'],1,0.39,manually_inputted_data $ guess,0.03,single_datapoint,no_comment
2281,2021,03_CDA,new_vehicle_efficiency,ldv,km_per_pj,road,freight,ice,all,yearly,national,['avg_eff_no_outliers $ transport_data_system_9th'],1,4776513034.843043,avg_eff_no_outliers $ transport_data_system_9th,367424079.603311,single_datapoint,no_comment
2282,2021,03_CDA,new_vehicle_efficiency,ldv,km_per_pj,road,passenger,ice,all,yearly,national,['avg_eff_no_outliers $ transport_data_system_9th'],1,3086802010.889935,avg_eff_no_outliers $ transport_data_system_9th,237446308.529995,single_datapoint,no_comment
2283,2021,03_CDA,turnover_rate,ldv,%,road,freight,ice,all,yearly,national,['manually_inputted_data $ guess'],1,0.39,manually_inputted_data $ guess,0.03,single_datapoint,no_comment
2284,2021,03_CDA,turnover_rate,ldv,%,road,passenger,ice,all,yearly,national,['manually_inputted_data $ guess'],1,0.39,manually_inputted_data $ guess,0.03,single_datapoint,no_comment
2285,2022,03_CDA,new_vehicle_efficiency,ldv,km_per_pj,road,freight,ice,all,yearly,national,['avg_eff_no_outliers $ transport_data_system_9th'],1,4776513034.843043,avg_eff_no_outliers $ transport_data_system_9th,367424079.603311,single_datapoint,no_comment
2286,2022,03_CDA,new_vehicle_efficiency,ldv,km_per_pj,road,passenger,ice,all,yearly,national,['avg_eff_no_outliers $ transport_data_system_9th'],1,3086802010.889935,avg_eff_no_outliers $ transport_data_system_9th,237446308.529995,single_datapoint,no_comment
2287,2022,03_CDA,turnover_rate,ldv,%,road,freight,ice,all,yearly,national,['manually_inputted_data $ guess'],1,0.39,manually_inputted_data $ guess,0.03,single_datapoint,no_comment
2288,2022,03_CDA,turnover_rate,ldv,%,road,passenger,ice,all,yearly,national,['manually_inputted_data $ guess'],1,0.39,manually_inputted_data $ guess,0.03,single_datapoint,no_comment
2289,2010,03_CDA,new_vehicle_efficiency,ldv,km_per_pj,road,freight,lpg,all,yearly,national,['avg_eff_no_outliers $ transport_data_system_9th'],1,3668778329.1297708,avg_eff_no_outliers $ transport_data_system_9th,282213717.625367,single_datapoint,no_comment
2290,2010,03_CDA,new_vehicle_efficiency,ldv,km_per_pj,road,passenger,lpg,all,yearly,national,['avg_eff_no_outliers $ transport_data_system_9th'],1,4713924488.084526,avg_eff_no_outliers $ transport_data_system_9th,362609576.006502,single_datapoint,no_comment
2291,2010,03_CDA,turnover_rate,ldv,%,road,freight,lpg,all,yearly,national,['manually_inputted_data $ guess'],1,0.42,manually_inputted_data $ guess,0.03,manual,no_comment
2292,2010,03_CDA,turnover_rate,ldv,%,road,passenger,lpg,all,yearly,national,['manually_inputted_data $ guess'],1,0.42,manually_inputted_data $ guess,0.03,manual,no_comment
2293,2011,03_CDA,new_vehicle_efficiency,ldv,km_per_pj,road,freight,lpg,all,yearly,national,['avg_eff_no_outliers $ transport_data_system_9th'],1,3668778329.1297708,avg_eff_no_outliers $ transport_data_system_9th,282213717.625367,single_datapoint,no_comment
2294,2011,03_CDA,new_vehicle_efficiency,ldv,km_per_pj,road,passenger,lpg,all,yearly,national,['avg_eff_no_outliers $ transport_data_system_9th'],1,4713924488.084526,avg_eff_no_outliers $ transport_data_system_9th,362609576.006502,single_datapoint,no_comment
2295,2011,03_CDA,turnover_rate,ldv,%,road,freight,lpg,all,yearly,national,['manually_inputted_data $ guess'],1,0.42,manually_inputted_data $ guess,0.03,manual,no_comment
2296,2011,03_CDA,turnover_rate,ldv,%,road,passenger,lpg,all,yearly,national,['manually_inputted_data $ guess'],1,0.42,manually_inputted_data $ guess,0.03,manual,no_comment
2297,2012,03_CDA,new_vehicle_efficiency,ldv,km_per_pj,road,freight,lpg,all,yearly,national,['avg_eff_no_outliers $ transport_data_system_9th'],1,3668778329.1297708,avg_eff_no_outliers $ transport_data_system_9th,282213717.625367,single_datapoint,no_comment
2298,2012,03_CDA,new_vehicle_efficiency,ldv,km_per_pj,road,passenger,lpg,all,yearly,national,['avg_eff_no_outliers $ transport_data_system_9th'],1,4713924488.084526,avg_eff_no_outliers $ transport_data_system_9th,362609576.006502,single_datapoint,no_comment
2299,2012,03_CDA,turnover_rate,ldv,%,road,freight,lpg,all,yearly,national,['manually_inputted_data $ guess'],1,0.42,manually_inputted_data $ guess,0.03,manual,no_comment
2300,2012,03_CDA,turnover_rate,ldv,%,road,passenger,lpg,all,yearly,national,['manually_inputted_data $ guess'],1,0.42,manually_inputted_data $ guess,0.03,manual,no_comment
2301,2013,03_CDA,new_vehicle_efficiency,ldv,km_per_pj,road,freight,lpg,all,yearly,national,['avg_eff_no_outliers $ transport_data_system_9th'],1,3668778329.1297708,avg_eff_no_outliers $ transport_data_system_9th,282213717.625367,single_datapoint,no_comment
2302,2013,03_CDA,new_vehicle_efficiency,ldv,km_per_pj,road,passenger,lpg,all,yearly,national,['avg_eff_no_outliers $ transport_data_system_9th'],1,4713924488.084526,avg_eff_no_outliers $ transport_data_system_9th,362609576.006502,single_datapoint,no_comment
2303,2013,03_CDA,turnover_rate,ldv,%,road,freight,lpg,all,yearly,national,['manually_inputted_data $ guess'],1,0.42,manually_inputted_data $ guess,0.03,manual,no_comment
2304,2013,03_CDA,turnover_rate,ldv,%,road,passenger,lpg,all,yearly,national,['manually_inputted_data $ guess'],1,0.42,manually_inputted_data $ guess,0.03,manual,no_comment
2305,2014,03_CDA,new_vehicle_efficiency,ldv,km_per_pj,road,freight,lpg,all,yearly,national,['avg_eff_no_outliers $ transport_data_system_9th'],1,3668778329.1297708,avg_eff_no_outliers $ transport_data_system_9th,282213717.625367,single_datapoint,no_comment
2306,2014,03_CDA,new_vehicle_efficiency,ldv,km_per_pj,road,passenger,lpg,all,yearly,national,['avg_eff_no_outliers $ transport_data_system_9th'],1,4713924488.084526,avg_eff_no_outliers $ transport_data_system_9th,362609576.006502,single_datapoint,no_comment
2307,2014,03_CDA,turnover_rate,ldv,%,road,freight,lpg,all,yearly,national,['manually_inputted_data $ guess'],1,0.42,manually_inputted_data $ guess,0.03,manual,no_comment
2308,2014,03_CDA,turnover_rate,ldv,%,road,passenger,lpg,all,yearly,national,['manually_inputted_data $ guess'],1,0.42,manually_inputted_data $ guess,0.03,manual,no_comment
2309,2015,03_CDA,new_vehicle_efficiency,ldv,km_per_pj,road,freight,lpg,all,yearly,national,['avg_eff_no_outliers $ transport_data_system_9th'],1,3668778329.1297708,avg_eff_no_outliers $ transport_data_system_9th,282213717.625367,single_datapoint,no_comment
2310,2015,03_CDA,new_vehicle_efficiency,ldv,km_per_pj,road,passenger,lpg,all,yearly,national,['avg_eff_no_outliers $ transport_data_system_9th'],1,4713924488.084526,avg_eff_no_outliers $ transport_data_system_9th,362609576.006502,single_datapoint,no_comment
2311,2015,03_CDA,turnover_rate,ldv,%,road,freight,lpg,all,yearly,national,['manually_inputted_data $ guess'],1,0.42,manually_inputted_data $ guess,0.03,manual,no_comment
2312,2015,03_CDA,turnover_rate,ldv,%,road,passenger,lpg,all,yearly,national,['manually_inputted_data $ guess'],1,0.42,manually_inputted_data $ guess,0.03,manual,no_comment
2313,2016,03_CDA,new_vehicle_efficiency,ldv,km_per_pj,road,freight,lpg,all,yearly,national,['avg_eff_no_outliers $ transport_data_system_9th'],1,3668778329.1297708,avg_eff_no_outliers $ transport_data_system_9th,282213717.625367,single_datapoint,no_comment
2314,2016,03_CDA,new_vehicle_efficiency,ldv,km_per_pj,road,passenger,lpg,all,yearly,national,['avg_eff_no_outliers $ transport_data_system_9th'],1,4713924488.084526,avg_eff_no_outliers $ transport_data_system_9th,362609576.006502,single_datapoint,no_comment
2315,2016,03_CDA,turnover_rate,ldv,%,road,freight,lpg,all,yearly,national,['manually_inputted_data $ guess'],1,0.42,manually_inputted_data $ guess,0.03,manual,no_comment
2316,2016,03_CDA,turnover_rate,ldv,%,road,passenger,lpg,all,yearly,national,['manually_inputted_data $ guess'],1,0.42,manually_inputted_data $ guess,0.03,manual,no_comment
2317,2017,03_CDA,activity,ldv,passenger_km_or_freight_tonne_km,road,freight,lpg,all,yearly,national,"['8th_edition_transport_model $ reference', 'estimated $ calculate_energy_and_activity()']",2,66567099.0,estimated $ calculate_energy_and_activity(),15286200.0,manual,no_comment
2318,2017,03_CDA,activity,ldv,passenger_km_or_freight_tonne_km,road,passenger,lpg,all,yearly,national,"['8th_edition_transport_model $ reference', 'estimated $ calculate_energy_and_activity()']",2,5924452472.0,estimated $ calculate_energy_and_activity(),2759152500.0,manual,no_comment
2319,2017,03_CDA,energy,ldv,pj,road,freight,lpg,all,yearly,national,"['8th_edition_transport_model $ reference', 'estimated $ calculate_energy_and_activity()']",2,0.5392168155684982,8th_edition_transport_model $ reference,0.3727305517170393,manual,no_comment
2320,2017,03_CDA,energy,ldv,pj,road,passenger,lpg,all,yearly,national,"['8th_edition_transport_model $ reference', 'estimated $ calculate_energy_and_activity()']",2,8.763982371944262,estimated $ calculate_energy_and_activity(),5.287846782901111,manual,no_comment
2321,2017,03_CDA,new_vehicle_efficiency,ldv,km_per_pj,road,freight,lpg,all,yearly,national,['avg_eff_no_outliers $ transport_data_system_9th'],1,3668778329.1297708,avg_eff_no_outliers $ transport_data_system_9th,282213717.625367,single_datapoint,no_comment
2322,2017,03_CDA,new_vehicle_efficiency,ldv,km_per_pj,road,passenger,lpg,all,yearly,national,['avg_eff_no_outliers $ transport_data_system_9th'],1,4713924488.084526,avg_eff_no_outliers $ transport_data_system_9th,362609576.006502,single_datapoint,no_comment
2323,2017,03_CDA,travel_km,ldv,km,road,freight,lpg,all,yearly,national,['estimated $ calculate_energy_and_activity()'],1,41880000.0,estimated $ calculate_energy_and_activity(),41880000.0,single_datapoint,no_comment
2324,2017,03_CDA,travel_km,ldv,km,road,passenger,lpg,all,yearly,national,['estimated $ calculate_energy_and_activity()'],1,1839435000.0,estimated $ calculate_energy_and_activity(),1839435000.0,single_datapoint,no_comment
2325,2017,03_CDA,turnover_rate,ldv,%,road,freight,lpg,all,yearly,national,"['manually_inputted_data $ guess', 'turnover_rate_est']",2,0.42,manually_inputted_data $ guess,0.03,manual,no_comment
2326,2017,03_CDA,turnover_rate,ldv,%,road,passenger,lpg,all,yearly,national,"['manually_inputted_data $ guess', 'turnover_rate_est']",2,0.42,manually_inputted_data $ guess,0.03,manual,no_comment
2327,2018,03_CDA,new_vehicle_efficiency,ldv,km_per_pj,road,freight,lpg,all,yearly,national,['avg_eff_no_outliers $ transport_data_system_9th'],1,3668778329.1297708,avg_eff_no_outliers $ transport_data_system_9th,282213717.625367,single_datapoint,no_comment
2328,2018,03_CDA,new_vehicle_efficiency,ldv,km_per_pj,road,passenger,lpg,all,yearly,national,['avg_eff_no_outliers $ transport_data_system_9th'],1,4713924488.084526,avg_eff_no_outliers $ transport_data_system_9th,362609576.006502,single_datapoint,no_comment
2329,2018,03_CDA,turnover_rate,ldv,%,road,freight,lpg,all,yearly,national,['manually_inputted_data $ guess'],1,0.42,manually_inputted_data $ guess,0.03,manual,no_comment
2330,2018,03_CDA,turnover_rate,ldv,%,road,passenger,lpg,all,yearly,national,['manually_inputted_data $ guess'],1,0.42,manually_inputted_data $ guess,0.03,manual,no_comment
2331,2019,03_CDA,new_vehicle_efficiency,ldv,km_per_pj,road,freight,lpg,all,yearly,national,['avg_eff_no_outliers $ transport_data_system_9th'],1,3668778329.1297708,avg_eff_no_outliers $ transport_data_system_9th,282213717.625367,single_datapoint,no_comment
2332,2019,03_CDA,new_vehicle_efficiency,ldv,km_per_pj,road,passenger,lpg,all,yearly,national,['avg_eff_no_outliers $ transport_data_system_9th'],1,4713924488.084526,avg_eff_no_outliers $ transport_data_system_9th,362609576.006502,single_datapoint,no_comment
2333,2019,03_CDA,turnover_rate,ldv,%,road,freight,lpg,all,yearly,national,['manually_inputted_data $ guess'],1,0.42,manually_inputted_data $ guess,0.03,manual,no_comment
2334,2019,03_CDA,turnover_rate,ldv,%,road,passenger,lpg,all,yearly,national,['manually_inputted_data $ guess'],1,0.42,manually_inputted_data $ guess,0.03,manual,no_comment
2335,2020,03_CDA,new_vehicle_efficiency,ldv,km_per_pj,road,freight,lpg,all,yearly,national,['avg_eff_no_outliers $ transport_data_system_9th'],1,3668778329.1297708,avg_eff_no_outliers $ transport_data_system_9th,282213717.625367,single_datapoint,no_comment
2336,2020,03_CDA,new_vehicle_efficiency,ldv,km_per_pj,road,passenger,lpg,all,yearly,national,['avg_eff_no_outliers $ transport_data_system_9th'],1,4713924488.084526,avg_eff_no_outliers $ transport_data_system_9th,362609576.006502,single_datapoint,no_comment
2337,2020,03_CDA,turnover_rate,ldv,%,road,freight,lpg,all,yearly,national,['manually_inputted_data $ guess'],1,0.42,manually_inputted_data $ guess,0.03,manual,no_comment
2338,2020,03_CDA,turnover_rate,ldv,%,road,passenger,lpg,all,yearly,national,['manually_inputted_data $ guess'],1,0.42,manually_inputted_data $ guess,0.03,manual,no_comment
2339,2021,03_CDA,new_vehicle_efficiency,ldv,km_per_pj,road,freight,lpg,all,yearly,national,['avg_eff_no_outliers $ transport_data_system_9th'],1,3668778329.1297708,avg_eff_no_outliers $ transport_data_system_9th,282213717.625367,single_datapoint,no_comment
2340,2021,03_CDA,new_vehicle_efficiency,ldv,km_per_pj,road,passenger,lpg,all,yearly,national,['avg_eff_no_outliers $ transport_data_system_9th'],1,4713924488.084526,avg_eff_no_outliers $ transport_data_system_9th,362609576.006502,single_datapoint,no_comment
2341,2021,03_CDA,turnover_rate,ldv,%,road,freight,lpg,all,yearly,national,['manually_inputted_data $ guess'],1,0.42,manually_inputted_data $ guess,0.03,manual,no_comment
2342,2021,03_CDA,turnover_rate,ldv,%,road,passenger,lpg,all,yearly,national,['manually_inputted_data $ guess'],1,0.42,manually_inputted_data $ guess,0.03,manual,no_comment
2343,2022,03_CDA,new_vehicle_efficiency,ldv,km_per_pj,road,freight,lpg,all,yearly,national,['avg_eff_no_outliers $ transport_data_system_9th'],1,3668778329.1297708,avg_eff_no_outliers $ transport_data_system_9th,282213717.625367,single_datapoint,no_comment
2344,2022,03_CDA,new_vehicle_efficiency,ldv,km_per_pj,road,passenger,lpg,all,yearly,national,['avg_eff_no_outliers $ transport_data_system_9th'],1,4713924488.084526,avg_eff_no_outliers $ transport_data_system_9th,362609576.006502,single_datapoint,no_comment
2345,2022,03_CDA,turnover_rate,ldv,%,road,freight,lpg,all,yearly,national,['manually_inputted_data $ guess'],1,0.42,manually_inputted_data $ guess,0.03,manual,no_comment
2346,2022,03_CDA,turnover_rate,ldv,%,road,passenger,lpg,all,yearly,national,['manually_inputted_data $ guess'],1,0.42,manually_inputted_data $ guess,0.03,manual,no_comment
2347,2010,03_CDA,new_vehicle_efficiency,ldv,km_per_pj,road,freight,phev,all,yearly,national,['avg_eff_no_outliers $ transport_data_system_9th'],1,8979606259.303562,avg_eff_no_outliers $ transport_data_system_9th,690738943.023351,single_datapoint,no_comment
2348,2010,03_CDA,new_vehicle_efficiency,ldv,km_per_pj,road,passenger,phev,all,yearly,national,['avg_eff_no_outliers $ transport_data_system_9th'],1,5974718100.659283,avg_eff_no_outliers $ transport_data_system_9th,459593700.050714,single_datapoint,no_comment
2349,2010,03_CDA,turnover_rate,ldv,%,road,freight,phev,all,yearly,national,['manually_inputted_data $ guess'],1,0.39,manually_inputted_data $ guess,0.03,single_datapoint,no_comment
2350,2010,03_CDA,turnover_rate,ldv,%,road,passenger,phev,all,yearly,national,['manually_inputted_data $ guess'],1,0.39,manually_inputted_data $ guess,0.03,single_datapoint,no_comment
2351,2011,03_CDA,activity,ldv,passenger_km_or_freight_tonne_km,road,passenger,phev,all,yearly,national,['estimated $ calculate_energy_and_activity()'],1,10327500000.0,estimated $ calculate_energy_and_activity(),6750000.0,single_datapoint,no_comment
2352,2011,03_CDA,energy,ldv,pj,road,passenger,phev,all,yearly,national,['estimated $ calculate_energy_and_activity()'],1,11.30994031172589,estimated $ calculate_energy_and_activity(),0.007392117850801235,single_datapoint,no_comment
2353,2011,03_CDA,new_vehicle_efficiency,ldv,km_per_pj,road,freight,phev,all,yearly,national,['avg_eff_no_outliers $ transport_data_system_9th'],1,8979606259.303562,avg_eff_no_outliers $ transport_data_system_9th,690738943.023351,single_datapoint,no_comment
2354,2011,03_CDA,new_vehicle_efficiency,ldv,km_per_pj,road,passenger,phev,all,yearly,national,['avg_eff_no_outliers $ transport_data_system_9th'],1,5974718100.659283,avg_eff_no_outliers $ transport_data_system_9th,459593700.050714,single_datapoint,no_comment
2355,2011,03_CDA,travel_km,ldv,km,road,passenger,phev,all,yearly,national,['estimated $ calculate_energy_and_activity()'],1,6885000000.0,estimated $ calculate_energy_and_activity(),4500000.0,single_datapoint,no_comment
2356,2011,03_CDA,turnover_rate,ldv,%,road,freight,phev,all,yearly,national,['manually_inputted_data $ guess'],1,0.39,manually_inputted_data $ guess,0.03,single_datapoint,no_comment
2357,2011,03_CDA,turnover_rate,ldv,%,road,passenger,phev,all,yearly,national,['manually_inputted_data $ guess'],1,0.39,manually_inputted_data $ guess,0.03,single_datapoint,no_comment
2358,2012,03_CDA,activity,ldv,passenger_km_or_freight_tonne_km,road,passenger,phev,all,yearly,national,['estimated $ calculate_energy_and_activity()'],1,10327500000.0,estimated $ calculate_energy_and_activity(),36000000.0,single_datapoint,no_comment
2359,2012,03_CDA,energy,ldv,pj,road,passenger,phev,all,yearly,national,['estimated $ calculate_energy_and_activity()'],1,11.30994031172589,estimated $ calculate_energy_and_activity(),0.03942462853760659,single_datapoint,no_comment
2360,2012,03_CDA,new_vehicle_efficiency,ldv,km_per_pj,road,freight,phev,all,yearly,national,['avg_eff_no_outliers $ transport_data_system_9th'],1,8979606259.303562,avg_eff_no_outliers $ transport_data_system_9th,690738943.023351,single_datapoint,no_comment
2361,2012,03_CDA,new_vehicle_efficiency,ldv,km_per_pj,road,passenger,phev,all,yearly,national,['avg_eff_no_outliers $ transport_data_system_9th'],1,5974718100.659283,avg_eff_no_outliers $ transport_data_system_9th,459593700.050714,single_datapoint,no_comment
2362,2012,03_CDA,travel_km,ldv,km,road,passenger,phev,all,yearly,national,['estimated $ calculate_energy_and_activity()'],1,6885000000.0,estimated $ calculate_energy_and_activity(),24000000.0,single_datapoint,no_comment
2363,2012,03_CDA,turnover_rate,ldv,%,road,freight,phev,all,yearly,national,['manually_inputted_data $ guess'],1,0.39,manually_inputted_data $ guess,0.03,single_datapoint,no_comment
2364,2012,03_CDA,turnover_rate,ldv,%,road,passenger,phev,all,yearly,national,['manually_inputted_data $ guess'],1,0.39,manually_inputted_data $ guess,0.03,single_datapoint,no_comment
2365,2013,03_CDA,activity,ldv,passenger_km_or_freight_tonne_km,road,passenger,phev,all,yearly,national,['estimated $ calculate_energy_and_activity()'],1,10327500000.0,estimated $ calculate_energy_and_activity(),69750000.0,single_datapoint,no_comment
2366,2013,03_CDA,energy,ldv,pj,road,passenger,phev,all,yearly,national,['estimated $ calculate_energy_and_activity()'],1,11.30994031172589,estimated $ calculate_energy_and_activity(),0.07638521779161277,single_datapoint,no_comment
2367,2013,03_CDA,new_vehicle_efficiency,ldv,km_per_pj,road,freight,phev,all,yearly,national,['avg_eff_no_outliers $ transport_data_system_9th'],1,8979606259.303562,avg_eff_no_outliers $ transport_data_system_9th,690738943.023351,single_datapoint,no_comment
2368,2013,03_CDA,new_vehicle_efficiency,ldv,km_per_pj,road,passenger,phev,all,yearly,national,['avg_eff_no_outliers $ transport_data_system_9th'],1,5974718100.659283,avg_eff_no_outliers $ transport_data_system_9th,459593700.050714,single_datapoint,no_comment
2369,2013,03_CDA,travel_km,ldv,km,road,passenger,phev,all,yearly,national,['estimated $ calculate_energy_and_activity()'],1,6885000000.0,estimated $ calculate_energy_and_activity(),46500000.0,single_datapoint,no_comment
2370,2013,03_CDA,turnover_rate,ldv,%,road,freight,phev,all,yearly,national,['manually_inputted_data $ guess'],1,0.39,manually_inputted_data $ guess,0.03,single_datapoint,no_comment
2371,2013,03_CDA,turnover_rate,ldv,%,road,passenger,phev,all,yearly,national,['manually_inputted_data $ guess'],1,0.39,manually_inputted_data $ guess,0.03,single_datapoint,no_comment
2372,2014,03_CDA,activity,ldv,passenger_km_or_freight_tonne_km,road,passenger,phev,all,yearly,national,['estimated $ calculate_energy_and_activity()'],1,10327500000.0,estimated $ calculate_energy_and_activity(),119250000.0,single_datapoint,no_comment
2373,2014,03_CDA,energy,ldv,pj,road,passenger,phev,all,yearly,national,['estimated $ calculate_energy_and_activity()'],1,11.30994031172589,estimated $ calculate_energy_and_activity(),0.13059408203082182,single_datapoint,no_comment
2374,2014,03_CDA,new_vehicle_efficiency,ldv,km_per_pj,road,freight,phev,all,yearly,national,['avg_eff_no_outliers $ transport_data_system_9th'],1,8979606259.303562,avg_eff_no_outliers $ transport_data_system_9th,690738943.023351,single_datapoint,no_comment
2375,2014,03_CDA,new_vehicle_efficiency,ldv,km_per_pj,road,passenger,phev,all,yearly,national,['avg_eff_no_outliers $ transport_data_system_9th'],1,5974718100.659283,avg_eff_no_outliers $ transport_data_system_9th,459593700.050714,single_datapoint,no_comment
2376,2014,03_CDA,travel_km,ldv,km,road,passenger,phev,all,yearly,national,['estimated $ calculate_energy_and_activity()'],1,6885000000.0,estimated $ calculate_energy_and_activity(),79500000.0,single_datapoint,no_comment
2377,2014,03_CDA,turnover_rate,ldv,%,road,freight,phev,all,yearly,national,['manually_inputted_data $ guess'],1,0.39,manually_inputted_data $ guess,0.03,single_datapoint,no_comment
2378,2014,03_CDA,turnover_rate,ldv,%,road,passenger,phev,all,yearly,national,['manually_inputted_data $ guess'],1,0.39,manually_inputted_data $ guess,0.03,single_datapoint,no_comment
2379,2015,03_CDA,activity,ldv,passenger_km_or_freight_tonne_km,road,passenger,phev,all,yearly,national,['estimated $ calculate_energy_and_activity()'],1,10327500000.0,estimated $ calculate_energy_and_activity(),173250000.0,single_datapoint,no_comment
2380,2015,03_CDA,energy,ldv,pj,road,passenger,phev,all,yearly,national,['estimated $ calculate_energy_and_activity()'],1,11.30994031172589,estimated $ calculate_energy_and_activity(),0.1897310248372317,single_datapoint,no_comment
2381,2015,03_CDA,new_vehicle_efficiency,ldv,km_per_pj,road,freight,phev,all,yearly,national,['avg_eff_no_outliers $ transport_data_system_9th'],1,8979606259.303562,avg_eff_no_outliers $ transport_data_system_9th,690738943.023351,single_datapoint,no_comment
2382,2015,03_CDA,new_vehicle_efficiency,ldv,km_per_pj,road,passenger,phev,all,yearly,national,['avg_eff_no_outliers $ transport_data_system_9th'],1,5974718100.659283,avg_eff_no_outliers $ transport_data_system_9th,459593700.050714,single_datapoint,no_comment
2383,2015,03_CDA,travel_km,ldv,km,road,passenger,phev,all,yearly,national,['estimated $ calculate_energy_and_activity()'],1,6885000000.0,estimated $ calculate_energy_and_activity(),115500000.0,single_datapoint,no_comment
2384,2015,03_CDA,turnover_rate,ldv,%,road,freight,phev,all,yearly,national,['manually_inputted_data $ guess'],1,0.39,manually_inputted_data $ guess,0.03,single_datapoint,no_comment
2385,2015,03_CDA,turnover_rate,ldv,%,road,passenger,phev,all,yearly,national,['manually_inputted_data $ guess'],1,0.39,manually_inputted_data $ guess,0.03,single_datapoint,no_comment
2386,2016,03_CDA,activity,ldv,passenger_km_or_freight_tonne_km,road,passenger,phev,all,yearly,national,['estimated $ calculate_energy_and_activity()'],1,10327500000.0,estimated $ calculate_energy_and_activity(),315000000.0,single_datapoint,no_comment
2387,2016,03_CDA,energy,ldv,pj,road,passenger,phev,all,yearly,national,['estimated $ calculate_energy_and_activity()'],1,11.30994031172589,estimated $ calculate_energy_and_activity(),0.34496549970405765,single_datapoint,no_comment
2388,2016,03_CDA,new_vehicle_efficiency,ldv,km_per_pj,road,freight,phev,all,yearly,national,['avg_eff_no_outliers $ transport_data_system_9th'],1,8979606259.303562,avg_eff_no_outliers $ transport_data_system_9th,690738943.023351,single_datapoint,no_comment
2389,2016,03_CDA,new_vehicle_efficiency,ldv,km_per_pj,road,passenger,phev,all,yearly,national,['avg_eff_no_outliers $ transport_data_system_9th'],1,5974718100.659283,avg_eff_no_outliers $ transport_data_system_9th,459593700.050714,single_datapoint,no_comment
2390,2016,03_CDA,travel_km,ldv,km,road,passenger,phev,all,yearly,national,['estimated $ calculate_energy_and_activity()'],1,6885000000.0,estimated $ calculate_energy_and_activity(),210000000.0,single_datapoint,no_comment
2391,2016,03_CDA,turnover_rate,ldv,%,road,freight,phev,all,yearly,national,['manually_inputted_data $ guess'],1,0.39,manually_inputted_data $ guess,0.03,single_datapoint,no_comment
2392,2016,03_CDA,turnover_rate,ldv,%,road,passenger,phev,all,yearly,national,['manually_inputted_data $ guess'],1,0.39,manually_inputted_data $ guess,0.03,single_datapoint,no_comment
2393,2017,03_CDA,activity,ldv,passenger_km_or_freight_tonne_km,road,passenger,phev,all,yearly,national,['estimated $ calculate_energy_and_activity()'],1,10327500000.0,estimated $ calculate_energy_and_activity(),495000000.0,single_datapoint,no_comment
2394,2017,03_CDA,energy,ldv,pj,road,passenger,phev,all,yearly,national,['estimated $ calculate_energy_and_activity()'],1,11.30994031172589,estimated $ calculate_energy_and_activity(),0.5420886423920905,single_datapoint,no_comment
2395,2017,03_CDA,new_vehicle_efficiency,ldv,km_per_pj,road,freight,phev,all,yearly,national,['avg_eff_no_outliers $ transport_data_system_9th'],1,8979606259.303562,avg_eff_no_outliers $ transport_data_system_9th,690738943.023351,single_datapoint,no_comment
2396,2017,03_CDA,new_vehicle_efficiency,ldv,km_per_pj,road,passenger,phev,all,yearly,national,['avg_eff_no_outliers $ transport_data_system_9th'],1,5974718100.659283,avg_eff_no_outliers $ transport_data_system_9th,459593700.050714,single_datapoint,no_comment
2397,2017,03_CDA,travel_km,ldv,km,road,passenger,phev,all,yearly,national,['estimated $ calculate_energy_and_activity()'],1,6885000000.0,estimated $ calculate_energy_and_activity(),330000000.0,single_datapoint,no_comment
2398,2017,03_CDA,turnover_rate,ldv,%,road,freight,phev,all,yearly,national,['manually_inputted_data $ guess'],1,0.39,manually_inputted_data $ guess,0.03,single_datapoint,no_comment
2399,2017,03_CDA,turnover_rate,ldv,%,road,passenger,phev,all,yearly,national,['manually_inputted_data $ guess'],1,0.39,manually_inputted_data $ guess,0.03,single_datapoint,no_comment
2400,2018,03_CDA,activity,ldv,passenger_km_or_freight_tonne_km,road,passenger,phev,all,yearly,national,['estimated $ calculate_energy_and_activity()'],1,10327500000.0,estimated $ calculate_energy_and_activity(),945000000.0,single_datapoint,no_comment
2401,2018,03_CDA,energy,ldv,pj,road,passenger,phev,all,yearly,national,['estimated $ calculate_energy_and_activity()'],1,11.30994031172589,estimated $ calculate_energy_and_activity(),1.034896499112173,single_datapoint,no_comment
2402,2018,03_CDA,new_vehicle_efficiency,ldv,km_per_pj,road,freight,phev,all,yearly,national,['avg_eff_no_outliers $ transport_data_system_9th'],1,8979606259.303562,avg_eff_no_outliers $ transport_data_system_9th,690738943.023351,single_datapoint,no_comment
2403,2018,03_CDA,new_vehicle_efficiency,ldv,km_per_pj,road,passenger,phev,all,yearly,national,['avg_eff_no_outliers $ transport_data_system_9th'],1,5974718100.659283,avg_eff_no_outliers $ transport_data_system_9th,459593700.050714,single_datapoint,no_comment
2404,2018,03_CDA,travel_km,ldv,km,road,passenger,phev,all,yearly,national,['estimated $ calculate_energy_and_activity()'],1,6885000000.0,estimated $ calculate_energy_and_activity(),630000000.0,single_datapoint,no_comment
2405,2018,03_CDA,turnover_rate,ldv,%,road,freight,phev,all,yearly,national,['manually_inputted_data $ guess'],1,0.39,manually_inputted_data $ guess,0.03,single_datapoint,no_comment
2406,2018,03_CDA,turnover_rate,ldv,%,road,passenger,phev,all,yearly,national,['manually_inputted_data $ guess'],1,0.39,manually_inputted_data $ guess,0.03,single_datapoint,no_comment
2407,2019,03_CDA,activity,ldv,passenger_km_or_freight_tonne_km,road,passenger,phev,all,yearly,national,['estimated $ calculate_energy_and_activity()'],1,10327500000.0,estimated $ calculate_energy_and_activity(),1350000000.0,single_datapoint,no_comment
2408,2019,03_CDA,energy,ldv,pj,road,passenger,phev,all,yearly,national,['estimated $ calculate_energy_and_activity()'],1,11.30994031172589,estimated $ calculate_energy_and_activity(),1.478423570160247,single_datapoint,no_comment
2409,2019,03_CDA,new_vehicle_efficiency,ldv,km_per_pj,road,freight,phev,all,yearly,national,['avg_eff_no_outliers $ transport_data_system_9th'],1,8979606259.303562,avg_eff_no_outliers $ transport_data_system_9th,690738943.023351,single_datapoint,no_comment
2410,2019,03_CDA,new_vehicle_efficiency,ldv,km_per_pj,road,passenger,phev,all,yearly,national,['avg_eff_no_outliers $ transport_data_system_9th'],1,5974718100.659283,avg_eff_no_outliers $ transport_data_system_9th,459593700.050714,single_datapoint,no_comment
2411,2019,03_CDA,travel_km,ldv,km,road,passenger,phev,all,yearly,national,['estimated $ calculate_energy_and_activity()'],1,6885000000.0,estimated $ calculate_energy_and_activity(),900000000.0,single_datapoint,no_comment
2412,2019,03_CDA,turnover_rate,ldv,%,road,freight,phev,all,yearly,national,['manually_inputted_data $ guess'],1,0.39,manually_inputted_data $ guess,0.03,single_datapoint,no_comment
2413,2019,03_CDA,turnover_rate,ldv,%,road,passenger,phev,all,yearly,national,['manually_inputted_data $ guess'],1,0.39,manually_inputted_data $ guess,0.03,single_datapoint,no_comment
2414,2020,03_CDA,activity,ldv,passenger_km_or_freight_tonne_km,road,passenger,phev,all,yearly,national,['estimated $ calculate_energy_and_activity()'],1,10327500000.0,estimated $ calculate_energy_and_activity(),1642500000.0,single_datapoint,no_comment
2415,2020,03_CDA,energy,ldv,pj,road,passenger,phev,all,yearly,national,['estimated $ calculate_energy_and_activity()'],1,11.30994031172589,estimated $ calculate_energy_and_activity(),1.7987486770283005,single_datapoint,no_comment
2416,2020,03_CDA,new_vehicle_efficiency,ldv,km_per_pj,road,freight,phev,all,yearly,national,['avg_eff_no_outliers $ transport_data_system_9th'],1,8979606259.303562,avg_eff_no_outliers $ transport_data_system_9th,690738943.023351,single_datapoint,no_comment
2417,2020,03_CDA,new_vehicle_efficiency,ldv,km_per_pj,road,passenger,phev,all,yearly,national,['avg_eff_no_outliers $ transport_data_system_9th'],1,5974718100.659283,avg_eff_no_outliers $ transport_data_system_9th,459593700.050714,single_datapoint,no_comment
2418,2020,03_CDA,travel_km,ldv,km,road,passenger,phev,all,yearly,national,['estimated $ calculate_energy_and_activity()'],1,6885000000.0,estimated $ calculate_energy_and_activity(),1095000000.0,single_datapoint,no_comment
2419,2020,03_CDA,turnover_rate,ldv,%,road,freight,phev,all,yearly,national,['manually_inputted_data $ guess'],1,0.39,manually_inputted_data $ guess,0.03,single_datapoint,no_comment
2420,2020,03_CDA,turnover_rate,ldv,%,road,passenger,phev,all,yearly,national,['manually_inputted_data $ guess'],1,0.39,manually_inputted_data $ guess,0.03,single_datapoint,no_comment
2421,2021,03_CDA,activity,ldv,passenger_km_or_freight_tonne_km,road,passenger,phev,all,yearly,national,['estimated $ calculate_energy_and_activity()'],1,10327500000.0,estimated $ calculate_energy_and_activity(),2250000000.0,single_datapoint,no_comment
2422,2021,03_CDA,energy,ldv,pj,road,passenger,phev,all,yearly,national,['estimated $ calculate_energy_and_activity()'],1,11.30994031172589,estimated $ calculate_energy_and_activity(),2.4640392836004117,single_datapoint,no_comment
2423,2021,03_CDA,new_vehicle_efficiency,ldv,km_per_pj,road,freight,phev,all,yearly,national,['avg_eff_no_outliers $ transport_data_system_9th'],1,8979606259.303562,avg_eff_no_outliers $ transport_data_system_9th,690738943.023351,single_datapoint,no_comment
2424,2021,03_CDA,new_vehicle_efficiency,ldv,km_per_pj,road,passenger,phev,all,yearly,national,['avg_eff_no_outliers $ transport_data_system_9th'],1,5974718100.659283,avg_eff_no_outliers $ transport_data_system_9th,459593700.050714,single_datapoint,no_comment
2425,2021,03_CDA,travel_km,ldv,km,road,passenger,phev,all,yearly,national,['estimated $ calculate_energy_and_activity()'],1,6885000000.0,estimated $ calculate_energy_and_activity(),1500000000.0,single_datapoint,no_comment
2426,2021,03_CDA,turnover_rate,ldv,%,road,freight,phev,all,yearly,national,['manually_inputted_data $ guess'],1,0.39,manually_inputted_data $ guess,0.03,single_datapoint,no_comment
2427,2021,03_CDA,turnover_rate,ldv,%,road,passenger,phev,all,yearly,national,['manually_inputted_data $ guess'],1,0.39,manually_inputted_data $ guess,0.03,single_datapoint,no_comment
2428,2022,03_CDA,activity,ldv,passenger_km_or_freight_tonne_km,road,passenger,phev,all,yearly,national,['estimated $ calculate_energy_and_activity()'],1,10327500000.0,estimated $ calculate_energy_and_activity(),2925000000.0,single_datapoint,no_comment
2429,2022,03_CDA,energy,ldv,pj,road,passenger,phev,all,yearly,national,['estimated $ calculate_energy_and_activity()'],1,11.30994031172589,estimated $ calculate_energy_and_activity(),3.2032510686805353,single_datapoint,no_comment
2430,2022,03_CDA,new_vehicle_efficiency,ldv,km_per_pj,road,freight,phev,all,yearly,national,['avg_eff_no_outliers $ transport_data_system_9th'],1,8979606259.303562,avg_eff_no_outliers $ transport_data_system_9th,690738943.023351,single_datapoint,no_comment
2431,2022,03_CDA,new_vehicle_efficiency,ldv,km_per_pj,road,passenger,phev,all,yearly,national,['avg_eff_no_outliers $ transport_data_system_9th'],1,5974718100.659283,avg_eff_no_outliers $ transport_data_system_9th,459593700.050714,single_datapoint,no_comment
2432,2022,03_CDA,travel_km,ldv,km,road,passenger,phev,all,yearly,national,['estimated $ calculate_energy_and_activity()'],1,6885000000.0,estimated $ calculate_energy_and_activity(),1950000000.0,single_datapoint,no_comment
2433,2022,03_CDA,turnover_rate,ldv,%,road,freight,phev,all,yearly,national,['manually_inputted_data $ guess'],1,0.39,manually_inputted_data $ guess,0.03,single_datapoint,no_comment
2434,2022,03_CDA,turnover_rate,ldv,%,road,passenger,phev,all,yearly,national,['manually_inputted_data $ guess'],1,0.39,manually_inputted_data $ guess,0.03,single_datapoint,no_comment
2435,2010,04_CHL,new_vehicle_efficiency,2w,km_per_pj,road,passenger,bev,all,yearly,national,['avg_eff_no_outliers $ transport_data_system_9th'],1,33137029391.83156,avg_eff_no_outliers $ transport_data_system_9th,2549002260.91012,single_datapoint,no_comment
2436,2010,04_CHL,turnover_rate,2w,%,road,passenger,bev,all,yearly,national,['manually_inputted_data $ guess'],1,0.42,manually_inputted_data $ guess,0.03,manual,no_comment
2437,2011,04_CHL,new_vehicle_efficiency,2w,km_per_pj,road,passenger,bev,all,yearly,national,['avg_eff_no_outliers $ transport_data_system_9th'],1,33137029391.83156,avg_eff_no_outliers $ transport_data_system_9th,2549002260.91012,single_datapoint,no_comment
2438,2011,04_CHL,turnover_rate,2w,%,road,passenger,bev,all,yearly,national,['manually_inputted_data $ guess'],1,0.42,manually_inputted_data $ guess,0.03,manual,no_comment
2439,2012,04_CHL,new_vehicle_efficiency,2w,km_per_pj,road,passenger,bev,all,yearly,national,['avg_eff_no_outliers $ transport_data_system_9th'],1,33137029391.83156,avg_eff_no_outliers $ transport_data_system_9th,2549002260.91012,single_datapoint,no_comment
2440,2012,04_CHL,turnover_rate,2w,%,road,passenger,bev,all,yearly,national,['manually_inputted_data $ guess'],1,0.42,manually_inputted_data $ guess,0.03,manual,no_comment
2441,2013,04_CHL,new_vehicle_efficiency,2w,km_per_pj,road,passenger,bev,all,yearly,national,['avg_eff_no_outliers $ transport_data_system_9th'],1,33137029391.83156,avg_eff_no_outliers $ transport_data_system_9th,2549002260.91012,single_datapoint,no_comment
2442,2013,04_CHL,turnover_rate,2w,%,road,passenger,bev,all,yearly,national,['manually_inputted_data $ guess'],1,0.42,manually_inputted_data $ guess,0.03,manual,no_comment
2443,2014,04_CHL,new_vehicle_efficiency,2w,km_per_pj,road,passenger,bev,all,yearly,national,['avg_eff_no_outliers $ transport_data_system_9th'],1,33137029391.83156,avg_eff_no_outliers $ transport_data_system_9th,2549002260.91012,single_datapoint,no_comment
2444,2014,04_CHL,turnover_rate,2w,%,road,passenger,bev,all,yearly,national,['manually_inputted_data $ guess'],1,0.42,manually_inputted_data $ guess,0.03,manual,no_comment
2445,2015,04_CHL,new_vehicle_efficiency,2w,km_per_pj,road,passenger,bev,all,yearly,national,['avg_eff_no_outliers $ transport_data_system_9th'],1,33137029391.83156,avg_eff_no_outliers $ transport_data_system_9th,2549002260.91012,single_datapoint,no_comment
2446,2015,04_CHL,turnover_rate,2w,%,road,passenger,bev,all,yearly,national,['manually_inputted_data $ guess'],1,0.42,manually_inputted_data $ guess,0.03,manual,no_comment
2447,2016,04_CHL,new_vehicle_efficiency,2w,km_per_pj,road,passenger,bev,all,yearly,national,['avg_eff_no_outliers $ transport_data_system_9th'],1,33137029391.83156,avg_eff_no_outliers $ transport_data_system_9th,2549002260.91012,single_datapoint,no_comment
2448,2016,04_CHL,turnover_rate,2w,%,road,passenger,bev,all,yearly,national,['manually_inputted_data $ guess'],1,0.42,manually_inputted_data $ guess,0.03,manual,no_comment
2449,2017,04_CHL,new_vehicle_efficiency,2w,km_per_pj,road,passenger,bev,all,yearly,national,['avg_eff_no_outliers $ transport_data_system_9th'],1,33137029391.83156,avg_eff_no_outliers $ transport_data_system_9th,2549002260.91012,single_datapoint,no_comment
2450,2017,04_CHL,turnover_rate,2w,%,road,passenger,bev,all,yearly,national,"['manually_inputted_data $ guess', 'turnover_rate_est']",2,0.42,manually_inputted_data $ guess,0.03,manual,no_comment
2451,2018,04_CHL,new_vehicle_efficiency,2w,km_per_pj,road,passenger,bev,all,yearly,national,['avg_eff_no_outliers $ transport_data_system_9th'],1,33137029391.83156,avg_eff_no_outliers $ transport_data_system_9th,2549002260.91012,single_datapoint,no_comment
2452,2018,04_CHL,turnover_rate,2w,%,road,passenger,bev,all,yearly,national,['manually_inputted_data $ guess'],1,0.42,manually_inputted_data $ guess,0.03,manual,no_comment
2453,2019,04_CHL,new_vehicle_efficiency,2w,km_per_pj,road,passenger,bev,all,yearly,national,['avg_eff_no_outliers $ transport_data_system_9th'],1,33137029391.83156,avg_eff_no_outliers $ transport_data_system_9th,2549002260.91012,single_datapoint,no_comment
2454,2019,04_CHL,turnover_rate,2w,%,road,passenger,bev,all,yearly,national,['manually_inputted_data $ guess'],1,0.42,manually_inputted_data $ guess,0.03,manual,no_comment
2455,2020,04_CHL,new_vehicle_efficiency,2w,km_per_pj,road,passenger,bev,all,yearly,national,['avg_eff_no_outliers $ transport_data_system_9th'],1,33137029391.83156,avg_eff_no_outliers $ transport_data_system_9th,2549002260.91012,single_datapoint,no_comment
2456,2020,04_CHL,turnover_rate,2w,%,road,passenger,bev,all,yearly,national,['manually_inputted_data $ guess'],1,0.42,manually_inputted_data $ guess,0.03,manual,no_comment
2457,2021,04_CHL,new_vehicle_efficiency,2w,km_per_pj,road,passenger,bev,all,yearly,national,['avg_eff_no_outliers $ transport_data_system_9th'],1,33137029391.83156,avg_eff_no_outliers $ transport_data_system_9th,2549002260.91012,single_datapoint,no_comment
2458,2021,04_CHL,turnover_rate,2w,%,road,passenger,bev,all,yearly,national,['manually_inputted_data $ guess'],1,0.42,manually_inputted_data $ guess,0.03,manual,no_comment
2459,2022,04_CHL,new_vehicle_efficiency,2w,km_per_pj,road,passenger,bev,all,yearly,national,['avg_eff_no_outliers $ transport_data_system_9th'],1,33137029391.83156,avg_eff_no_outliers $ transport_data_system_9th,2549002260.91012,single_datapoint,no_comment
2460,2022,04_CHL,turnover_rate,2w,%,road,passenger,bev,all,yearly,national,['manually_inputted_data $ guess'],1,0.42,manually_inputted_data $ guess,0.03,manual,no_comment
2461,2010,04_CHL,new_vehicle_efficiency,2w,km_per_pj,road,passenger,ice,all,yearly,national,['avg_eff_no_outliers $ transport_data_system_9th'],1,7669072338.574219,avg_eff_no_outliers $ transport_data_system_9th,589928641.428786,single_datapoint,no_comment
2462,2010,04_CHL,turnover_rate,2w,%,road,passenger,ice,all,yearly,national,['manually_inputted_data $ guess'],1,0.39,manually_inputted_data $ guess,0.03,single_datapoint,no_comment
2463,2011,04_CHL,new_vehicle_efficiency,2w,km_per_pj,road,passenger,ice,all,yearly,national,['avg_eff_no_outliers $ transport_data_system_9th'],1,7669072338.574219,avg_eff_no_outliers $ transport_data_system_9th,589928641.428786,single_datapoint,no_comment
2464,2011,04_CHL,turnover_rate,2w,%,road,passenger,ice,all,yearly,national,['manually_inputted_data $ guess'],1,0.39,manually_inputted_data $ guess,0.03,single_datapoint,no_comment
2465,2012,04_CHL,new_vehicle_efficiency,2w,km_per_pj,road,passenger,ice,all,yearly,national,['avg_eff_no_outliers $ transport_data_system_9th'],1,7669072338.574219,avg_eff_no_outliers $ transport_data_system_9th,589928641.428786,single_datapoint,no_comment
2466,2012,04_CHL,turnover_rate,2w,%,road,passenger,ice,all,yearly,national,['manually_inputted_data $ guess'],1,0.39,manually_inputted_data $ guess,0.03,single_datapoint,no_comment
2467,2013,04_CHL,new_vehicle_efficiency,2w,km_per_pj,road,passenger,ice,all,yearly,national,['avg_eff_no_outliers $ transport_data_system_9th'],1,7669072338.574219,avg_eff_no_outliers $ transport_data_system_9th,589928641.428786,single_datapoint,no_comment
2468,2013,04_CHL,turnover_rate,2w,%,road,passenger,ice,all,yearly,national,['manually_inputted_data $ guess'],1,0.39,manually_inputted_data $ guess,0.03,single_datapoint,no_comment
2469,2014,04_CHL,new_vehicle_efficiency,2w,km_per_pj,road,passenger,ice,all,yearly,national,['avg_eff_no_outliers $ transport_data_system_9th'],1,7669072338.574219,avg_eff_no_outliers $ transport_data_system_9th,589928641.428786,single_datapoint,no_comment
2470,2014,04_CHL,turnover_rate,2w,%,road,passenger,ice,all,yearly,national,['manually_inputted_data $ guess'],1,0.39,manually_inputted_data $ guess,0.03,single_datapoint,no_comment
2471,2015,04_CHL,new_vehicle_efficiency,2w,km_per_pj,road,passenger,ice,all,yearly,national,['avg_eff_no_outliers $ transport_data_system_9th'],1,7669072338.574219,avg_eff_no_outliers $ transport_data_system_9th,589928641.428786,single_datapoint,no_comment
2472,2015,04_CHL,turnover_rate,2w,%,road,passenger,ice,all,yearly,national,['manually_inputted_data $ guess'],1,0.39,manually_inputted_data $ guess,0.03,single_datapoint,no_comment
2473,2016,04_CHL,new_vehicle_efficiency,2w,km_per_pj,road,passenger,ice,all,yearly,national,['avg_eff_no_outliers $ transport_data_system_9th'],1,7669072338.574219,avg_eff_no_outliers $ transport_data_system_9th,589928641.428786,single_datapoint,no_comment
2474,2016,04_CHL,turnover_rate,2w,%,road,passenger,ice,all,yearly,national,['manually_inputted_data $ guess'],1,0.39,manually_inputted_data $ guess,0.03,single_datapoint,no_comment
2475,2017,04_CHL,activity,2w,passenger_km_or_freight_tonne_km,road,passenger,ice,all,yearly,national,['estimated $ calculate_energy_and_activity()'],1,1457799750.0,estimated $ calculate_energy_and_activity(),1457799750.0,single_datapoint,no_comment
2476,2017,04_CHL,energy,2w,pj,road,passenger,ice,all,yearly,national,['estimated $ calculate_energy_and_activity()'],1,2.0953775801133343,estimated $ calculate_energy_and_activity(),2.0953775801133343,single_datapoint,no_comment
2477,2017,04_CHL,new_vehicle_efficiency,2w,km_per_pj,road,passenger,ice,all,yearly,national,['avg_eff_no_outliers $ transport_data_system_9th'],1,7669072338.574219,avg_eff_no_outliers $ transport_data_system_9th,589928641.428786,single_datapoint,no_comment
2478,2017,04_CHL,travel_km,2w,km,road,passenger,ice,all,yearly,national,['estimated $ calculate_energy_and_activity()'],1,1325272500.0,estimated $ calculate_energy_and_activity(),1325272500.0,single_datapoint,no_comment
2479,2017,04_CHL,turnover_rate,2w,%,road,passenger,ice,all,yearly,national,['manually_inputted_data $ guess'],1,0.39,manually_inputted_data $ guess,0.03,single_datapoint,no_comment
2480,2018,04_CHL,new_vehicle_efficiency,2w,km_per_pj,road,passenger,ice,all,yearly,national,['avg_eff_no_outliers $ transport_data_system_9th'],1,7669072338.574219,avg_eff_no_outliers $ transport_data_system_9th,589928641.428786,single_datapoint,no_comment
2481,2018,04_CHL,turnover_rate,2w,%,road,passenger,ice,all,yearly,national,['manually_inputted_data $ guess'],1,0.39,manually_inputted_data $ guess,0.03,single_datapoint,no_comment
2482,2019,04_CHL,new_vehicle_efficiency,2w,km_per_pj,road,passenger,ice,all,yearly,national,['avg_eff_no_outliers $ transport_data_system_9th'],1,7669072338.574219,avg_eff_no_outliers $ transport_data_system_9th,589928641.428786,single_datapoint,no_comment
2483,2019,04_CHL,turnover_rate,2w,%,road,passenger,ice,all,yearly,national,['manually_inputted_data $ guess'],1,0.39,manually_inputted_data $ guess,0.03,single_datapoint,no_comment
2484,2020,04_CHL,new_vehicle_efficiency,2w,km_per_pj,road,passenger,ice,all,yearly,national,['avg_eff_no_outliers $ transport_data_system_9th'],1,7669072338.574219,avg_eff_no_outliers $ transport_data_system_9th,589928641.428786,single_datapoint,no_comment
2485,2020,04_CHL,turnover_rate,2w,%,road,passenger,ice,all,yearly,national,['manually_inputted_data $ guess'],1,0.39,manually_inputted_data $ guess,0.03,single_datapoint,no_comment
2486,2021,04_CHL,new_vehicle_efficiency,2w,km_per_pj,road,passenger,ice,all,yearly,national,['avg_eff_no_outliers $ transport_data_system_9th'],1,7669072338.574219,avg_eff_no_outliers $ transport_data_system_9th,589928641.428786,single_datapoint,no_comment
2487,2021,04_CHL,turnover_rate,2w,%,road,passenger,ice,all,yearly,national,['manually_inputted_data $ guess'],1,0.39,manually_inputted_data $ guess,0.03,single_datapoint,no_comment
2488,2022,04_CHL,new_vehicle_efficiency,2w,km_per_pj,road,passenger,ice,all,yearly,national,['avg_eff_no_outliers $ transport_data_system_9th'],1,7669072338.574219,avg_eff_no_outliers $ transport_data_system_9th,589928641.428786,single_datapoint,no_comment
2489,2022,04_CHL,turnover_rate,2w,%,road,passenger,ice,all,yearly,national,['manually_inputted_data $ guess'],1,0.39,manually_inputted_data $ guess,0.03,single_datapoint,no_comment
2490,2010,04_CHL,intensity,all,pj_per_passenger_or_freight_tonne_km,air,freight,all,all,yearly,national,['manually_inputted_data $ energy-intensity-of-passenger-transport-modes-2018'],1,4.0300000000000004e-08,manually_inputted_data $ energy-intensity-of-passenger-transport-modes-2018,3.1e-09,single_datapoint,assumed_to_be_same_as_passenger_air_because_of_lack_of_data
2491,2010,04_CHL,intensity,all,pj_per_passenger_or_freight_tonne_km,rail,freight,all,all,yearly,national,['manually_inputted_data $ iea_howtocalculatetheindicatorsforthetransportsectors.pdf'],1,2.86e-09,manually_inputted_data $ iea_howtocalculatetheindicatorsforthetransportsectors.pdf,2.2e-10,single_datapoint,from_how_to_calculate_the_indicators_for_the_transport_sector
2492,2010,04_CHL,intensity,all,pj_per_passenger_or_freight_tonne_km,ship,freight,all,all,yearly,national,['manually_inputted_data $ iea_howtocalculatetheindicatorsforthetransportsectors.pdf'],1,7.02e-09,manually_inputted_data $ iea_howtocalculatetheindicatorsforthetransportsectors.pdf,5.4e-10,single_datapoint,from_how_to_calculate_the_indicators_for_the_transport_sector
2493,2010,04_CHL,intensity,all,pj_per_passenger_or_freight_tonne_km,air,passenger,all,all,yearly,national,['manually_inputted_data $ energy-intensity-of-passenger-transport-modes-2018'],1,4.0300000000000004e-08,manually_inputted_data $ energy-intensity-of-passenger-transport-modes-2018,3.1e-09,single_datapoint,no_comment
2494,2010,04_CHL,intensity,all,pj_per_passenger_or_freight_tonne_km,rail,passenger,all,all,yearly,national,['manually_inputted_data $ energy-intensity-of-passenger-transport-modes-2018'],1,2.6e-09,manually_inputted_data $ energy-intensity-of-passenger-transport-modes-2018,2e-10,single_datapoint,no_comment
2495,2010,04_CHL,intensity,all,pj_per_passenger_or_freight_tonne_km,ship,passenger,all,all,yearly,national,['manually_inputted_data $ iea_howtocalculatetheindicatorsforthetransportsectors.pdf'],1,7.02e-09,manually_inputted_data $ iea_howtocalculatetheindicatorsforthetransportsectors.pdf,5.4e-10,single_datapoint,assumed_to_be_the_same_as_ship_freight_from_iea_how_to
2496,2011,04_CHL,intensity,all,pj_per_passenger_or_freight_tonne_km,air,freight,all,all,yearly,national,['manually_inputted_data $ energy-intensity-of-passenger-transport-modes-2018'],1,4.0300000000000004e-08,manually_inputted_data $ energy-intensity-of-passenger-transport-modes-2018,3.1e-09,single_datapoint,assumed_to_be_same_as_passenger_air_because_of_lack_of_data
2497,2011,04_CHL,intensity,all,pj_per_passenger_or_freight_tonne_km,rail,freight,all,all,yearly,national,['manually_inputted_data $ iea_howtocalculatetheindicatorsforthetransportsectors.pdf'],1,2.86e-09,manually_inputted_data $ iea_howtocalculatetheindicatorsforthetransportsectors.pdf,2.2e-10,single_datapoint,from_how_to_calculate_the_indicators_for_the_transport_sector
2498,2011,04_CHL,intensity,all,pj_per_passenger_or_freight_tonne_km,ship,freight,all,all,yearly,national,['manually_inputted_data $ iea_howtocalculatetheindicatorsforthetransportsectors.pdf'],1,7.02e-09,manually_inputted_data $ iea_howtocalculatetheindicatorsforthetransportsectors.pdf,5.4e-10,single_datapoint,from_how_to_calculate_the_indicators_for_the_transport_sector
2499,2011,04_CHL,intensity,all,pj_per_passenger_or_freight_tonne_km,air,passenger,all,all,yearly,national,['manually_inputted_data $ energy-intensity-of-passenger-transport-modes-2018'],1,4.0300000000000004e-08,manually_inputted_data $ energy-intensity-of-passenger-transport-modes-2018,3.1e-09,single_datapoint,no_comment
2500,2011,04_CHL,intensity,all,pj_per_passenger_or_freight_tonne_km,rail,passenger,all,all,yearly,national,['manually_inputted_data $ energy-intensity-of-passenger-transport-modes-2018'],1,2.6e-09,manually_inputted_data $ energy-intensity-of-passenger-transport-modes-2018,2e-10,single_datapoint,no_comment
2501,2011,04_CHL,intensity,all,pj_per_passenger_or_freight_tonne_km,ship,passenger,all,all,yearly,national,['manually_inputted_data $ iea_howtocalculatetheindicatorsforthetransportsectors.pdf'],1,7.02e-09,manually_inputted_data $ iea_howtocalculatetheindicatorsforthetransportsectors.pdf,5.4e-10,single_datapoint,assumed_to_be_the_same_as_ship_freight_from_iea_how_to
2502,2012,04_CHL,intensity,all,pj_per_passenger_or_freight_tonne_km,air,freight,all,all,yearly,national,['manually_inputted_data $ energy-intensity-of-passenger-transport-modes-2018'],1,4.0300000000000004e-08,manually_inputted_data $ energy-intensity-of-passenger-transport-modes-2018,3.1e-09,single_datapoint,assumed_to_be_same_as_passenger_air_because_of_lack_of_data
2503,2012,04_CHL,intensity,all,pj_per_passenger_or_freight_tonne_km,rail,freight,all,all,yearly,national,['manually_inputted_data $ iea_howtocalculatetheindicatorsforthetransportsectors.pdf'],1,2.86e-09,manually_inputted_data $ iea_howtocalculatetheindicatorsforthetransportsectors.pdf,2.2e-10,single_datapoint,from_how_to_calculate_the_indicators_for_the_transport_sector
2504,2012,04_CHL,intensity,all,pj_per_passenger_or_freight_tonne_km,ship,freight,all,all,yearly,national,['manually_inputted_data $ iea_howtocalculatetheindicatorsforthetransportsectors.pdf'],1,7.02e-09,manually_inputted_data $ iea_howtocalculatetheindicatorsforthetransportsectors.pdf,5.4e-10,single_datapoint,from_how_to_calculate_the_indicators_for_the_transport_sector
2505,2012,04_CHL,intensity,all,pj_per_passenger_or_freight_tonne_km,air,passenger,all,all,yearly,national,['manually_inputted_data $ energy-intensity-of-passenger-transport-modes-2018'],1,4.0300000000000004e-08,manually_inputted_data $ energy-intensity-of-passenger-transport-modes-2018,3.1e-09,single_datapoint,no_comment
2506,2012,04_CHL,intensity,all,pj_per_passenger_or_freight_tonne_km,rail,passenger,all,all,yearly,national,['manually_inputted_data $ energy-intensity-of-passenger-transport-modes-2018'],1,2.6e-09,manually_inputted_data $ energy-intensity-of-passenger-transport-modes-2018,2e-10,single_datapoint,no_comment
2507,2012,04_CHL,intensity,all,pj_per_passenger_or_freight_tonne_km,ship,passenger,all,all,yearly,national,['manually_inputted_data $ iea_howtocalculatetheindicatorsforthetransportsectors.pdf'],1,7.02e-09,manually_inputted_data $ iea_howtocalculatetheindicatorsforthetransportsectors.pdf,5.4e-10,single_datapoint,assumed_to_be_the_same_as_ship_freight_from_iea_how_to
2508,2013,04_CHL,intensity,all,pj_per_passenger_or_freight_tonne_km,air,freight,all,all,yearly,national,['manually_inputted_data $ energy-intensity-of-passenger-transport-modes-2018'],1,4.0300000000000004e-08,manually_inputted_data $ energy-intensity-of-passenger-transport-modes-2018,3.1e-09,single_datapoint,assumed_to_be_same_as_passenger_air_because_of_lack_of_data
2509,2013,04_CHL,intensity,all,pj_per_passenger_or_freight_tonne_km,rail,freight,all,all,yearly,national,['manually_inputted_data $ iea_howtocalculatetheindicatorsforthetransportsectors.pdf'],1,2.86e-09,manually_inputted_data $ iea_howtocalculatetheindicatorsforthetransportsectors.pdf,2.2e-10,single_datapoint,from_how_to_calculate_the_indicators_for_the_transport_sector
2510,2013,04_CHL,intensity,all,pj_per_passenger_or_freight_tonne_km,ship,freight,all,all,yearly,national,['manually_inputted_data $ iea_howtocalculatetheindicatorsforthetransportsectors.pdf'],1,7.02e-09,manually_inputted_data $ iea_howtocalculatetheindicatorsforthetransportsectors.pdf,5.4e-10,single_datapoint,from_how_to_calculate_the_indicators_for_the_transport_sector
2511,2013,04_CHL,intensity,all,pj_per_passenger_or_freight_tonne_km,air,passenger,all,all,yearly,national,['manually_inputted_data $ energy-intensity-of-passenger-transport-modes-2018'],1,4.0300000000000004e-08,manually_inputted_data $ energy-intensity-of-passenger-transport-modes-2018,3.1e-09,single_datapoint,no_comment
2512,2013,04_CHL,intensity,all,pj_per_passenger_or_freight_tonne_km,rail,passenger,all,all,yearly,national,['manually_inputted_data $ energy-intensity-of-passenger-transport-modes-2018'],1,2.6e-09,manually_inputted_data $ energy-intensity-of-passenger-transport-modes-2018,2e-10,single_datapoint,no_comment
2513,2013,04_CHL,intensity,all,pj_per_passenger_or_freight_tonne_km,ship,passenger,all,all,yearly,national,['manually_inputted_data $ iea_howtocalculatetheindicatorsforthetransportsectors.pdf'],1,7.02e-09,manually_inputted_data $ iea_howtocalculatetheindicatorsforthetransportsectors.pdf,5.4e-10,single_datapoint,assumed_to_be_the_same_as_ship_freight_from_iea_how_to
2514,2014,04_CHL,intensity,all,pj_per_passenger_or_freight_tonne_km,air,freight,all,all,yearly,national,['manually_inputted_data $ energy-intensity-of-passenger-transport-modes-2018'],1,4.0300000000000004e-08,manually_inputted_data $ energy-intensity-of-passenger-transport-modes-2018,3.1e-09,single_datapoint,assumed_to_be_same_as_passenger_air_because_of_lack_of_data
2515,2014,04_CHL,intensity,all,pj_per_passenger_or_freight_tonne_km,rail,freight,all,all,yearly,national,['manually_inputted_data $ iea_howtocalculatetheindicatorsforthetransportsectors.pdf'],1,2.86e-09,manually_inputted_data $ iea_howtocalculatetheindicatorsforthetransportsectors.pdf,2.2e-10,single_datapoint,from_how_to_calculate_the_indicators_for_the_transport_sector
2516,2014,04_CHL,intensity,all,pj_per_passenger_or_freight_tonne_km,ship,freight,all,all,yearly,national,['manually_inputted_data $ iea_howtocalculatetheindicatorsforthetransportsectors.pdf'],1,7.02e-09,manually_inputted_data $ iea_howtocalculatetheindicatorsforthetransportsectors.pdf,5.4e-10,single_datapoint,from_how_to_calculate_the_indicators_for_the_transport_sector
2517,2014,04_CHL,intensity,all,pj_per_passenger_or_freight_tonne_km,air,passenger,all,all,yearly,national,['manually_inputted_data $ energy-intensity-of-passenger-transport-modes-2018'],1,4.0300000000000004e-08,manually_inputted_data $ energy-intensity-of-passenger-transport-modes-2018,3.1e-09,single_datapoint,no_comment
2518,2014,04_CHL,intensity,all,pj_per_passenger_or_freight_tonne_km,rail,passenger,all,all,yearly,national,['manually_inputted_data $ energy-intensity-of-passenger-transport-modes-2018'],1,2.6e-09,manually_inputted_data $ energy-intensity-of-passenger-transport-modes-2018,2e-10,single_datapoint,no_comment
2519,2014,04_CHL,intensity,all,pj_per_passenger_or_freight_tonne_km,ship,passenger,all,all,yearly,national,['manually_inputted_data $ iea_howtocalculatetheindicatorsforthetransportsectors.pdf'],1,7.02e-09,manually_inputted_data $ iea_howtocalculatetheindicatorsforthetransportsectors.pdf,5.4e-10,single_datapoint,assumed_to_be_the_same_as_ship_freight_from_iea_how_to
2520,2015,04_CHL,intensity,all,pj_per_passenger_or_freight_tonne_km,air,freight,all,all,yearly,national,['manually_inputted_data $ energy-intensity-of-passenger-transport-modes-2018'],1,4.0300000000000004e-08,manually_inputted_data $ energy-intensity-of-passenger-transport-modes-2018,3.1e-09,single_datapoint,assumed_to_be_same_as_passenger_air_because_of_lack_of_data
2521,2015,04_CHL,intensity,all,pj_per_passenger_or_freight_tonne_km,rail,freight,all,all,yearly,national,['manually_inputted_data $ iea_howtocalculatetheindicatorsforthetransportsectors.pdf'],1,2.86e-09,manually_inputted_data $ iea_howtocalculatetheindicatorsforthetransportsectors.pdf,2.2e-10,single_datapoint,from_how_to_calculate_the_indicators_for_the_transport_sector
2522,2015,04_CHL,intensity,all,pj_per_passenger_or_freight_tonne_km,ship,freight,all,all,yearly,national,['manually_inputted_data $ iea_howtocalculatetheindicatorsforthetransportsectors.pdf'],1,7.02e-09,manually_inputted_data $ iea_howtocalculatetheindicatorsforthetransportsectors.pdf,5.4e-10,single_datapoint,from_how_to_calculate_the_indicators_for_the_transport_sector
2523,2015,04_CHL,intensity,all,pj_per_passenger_or_freight_tonne_km,air,passenger,all,all,yearly,national,['manually_inputted_data $ energy-intensity-of-passenger-transport-modes-2018'],1,4.0300000000000004e-08,manually_inputted_data $ energy-intensity-of-passenger-transport-modes-2018,3.1e-09,single_datapoint,no_comment
2524,2015,04_CHL,intensity,all,pj_per_passenger_or_freight_tonne_km,rail,passenger,all,all,yearly,national,['manually_inputted_data $ energy-intensity-of-passenger-transport-modes-2018'],1,2.6e-09,manually_inputted_data $ energy-intensity-of-passenger-transport-modes-2018,2e-10,single_datapoint,no_comment
2525,2015,04_CHL,intensity,all,pj_per_passenger_or_freight_tonne_km,ship,passenger,all,all,yearly,national,['manually_inputted_data $ iea_howtocalculatetheindicatorsforthetransportsectors.pdf'],1,7.02e-09,manually_inputted_data $ iea_howtocalculatetheindicatorsforthetransportsectors.pdf,5.4e-10,single_datapoint,assumed_to_be_the_same_as_ship_freight_from_iea_how_to
2526,2016,04_CHL,intensity,all,pj_per_passenger_or_freight_tonne_km,air,freight,all,all,yearly,national,['manually_inputted_data $ energy-intensity-of-passenger-transport-modes-2018'],1,4.0300000000000004e-08,manually_inputted_data $ energy-intensity-of-passenger-transport-modes-2018,3.1e-09,single_datapoint,assumed_to_be_same_as_passenger_air_because_of_lack_of_data
2527,2016,04_CHL,intensity,all,pj_per_passenger_or_freight_tonne_km,rail,freight,all,all,yearly,national,['manually_inputted_data $ iea_howtocalculatetheindicatorsforthetransportsectors.pdf'],1,2.86e-09,manually_inputted_data $ iea_howtocalculatetheindicatorsforthetransportsectors.pdf,2.2e-10,single_datapoint,from_how_to_calculate_the_indicators_for_the_transport_sector
2528,2016,04_CHL,intensity,all,pj_per_passenger_or_freight_tonne_km,ship,freight,all,all,yearly,national,['manually_inputted_data $ iea_howtocalculatetheindicatorsforthetransportsectors.pdf'],1,7.02e-09,manually_inputted_data $ iea_howtocalculatetheindicatorsforthetransportsectors.pdf,5.4e-10,single_datapoint,from_how_to_calculate_the_indicators_for_the_transport_sector
2529,2016,04_CHL,intensity,all,pj_per_passenger_or_freight_tonne_km,air,passenger,all,all,yearly,national,['manually_inputted_data $ energy-intensity-of-passenger-transport-modes-2018'],1,4.0300000000000004e-08,manually_inputted_data $ energy-intensity-of-passenger-transport-modes-2018,3.1e-09,single_datapoint,no_comment
2530,2016,04_CHL,intensity,all,pj_per_passenger_or_freight_tonne_km,rail,passenger,all,all,yearly,national,['manually_inputted_data $ energy-intensity-of-passenger-transport-modes-2018'],1,2.6e-09,manually_inputted_data $ energy-intensity-of-passenger-transport-modes-2018,2e-10,single_datapoint,no_comment
2531,2016,04_CHL,intensity,all,pj_per_passenger_or_freight_tonne_km,ship,passenger,all,all,yearly,national,['manually_inputted_data $ iea_howtocalculatetheindicatorsforthetransportsectors.pdf'],1,7.02e-09,manually_inputted_data $ iea_howtocalculatetheindicatorsforthetransportsectors.pdf,5.4e-10,single_datapoint,assumed_to_be_the_same_as_ship_freight_from_iea_how_to
2532,2017,04_CHL,intensity,all,pj_per_passenger_or_freight_tonne_km,air,freight,all,all,yearly,national,['manually_inputted_data $ energy-intensity-of-passenger-transport-modes-2018'],1,4.0300000000000004e-08,manually_inputted_data $ energy-intensity-of-passenger-transport-modes-2018,3.1e-09,single_datapoint,assumed_to_be_same_as_passenger_air_because_of_lack_of_data
2533,2017,04_CHL,intensity,all,pj_per_passenger_or_freight_tonne_km,rail,freight,all,all,yearly,national,['manually_inputted_data $ iea_howtocalculatetheindicatorsforthetransportsectors.pdf'],1,2.86e-09,manually_inputted_data $ iea_howtocalculatetheindicatorsforthetransportsectors.pdf,2.2e-10,single_datapoint,from_how_to_calculate_the_indicators_for_the_transport_sector
2534,2017,04_CHL,intensity,all,pj_per_passenger_or_freight_tonne_km,ship,freight,all,all,yearly,national,['manually_inputted_data $ iea_howtocalculatetheindicatorsforthetransportsectors.pdf'],1,7.02e-09,manually_inputted_data $ iea_howtocalculatetheindicatorsforthetransportsectors.pdf,5.4e-10,single_datapoint,from_how_to_calculate_the_indicators_for_the_transport_sector
2535,2017,04_CHL,intensity,all,pj_per_passenger_or_freight_tonne_km,air,passenger,all,all,yearly,national,['manually_inputted_data $ energy-intensity-of-passenger-transport-modes-2018'],1,4.0300000000000004e-08,manually_inputted_data $ energy-intensity-of-passenger-transport-modes-2018,3.1e-09,single_datapoint,no_comment
2536,2017,04_CHL,intensity,all,pj_per_passenger_or_freight_tonne_km,rail,passenger,all,all,yearly,national,['manually_inputted_data $ energy-intensity-of-passenger-transport-modes-2018'],1,2.6e-09,manually_inputted_data $ energy-intensity-of-passenger-transport-modes-2018,2e-10,single_datapoint,no_comment
2537,2017,04_CHL,intensity,all,pj_per_passenger_or_freight_tonne_km,ship,passenger,all,all,yearly,national,['manually_inputted_data $ iea_howtocalculatetheindicatorsforthetransportsectors.pdf'],1,7.02e-09,manually_inputted_data $ iea_howtocalculatetheindicatorsforthetransportsectors.pdf,5.4e-10,single_datapoint,assumed_to_be_the_same_as_ship_freight_from_iea_how_to
2538,2018,04_CHL,intensity,all,pj_per_passenger_or_freight_tonne_km,air,freight,all,all,yearly,national,['manually_inputted_data $ energy-intensity-of-passenger-transport-modes-2018'],1,4.0300000000000004e-08,manually_inputted_data $ energy-intensity-of-passenger-transport-modes-2018,3.1e-09,single_datapoint,assumed_to_be_same_as_passenger_air_because_of_lack_of_data
2539,2018,04_CHL,intensity,all,pj_per_passenger_or_freight_tonne_km,rail,freight,all,all,yearly,national,['manually_inputted_data $ iea_howtocalculatetheindicatorsforthetransportsectors.pdf'],1,2.86e-09,manually_inputted_data $ iea_howtocalculatetheindicatorsforthetransportsectors.pdf,2.2e-10,single_datapoint,from_how_to_calculate_the_indicators_for_the_transport_sector
2540,2018,04_CHL,intensity,all,pj_per_passenger_or_freight_tonne_km,ship,freight,all,all,yearly,national,['manually_inputted_data $ iea_howtocalculatetheindicatorsforthetransportsectors.pdf'],1,7.02e-09,manually_inputted_data $ iea_howtocalculatetheindicatorsforthetransportsectors.pdf,5.4e-10,single_datapoint,from_how_to_calculate_the_indicators_for_the_transport_sector
2541,2018,04_CHL,intensity,all,pj_per_passenger_or_freight_tonne_km,air,passenger,all,all,yearly,national,['manually_inputted_data $ energy-intensity-of-passenger-transport-modes-2018'],1,4.0300000000000004e-08,manually_inputted_data $ energy-intensity-of-passenger-transport-modes-2018,3.1e-09,single_datapoint,no_comment
2542,2018,04_CHL,intensity,all,pj_per_passenger_or_freight_tonne_km,rail,passenger,all,all,yearly,national,['manually_inputted_data $ energy-intensity-of-passenger-transport-modes-2018'],1,2.6e-09,manually_inputted_data $ energy-intensity-of-passenger-transport-modes-2018,2e-10,single_datapoint,no_comment
2543,2018,04_CHL,intensity,all,pj_per_passenger_or_freight_tonne_km,ship,passenger,all,all,yearly,national,['manually_inputted_data $ iea_howtocalculatetheindicatorsforthetransportsectors.pdf'],1,7.02e-09,manually_inputted_data $ iea_howtocalculatetheindicatorsforthetransportsectors.pdf,5.4e-10,single_datapoint,assumed_to_be_the_same_as_ship_freight_from_iea_how_to
2544,2019,04_CHL,intensity,all,pj_per_passenger_or_freight_tonne_km,air,freight,all,all,yearly,national,['manually_inputted_data $ energy-intensity-of-passenger-transport-modes-2018'],1,4.0300000000000004e-08,manually_inputted_data $ energy-intensity-of-passenger-transport-modes-2018,3.1e-09,single_datapoint,assumed_to_be_same_as_passenger_air_because_of_lack_of_data
2545,2019,04_CHL,intensity,all,pj_per_passenger_or_freight_tonne_km,rail,freight,all,all,yearly,national,['manually_inputted_data $ iea_howtocalculatetheindicatorsforthetransportsectors.pdf'],1,2.86e-09,manually_inputted_data $ iea_howtocalculatetheindicatorsforthetransportsectors.pdf,2.2e-10,single_datapoint,from_how_to_calculate_the_indicators_for_the_transport_sector
2546,2019,04_CHL,intensity,all,pj_per_passenger_or_freight_tonne_km,ship,freight,all,all,yearly,national,['manually_inputted_data $ iea_howtocalculatetheindicatorsforthetransportsectors.pdf'],1,7.02e-09,manually_inputted_data $ iea_howtocalculatetheindicatorsforthetransportsectors.pdf,5.4e-10,single_datapoint,from_how_to_calculate_the_indicators_for_the_transport_sector
2547,2019,04_CHL,intensity,all,pj_per_passenger_or_freight_tonne_km,air,passenger,all,all,yearly,national,['manually_inputted_data $ energy-intensity-of-passenger-transport-modes-2018'],1,4.0300000000000004e-08,manually_inputted_data $ energy-intensity-of-passenger-transport-modes-2018,3.1e-09,single_datapoint,no_comment
2548,2019,04_CHL,intensity,all,pj_per_passenger_or_freight_tonne_km,rail,passenger,all,all,yearly,national,['manually_inputted_data $ energy-intensity-of-passenger-transport-modes-2018'],1,2.6e-09,manually_inputted_data $ energy-intensity-of-passenger-transport-modes-2018,2e-10,single_datapoint,no_comment
2549,2019,04_CHL,intensity,all,pj_per_passenger_or_freight_tonne_km,ship,passenger,all,all,yearly,national,['manually_inputted_data $ iea_howtocalculatetheindicatorsforthetransportsectors.pdf'],1,7.02e-09,manually_inputted_data $ iea_howtocalculatetheindicatorsforthetransportsectors.pdf,5.4e-10,single_datapoint,assumed_to_be_the_same_as_ship_freight_from_iea_how_to
2550,2020,04_CHL,intensity,all,pj_per_passenger_or_freight_tonne_km,air,freight,all,all,yearly,national,['manually_inputted_data $ energy-intensity-of-passenger-transport-modes-2018'],1,4.0300000000000004e-08,manually_inputted_data $ energy-intensity-of-passenger-transport-modes-2018,3.1e-09,single_datapoint,assumed_to_be_same_as_passenger_air_because_of_lack_of_data
2551,2020,04_CHL,intensity,all,pj_per_passenger_or_freight_tonne_km,rail,freight,all,all,yearly,national,['manually_inputted_data $ iea_howtocalculatetheindicatorsforthetransportsectors.pdf'],1,2.86e-09,manually_inputted_data $ iea_howtocalculatetheindicatorsforthetransportsectors.pdf,2.2e-10,single_datapoint,from_how_to_calculate_the_indicators_for_the_transport_sector
2552,2020,04_CHL,intensity,all,pj_per_passenger_or_freight_tonne_km,ship,freight,all,all,yearly,national,['manually_inputted_data $ iea_howtocalculatetheindicatorsforthetransportsectors.pdf'],1,7.02e-09,manually_inputted_data $ iea_howtocalculatetheindicatorsforthetransportsectors.pdf,5.4e-10,single_datapoint,from_how_to_calculate_the_indicators_for_the_transport_sector
2553,2020,04_CHL,intensity,all,pj_per_passenger_or_freight_tonne_km,air,passenger,all,all,yearly,national,['manually_inputted_data $ energy-intensity-of-passenger-transport-modes-2018'],1,4.0300000000000004e-08,manually_inputted_data $ energy-intensity-of-passenger-transport-modes-2018,3.1e-09,single_datapoint,no_comment
2554,2020,04_CHL,intensity,all,pj_per_passenger_or_freight_tonne_km,rail,passenger,all,all,yearly,national,['manually_inputted_data $ energy-intensity-of-passenger-transport-modes-2018'],1,2.6e-09,manually_inputted_data $ energy-intensity-of-passenger-transport-modes-2018,2e-10,single_datapoint,no_comment
2555,2020,04_CHL,intensity,all,pj_per_passenger_or_freight_tonne_km,ship,passenger,all,all,yearly,national,['manually_inputted_data $ iea_howtocalculatetheindicatorsforthetransportsectors.pdf'],1,7.02e-09,manually_inputted_data $ iea_howtocalculatetheindicatorsforthetransportsectors.pdf,5.4e-10,single_datapoint,assumed_to_be_the_same_as_ship_freight_from_iea_how_to
2556,2021,04_CHL,intensity,all,pj_per_passenger_or_freight_tonne_km,air,freight,all,all,yearly,national,['manually_inputted_data $ energy-intensity-of-passenger-transport-modes-2018'],1,4.0300000000000004e-08,manually_inputted_data $ energy-intensity-of-passenger-transport-modes-2018,3.1e-09,single_datapoint,assumed_to_be_same_as_passenger_air_because_of_lack_of_data
2557,2021,04_CHL,intensity,all,pj_per_passenger_or_freight_tonne_km,rail,freight,all,all,yearly,national,['manually_inputted_data $ iea_howtocalculatetheindicatorsforthetransportsectors.pdf'],1,2.86e-09,manually_inputted_data $ iea_howtocalculatetheindicatorsforthetransportsectors.pdf,2.2e-10,single_datapoint,from_how_to_calculate_the_indicators_for_the_transport_sector
2558,2021,04_CHL,intensity,all,pj_per_passenger_or_freight_tonne_km,ship,freight,all,all,yearly,national,['manually_inputted_data $ iea_howtocalculatetheindicatorsforthetransportsectors.pdf'],1,7.02e-09,manually_inputted_data $ iea_howtocalculatetheindicatorsforthetransportsectors.pdf,5.4e-10,single_datapoint,from_how_to_calculate_the_indicators_for_the_transport_sector
2559,2021,04_CHL,intensity,all,pj_per_passenger_or_freight_tonne_km,air,passenger,all,all,yearly,national,['manually_inputted_data $ energy-intensity-of-passenger-transport-modes-2018'],1,4.0300000000000004e-08,manually_inputted_data $ energy-intensity-of-passenger-transport-modes-2018,3.1e-09,single_datapoint,no_comment
2560,2021,04_CHL,intensity,all,pj_per_passenger_or_freight_tonne_km,rail,passenger,all,all,yearly,national,['manually_inputted_data $ energy-intensity-of-passenger-transport-modes-2018'],1,2.6e-09,manually_inputted_data $ energy-intensity-of-passenger-transport-modes-2018,2e-10,single_datapoint,no_comment
2561,2021,04_CHL,intensity,all,pj_per_passenger_or_freight_tonne_km,ship,passenger,all,all,yearly,national,['manually_inputted_data $ iea_howtocalculatetheindicatorsforthetransportsectors.pdf'],1,7.02e-09,manually_inputted_data $ iea_howtocalculatetheindicatorsforthetransportsectors.pdf,5.4e-10,single_datapoint,assumed_to_be_the_same_as_ship_freight_from_iea_how_to
2562,2022,04_CHL,intensity,all,pj_per_passenger_or_freight_tonne_km,air,freight,all,all,yearly,national,['manually_inputted_data $ energy-intensity-of-passenger-transport-modes-2018'],1,4.0300000000000004e-08,manually_inputted_data $ energy-intensity-of-passenger-transport-modes-2018,3.1e-09,single_datapoint,assumed_to_be_same_as_passenger_air_because_of_lack_of_data
2563,2022,04_CHL,intensity,all,pj_per_passenger_or_freight_tonne_km,rail,freight,all,all,yearly,national,['manually_inputted_data $ iea_howtocalculatetheindicatorsforthetransportsectors.pdf'],1,2.86e-09,manually_inputted_data $ iea_howtocalculatetheindicatorsforthetransportsectors.pdf,2.2e-10,single_datapoint,from_how_to_calculate_the_indicators_for_the_transport_sector
2564,2022,04_CHL,intensity,all,pj_per_passenger_or_freight_tonne_km,ship,freight,all,all,yearly,national,['manually_inputted_data $ iea_howtocalculatetheindicatorsforthetransportsectors.pdf'],1,7.02e-09,manually_inputted_data $ iea_howtocalculatetheindicatorsforthetransportsectors.pdf,5.4e-10,single_datapoint,from_how_to_calculate_the_indicators_for_the_transport_sector
2565,2022,04_CHL,intensity,all,pj_per_passenger_or_freight_tonne_km,air,passenger,all,all,yearly,national,['manually_inputted_data $ energy-intensity-of-passenger-transport-modes-2018'],1,4.0300000000000004e-08,manually_inputted_data $ energy-intensity-of-passenger-transport-modes-2018,3.1e-09,single_datapoint,no_comment
2566,2022,04_CHL,intensity,all,pj_per_passenger_or_freight_tonne_km,rail,passenger,all,all,yearly,national,['manually_inputted_data $ energy-intensity-of-passenger-transport-modes-2018'],1,2.6e-09,manually_inputted_data $ energy-intensity-of-passenger-transport-modes-2018,2e-10,single_datapoint,no_comment
2567,2022,04_CHL,intensity,all,pj_per_passenger_or_freight_tonne_km,ship,passenger,all,all,yearly,national,['manually_inputted_data $ iea_howtocalculatetheindicatorsforthetransportsectors.pdf'],1,7.02e-09,manually_inputted_data $ iea_howtocalculatetheindicatorsforthetransportsectors.pdf,5.4e-10,single_datapoint,assumed_to_be_the_same_as_ship_freight_from_iea_how_to
2568,2010,04_CHL,new_vehicle_efficiency,bus,km_per_pj,road,passenger,bev,all,yearly,national,['avg_eff_no_outliers $ transport_data_system_9th'],1,1058314235.1561403,avg_eff_no_outliers $ transport_data_system_9th,81408787.3197031,single_datapoint,no_comment
2569,2010,04_CHL,turnover_rate,bus,%,road,passenger,bev,all,yearly,national,['manually_inputted_data $ guess'],1,0.42,manually_inputted_data $ guess,0.03,manual,no_comment
2570,2011,04_CHL,new_vehicle_efficiency,bus,km_per_pj,road,passenger,bev,all,yearly,national,['avg_eff_no_outliers $ transport_data_system_9th'],1,1058314235.1561403,avg_eff_no_outliers $ transport_data_system_9th,81408787.3197031,single_datapoint,no_comment
2571,2011,04_CHL,turnover_rate,bus,%,road,passenger,bev,all,yearly,national,['manually_inputted_data $ guess'],1,0.42,manually_inputted_data $ guess,0.03,manual,no_comment
2572,2012,04_CHL,new_vehicle_efficiency,bus,km_per_pj,road,passenger,bev,all,yearly,national,['avg_eff_no_outliers $ transport_data_system_9th'],1,1058314235.1561403,avg_eff_no_outliers $ transport_data_system_9th,81408787.3197031,single_datapoint,no_comment
2573,2012,04_CHL,turnover_rate,bus,%,road,passenger,bev,all,yearly,national,['manually_inputted_data $ guess'],1,0.42,manually_inputted_data $ guess,0.03,manual,no_comment
2574,2013,04_CHL,new_vehicle_efficiency,bus,km_per_pj,road,passenger,bev,all,yearly,national,['avg_eff_no_outliers $ transport_data_system_9th'],1,1058314235.1561403,avg_eff_no_outliers $ transport_data_system_9th,81408787.3197031,single_datapoint,no_comment
2575,2013,04_CHL,turnover_rate,bus,%,road,passenger,bev,all,yearly,national,['manually_inputted_data $ guess'],1,0.42,manually_inputted_data $ guess,0.03,manual,no_comment
2576,2014,04_CHL,new_vehicle_efficiency,bus,km_per_pj,road,passenger,bev,all,yearly,national,['avg_eff_no_outliers $ transport_data_system_9th'],1,1058314235.1561403,avg_eff_no_outliers $ transport_data_system_9th,81408787.3197031,single_datapoint,no_comment
2577,2014,04_CHL,turnover_rate,bus,%,road,passenger,bev,all,yearly,national,['manually_inputted_data $ guess'],1,0.42,manually_inputted_data $ guess,0.03,manual,no_comment
2578,2015,04_CHL,new_vehicle_efficiency,bus,km_per_pj,road,passenger,bev,all,yearly,national,['avg_eff_no_outliers $ transport_data_system_9th'],1,1058314235.1561403,avg_eff_no_outliers $ transport_data_system_9th,81408787.3197031,single_datapoint,no_comment
2579,2015,04_CHL,turnover_rate,bus,%,road,passenger,bev,all,yearly,national,['manually_inputted_data $ guess'],1,0.42,manually_inputted_data $ guess,0.03,manual,no_comment
2580,2016,04_CHL,new_vehicle_efficiency,bus,km_per_pj,road,passenger,bev,all,yearly,national,['avg_eff_no_outliers $ transport_data_system_9th'],1,1058314235.1561403,avg_eff_no_outliers $ transport_data_system_9th,81408787.3197031,single_datapoint,no_comment
2581,2016,04_CHL,turnover_rate,bus,%,road,passenger,bev,all,yearly,national,['manually_inputted_data $ guess'],1,0.42,manually_inputted_data $ guess,0.03,manual,no_comment
2582,2017,04_CHL,activity,bus,passenger_km_or_freight_tonne_km,road,passenger,bev,all,yearly,national,['8th_edition_transport_model $ reference'],1,962606701.0,8th_edition_transport_model $ reference,962606701.0,single_datapoint,no_comment
2583,2017,04_CHL,energy,bus,pj,road,passenger,bev,all,yearly,national,['8th_edition_transport_model $ reference'],1,0.9625683468986054,8th_edition_transport_model $ reference,0.9625683468986054,single_datapoint,no_comment
2584,2017,04_CHL,new_vehicle_efficiency,bus,km_per_pj,road,passenger,bev,all,yearly,national,['avg_eff_no_outliers $ transport_data_system_9th'],1,1058314235.1561403,avg_eff_no_outliers $ transport_data_system_9th,81408787.3197031,single_datapoint,no_comment
2585,2017,04_CHL,turnover_rate,bus,%,road,passenger,bev,all,yearly,national,"['manually_inputted_data $ guess', 'turnover_rate_est']",2,0.42,manually_inputted_data $ guess,0.03,manual,no_comment
2586,2018,04_CHL,new_vehicle_efficiency,bus,km_per_pj,road,passenger,bev,all,yearly,national,['avg_eff_no_outliers $ transport_data_system_9th'],1,1058314235.1561403,avg_eff_no_outliers $ transport_data_system_9th,81408787.3197031,single_datapoint,no_comment
2587,2018,04_CHL,turnover_rate,bus,%,road,passenger,bev,all,yearly,national,['manually_inputted_data $ guess'],1,0.42,manually_inputted_data $ guess,0.03,manual,no_comment
2588,2019,04_CHL,new_vehicle_efficiency,bus,km_per_pj,road,passenger,bev,all,yearly,national,['avg_eff_no_outliers $ transport_data_system_9th'],1,1058314235.1561403,avg_eff_no_outliers $ transport_data_system_9th,81408787.3197031,single_datapoint,no_comment
2589,2019,04_CHL,turnover_rate,bus,%,road,passenger,bev,all,yearly,national,['manually_inputted_data $ guess'],1,0.42,manually_inputted_data $ guess,0.03,manual,no_comment
2590,2020,04_CHL,new_vehicle_efficiency,bus,km_per_pj,road,passenger,bev,all,yearly,national,['avg_eff_no_outliers $ transport_data_system_9th'],1,1058314235.1561403,avg_eff_no_outliers $ transport_data_system_9th,81408787.3197031,single_datapoint,no_comment
2591,2020,04_CHL,turnover_rate,bus,%,road,passenger,bev,all,yearly,national,['manually_inputted_data $ guess'],1,0.42,manually_inputted_data $ guess,0.03,manual,no_comment
2592,2021,04_CHL,new_vehicle_efficiency,bus,km_per_pj,road,passenger,bev,all,yearly,national,['avg_eff_no_outliers $ transport_data_system_9th'],1,1058314235.1561403,avg_eff_no_outliers $ transport_data_system_9th,81408787.3197031,single_datapoint,no_comment
2593,2021,04_CHL,turnover_rate,bus,%,road,passenger,bev,all,yearly,national,['manually_inputted_data $ guess'],1,0.42,manually_inputted_data $ guess,0.03,manual,no_comment
2594,2022,04_CHL,new_vehicle_efficiency,bus,km_per_pj,road,passenger,bev,all,yearly,national,['avg_eff_no_outliers $ transport_data_system_9th'],1,1058314235.1561403,avg_eff_no_outliers $ transport_data_system_9th,81408787.3197031,single_datapoint,no_comment
2595,2022,04_CHL,turnover_rate,bus,%,road,passenger,bev,all,yearly,national,['manually_inputted_data $ guess'],1,0.42,manually_inputted_data $ guess,0.03,manual,no_comment
2596,2010,04_CHL,new_vehicle_efficiency,bus,km_per_pj,road,passenger,cng,all,yearly,national,['avg_eff_no_outliers $ transport_data_system_9th'],1,1813839119.6717222,avg_eff_no_outliers $ transport_data_system_9th,139526086.128594,single_datapoint,no_comment
2597,2010,04_CHL,turnover_rate,bus,%,road,passenger,cng,all,yearly,national,['manually_inputted_data $ guess'],1,0.42,manually_inputted_data $ guess,0.03,manual,no_comment
2598,2011,04_CHL,new_vehicle_efficiency,bus,km_per_pj,road,passenger,cng,all,yearly,national,['avg_eff_no_outliers $ transport_data_system_9th'],1,1813839119.6717222,avg_eff_no_outliers $ transport_data_system_9th,139526086.128594,single_datapoint,no_comment
2599,2011,04_CHL,turnover_rate,bus,%,road,passenger,cng,all,yearly,national,['manually_inputted_data $ guess'],1,0.42,manually_inputted_data $ guess,0.03,manual,no_comment
2600,2012,04_CHL,new_vehicle_efficiency,bus,km_per_pj,road,passenger,cng,all,yearly,national,['avg_eff_no_outliers $ transport_data_system_9th'],1,1813839119.6717222,avg_eff_no_outliers $ transport_data_system_9th,139526086.128594,single_datapoint,no_comment
2601,2012,04_CHL,turnover_rate,bus,%,road,passenger,cng,all,yearly,national,['manually_inputted_data $ guess'],1,0.42,manually_inputted_data $ guess,0.03,manual,no_comment
2602,2013,04_CHL,new_vehicle_efficiency,bus,km_per_pj,road,passenger,cng,all,yearly,national,['avg_eff_no_outliers $ transport_data_system_9th'],1,1813839119.6717222,avg_eff_no_outliers $ transport_data_system_9th,139526086.128594,single_datapoint,no_comment
2603,2013,04_CHL,turnover_rate,bus,%,road,passenger,cng,all,yearly,national,['manually_inputted_data $ guess'],1,0.42,manually_inputted_data $ guess,0.03,manual,no_comment
2604,2014,04_CHL,new_vehicle_efficiency,bus,km_per_pj,road,passenger,cng,all,yearly,national,['avg_eff_no_outliers $ transport_data_system_9th'],1,1813839119.6717222,avg_eff_no_outliers $ transport_data_system_9th,139526086.128594,single_datapoint,no_comment
2605,2014,04_CHL,turnover_rate,bus,%,road,passenger,cng,all,yearly,national,['manually_inputted_data $ guess'],1,0.42,manually_inputted_data $ guess,0.03,manual,no_comment
2606,2015,04_CHL,new_vehicle_efficiency,bus,km_per_pj,road,passenger,cng,all,yearly,national,['avg_eff_no_outliers $ transport_data_system_9th'],1,1813839119.6717222,avg_eff_no_outliers $ transport_data_system_9th,139526086.128594,single_datapoint,no_comment
2607,2015,04_CHL,turnover_rate,bus,%,road,passenger,cng,all,yearly,national,['manually_inputted_data $ guess'],1,0.42,manually_inputted_data $ guess,0.03,manual,no_comment
2608,2016,04_CHL,new_vehicle_efficiency,bus,km_per_pj,road,passenger,cng,all,yearly,national,['avg_eff_no_outliers $ transport_data_system_9th'],1,1813839119.6717222,avg_eff_no_outliers $ transport_data_system_9th,139526086.128594,single_datapoint,no_comment
2609,2016,04_CHL,turnover_rate,bus,%,road,passenger,cng,all,yearly,national,['manually_inputted_data $ guess'],1,0.42,manually_inputted_data $ guess,0.03,manual,no_comment
2610,2017,04_CHL,new_vehicle_efficiency,bus,km_per_pj,road,passenger,cng,all,yearly,national,['avg_eff_no_outliers $ transport_data_system_9th'],1,1813839119.6717222,avg_eff_no_outliers $ transport_data_system_9th,139526086.128594,single_datapoint,no_comment
2611,2017,04_CHL,turnover_rate,bus,%,road,passenger,cng,all,yearly,national,"['manually_inputted_data $ guess', 'turnover_rate_est']",2,0.42,manually_inputted_data $ guess,0.03,manual,no_comment
2612,2018,04_CHL,new_vehicle_efficiency,bus,km_per_pj,road,passenger,cng,all,yearly,national,['avg_eff_no_outliers $ transport_data_system_9th'],1,1813839119.6717222,avg_eff_no_outliers $ transport_data_system_9th,139526086.128594,single_datapoint,no_comment
2613,2018,04_CHL,turnover_rate,bus,%,road,passenger,cng,all,yearly,national,['manually_inputted_data $ guess'],1,0.42,manually_inputted_data $ guess,0.03,manual,no_comment
2614,2019,04_CHL,new_vehicle_efficiency,bus,km_per_pj,road,passenger,cng,all,yearly,national,['avg_eff_no_outliers $ transport_data_system_9th'],1,1813839119.6717222,avg_eff_no_outliers $ transport_data_system_9th,139526086.128594,single_datapoint,no_comment
2615,2019,04_CHL,turnover_rate,bus,%,road,passenger,cng,all,yearly,national,['manually_inputted_data $ guess'],1,0.42,manually_inputted_data $ guess,0.03,manual,no_comment
2616,2020,04_CHL,new_vehicle_efficiency,bus,km_per_pj,road,passenger,cng,all,yearly,national,['avg_eff_no_outliers $ transport_data_system_9th'],1,1813839119.6717222,avg_eff_no_outliers $ transport_data_system_9th,139526086.128594,single_datapoint,no_comment
2617,2020,04_CHL,turnover_rate,bus,%,road,passenger,cng,all,yearly,national,['manually_inputted_data $ guess'],1,0.42,manually_inputted_data $ guess,0.03,manual,no_comment
2618,2021,04_CHL,new_vehicle_efficiency,bus,km_per_pj,road,passenger,cng,all,yearly,national,['avg_eff_no_outliers $ transport_data_system_9th'],1,1813839119.6717222,avg_eff_no_outliers $ transport_data_system_9th,139526086.128594,single_datapoint,no_comment
2619,2021,04_CHL,turnover_rate,bus,%,road,passenger,cng,all,yearly,national,['manually_inputted_data $ guess'],1,0.42,manually_inputted_data $ guess,0.03,manual,no_comment
2620,2022,04_CHL,new_vehicle_efficiency,bus,km_per_pj,road,passenger,cng,all,yearly,national,['avg_eff_no_outliers $ transport_data_system_9th'],1,1813839119.6717222,avg_eff_no_outliers $ transport_data_system_9th,139526086.128594,single_datapoint,no_comment
2621,2022,04_CHL,turnover_rate,bus,%,road,passenger,cng,all,yearly,national,['manually_inputted_data $ guess'],1,0.42,manually_inputted_data $ guess,0.03,manual,no_comment
2622,2017,04_CHL,turnover_rate,bus,%,road,passenger,fcev,all,yearly,national,['turnover_rate_est'],1,0.03,turnover_rate_est,0.03,single_datapoint,no_comment
2623,2010,04_CHL,new_vehicle_efficiency,bus,km_per_pj,road,passenger,ice,all,yearly,national,['avg_eff_no_outliers $ transport_data_system_9th'],1,910941040.8338033,avg_eff_no_outliers $ transport_data_system_9th,70072387.7564464,single_datapoint,no_comment
2624,2010,04_CHL,turnover_rate,bus,%,road,passenger,ice,all,yearly,national,['manually_inputted_data $ guess'],1,0.39,manually_inputted_data $ guess,0.03,single_datapoint,no_comment
2625,2011,04_CHL,new_vehicle_efficiency,bus,km_per_pj,road,passenger,ice,all,yearly,national,['avg_eff_no_outliers $ transport_data_system_9th'],1,910941040.8338033,avg_eff_no_outliers $ transport_data_system_9th,70072387.7564464,single_datapoint,no_comment
2626,2011,04_CHL,turnover_rate,bus,%,road,passenger,ice,all,yearly,national,['manually_inputted_data $ guess'],1,0.39,manually_inputted_data $ guess,0.03,single_datapoint,no_comment
2627,2012,04_CHL,new_vehicle_efficiency,bus,km_per_pj,road,passenger,ice,all,yearly,national,['avg_eff_no_outliers $ transport_data_system_9th'],1,910941040.8338033,avg_eff_no_outliers $ transport_data_system_9th,70072387.7564464,single_datapoint,no_comment
2628,2012,04_CHL,turnover_rate,bus,%,road,passenger,ice,all,yearly,national,['manually_inputted_data $ guess'],1,0.39,manually_inputted_data $ guess,0.03,single_datapoint,no_comment
2629,2013,04_CHL,new_vehicle_efficiency,bus,km_per_pj,road,passenger,ice,all,yearly,national,['avg_eff_no_outliers $ transport_data_system_9th'],1,910941040.8338033,avg_eff_no_outliers $ transport_data_system_9th,70072387.7564464,single_datapoint,no_comment
2630,2013,04_CHL,turnover_rate,bus,%,road,passenger,ice,all,yearly,national,['manually_inputted_data $ guess'],1,0.39,manually_inputted_data $ guess,0.03,single_datapoint,no_comment
2631,2014,04_CHL,new_vehicle_efficiency,bus,km_per_pj,road,passenger,ice,all,yearly,national,['avg_eff_no_outliers $ transport_data_system_9th'],1,910941040.8338033,avg_eff_no_outliers $ transport_data_system_9th,70072387.7564464,single_datapoint,no_comment
2632,2014,04_CHL,turnover_rate,bus,%,road,passenger,ice,all,yearly,national,['manually_inputted_data $ guess'],1,0.39,manually_inputted_data $ guess,0.03,single_datapoint,no_comment
2633,2015,04_CHL,new_vehicle_efficiency,bus,km_per_pj,road,passenger,ice,all,yearly,national,['avg_eff_no_outliers $ transport_data_system_9th'],1,910941040.8338033,avg_eff_no_outliers $ transport_data_system_9th,70072387.7564464,single_datapoint,no_comment
2634,2015,04_CHL,turnover_rate,bus,%,road,passenger,ice,all,yearly,national,['manually_inputted_data $ guess'],1,0.39,manually_inputted_data $ guess,0.03,single_datapoint,no_comment
2635,2016,04_CHL,new_vehicle_efficiency,bus,km_per_pj,road,passenger,ice,all,yearly,national,['avg_eff_no_outliers $ transport_data_system_9th'],1,910941040.8338033,avg_eff_no_outliers $ transport_data_system_9th,70072387.7564464,single_datapoint,no_comment
2636,2016,04_CHL,turnover_rate,bus,%,road,passenger,ice,all,yearly,national,['manually_inputted_data $ guess'],1,0.39,manually_inputted_data $ guess,0.03,single_datapoint,no_comment
2637,2017,04_CHL,activity,bus,passenger_km_or_freight_tonne_km,road,passenger,ice,all,yearly,national,['estimated $ calculate_energy_and_activity()'],1,66233250000.0,estimated $ calculate_energy_and_activity(),66233250000.0,single_datapoint,no_comment
2638,2017,04_CHL,energy,bus,pj,road,passenger,ice,all,yearly,national,['estimated $ calculate_energy_and_activity()'],1,59.33288324831666,estimated $ calculate_energy_and_activity(),59.33288324831666,single_datapoint,no_comment
2639,2017,04_CHL,new_vehicle_efficiency,bus,km_per_pj,road,passenger,ice,all,yearly,national,['avg_eff_no_outliers $ transport_data_system_9th'],1,910941040.8338033,avg_eff_no_outliers $ transport_data_system_9th,70072387.7564464,single_datapoint,no_comment
2640,2017,04_CHL,travel_km,bus,km,road,passenger,ice,all,yearly,national,['estimated $ calculate_energy_and_activity()'],1,4415550000.0,estimated $ calculate_energy_and_activity(),4415550000.0,single_datapoint,no_comment
2641,2017,04_CHL,turnover_rate,bus,%,road,passenger,ice,all,yearly,national,['manually_inputted_data $ guess'],1,0.39,manually_inputted_data $ guess,0.03,single_datapoint,no_comment
2642,2018,04_CHL,new_vehicle_efficiency,bus,km_per_pj,road,passenger,ice,all,yearly,national,['avg_eff_no_outliers $ transport_data_system_9th'],1,910941040.8338033,avg_eff_no_outliers $ transport_data_system_9th,70072387.7564464,single_datapoint,no_comment
2643,2018,04_CHL,turnover_rate,bus,%,road,passenger,ice,all,yearly,national,['manually_inputted_data $ guess'],1,0.39,manually_inputted_data $ guess,0.03,single_datapoint,no_comment
2644,2019,04_CHL,new_vehicle_efficiency,bus,km_per_pj,road,passenger,ice,all,yearly,national,['avg_eff_no_outliers $ transport_data_system_9th'],1,910941040.8338033,avg_eff_no_outliers $ transport_data_system_9th,70072387.7564464,single_datapoint,no_comment
2645,2019,04_CHL,turnover_rate,bus,%,road,passenger,ice,all,yearly,national,['manually_inputted_data $ guess'],1,0.39,manually_inputted_data $ guess,0.03,single_datapoint,no_comment
2646,2020,04_CHL,new_vehicle_efficiency,bus,km_per_pj,road,passenger,ice,all,yearly,national,['avg_eff_no_outliers $ transport_data_system_9th'],1,910941040.8338033,avg_eff_no_outliers $ transport_data_system_9th,70072387.7564464,single_datapoint,no_comment
2647,2020,04_CHL,turnover_rate,bus,%,road,passenger,ice,all,yearly,national,['manually_inputted_data $ guess'],1,0.39,manually_inputted_data $ guess,0.03,single_datapoint,no_comment
2648,2021,04_CHL,new_vehicle_efficiency,bus,km_per_pj,road,passenger,ice,all,yearly,national,['avg_eff_no_outliers $ transport_data_system_9th'],1,910941040.8338033,avg_eff_no_outliers $ transport_data_system_9th,70072387.7564464,single_datapoint,no_comment
2649,2021,04_CHL,turnover_rate,bus,%,road,passenger,ice,all,yearly,national,['manually_inputted_data $ guess'],1,0.39,manually_inputted_data $ guess,0.03,single_datapoint,no_comment
2650,2022,04_CHL,new_vehicle_efficiency,bus,km_per_pj,road,passenger,ice,all,yearly,national,['avg_eff_no_outliers $ transport_data_system_9th'],1,910941040.8338033,avg_eff_no_outliers $ transport_data_system_9th,70072387.7564464,single_datapoint,no_comment
2651,2022,04_CHL,turnover_rate,bus,%,road,passenger,ice,all,yearly,national,['manually_inputted_data $ guess'],1,0.39,manually_inputted_data $ guess,0.03,single_datapoint,no_comment
2652,2010,04_CHL,new_vehicle_efficiency,bus,km_per_pj,road,passenger,lpg,all,yearly,national,['avg_eff_no_outliers $ transport_data_system_9th'],1,1295830676.4857378,avg_eff_no_outliers $ transport_data_system_9th,99679282.8065952,single_datapoint,no_comment
2653,2010,04_CHL,turnover_rate,bus,%,road,passenger,lpg,all,yearly,national,['manually_inputted_data $ guess'],1,0.42,manually_inputted_data $ guess,0.03,manual,no_comment
2654,2011,04_CHL,new_vehicle_efficiency,bus,km_per_pj,road,passenger,lpg,all,yearly,national,['avg_eff_no_outliers $ transport_data_system_9th'],1,1295830676.4857378,avg_eff_no_outliers $ transport_data_system_9th,99679282.8065952,single_datapoint,no_comment
2655,2011,04_CHL,turnover_rate,bus,%,road,passenger,lpg,all,yearly,national,['manually_inputted_data $ guess'],1,0.42,manually_inputted_data $ guess,0.03,manual,no_comment
2656,2012,04_CHL,new_vehicle_efficiency,bus,km_per_pj,road,passenger,lpg,all,yearly,national,['avg_eff_no_outliers $ transport_data_system_9th'],1,1295830676.4857378,avg_eff_no_outliers $ transport_data_system_9th,99679282.8065952,single_datapoint,no_comment
2657,2012,04_CHL,turnover_rate,bus,%,road,passenger,lpg,all,yearly,national,['manually_inputted_data $ guess'],1,0.42,manually_inputted_data $ guess,0.03,manual,no_comment
2658,2013,04_CHL,new_vehicle_efficiency,bus,km_per_pj,road,passenger,lpg,all,yearly,national,['avg_eff_no_outliers $ transport_data_system_9th'],1,1295830676.4857378,avg_eff_no_outliers $ transport_data_system_9th,99679282.8065952,single_datapoint,no_comment
2659,2013,04_CHL,turnover_rate,bus,%,road,passenger,lpg,all,yearly,national,['manually_inputted_data $ guess'],1,0.42,manually_inputted_data $ guess,0.03,manual,no_comment
2660,2014,04_CHL,new_vehicle_efficiency,bus,km_per_pj,road,passenger,lpg,all,yearly,national,['avg_eff_no_outliers $ transport_data_system_9th'],1,1295830676.4857378,avg_eff_no_outliers $ transport_data_system_9th,99679282.8065952,single_datapoint,no_comment
2661,2014,04_CHL,turnover_rate,bus,%,road,passenger,lpg,all,yearly,national,['manually_inputted_data $ guess'],1,0.42,manually_inputted_data $ guess,0.03,manual,no_comment
2662,2015,04_CHL,new_vehicle_efficiency,bus,km_per_pj,road,passenger,lpg,all,yearly,national,['avg_eff_no_outliers $ transport_data_system_9th'],1,1295830676.4857378,avg_eff_no_outliers $ transport_data_system_9th,99679282.8065952,single_datapoint,no_comment
2663,2015,04_CHL,turnover_rate,bus,%,road,passenger,lpg,all,yearly,national,['manually_inputted_data $ guess'],1,0.42,manually_inputted_data $ guess,0.03,manual,no_comment
2664,2016,04_CHL,new_vehicle_efficiency,bus,km_per_pj,road,passenger,lpg,all,yearly,national,['avg_eff_no_outliers $ transport_data_system_9th'],1,1295830676.4857378,avg_eff_no_outliers $ transport_data_system_9th,99679282.8065952,single_datapoint,no_comment
2665,2016,04_CHL,turnover_rate,bus,%,road,passenger,lpg,all,yearly,national,['manually_inputted_data $ guess'],1,0.42,manually_inputted_data $ guess,0.03,manual,no_comment
2666,2017,04_CHL,new_vehicle_efficiency,bus,km_per_pj,road,passenger,lpg,all,yearly,national,['avg_eff_no_outliers $ transport_data_system_9th'],1,1295830676.4857378,avg_eff_no_outliers $ transport_data_system_9th,99679282.8065952,single_datapoint,no_comment
2667,2017,04_CHL,turnover_rate,bus,%,road,passenger,lpg,all,yearly,national,"['manually_inputted_data $ guess', 'turnover_rate_est']",2,0.42,manually_inputted_data $ guess,0.03,manual,no_comment
2668,2018,04_CHL,new_vehicle_efficiency,bus,km_per_pj,road,passenger,lpg,all,yearly,national,['avg_eff_no_outliers $ transport_data_system_9th'],1,1295830676.4857378,avg_eff_no_outliers $ transport_data_system_9th,99679282.8065952,single_datapoint,no_comment
2669,2018,04_CHL,turnover_rate,bus,%,road,passenger,lpg,all,yearly,national,['manually_inputted_data $ guess'],1,0.42,manually_inputted_data $ guess,0.03,manual,no_comment
2670,2019,04_CHL,new_vehicle_efficiency,bus,km_per_pj,road,passenger,lpg,all,yearly,national,['avg_eff_no_outliers $ transport_data_system_9th'],1,1295830676.4857378,avg_eff_no_outliers $ transport_data_system_9th,99679282.8065952,single_datapoint,no_comment
2671,2019,04_CHL,turnover_rate,bus,%,road,passenger,lpg,all,yearly,national,['manually_inputted_data $ guess'],1,0.42,manually_inputted_data $ guess,0.03,manual,no_comment
2672,2020,04_CHL,new_vehicle_efficiency,bus,km_per_pj,road,passenger,lpg,all,yearly,national,['avg_eff_no_outliers $ transport_data_system_9th'],1,1295830676.4857378,avg_eff_no_outliers $ transport_data_system_9th,99679282.8065952,single_datapoint,no_comment
2673,2020,04_CHL,turnover_rate,bus,%,road,passenger,lpg,all,yearly,national,['manually_inputted_data $ guess'],1,0.42,manually_inputted_data $ guess,0.03,manual,no_comment
2674,2021,04_CHL,new_vehicle_efficiency,bus,km_per_pj,road,passenger,lpg,all,yearly,national,['avg_eff_no_outliers $ transport_data_system_9th'],1,1295830676.4857378,avg_eff_no_outliers $ transport_data_system_9th,99679282.8065952,single_datapoint,no_comment
2675,2021,04_CHL,turnover_rate,bus,%,road,passenger,lpg,all,yearly,national,['manually_inputted_data $ guess'],1,0.42,manually_inputted_data $ guess,0.03,manual,no_comment
2676,2022,04_CHL,new_vehicle_efficiency,bus,km_per_pj,road,passenger,lpg,all,yearly,national,['avg_eff_no_outliers $ transport_data_system_9th'],1,1295830676.4857378,avg_eff_no_outliers $ transport_data_system_9th,99679282.8065952,single_datapoint,no_comment
2677,2022,04_CHL,turnover_rate,bus,%,road,passenger,lpg,all,yearly,national,['manually_inputted_data $ guess'],1,0.42,manually_inputted_data $ guess,0.03,manual,no_comment
2678,2010,04_CHL,new_vehicle_efficiency,bus,km_per_pj,road,passenger,phev,all,yearly,national,['avg_eff_no_outliers $ transport_data_system_9th'],1,1472018422.278209,avg_eff_no_outliers $ transport_data_system_9th,113232186.329093,single_datapoint,no_comment
2679,2010,04_CHL,turnover_rate,bus,%,road,passenger,phev,all,yearly,national,['manually_inputted_data $ guess'],1,0.39,manually_inputted_data $ guess,0.03,single_datapoint,no_comment
2680,2011,04_CHL,new_vehicle_efficiency,bus,km_per_pj,road,passenger,phev,all,yearly,national,['avg_eff_no_outliers $ transport_data_system_9th'],1,1472018422.278209,avg_eff_no_outliers $ transport_data_system_9th,113232186.329093,single_datapoint,no_comment
2681,2011,04_CHL,turnover_rate,bus,%,road,passenger,phev,all,yearly,national,['manually_inputted_data $ guess'],1,0.39,manually_inputted_data $ guess,0.03,single_datapoint,no_comment
2682,2012,04_CHL,new_vehicle_efficiency,bus,km_per_pj,road,passenger,phev,all,yearly,national,['avg_eff_no_outliers $ transport_data_system_9th'],1,1472018422.278209,avg_eff_no_outliers $ transport_data_system_9th,113232186.329093,single_datapoint,no_comment
2683,2012,04_CHL,turnover_rate,bus,%,road,passenger,phev,all,yearly,national,['manually_inputted_data $ guess'],1,0.39,manually_inputted_data $ guess,0.03,single_datapoint,no_comment
2684,2013,04_CHL,new_vehicle_efficiency,bus,km_per_pj,road,passenger,phev,all,yearly,national,['avg_eff_no_outliers $ transport_data_system_9th'],1,1472018422.278209,avg_eff_no_outliers $ transport_data_system_9th,113232186.329093,single_datapoint,no_comment
2685,2013,04_CHL,turnover_rate,bus,%,road,passenger,phev,all,yearly,national,['manually_inputted_data $ guess'],1,0.39,manually_inputted_data $ guess,0.03,single_datapoint,no_comment
2686,2014,04_CHL,new_vehicle_efficiency,bus,km_per_pj,road,passenger,phev,all,yearly,national,['avg_eff_no_outliers $ transport_data_system_9th'],1,1472018422.278209,avg_eff_no_outliers $ transport_data_system_9th,113232186.329093,single_datapoint,no_comment
2687,2014,04_CHL,turnover_rate,bus,%,road,passenger,phev,all,yearly,national,['manually_inputted_data $ guess'],1,0.39,manually_inputted_data $ guess,0.03,single_datapoint,no_comment
2688,2015,04_CHL,new_vehicle_efficiency,bus,km_per_pj,road,passenger,phev,all,yearly,national,['avg_eff_no_outliers $ transport_data_system_9th'],1,1472018422.278209,avg_eff_no_outliers $ transport_data_system_9th,113232186.329093,single_datapoint,no_comment
2689,2015,04_CHL,turnover_rate,bus,%,road,passenger,phev,all,yearly,national,['manually_inputted_data $ guess'],1,0.39,manually_inputted_data $ guess,0.03,single_datapoint,no_comment
2690,2016,04_CHL,new_vehicle_efficiency,bus,km_per_pj,road,passenger,phev,all,yearly,national,['avg_eff_no_outliers $ transport_data_system_9th'],1,1472018422.278209,avg_eff_no_outliers $ transport_data_system_9th,113232186.329093,single_datapoint,no_comment
2691,2016,04_CHL,turnover_rate,bus,%,road,passenger,phev,all,yearly,national,['manually_inputted_data $ guess'],1,0.39,manually_inputted_data $ guess,0.03,single_datapoint,no_comment
2692,2017,04_CHL,new_vehicle_efficiency,bus,km_per_pj,road,passenger,phev,all,yearly,national,['avg_eff_no_outliers $ transport_data_system_9th'],1,1472018422.278209,avg_eff_no_outliers $ transport_data_system_9th,113232186.329093,single_datapoint,no_comment
2693,2017,04_CHL,turnover_rate,bus,%,road,passenger,phev,all,yearly,national,['manually_inputted_data $ guess'],1,0.39,manually_inputted_data $ guess,0.03,single_datapoint,no_comment
2694,2018,04_CHL,new_vehicle_efficiency,bus,km_per_pj,road,passenger,phev,all,yearly,national,['avg_eff_no_outliers $ transport_data_system_9th'],1,1472018422.278209,avg_eff_no_outliers $ transport_data_system_9th,113232186.329093,single_datapoint,no_comment
2695,2018,04_CHL,turnover_rate,bus,%,road,passenger,phev,all,yearly,national,['manually_inputted_data $ guess'],1,0.39,manually_inputted_data $ guess,0.03,single_datapoint,no_comment
2696,2019,04_CHL,new_vehicle_efficiency,bus,km_per_pj,road,passenger,phev,all,yearly,national,['avg_eff_no_outliers $ transport_data_system_9th'],1,1472018422.278209,avg_eff_no_outliers $ transport_data_system_9th,113232186.329093,single_datapoint,no_comment
2697,2019,04_CHL,turnover_rate,bus,%,road,passenger,phev,all,yearly,national,['manually_inputted_data $ guess'],1,0.39,manually_inputted_data $ guess,0.03,single_datapoint,no_comment
2698,2020,04_CHL,new_vehicle_efficiency,bus,km_per_pj,road,passenger,phev,all,yearly,national,['avg_eff_no_outliers $ transport_data_system_9th'],1,1472018422.278209,avg_eff_no_outliers $ transport_data_system_9th,113232186.329093,single_datapoint,no_comment
2699,2020,04_CHL,turnover_rate,bus,%,road,passenger,phev,all,yearly,national,['manually_inputted_data $ guess'],1,0.39,manually_inputted_data $ guess,0.03,single_datapoint,no_comment
2700,2021,04_CHL,new_vehicle_efficiency,bus,km_per_pj,road,passenger,phev,all,yearly,national,['avg_eff_no_outliers $ transport_data_system_9th'],1,1472018422.278209,avg_eff_no_outliers $ transport_data_system_9th,113232186.329093,single_datapoint,no_comment
2701,2021,04_CHL,turnover_rate,bus,%,road,passenger,phev,all,yearly,national,['manually_inputted_data $ guess'],1,0.39,manually_inputted_data $ guess,0.03,single_datapoint,no_comment
2702,2022,04_CHL,new_vehicle_efficiency,bus,km_per_pj,road,passenger,phev,all,yearly,national,['avg_eff_no_outliers $ transport_data_system_9th'],1,1472018422.278209,avg_eff_no_outliers $ transport_data_system_9th,113232186.329093,single_datapoint,no_comment
2703,2022,04_CHL,turnover_rate,bus,%,road,passenger,phev,all,yearly,national,['manually_inputted_data $ guess'],1,0.39,manually_inputted_data $ guess,0.03,single_datapoint,no_comment
2704,2010,04_CHL,new_vehicle_efficiency,ht,km_per_pj,road,freight,bev,all,yearly,national,['avg_eff_no_outliers $ transport_data_system_9th'],1,3249486640.872147,avg_eff_no_outliers $ transport_data_system_9th,249960510.836319,single_datapoint,no_comment
2705,2010,04_CHL,turnover_rate,ht,%,road,freight,bev,all,yearly,national,['manually_inputted_data $ guess'],1,0.42,manually_inputted_data $ guess,0.03,manual,no_comment
2706,2011,04_CHL,new_vehicle_efficiency,ht,km_per_pj,road,freight,bev,all,yearly,national,['avg_eff_no_outliers $ transport_data_system_9th'],1,3249486640.872147,avg_eff_no_outliers $ transport_data_system_9th,249960510.836319,single_datapoint,no_comment
2707,2011,04_CHL,turnover_rate,ht,%,road,freight,bev,all,yearly,national,['manually_inputted_data $ guess'],1,0.42,manually_inputted_data $ guess,0.03,manual,no_comment
2708,2012,04_CHL,new_vehicle_efficiency,ht,km_per_pj,road,freight,bev,all,yearly,national,['avg_eff_no_outliers $ transport_data_system_9th'],1,3249486640.872147,avg_eff_no_outliers $ transport_data_system_9th,249960510.836319,single_datapoint,no_comment
2709,2012,04_CHL,turnover_rate,ht,%,road,freight,bev,all,yearly,national,['manually_inputted_data $ guess'],1,0.42,manually_inputted_data $ guess,0.03,manual,no_comment
2710,2013,04_CHL,new_vehicle_efficiency,ht,km_per_pj,road,freight,bev,all,yearly,national,['avg_eff_no_outliers $ transport_data_system_9th'],1,3249486640.872147,avg_eff_no_outliers $ transport_data_system_9th,249960510.836319,single_datapoint,no_comment
2711,2013,04_CHL,turnover_rate,ht,%,road,freight,bev,all,yearly,national,['manually_inputted_data $ guess'],1,0.42,manually_inputted_data $ guess,0.03,manual,no_comment
2712,2014,04_CHL,new_vehicle_efficiency,ht,km_per_pj,road,freight,bev,all,yearly,national,['avg_eff_no_outliers $ transport_data_system_9th'],1,3249486640.872147,avg_eff_no_outliers $ transport_data_system_9th,249960510.836319,single_datapoint,no_comment
2713,2014,04_CHL,turnover_rate,ht,%,road,freight,bev,all,yearly,national,['manually_inputted_data $ guess'],1,0.42,manually_inputted_data $ guess,0.03,manual,no_comment
2714,2015,04_CHL,new_vehicle_efficiency,ht,km_per_pj,road,freight,bev,all,yearly,national,['avg_eff_no_outliers $ transport_data_system_9th'],1,3249486640.872147,avg_eff_no_outliers $ transport_data_system_9th,249960510.836319,single_datapoint,no_comment
2715,2015,04_CHL,turnover_rate,ht,%,road,freight,bev,all,yearly,national,['manually_inputted_data $ guess'],1,0.42,manually_inputted_data $ guess,0.03,manual,no_comment
2716,2016,04_CHL,new_vehicle_efficiency,ht,km_per_pj,road,freight,bev,all,yearly,national,['avg_eff_no_outliers $ transport_data_system_9th'],1,3249486640.872147,avg_eff_no_outliers $ transport_data_system_9th,249960510.836319,single_datapoint,no_comment
2717,2016,04_CHL,turnover_rate,ht,%,road,freight,bev,all,yearly,national,['manually_inputted_data $ guess'],1,0.42,manually_inputted_data $ guess,0.03,manual,no_comment
2718,2017,04_CHL,new_vehicle_efficiency,ht,km_per_pj,road,freight,bev,all,yearly,national,['avg_eff_no_outliers $ transport_data_system_9th'],1,3249486640.872147,avg_eff_no_outliers $ transport_data_system_9th,249960510.836319,single_datapoint,no_comment
2719,2017,04_CHL,turnover_rate,ht,%,road,freight,bev,all,yearly,national,"['manually_inputted_data $ guess', 'turnover_rate_est']",2,0.42,manually_inputted_data $ guess,0.03,manual,no_comment
2720,2018,04_CHL,new_vehicle_efficiency,ht,km_per_pj,road,freight,bev,all,yearly,national,['avg_eff_no_outliers $ transport_data_system_9th'],1,3249486640.872147,avg_eff_no_outliers $ transport_data_system_9th,249960510.836319,single_datapoint,no_comment
2721,2018,04_CHL,turnover_rate,ht,%,road,freight,bev,all,yearly,national,['manually_inputted_data $ guess'],1,0.42,manually_inputted_data $ guess,0.03,manual,no_comment
2722,2019,04_CHL,new_vehicle_efficiency,ht,km_per_pj,road,freight,bev,all,yearly,national,['avg_eff_no_outliers $ transport_data_system_9th'],1,3249486640.872147,avg_eff_no_outliers $ transport_data_system_9th,249960510.836319,single_datapoint,no_comment
2723,2019,04_CHL,turnover_rate,ht,%,road,freight,bev,all,yearly,national,['manually_inputted_data $ guess'],1,0.42,manually_inputted_data $ guess,0.03,manual,no_comment
2724,2020,04_CHL,new_vehicle_efficiency,ht,km_per_pj,road,freight,bev,all,yearly,national,['avg_eff_no_outliers $ transport_data_system_9th'],1,3249486640.872147,avg_eff_no_outliers $ transport_data_system_9th,249960510.836319,single_datapoint,no_comment
2725,2020,04_CHL,turnover_rate,ht,%,road,freight,bev,all,yearly,national,['manually_inputted_data $ guess'],1,0.42,manually_inputted_data $ guess,0.03,manual,no_comment
2726,2021,04_CHL,new_vehicle_efficiency,ht,km_per_pj,road,freight,bev,all,yearly,national,['avg_eff_no_outliers $ transport_data_system_9th'],1,3249486640.872147,avg_eff_no_outliers $ transport_data_system_9th,249960510.836319,single_datapoint,no_comment
2727,2021,04_CHL,turnover_rate,ht,%,road,freight,bev,all,yearly,national,['manually_inputted_data $ guess'],1,0.42,manually_inputted_data $ guess,0.03,manual,no_comment
2728,2022,04_CHL,new_vehicle_efficiency,ht,km_per_pj,road,freight,bev,all,yearly,national,['avg_eff_no_outliers $ transport_data_system_9th'],1,3249486640.872147,avg_eff_no_outliers $ transport_data_system_9th,249960510.836319,single_datapoint,no_comment
2729,2022,04_CHL,turnover_rate,ht,%,road,freight,bev,all,yearly,national,['manually_inputted_data $ guess'],1,0.42,manually_inputted_data $ guess,0.03,manual,no_comment
2730,2010,04_CHL,new_vehicle_efficiency,ht,km_per_pj,road,freight,cng,all,yearly,national,['avg_eff_no_outliers $ transport_data_system_9th'],1,1775178058.548531,avg_eff_no_outliers $ transport_data_system_9th,136552158.349887,single_datapoint,no_comment
2731,2010,04_CHL,turnover_rate,ht,%,road,freight,cng,all,yearly,national,['manually_inputted_data $ guess'],1,0.42,manually_inputted_data $ guess,0.03,manual,no_comment
2732,2011,04_CHL,new_vehicle_efficiency,ht,km_per_pj,road,freight,cng,all,yearly,national,['avg_eff_no_outliers $ transport_data_system_9th'],1,1775178058.548531,avg_eff_no_outliers $ transport_data_system_9th,136552158.349887,single_datapoint,no_comment
2733,2011,04_CHL,turnover_rate,ht,%,road,freight,cng,all,yearly,national,['manually_inputted_data $ guess'],1,0.42,manually_inputted_data $ guess,0.03,manual,no_comment
2734,2012,04_CHL,new_vehicle_efficiency,ht,km_per_pj,road,freight,cng,all,yearly,national,['avg_eff_no_outliers $ transport_data_system_9th'],1,1775178058.548531,avg_eff_no_outliers $ transport_data_system_9th,136552158.349887,single_datapoint,no_comment
2735,2012,04_CHL,turnover_rate,ht,%,road,freight,cng,all,yearly,national,['manually_inputted_data $ guess'],1,0.42,manually_inputted_data $ guess,0.03,manual,no_comment
2736,2013,04_CHL,new_vehicle_efficiency,ht,km_per_pj,road,freight,cng,all,yearly,national,['avg_eff_no_outliers $ transport_data_system_9th'],1,1775178058.548531,avg_eff_no_outliers $ transport_data_system_9th,136552158.349887,single_datapoint,no_comment
2737,2013,04_CHL,turnover_rate,ht,%,road,freight,cng,all,yearly,national,['manually_inputted_data $ guess'],1,0.42,manually_inputted_data $ guess,0.03,manual,no_comment
2738,2014,04_CHL,new_vehicle_efficiency,ht,km_per_pj,road,freight,cng,all,yearly,national,['avg_eff_no_outliers $ transport_data_system_9th'],1,1775178058.548531,avg_eff_no_outliers $ transport_data_system_9th,136552158.349887,single_datapoint,no_comment
2739,2014,04_CHL,turnover_rate,ht,%,road,freight,cng,all,yearly,national,['manually_inputted_data $ guess'],1,0.42,manually_inputted_data $ guess,0.03,manual,no_comment
2740,2015,04_CHL,new_vehicle_efficiency,ht,km_per_pj,road,freight,cng,all,yearly,national,['avg_eff_no_outliers $ transport_data_system_9th'],1,1775178058.548531,avg_eff_no_outliers $ transport_data_system_9th,136552158.349887,single_datapoint,no_comment
2741,2015,04_CHL,turnover_rate,ht,%,road,freight,cng,all,yearly,national,['manually_inputted_data $ guess'],1,0.42,manually_inputted_data $ guess,0.03,manual,no_comment
2742,2016,04_CHL,new_vehicle_efficiency,ht,km_per_pj,road,freight,cng,all,yearly,national,['avg_eff_no_outliers $ transport_data_system_9th'],1,1775178058.548531,avg_eff_no_outliers $ transport_data_system_9th,136552158.349887,single_datapoint,no_comment
2743,2016,04_CHL,turnover_rate,ht,%,road,freight,cng,all,yearly,national,['manually_inputted_data $ guess'],1,0.42,manually_inputted_data $ guess,0.03,manual,no_comment
2744,2017,04_CHL,new_vehicle_efficiency,ht,km_per_pj,road,freight,cng,all,yearly,national,['avg_eff_no_outliers $ transport_data_system_9th'],1,1775178058.548531,avg_eff_no_outliers $ transport_data_system_9th,136552158.349887,single_datapoint,no_comment
2745,2017,04_CHL,turnover_rate,ht,%,road,freight,cng,all,yearly,national,"['manually_inputted_data $ guess', 'turnover_rate_est']",2,0.42,manually_inputted_data $ guess,0.03,manual,no_comment
2746,2018,04_CHL,new_vehicle_efficiency,ht,km_per_pj,road,freight,cng,all,yearly,national,['avg_eff_no_outliers $ transport_data_system_9th'],1,1775178058.548531,avg_eff_no_outliers $ transport_data_system_9th,136552158.349887,single_datapoint,no_comment
2747,2018,04_CHL,turnover_rate,ht,%,road,freight,cng,all,yearly,national,['manually_inputted_data $ guess'],1,0.42,manually_inputted_data $ guess,0.03,manual,no_comment
2748,2019,04_CHL,new_vehicle_efficiency,ht,km_per_pj,road,freight,cng,all,yearly,national,['avg_eff_no_outliers $ transport_data_system_9th'],1,1775178058.548531,avg_eff_no_outliers $ transport_data_system_9th,136552158.349887,single_datapoint,no_comment
2749,2019,04_CHL,turnover_rate,ht,%,road,freight,cng,all,yearly,national,['manually_inputted_data $ guess'],1,0.42,manually_inputted_data $ guess,0.03,manual,no_comment
2750,2020,04_CHL,new_vehicle_efficiency,ht,km_per_pj,road,freight,cng,all,yearly,national,['avg_eff_no_outliers $ transport_data_system_9th'],1,1775178058.548531,avg_eff_no_outliers $ transport_data_system_9th,136552158.349887,single_datapoint,no_comment
2751,2020,04_CHL,turnover_rate,ht,%,road,freight,cng,all,yearly,national,['manually_inputted_data $ guess'],1,0.42,manually_inputted_data $ guess,0.03,manual,no_comment
2752,2021,04_CHL,new_vehicle_efficiency,ht,km_per_pj,road,freight,cng,all,yearly,national,['avg_eff_no_outliers $ transport_data_system_9th'],1,1775178058.548531,avg_eff_no_outliers $ transport_data_system_9th,136552158.349887,single_datapoint,no_comment
2753,2021,04_CHL,turnover_rate,ht,%,road,freight,cng,all,yearly,national,['manually_inputted_data $ guess'],1,0.42,manually_inputted_data $ guess,0.03,manual,no_comment
2754,2022,04_CHL,new_vehicle_efficiency,ht,km_per_pj,road,freight,cng,all,yearly,national,['avg_eff_no_outliers $ transport_data_system_9th'],1,1775178058.548531,avg_eff_no_outliers $ transport_data_system_9th,136552158.349887,single_datapoint,no_comment
2755,2022,04_CHL,turnover_rate,ht,%,road,freight,cng,all,yearly,national,['manually_inputted_data $ guess'],1,0.42,manually_inputted_data $ guess,0.03,manual,no_comment
2756,2017,04_CHL,turnover_rate,ht,%,road,freight,fcev,all,yearly,national,['turnover_rate_est'],1,0.03,turnover_rate_est,0.03,single_datapoint,no_comment
2757,2010,04_CHL,new_vehicle_efficiency,ht,km_per_pj,road,freight,ice,all,yearly,national,['avg_eff_no_outliers $ transport_data_system_9th'],1,1058551713.3301452,avg_eff_no_outliers $ transport_data_system_9th,81427054.87154964,single_datapoint,no_comment
2758,2010,04_CHL,turnover_rate,ht,%,road,freight,ice,all,yearly,national,['manually_inputted_data $ guess'],1,0.39,manually_inputted_data $ guess,0.03,single_datapoint,no_comment
2759,2011,04_CHL,new_vehicle_efficiency,ht,km_per_pj,road,freight,ice,all,yearly,national,['avg_eff_no_outliers $ transport_data_system_9th'],1,1058551713.3301452,avg_eff_no_outliers $ transport_data_system_9th,81427054.87154964,single_datapoint,no_comment
2760,2011,04_CHL,turnover_rate,ht,%,road,freight,ice,all,yearly,national,['manually_inputted_data $ guess'],1,0.39,manually_inputted_data $ guess,0.03,single_datapoint,no_comment
2761,2012,04_CHL,new_vehicle_efficiency,ht,km_per_pj,road,freight,ice,all,yearly,national,['avg_eff_no_outliers $ transport_data_system_9th'],1,1058551713.3301452,avg_eff_no_outliers $ transport_data_system_9th,81427054.87154964,single_datapoint,no_comment
2762,2012,04_CHL,turnover_rate,ht,%,road,freight,ice,all,yearly,national,['manually_inputted_data $ guess'],1,0.39,manually_inputted_data $ guess,0.03,single_datapoint,no_comment
2763,2013,04_CHL,new_vehicle_efficiency,ht,km_per_pj,road,freight,ice,all,yearly,national,['avg_eff_no_outliers $ transport_data_system_9th'],1,1058551713.3301452,avg_eff_no_outliers $ transport_data_system_9th,81427054.87154964,single_datapoint,no_comment
2764,2013,04_CHL,turnover_rate,ht,%,road,freight,ice,all,yearly,national,['manually_inputted_data $ guess'],1,0.39,manually_inputted_data $ guess,0.03,single_datapoint,no_comment
2765,2014,04_CHL,new_vehicle_efficiency,ht,km_per_pj,road,freight,ice,all,yearly,national,['avg_eff_no_outliers $ transport_data_system_9th'],1,1058551713.3301452,avg_eff_no_outliers $ transport_data_system_9th,81427054.87154964,single_datapoint,no_comment
2766,2014,04_CHL,turnover_rate,ht,%,road,freight,ice,all,yearly,national,['manually_inputted_data $ guess'],1,0.39,manually_inputted_data $ guess,0.03,single_datapoint,no_comment
2767,2015,04_CHL,new_vehicle_efficiency,ht,km_per_pj,road,freight,ice,all,yearly,national,['avg_eff_no_outliers $ transport_data_system_9th'],1,1058551713.3301452,avg_eff_no_outliers $ transport_data_system_9th,81427054.87154964,single_datapoint,no_comment
2768,2015,04_CHL,turnover_rate,ht,%,road,freight,ice,all,yearly,national,['manually_inputted_data $ guess'],1,0.39,manually_inputted_data $ guess,0.03,single_datapoint,no_comment
2769,2016,04_CHL,new_vehicle_efficiency,ht,km_per_pj,road,freight,ice,all,yearly,national,['avg_eff_no_outliers $ transport_data_system_9th'],1,1058551713.3301452,avg_eff_no_outliers $ transport_data_system_9th,81427054.87154964,single_datapoint,no_comment
2770,2016,04_CHL,turnover_rate,ht,%,road,freight,ice,all,yearly,national,['manually_inputted_data $ guess'],1,0.39,manually_inputted_data $ guess,0.03,single_datapoint,no_comment
2771,2017,04_CHL,activity,ht,passenger_km_or_freight_tonne_km,road,freight,ice,all,yearly,national,['estimated $ calculate_energy_and_activity()'],1,168248671875.0,estimated $ calculate_energy_and_activity(),168248671875.0,single_datapoint,no_comment
2772,2017,04_CHL,energy,ht,pj,road,freight,ice,all,yearly,national,['estimated $ calculate_energy_and_activity()'],1,423.83646553816027,estimated $ calculate_energy_and_activity(),423.83646553816027,single_datapoint,no_comment
2773,2017,04_CHL,new_vehicle_efficiency,ht,km_per_pj,road,freight,ice,all,yearly,national,['avg_eff_no_outliers $ transport_data_system_9th'],1,1058551713.3301452,avg_eff_no_outliers $ transport_data_system_9th,81427054.87154964,single_datapoint,no_comment
2774,2017,04_CHL,travel_km,ht,km,road,freight,ice,all,yearly,national,['estimated $ calculate_energy_and_activity()'],1,29910875000.0,estimated $ calculate_energy_and_activity(),29910875000.0,single_datapoint,no_comment
2775,2017,04_CHL,turnover_rate,ht,%,road,freight,ice,all,yearly,national,['manually_inputted_data $ guess'],1,0.39,manually_inputted_data $ guess,0.03,single_datapoint,no_comment
2776,2018,04_CHL,new_vehicle_efficiency,ht,km_per_pj,road,freight,ice,all,yearly,national,['avg_eff_no_outliers $ transport_data_system_9th'],1,1058551713.3301452,avg_eff_no_outliers $ transport_data_system_9th,81427054.87154964,single_datapoint,no_comment
2777,2018,04_CHL,turnover_rate,ht,%,road,freight,ice,all,yearly,national,['manually_inputted_data $ guess'],1,0.39,manually_inputted_data $ guess,0.03,single_datapoint,no_comment
2778,2019,04_CHL,new_vehicle_efficiency,ht,km_per_pj,road,freight,ice,all,yearly,national,['avg_eff_no_outliers $ transport_data_system_9th'],1,1058551713.3301452,avg_eff_no_outliers $ transport_data_system_9th,81427054.87154964,single_datapoint,no_comment
2779,2019,04_CHL,turnover_rate,ht,%,road,freight,ice,all,yearly,national,['manually_inputted_data $ guess'],1,0.39,manually_inputted_data $ guess,0.03,single_datapoint,no_comment
2780,2020,04_CHL,new_vehicle_efficiency,ht,km_per_pj,road,freight,ice,all,yearly,national,['avg_eff_no_outliers $ transport_data_system_9th'],1,1058551713.3301452,avg_eff_no_outliers $ transport_data_system_9th,81427054.87154964,single_datapoint,no_comment
2781,2020,04_CHL,turnover_rate,ht,%,road,freight,ice,all,yearly,national,['manually_inputted_data $ guess'],1,0.39,manually_inputted_data $ guess,0.03,single_datapoint,no_comment
2782,2021,04_CHL,new_vehicle_efficiency,ht,km_per_pj,road,freight,ice,all,yearly,national,['avg_eff_no_outliers $ transport_data_system_9th'],1,1058551713.3301452,avg_eff_no_outliers $ transport_data_system_9th,81427054.87154964,single_datapoint,no_comment
2783,2021,04_CHL,turnover_rate,ht,%,road,freight,ice,all,yearly,national,['manually_inputted_data $ guess'],1,0.39,manually_inputted_data $ guess,0.03,single_datapoint,no_comment
2784,2022,04_CHL,new_vehicle_efficiency,ht,km_per_pj,road,freight,ice,all,yearly,national,['avg_eff_no_outliers $ transport_data_system_9th'],1,1058551713.3301452,avg_eff_no_outliers $ transport_data_system_9th,81427054.87154964,single_datapoint,no_comment
2785,2022,04_CHL,turnover_rate,ht,%,road,freight,ice,all,yearly,national,['manually_inputted_data $ guess'],1,0.39,manually_inputted_data $ guess,0.03,single_datapoint,no_comment
2786,2010,04_CHL,new_vehicle_efficiency,ht,km_per_pj,road,freight,lpg,all,yearly,national,['avg_eff_no_outliers $ transport_data_system_9th'],1,1405649677.815799,avg_eff_no_outliers $ transport_data_system_9th,108126898.293523,single_datapoint,no_comment
2787,2010,04_CHL,turnover_rate,ht,%,road,freight,lpg,all,yearly,national,['manually_inputted_data $ guess'],1,0.42,manually_inputted_data $ guess,0.03,manual,no_comment
2788,2011,04_CHL,new_vehicle_efficiency,ht,km_per_pj,road,freight,lpg,all,yearly,national,['avg_eff_no_outliers $ transport_data_system_9th'],1,1405649677.815799,avg_eff_no_outliers $ transport_data_system_9th,108126898.293523,single_datapoint,no_comment
2789,2011,04_CHL,turnover_rate,ht,%,road,freight,lpg,all,yearly,national,['manually_inputted_data $ guess'],1,0.42,manually_inputted_data $ guess,0.03,manual,no_comment
2790,2012,04_CHL,new_vehicle_efficiency,ht,km_per_pj,road,freight,lpg,all,yearly,national,['avg_eff_no_outliers $ transport_data_system_9th'],1,1405649677.815799,avg_eff_no_outliers $ transport_data_system_9th,108126898.293523,single_datapoint,no_comment
2791,2012,04_CHL,turnover_rate,ht,%,road,freight,lpg,all,yearly,national,['manually_inputted_data $ guess'],1,0.42,manually_inputted_data $ guess,0.03,manual,no_comment
2792,2013,04_CHL,new_vehicle_efficiency,ht,km_per_pj,road,freight,lpg,all,yearly,national,['avg_eff_no_outliers $ transport_data_system_9th'],1,1405649677.815799,avg_eff_no_outliers $ transport_data_system_9th,108126898.293523,single_datapoint,no_comment
2793,2013,04_CHL,turnover_rate,ht,%,road,freight,lpg,all,yearly,national,['manually_inputted_data $ guess'],1,0.42,manually_inputted_data $ guess,0.03,manual,no_comment
2794,2014,04_CHL,new_vehicle_efficiency,ht,km_per_pj,road,freight,lpg,all,yearly,national,['avg_eff_no_outliers $ transport_data_system_9th'],1,1405649677.815799,avg_eff_no_outliers $ transport_data_system_9th,108126898.293523,single_datapoint,no_comment
2795,2014,04_CHL,turnover_rate,ht,%,road,freight,lpg,all,yearly,national,['manually_inputted_data $ guess'],1,0.42,manually_inputted_data $ guess,0.03,manual,no_comment
2796,2015,04_CHL,new_vehicle_efficiency,ht,km_per_pj,road,freight,lpg,all,yearly,national,['avg_eff_no_outliers $ transport_data_system_9th'],1,1405649677.815799,avg_eff_no_outliers $ transport_data_system_9th,108126898.293523,single_datapoint,no_comment
2797,2015,04_CHL,turnover_rate,ht,%,road,freight,lpg,all,yearly,national,['manually_inputted_data $ guess'],1,0.42,manually_inputted_data $ guess,0.03,manual,no_comment
2798,2016,04_CHL,new_vehicle_efficiency,ht,km_per_pj,road,freight,lpg,all,yearly,national,['avg_eff_no_outliers $ transport_data_system_9th'],1,1405649677.815799,avg_eff_no_outliers $ transport_data_system_9th,108126898.293523,single_datapoint,no_comment
2799,2016,04_CHL,turnover_rate,ht,%,road,freight,lpg,all,yearly,national,['manually_inputted_data $ guess'],1,0.42,manually_inputted_data $ guess,0.03,manual,no_comment
2800,2017,04_CHL,new_vehicle_efficiency,ht,km_per_pj,road,freight,lpg,all,yearly,national,['avg_eff_no_outliers $ transport_data_system_9th'],1,1405649677.815799,avg_eff_no_outliers $ transport_data_system_9th,108126898.293523,single_datapoint,no_comment
2801,2017,04_CHL,turnover_rate,ht,%,road,freight,lpg,all,yearly,national,"['manually_inputted_data $ guess', 'turnover_rate_est']",2,0.42,manually_inputted_data $ guess,0.03,manual,no_comment
2802,2018,04_CHL,new_vehicle_efficiency,ht,km_per_pj,road,freight,lpg,all,yearly,national,['avg_eff_no_outliers $ transport_data_system_9th'],1,1405649677.815799,avg_eff_no_outliers $ transport_data_system_9th,108126898.293523,single_datapoint,no_comment
2803,2018,04_CHL,turnover_rate,ht,%,road,freight,lpg,all,yearly,national,['manually_inputted_data $ guess'],1,0.42,manually_inputted_data $ guess,0.03,manual,no_comment
2804,2019,04_CHL,new_vehicle_efficiency,ht,km_per_pj,road,freight,lpg,all,yearly,national,['avg_eff_no_outliers $ transport_data_system_9th'],1,1405649677.815799,avg_eff_no_outliers $ transport_data_system_9th,108126898.293523,single_datapoint,no_comment
2805,2019,04_CHL,turnover_rate,ht,%,road,freight,lpg,all,yearly,national,['manually_inputted_data $ guess'],1,0.42,manually_inputted_data $ guess,0.03,manual,no_comment
2806,2020,04_CHL,new_vehicle_efficiency,ht,km_per_pj,road,freight,lpg,all,yearly,national,['avg_eff_no_outliers $ transport_data_system_9th'],1,1405649677.815799,avg_eff_no_outliers $ transport_data_system_9th,108126898.293523,single_datapoint,no_comment
2807,2020,04_CHL,turnover_rate,ht,%,road,freight,lpg,all,yearly,national,['manually_inputted_data $ guess'],1,0.42,manually_inputted_data $ guess,0.03,manual,no_comment
2808,2021,04_CHL,new_vehicle_efficiency,ht,km_per_pj,road,freight,lpg,all,yearly,national,['avg_eff_no_outliers $ transport_data_system_9th'],1,1405649677.815799,avg_eff_no_outliers $ transport_data_system_9th,108126898.293523,single_datapoint,no_comment
2809,2021,04_CHL,turnover_rate,ht,%,road,freight,lpg,all,yearly,national,['manually_inputted_data $ guess'],1,0.42,manually_inputted_data $ guess,0.03,manual,no_comment
2810,2022,04_CHL,new_vehicle_efficiency,ht,km_per_pj,road,freight,lpg,all,yearly,national,['avg_eff_no_outliers $ transport_data_system_9th'],1,1405649677.815799,avg_eff_no_outliers $ transport_data_system_9th,108126898.293523,single_datapoint,no_comment
2811,2022,04_CHL,turnover_rate,ht,%,road,freight,lpg,all,yearly,national,['manually_inputted_data $ guess'],1,0.42,manually_inputted_data $ guess,0.03,manual,no_comment
2812,2010,04_CHL,new_vehicle_efficiency,ldv,km_per_pj,road,freight,bev,all,yearly,national,['avg_eff_no_outliers $ transport_data_system_9th'],1,7200566335.010296,avg_eff_no_outliers $ transport_data_system_9th,553889718.077715,single_datapoint,no_comment
2813,2010,04_CHL,new_vehicle_efficiency,ldv,km_per_pj,road,passenger,bev,all,yearly,national,['avg_eff_no_outliers $ transport_data_system_9th'],1,9901716082.423439,avg_eff_no_outliers $ transport_data_system_9th,761670467.878726,single_datapoint,no_comment
2814,2010,04_CHL,turnover_rate,ldv,%,road,freight,bev,all,yearly,national,['manually_inputted_data $ guess'],1,0.42,manually_inputted_data $ guess,0.03,manual,no_comment
2815,2010,04_CHL,turnover_rate,ldv,%,road,passenger,bev,all,yearly,national,['manually_inputted_data $ guess'],1,0.42,manually_inputted_data $ guess,0.03,manual,no_comment
2816,2011,04_CHL,activity,ldv,passenger_km_or_freight_tonne_km,road,passenger,bev,all,yearly,national,['estimated $ calculate_energy_and_activity()'],1,271574646.0,estimated $ calculate_energy_and_activity(),135000.0,manual,no_comment
2817,2011,04_CHL,energy,ldv,pj,road,passenger,bev,all,yearly,national,['estimated $ calculate_energy_and_activity()'],1,0.7505378730581697,estimated $ calculate_energy_and_activity(),7.392117850801235e-05,manual,no_comment
2818,2011,04_CHL,new_vehicle_efficiency,ldv,km_per_pj,road,freight,bev,all,yearly,national,['avg_eff_no_outliers $ transport_data_system_9th'],1,7200566335.010296,avg_eff_no_outliers $ transport_data_system_9th,553889718.077715,single_datapoint,no_comment
2819,2011,04_CHL,new_vehicle_efficiency,ldv,km_per_pj,road,passenger,bev,all,yearly,national,['avg_eff_no_outliers $ transport_data_system_9th'],1,9901716082.423439,avg_eff_no_outliers $ transport_data_system_9th,761670467.878726,single_datapoint,no_comment
2820,2011,04_CHL,travel_km,ldv,km,road,passenger,bev,all,yearly,national,['estimated $ calculate_energy_and_activity()'],1,61470000.0,estimated $ calculate_energy_and_activity(),90000.0,single_datapoint,no_comment
2821,2011,04_CHL,turnover_rate,ldv,%,road,freight,bev,all,yearly,national,['manually_inputted_data $ guess'],1,0.42,manually_inputted_data $ guess,0.03,manual,no_comment
2822,2011,04_CHL,turnover_rate,ldv,%,road,passenger,bev,all,yearly,national,['manually_inputted_data $ guess'],1,0.42,manually_inputted_data $ guess,0.03,manual,no_comment
2823,2012,04_CHL,activity,ldv,passenger_km_or_freight_tonne_km,road,passenger,bev,all,yearly,national,['estimated $ calculate_energy_and_activity()'],1,271574646.0,estimated $ calculate_energy_and_activity(),247500.0,manual,no_comment
2824,2012,04_CHL,energy,ldv,pj,road,passenger,bev,all,yearly,national,['estimated $ calculate_energy_and_activity()'],1,0.7505378730581697,estimated $ calculate_energy_and_activity(),0.00013552216059802265,manual,no_comment
2825,2012,04_CHL,new_vehicle_efficiency,ldv,km_per_pj,road,freight,bev,all,yearly,national,['avg_eff_no_outliers $ transport_data_system_9th'],1,7200566335.010296,avg_eff_no_outliers $ transport_data_system_9th,553889718.077715,single_datapoint,no_comment
2826,2012,04_CHL,new_vehicle_efficiency,ldv,km_per_pj,road,passenger,bev,all,yearly,national,['avg_eff_no_outliers $ transport_data_system_9th'],1,9901716082.423439,avg_eff_no_outliers $ transport_data_system_9th,761670467.878726,single_datapoint,no_comment
2827,2012,04_CHL,travel_km,ldv,km,road,passenger,bev,all,yearly,national,['estimated $ calculate_energy_and_activity()'],1,61470000.0,estimated $ calculate_energy_and_activity(),165000.0,single_datapoint,no_comment
2828,2012,04_CHL,turnover_rate,ldv,%,road,freight,bev,all,yearly,national,['manually_inputted_data $ guess'],1,0.42,manually_inputted_data $ guess,0.03,manual,no_comment
2829,2012,04_CHL,turnover_rate,ldv,%,road,passenger,bev,all,yearly,national,['manually_inputted_data $ guess'],1,0.42,manually_inputted_data $ guess,0.03,manual,no_comment
2830,2013,04_CHL,activity,ldv,passenger_km_or_freight_tonne_km,road,passenger,bev,all,yearly,national,['estimated $ calculate_energy_and_activity()'],1,271574646.0,estimated $ calculate_energy_and_activity(),360000.0,manual,no_comment
2831,2013,04_CHL,energy,ldv,pj,road,passenger,bev,all,yearly,national,['estimated $ calculate_energy_and_activity()'],1,0.7505378730581697,estimated $ calculate_energy_and_activity(),0.00019712314268803294,manual,no_comment
2832,2013,04_CHL,new_vehicle_efficiency,ldv,km_per_pj,road,freight,bev,all,yearly,national,['avg_eff_no_outliers $ transport_data_system_9th'],1,7200566335.010296,avg_eff_no_outliers $ transport_data_system_9th,553889718.077715,single_datapoint,no_comment
2833,2013,04_CHL,new_vehicle_efficiency,ldv,km_per_pj,road,passenger,bev,all,yearly,national,['avg_eff_no_outliers $ transport_data_system_9th'],1,9901716082.423439,avg_eff_no_outliers $ transport_data_system_9th,761670467.878726,single_datapoint,no_comment
2834,2013,04_CHL,travel_km,ldv,km,road,passenger,bev,all,yearly,national,['estimated $ calculate_energy_and_activity()'],1,61470000.0,estimated $ calculate_energy_and_activity(),240000.0,single_datapoint,no_comment
2835,2013,04_CHL,turnover_rate,ldv,%,road,freight,bev,all,yearly,national,['manually_inputted_data $ guess'],1,0.42,manually_inputted_data $ guess,0.03,manual,no_comment
2836,2013,04_CHL,turnover_rate,ldv,%,road,passenger,bev,all,yearly,national,['manually_inputted_data $ guess'],1,0.42,manually_inputted_data $ guess,0.03,manual,no_comment
2837,2014,04_CHL,activity,ldv,passenger_km_or_freight_tonne_km,road,passenger,bev,all,yearly,national,['estimated $ calculate_energy_and_activity()'],1,271574646.0,estimated $ calculate_energy_and_activity(),427500.0,manual,no_comment
2838,2014,04_CHL,energy,ldv,pj,road,passenger,bev,all,yearly,national,['estimated $ calculate_energy_and_activity()'],1,0.7505378730581697,estimated $ calculate_energy_and_activity(),0.00023408373194203913,manual,no_comment
2839,2014,04_CHL,new_vehicle_efficiency,ldv,km_per_pj,road,freight,bev,all,yearly,national,['avg_eff_no_outliers $ transport_data_system_9th'],1,7200566335.010296,avg_eff_no_outliers $ transport_data_system_9th,553889718.077715,single_datapoint,no_comment
2840,2014,04_CHL,new_vehicle_efficiency,ldv,km_per_pj,road,passenger,bev,all,yearly,national,['avg_eff_no_outliers $ transport_data_system_9th'],1,9901716082.423439,avg_eff_no_outliers $ transport_data_system_9th,761670467.878726,single_datapoint,no_comment
2841,2014,04_CHL,travel_km,ldv,km,road,passenger,bev,all,yearly,national,['estimated $ calculate_energy_and_activity()'],1,61470000.0,estimated $ calculate_energy_and_activity(),285000.0,single_datapoint,no_comment
2842,2014,04_CHL,turnover_rate,ldv,%,road,freight,bev,all,yearly,national,['manually_inputted_data $ guess'],1,0.42,manually_inputted_data $ guess,0.03,manual,no_comment
2843,2014,04_CHL,turnover_rate,ldv,%,road,passenger,bev,all,yearly,national,['manually_inputted_data $ guess'],1,0.42,manually_inputted_data $ guess,0.03,manual,no_comment
2844,2015,04_CHL,activity,ldv,passenger_km_or_freight_tonne_km,road,passenger,bev,all,yearly,national,['estimated $ calculate_energy_and_activity()'],1,271574646.0,estimated $ calculate_energy_and_activity(),720000.0,manual,no_comment
2845,2015,04_CHL,energy,ldv,pj,road,passenger,bev,all,yearly,national,['estimated $ calculate_energy_and_activity()'],1,0.7505378730581697,estimated $ calculate_energy_and_activity(),0.0003942462853760659,manual,no_comment
2846,2015,04_CHL,new_vehicle_efficiency,ldv,km_per_pj,road,freight,bev,all,yearly,national,['avg_eff_no_outliers $ transport_data_system_9th'],1,7200566335.010296,avg_eff_no_outliers $ transport_data_system_9th,553889718.077715,single_datapoint,no_comment
2847,2015,04_CHL,new_vehicle_efficiency,ldv,km_per_pj,road,passenger,bev,all,yearly,national,['avg_eff_no_outliers $ transport_data_system_9th'],1,9901716082.423439,avg_eff_no_outliers $ transport_data_system_9th,761670467.878726,single_datapoint,no_comment
2848,2015,04_CHL,travel_km,ldv,km,road,passenger,bev,all,yearly,national,['estimated $ calculate_energy_and_activity()'],1,61470000.0,estimated $ calculate_energy_and_activity(),480000.0,single_datapoint,no_comment
2849,2015,04_CHL,turnover_rate,ldv,%,road,freight,bev,all,yearly,national,['manually_inputted_data $ guess'],1,0.42,manually_inputted_data $ guess,0.03,manual,no_comment
2850,2015,04_CHL,turnover_rate,ldv,%,road,passenger,bev,all,yearly,national,['manually_inputted_data $ guess'],1,0.42,manually_inputted_data $ guess,0.03,manual,no_comment
2851,2016,04_CHL,activity,ldv,passenger_km_or_freight_tonne_km,road,passenger,bev,all,yearly,national,['estimated $ calculate_energy_and_activity()'],1,271574646.0,estimated $ calculate_energy_and_activity(),1215000.0,manual,no_comment
2852,2016,04_CHL,energy,ldv,pj,road,passenger,bev,all,yearly,national,['estimated $ calculate_energy_and_activity()'],1,0.7505378730581697,estimated $ calculate_energy_and_activity(),0.0006652906065721111,manual,no_comment
2853,2016,04_CHL,new_vehicle_efficiency,ldv,km_per_pj,road,freight,bev,all,yearly,national,['avg_eff_no_outliers $ transport_data_system_9th'],1,7200566335.010296,avg_eff_no_outliers $ transport_data_system_9th,553889718.077715,single_datapoint,no_comment
2854,2016,04_CHL,new_vehicle_efficiency,ldv,km_per_pj,road,passenger,bev,all,yearly,national,['avg_eff_no_outliers $ transport_data_system_9th'],1,9901716082.423439,avg_eff_no_outliers $ transport_data_system_9th,761670467.878726,single_datapoint,no_comment
2855,2016,04_CHL,travel_km,ldv,km,road,passenger,bev,all,yearly,national,['estimated $ calculate_energy_and_activity()'],1,61470000.0,estimated $ calculate_energy_and_activity(),810000.0,single_datapoint,no_comment
2856,2016,04_CHL,turnover_rate,ldv,%,road,freight,bev,all,yearly,national,['manually_inputted_data $ guess'],1,0.42,manually_inputted_data $ guess,0.03,manual,no_comment
2857,2016,04_CHL,turnover_rate,ldv,%,road,passenger,bev,all,yearly,national,['manually_inputted_data $ guess'],1,0.42,manually_inputted_data $ guess,0.03,manual,no_comment
2858,2017,04_CHL,activity,ldv,passenger_km_or_freight_tonne_km,road,passenger,bev,all,yearly,national,"['8th_edition_transport_model $ reference', 'estimated $ calculate_energy_and_activity()']",2,271574646.0,estimated $ calculate_energy_and_activity(),3825000.0,manual,no_comment
2859,2017,04_CHL,energy,ldv,pj,road,passenger,bev,all,yearly,national,"['8th_edition_transport_model $ reference', 'estimated $ calculate_energy_and_activity()']",2,0.7505378730581697,estimated $ calculate_energy_and_activity(),0.00209443339106035,manual,no_comment
2860,2017,04_CHL,new_vehicle_efficiency,ldv,km_per_pj,road,freight,bev,all,yearly,national,['avg_eff_no_outliers $ transport_data_system_9th'],1,7200566335.010296,avg_eff_no_outliers $ transport_data_system_9th,553889718.077715,single_datapoint,no_comment
2861,2017,04_CHL,new_vehicle_efficiency,ldv,km_per_pj,road,passenger,bev,all,yearly,national,['avg_eff_no_outliers $ transport_data_system_9th'],1,9901716082.423439,avg_eff_no_outliers $ transport_data_system_9th,761670467.878726,single_datapoint,no_comment
2862,2017,04_CHL,travel_km,ldv,km,road,passenger,bev,all,yearly,national,['estimated $ calculate_energy_and_activity()'],1,61470000.0,estimated $ calculate_energy_and_activity(),2550000.0,single_datapoint,no_comment
2863,2017,04_CHL,turnover_rate,ldv,%,road,freight,bev,all,yearly,national,"['manually_inputted_data $ guess', 'turnover_rate_est']",2,0.42,manually_inputted_data $ guess,0.03,manual,no_comment
2864,2017,04_CHL,turnover_rate,ldv,%,road,passenger,bev,all,yearly,national,"['manually_inputted_data $ guess', 'turnover_rate_est']",2,0.42,manually_inputted_data $ guess,0.03,manual,no_comment
2865,2018,04_CHL,activity,ldv,passenger_km_or_freight_tonne_km,road,passenger,bev,all,yearly,national,['estimated $ calculate_energy_and_activity()'],1,271574646.0,estimated $ calculate_energy_and_activity(),6300000.0,manual,no_comment
2866,2018,04_CHL,energy,ldv,pj,road,passenger,bev,all,yearly,national,['estimated $ calculate_energy_and_activity()'],1,0.7505378730581697,estimated $ calculate_energy_and_activity(),0.0034496549970405763,manual,no_comment
2867,2018,04_CHL,new_vehicle_efficiency,ldv,km_per_pj,road,freight,bev,all,yearly,national,['avg_eff_no_outliers $ transport_data_system_9th'],1,7200566335.010296,avg_eff_no_outliers $ transport_data_system_9th,553889718.077715,single_datapoint,no_comment
2868,2018,04_CHL,new_vehicle_efficiency,ldv,km_per_pj,road,passenger,bev,all,yearly,national,['avg_eff_no_outliers $ transport_data_system_9th'],1,9901716082.423439,avg_eff_no_outliers $ transport_data_system_9th,761670467.878726,single_datapoint,no_comment
2869,2018,04_CHL,travel_km,ldv,km,road,passenger,bev,all,yearly,national,['estimated $ calculate_energy_and_activity()'],1,61470000.0,estimated $ calculate_energy_and_activity(),4200000.0,single_datapoint,no_comment
2870,2018,04_CHL,turnover_rate,ldv,%,road,freight,bev,all,yearly,national,['manually_inputted_data $ guess'],1,0.42,manually_inputted_data $ guess,0.03,manual,no_comment
2871,2018,04_CHL,turnover_rate,ldv,%,road,passenger,bev,all,yearly,national,['manually_inputted_data $ guess'],1,0.42,manually_inputted_data $ guess,0.03,manual,no_comment
2872,2019,04_CHL,activity,ldv,passenger_km_or_freight_tonne_km,road,passenger,bev,all,yearly,national,['estimated $ calculate_energy_and_activity()'],1,271574646.0,estimated $ calculate_energy_and_activity(),9900000.0,manual,no_comment
2873,2019,04_CHL,energy,ldv,pj,road,passenger,bev,all,yearly,national,['estimated $ calculate_energy_and_activity()'],1,0.7505378730581697,estimated $ calculate_energy_and_activity(),0.005420886423920906,manual,no_comment
2874,2019,04_CHL,new_vehicle_efficiency,ldv,km_per_pj,road,freight,bev,all,yearly,national,['avg_eff_no_outliers $ transport_data_system_9th'],1,7200566335.010296,avg_eff_no_outliers $ transport_data_system_9th,553889718.077715,single_datapoint,no_comment
2875,2019,04_CHL,new_vehicle_efficiency,ldv,km_per_pj,road,passenger,bev,all,yearly,national,['avg_eff_no_outliers $ transport_data_system_9th'],1,9901716082.423439,avg_eff_no_outliers $ transport_data_system_9th,761670467.878726,single_datapoint,no_comment
2876,2019,04_CHL,travel_km,ldv,km,road,passenger,bev,all,yearly,national,['estimated $ calculate_energy_and_activity()'],1,61470000.0,estimated $ calculate_energy_and_activity(),6600000.0,single_datapoint,no_comment
2877,2019,04_CHL,turnover_rate,ldv,%,road,freight,bev,all,yearly,national,['manually_inputted_data $ guess'],1,0.42,manually_inputted_data $ guess,0.03,manual,no_comment
2878,2019,04_CHL,turnover_rate,ldv,%,road,passenger,bev,all,yearly,national,['manually_inputted_data $ guess'],1,0.42,manually_inputted_data $ guess,0.03,manual,no_comment
2879,2020,04_CHL,activity,ldv,passenger_km_or_freight_tonne_km,road,passenger,bev,all,yearly,national,['estimated $ calculate_energy_and_activity()'],1,271574646.0,estimated $ calculate_energy_and_activity(),12375000.0,manual,no_comment
2880,2020,04_CHL,energy,ldv,pj,road,passenger,bev,all,yearly,national,['estimated $ calculate_energy_and_activity()'],1,0.7505378730581697,estimated $ calculate_energy_and_activity(),0.006776108029901132,manual,no_comment
2881,2020,04_CHL,new_vehicle_efficiency,ldv,km_per_pj,road,freight,bev,all,yearly,national,['avg_eff_no_outliers $ transport_data_system_9th'],1,7200566335.010296,avg_eff_no_outliers $ transport_data_system_9th,553889718.077715,single_datapoint,no_comment
2882,2020,04_CHL,new_vehicle_efficiency,ldv,km_per_pj,road,passenger,bev,all,yearly,national,['avg_eff_no_outliers $ transport_data_system_9th'],1,9901716082.423439,avg_eff_no_outliers $ transport_data_system_9th,761670467.878726,single_datapoint,no_comment
2883,2020,04_CHL,travel_km,ldv,km,road,passenger,bev,all,yearly,national,['estimated $ calculate_energy_and_activity()'],1,61470000.0,estimated $ calculate_energy_and_activity(),8250000.0,single_datapoint,no_comment
2884,2020,04_CHL,turnover_rate,ldv,%,road,freight,bev,all,yearly,national,['manually_inputted_data $ guess'],1,0.42,manually_inputted_data $ guess,0.03,manual,no_comment
2885,2020,04_CHL,turnover_rate,ldv,%,road,passenger,bev,all,yearly,national,['manually_inputted_data $ guess'],1,0.42,manually_inputted_data $ guess,0.03,manual,no_comment
2886,2021,04_CHL,activity,ldv,passenger_km_or_freight_tonne_km,road,passenger,bev,all,yearly,national,['estimated $ calculate_energy_and_activity()'],1,271574646.0,estimated $ calculate_energy_and_activity(),18450000.0,manual,no_comment
2887,2021,04_CHL,energy,ldv,pj,road,passenger,bev,all,yearly,national,['estimated $ calculate_energy_and_activity()'],1,0.7505378730581697,estimated $ calculate_energy_and_activity(),0.010102561062761688,manual,no_comment
2888,2021,04_CHL,new_vehicle_efficiency,ldv,km_per_pj,road,freight,bev,all,yearly,national,['avg_eff_no_outliers $ transport_data_system_9th'],1,7200566335.010296,avg_eff_no_outliers $ transport_data_system_9th,553889718.077715,single_datapoint,no_comment
2889,2021,04_CHL,new_vehicle_efficiency,ldv,km_per_pj,road,passenger,bev,all,yearly,national,['avg_eff_no_outliers $ transport_data_system_9th'],1,9901716082.423439,avg_eff_no_outliers $ transport_data_system_9th,761670467.878726,single_datapoint,no_comment
2890,2021,04_CHL,travel_km,ldv,km,road,passenger,bev,all,yearly,national,['estimated $ calculate_energy_and_activity()'],1,61470000.0,estimated $ calculate_energy_and_activity(),12300000.0,single_datapoint,no_comment
2891,2021,04_CHL,turnover_rate,ldv,%,road,freight,bev,all,yearly,national,['manually_inputted_data $ guess'],1,0.42,manually_inputted_data $ guess,0.03,manual,no_comment
2892,2021,04_CHL,turnover_rate,ldv,%,road,passenger,bev,all,yearly,national,['manually_inputted_data $ guess'],1,0.42,manually_inputted_data $ guess,0.03,manual,no_comment
2893,2022,04_CHL,activity,ldv,passenger_km_or_freight_tonne_km,road,passenger,bev,all,yearly,national,['estimated $ calculate_energy_and_activity()'],1,271574646.0,estimated $ calculate_energy_and_activity(),38250000.0,manual,no_comment
2894,2022,04_CHL,energy,ldv,pj,road,passenger,bev,all,yearly,national,['estimated $ calculate_energy_and_activity()'],1,0.7505378730581697,estimated $ calculate_energy_and_activity(),0.0209443339106035,manual,no_comment
2895,2022,04_CHL,new_vehicle_efficiency,ldv,km_per_pj,road,freight,bev,all,yearly,national,['avg_eff_no_outliers $ transport_data_system_9th'],1,7200566335.010296,avg_eff_no_outliers $ transport_data_system_9th,553889718.077715,single_datapoint,no_comment
2896,2022,04_CHL,new_vehicle_efficiency,ldv,km_per_pj,road,passenger,bev,all,yearly,national,['avg_eff_no_outliers $ transport_data_system_9th'],1,9901716082.423439,avg_eff_no_outliers $ transport_data_system_9th,761670467.878726,single_datapoint,no_comment
2897,2022,04_CHL,travel_km,ldv,km,road,passenger,bev,all,yearly,national,['estimated $ calculate_energy_and_activity()'],1,61470000.0,estimated $ calculate_energy_and_activity(),25500000.0,single_datapoint,no_comment
2898,2022,04_CHL,turnover_rate,ldv,%,road,freight,bev,all,yearly,national,['manually_inputted_data $ guess'],1,0.42,manually_inputted_data $ guess,0.03,manual,no_comment
2899,2022,04_CHL,turnover_rate,ldv,%,road,passenger,bev,all,yearly,national,['manually_inputted_data $ guess'],1,0.42,manually_inputted_data $ guess,0.03,manual,no_comment
2900,2010,04_CHL,new_vehicle_efficiency,ldv,km_per_pj,road,freight,cng,all,yearly,national,['avg_eff_no_outliers $ transport_data_system_9th'],1,7214767129.708009,avg_eff_no_outliers $ transport_data_system_9th,554982086.900616,single_datapoint,no_comment
2901,2010,04_CHL,new_vehicle_efficiency,ldv,km_per_pj,road,passenger,cng,all,yearly,national,['avg_eff_no_outliers $ transport_data_system_9th'],1,5429169522.90635,avg_eff_no_outliers $ transport_data_system_9th,417628424.83895,single_datapoint,no_comment
2902,2010,04_CHL,turnover_rate,ldv,%,road,freight,cng,all,yearly,national,['manually_inputted_data $ guess'],1,0.42,manually_inputted_data $ guess,0.03,manual,no_comment
2903,2010,04_CHL,turnover_rate,ldv,%,road,passenger,cng,all,yearly,national,['manually_inputted_data $ guess'],1,0.42,manually_inputted_data $ guess,0.03,manual,no_comment
2904,2011,04_CHL,new_vehicle_efficiency,ldv,km_per_pj,road,freight,cng,all,yearly,national,['avg_eff_no_outliers $ transport_data_system_9th'],1,7214767129.708009,avg_eff_no_outliers $ transport_data_system_9th,554982086.900616,single_datapoint,no_comment
2905,2011,04_CHL,new_vehicle_efficiency,ldv,km_per_pj,road,passenger,cng,all,yearly,national,['avg_eff_no_outliers $ transport_data_system_9th'],1,5429169522.90635,avg_eff_no_outliers $ transport_data_system_9th,417628424.83895,single_datapoint,no_comment
2906,2011,04_CHL,turnover_rate,ldv,%,road,freight,cng,all,yearly,national,['manually_inputted_data $ guess'],1,0.42,manually_inputted_data $ guess,0.03,manual,no_comment
2907,2011,04_CHL,turnover_rate,ldv,%,road,passenger,cng,all,yearly,national,['manually_inputted_data $ guess'],1,0.42,manually_inputted_data $ guess,0.03,manual,no_comment
2908,2012,04_CHL,new_vehicle_efficiency,ldv,km_per_pj,road,freight,cng,all,yearly,national,['avg_eff_no_outliers $ transport_data_system_9th'],1,7214767129.708009,avg_eff_no_outliers $ transport_data_system_9th,554982086.900616,single_datapoint,no_comment
2909,2012,04_CHL,new_vehicle_efficiency,ldv,km_per_pj,road,passenger,cng,all,yearly,national,['avg_eff_no_outliers $ transport_data_system_9th'],1,5429169522.90635,avg_eff_no_outliers $ transport_data_system_9th,417628424.83895,single_datapoint,no_comment
2910,2012,04_CHL,turnover_rate,ldv,%,road,freight,cng,all,yearly,national,['manually_inputted_data $ guess'],1,0.42,manually_inputted_data $ guess,0.03,manual,no_comment
2911,2012,04_CHL,turnover_rate,ldv,%,road,passenger,cng,all,yearly,national,['manually_inputted_data $ guess'],1,0.42,manually_inputted_data $ guess,0.03,manual,no_comment
2912,2013,04_CHL,new_vehicle_efficiency,ldv,km_per_pj,road,freight,cng,all,yearly,national,['avg_eff_no_outliers $ transport_data_system_9th'],1,7214767129.708009,avg_eff_no_outliers $ transport_data_system_9th,554982086.900616,single_datapoint,no_comment
2913,2013,04_CHL,new_vehicle_efficiency,ldv,km_per_pj,road,passenger,cng,all,yearly,national,['avg_eff_no_outliers $ transport_data_system_9th'],1,5429169522.90635,avg_eff_no_outliers $ transport_data_system_9th,417628424.83895,single_datapoint,no_comment
2914,2013,04_CHL,turnover_rate,ldv,%,road,freight,cng,all,yearly,national,['manually_inputted_data $ guess'],1,0.42,manually_inputted_data $ guess,0.03,manual,no_comment
2915,2013,04_CHL,turnover_rate,ldv,%,road,passenger,cng,all,yearly,national,['manually_inputted_data $ guess'],1,0.42,manually_inputted_data $ guess,0.03,manual,no_comment
2916,2014,04_CHL,new_vehicle_efficiency,ldv,km_per_pj,road,freight,cng,all,yearly,national,['avg_eff_no_outliers $ transport_data_system_9th'],1,7214767129.708009,avg_eff_no_outliers $ transport_data_system_9th,554982086.900616,single_datapoint,no_comment
2917,2014,04_CHL,new_vehicle_efficiency,ldv,km_per_pj,road,passenger,cng,all,yearly,national,['avg_eff_no_outliers $ transport_data_system_9th'],1,5429169522.90635,avg_eff_no_outliers $ transport_data_system_9th,417628424.83895,single_datapoint,no_comment
2918,2014,04_CHL,turnover_rate,ldv,%,road,freight,cng,all,yearly,national,['manually_inputted_data $ guess'],1,0.42,manually_inputted_data $ guess,0.03,manual,no_comment
2919,2014,04_CHL,turnover_rate,ldv,%,road,passenger,cng,all,yearly,national,['manually_inputted_data $ guess'],1,0.42,manually_inputted_data $ guess,0.03,manual,no_comment
2920,2015,04_CHL,new_vehicle_efficiency,ldv,km_per_pj,road,freight,cng,all,yearly,national,['avg_eff_no_outliers $ transport_data_system_9th'],1,7214767129.708009,avg_eff_no_outliers $ transport_data_system_9th,554982086.900616,single_datapoint,no_comment
2921,2015,04_CHL,new_vehicle_efficiency,ldv,km_per_pj,road,passenger,cng,all,yearly,national,['avg_eff_no_outliers $ transport_data_system_9th'],1,5429169522.90635,avg_eff_no_outliers $ transport_data_system_9th,417628424.83895,single_datapoint,no_comment
2922,2015,04_CHL,turnover_rate,ldv,%,road,freight,cng,all,yearly,national,['manually_inputted_data $ guess'],1,0.42,manually_inputted_data $ guess,0.03,manual,no_comment
2923,2015,04_CHL,turnover_rate,ldv,%,road,passenger,cng,all,yearly,national,['manually_inputted_data $ guess'],1,0.42,manually_inputted_data $ guess,0.03,manual,no_comment
2924,2016,04_CHL,new_vehicle_efficiency,ldv,km_per_pj,road,freight,cng,all,yearly,national,['avg_eff_no_outliers $ transport_data_system_9th'],1,7214767129.708009,avg_eff_no_outliers $ transport_data_system_9th,554982086.900616,single_datapoint,no_comment
2925,2016,04_CHL,new_vehicle_efficiency,ldv,km_per_pj,road,passenger,cng,all,yearly,national,['avg_eff_no_outliers $ transport_data_system_9th'],1,5429169522.90635,avg_eff_no_outliers $ transport_data_system_9th,417628424.83895,single_datapoint,no_comment
2926,2016,04_CHL,turnover_rate,ldv,%,road,freight,cng,all,yearly,national,['manually_inputted_data $ guess'],1,0.42,manually_inputted_data $ guess,0.03,manual,no_comment
2927,2016,04_CHL,turnover_rate,ldv,%,road,passenger,cng,all,yearly,national,['manually_inputted_data $ guess'],1,0.42,manually_inputted_data $ guess,0.03,manual,no_comment
2928,2017,04_CHL,activity,ldv,passenger_km_or_freight_tonne_km,road,passenger,cng,all,yearly,national,"['8th_edition_transport_model $ reference', 'estimated $ calculate_energy_and_activity()']",2,760728826.0,estimated $ calculate_energy_and_activity(),378157500.0,manual,no_comment
2929,2017,04_CHL,energy,ldv,pj,road,passenger,cng,all,yearly,national,"['8th_edition_transport_model $ reference', 'estimated $ calculate_energy_and_activity()']",2,1.4156769979969555,8th_edition_transport_model $ reference,0.6909476038061934,manual,no_comment
2930,2017,04_CHL,new_vehicle_efficiency,ldv,km_per_pj,road,freight,cng,all,yearly,national,['avg_eff_no_outliers $ transport_data_system_9th'],1,7214767129.708009,avg_eff_no_outliers $ transport_data_system_9th,554982086.900616,single_datapoint,no_comment
2931,2017,04_CHL,new_vehicle_efficiency,ldv,km_per_pj,road,passenger,cng,all,yearly,national,['avg_eff_no_outliers $ transport_data_system_9th'],1,5429169522.90635,avg_eff_no_outliers $ transport_data_system_9th,417628424.83895,single_datapoint,no_comment
2932,2017,04_CHL,travel_km,ldv,km,road,passenger,cng,all,yearly,national,['estimated $ calculate_energy_and_activity()'],1,252105000.0,estimated $ calculate_energy_and_activity(),252105000.0,single_datapoint,no_comment
2933,2017,04_CHL,turnover_rate,ldv,%,road,freight,cng,all,yearly,national,"['manually_inputted_data $ guess', 'turnover_rate_est']",2,0.42,manually_inputted_data $ guess,0.03,manual,no_comment
2934,2017,04_CHL,turnover_rate,ldv,%,road,passenger,cng,all,yearly,national,"['manually_inputted_data $ guess', 'turnover_rate_est']",2,0.42,manually_inputted_data $ guess,0.03,manual,no_comment
2935,2018,04_CHL,new_vehicle_efficiency,ldv,km_per_pj,road,freight,cng,all,yearly,national,['avg_eff_no_outliers $ transport_data_system_9th'],1,7214767129.708009,avg_eff_no_outliers $ transport_data_system_9th,554982086.900616,single_datapoint,no_comment
2936,2018,04_CHL,new_vehicle_efficiency,ldv,km_per_pj,road,passenger,cng,all,yearly,national,['avg_eff_no_outliers $ transport_data_system_9th'],1,5429169522.90635,avg_eff_no_outliers $ transport_data_system_9th,417628424.83895,single_datapoint,no_comment
2937,2018,04_CHL,turnover_rate,ldv,%,road,freight,cng,all,yearly,national,['manually_inputted_data $ guess'],1,0.42,manually_inputted_data $ guess,0.03,manual,no_comment
2938,2018,04_CHL,turnover_rate,ldv,%,road,passenger,cng,all,yearly,national,['manually_inputted_data $ guess'],1,0.42,manually_inputted_data $ guess,0.03,manual,no_comment
2939,2019,04_CHL,new_vehicle_efficiency,ldv,km_per_pj,road,freight,cng,all,yearly,national,['avg_eff_no_outliers $ transport_data_system_9th'],1,7214767129.708009,avg_eff_no_outliers $ transport_data_system_9th,554982086.900616,single_datapoint,no_comment
2940,2019,04_CHL,new_vehicle_efficiency,ldv,km_per_pj,road,passenger,cng,all,yearly,national,['avg_eff_no_outliers $ transport_data_system_9th'],1,5429169522.90635,avg_eff_no_outliers $ transport_data_system_9th,417628424.83895,single_datapoint,no_comment
2941,2019,04_CHL,turnover_rate,ldv,%,road,freight,cng,all,yearly,national,['manually_inputted_data $ guess'],1,0.42,manually_inputted_data $ guess,0.03,manual,no_comment
2942,2019,04_CHL,turnover_rate,ldv,%,road,passenger,cng,all,yearly,national,['manually_inputted_data $ guess'],1,0.42,manually_inputted_data $ guess,0.03,manual,no_comment
2943,2020,04_CHL,new_vehicle_efficiency,ldv,km_per_pj,road,freight,cng,all,yearly,national,['avg_eff_no_outliers $ transport_data_system_9th'],1,7214767129.708009,avg_eff_no_outliers $ transport_data_system_9th,554982086.900616,single_datapoint,no_comment
2944,2020,04_CHL,new_vehicle_efficiency,ldv,km_per_pj,road,passenger,cng,all,yearly,national,['avg_eff_no_outliers $ transport_data_system_9th'],1,5429169522.90635,avg_eff_no_outliers $ transport_data_system_9th,417628424.83895,single_datapoint,no_comment
2945,2020,04_CHL,turnover_rate,ldv,%,road,freight,cng,all,yearly,national,['manually_inputted_data $ guess'],1,0.42,manually_inputted_data $ guess,0.03,manual,no_comment
2946,2020,04_CHL,turnover_rate,ldv,%,road,passenger,cng,all,yearly,national,['manually_inputted_data $ guess'],1,0.42,manually_inputted_data $ guess,0.03,manual,no_comment
2947,2021,04_CHL,new_vehicle_efficiency,ldv,km_per_pj,road,freight,cng,all,yearly,national,['avg_eff_no_outliers $ transport_data_system_9th'],1,7214767129.708009,avg_eff_no_outliers $ transport_data_system_9th,554982086.900616,single_datapoint,no_comment
2948,2021,04_CHL,new_vehicle_efficiency,ldv,km_per_pj,road,passenger,cng,all,yearly,national,['avg_eff_no_outliers $ transport_data_system_9th'],1,5429169522.90635,avg_eff_no_outliers $ transport_data_system_9th,417628424.83895,single_datapoint,no_comment
2949,2021,04_CHL,turnover_rate,ldv,%,road,freight,cng,all,yearly,national,['manually_inputted_data $ guess'],1,0.42,manually_inputted_data $ guess,0.03,manual,no_comment
2950,2021,04_CHL,turnover_rate,ldv,%,road,passenger,cng,all,yearly,national,['manually_inputted_data $ guess'],1,0.42,manually_inputted_data $ guess,0.03,manual,no_comment
2951,2022,04_CHL,new_vehicle_efficiency,ldv,km_per_pj,road,freight,cng,all,yearly,national,['avg_eff_no_outliers $ transport_data_system_9th'],1,7214767129.708009,avg_eff_no_outliers $ transport_data_system_9th,554982086.900616,single_datapoint,no_comment
2952,2022,04_CHL,new_vehicle_efficiency,ldv,km_per_pj,road,passenger,cng,all,yearly,national,['avg_eff_no_outliers $ transport_data_system_9th'],1,5429169522.90635,avg_eff_no_outliers $ transport_data_system_9th,417628424.83895,single_datapoint,no_comment
2953,2022,04_CHL,turnover_rate,ldv,%,road,freight,cng,all,yearly,national,['manually_inputted_data $ guess'],1,0.42,manually_inputted_data $ guess,0.03,manual,no_comment
2954,2022,04_CHL,turnover_rate,ldv,%,road,passenger,cng,all,yearly,national,['manually_inputted_data $ guess'],1,0.42,manually_inputted_data $ guess,0.03,manual,no_comment
2955,2010,04_CHL,new_vehicle_efficiency,ldv,km_per_pj,road,passenger,fcev,all,yearly,national,['avg_eff_no_outliers $ transport_data_system_9th'],1,1469603353.601357,avg_eff_no_outliers $ transport_data_system_9th,113046411.815489,single_datapoint,no_comment
2956,2010,04_CHL,turnover_rate,ldv,%,road,passenger,fcev,all,yearly,national,['manually_inputted_data $ guess'],1,0.42,manually_inputted_data $ guess,0.03,manual,no_comment
2957,2011,04_CHL,new_vehicle_efficiency,ldv,km_per_pj,road,passenger,fcev,all,yearly,national,['avg_eff_no_outliers $ transport_data_system_9th'],1,1469603353.601357,avg_eff_no_outliers $ transport_data_system_9th,113046411.815489,single_datapoint,no_comment
2958,2011,04_CHL,turnover_rate,ldv,%,road,passenger,fcev,all,yearly,national,['manually_inputted_data $ guess'],1,0.42,manually_inputted_data $ guess,0.03,manual,no_comment
2959,2012,04_CHL,new_vehicle_efficiency,ldv,km_per_pj,road,passenger,fcev,all,yearly,national,['avg_eff_no_outliers $ transport_data_system_9th'],1,1469603353.601357,avg_eff_no_outliers $ transport_data_system_9th,113046411.815489,single_datapoint,no_comment
2960,2012,04_CHL,turnover_rate,ldv,%,road,passenger,fcev,all,yearly,national,['manually_inputted_data $ guess'],1,0.42,manually_inputted_data $ guess,0.03,manual,no_comment
2961,2013,04_CHL,new_vehicle_efficiency,ldv,km_per_pj,road,passenger,fcev,all,yearly,national,['avg_eff_no_outliers $ transport_data_system_9th'],1,1469603353.601357,avg_eff_no_outliers $ transport_data_system_9th,113046411.815489,single_datapoint,no_comment
2962,2013,04_CHL,turnover_rate,ldv,%,road,passenger,fcev,all,yearly,national,['manually_inputted_data $ guess'],1,0.42,manually_inputted_data $ guess,0.03,manual,no_comment
2963,2014,04_CHL,new_vehicle_efficiency,ldv,km_per_pj,road,passenger,fcev,all,yearly,national,['avg_eff_no_outliers $ transport_data_system_9th'],1,1469603353.601357,avg_eff_no_outliers $ transport_data_system_9th,113046411.815489,single_datapoint,no_comment
2964,2014,04_CHL,turnover_rate,ldv,%,road,passenger,fcev,all,yearly,national,['manually_inputted_data $ guess'],1,0.42,manually_inputted_data $ guess,0.03,manual,no_comment
2965,2015,04_CHL,new_vehicle_efficiency,ldv,km_per_pj,road,passenger,fcev,all,yearly,national,['avg_eff_no_outliers $ transport_data_system_9th'],1,1469603353.601357,avg_eff_no_outliers $ transport_data_system_9th,113046411.815489,single_datapoint,no_comment
2966,2015,04_CHL,turnover_rate,ldv,%,road,passenger,fcev,all,yearly,national,['manually_inputted_data $ guess'],1,0.42,manually_inputted_data $ guess,0.03,manual,no_comment
2967,2016,04_CHL,new_vehicle_efficiency,ldv,km_per_pj,road,passenger,fcev,all,yearly,national,['avg_eff_no_outliers $ transport_data_system_9th'],1,1469603353.601357,avg_eff_no_outliers $ transport_data_system_9th,113046411.815489,single_datapoint,no_comment
2968,2016,04_CHL,turnover_rate,ldv,%,road,passenger,fcev,all,yearly,national,['manually_inputted_data $ guess'],1,0.42,manually_inputted_data $ guess,0.03,manual,no_comment
2969,2017,04_CHL,new_vehicle_efficiency,ldv,km_per_pj,road,passenger,fcev,all,yearly,national,['avg_eff_no_outliers $ transport_data_system_9th'],1,1469603353.601357,avg_eff_no_outliers $ transport_data_system_9th,113046411.815489,single_datapoint,no_comment
2970,2017,04_CHL,turnover_rate,ldv,%,road,freight,fcev,all,yearly,national,['turnover_rate_est'],1,0.03,turnover_rate_est,0.03,single_datapoint,no_comment
2971,2017,04_CHL,turnover_rate,ldv,%,road,passenger,fcev,all,yearly,national,"['manually_inputted_data $ guess', 'turnover_rate_est']",2,0.42,manually_inputted_data $ guess,0.03,manual,no_comment
2972,2018,04_CHL,new_vehicle_efficiency,ldv,km_per_pj,road,passenger,fcev,all,yearly,national,['avg_eff_no_outliers $ transport_data_system_9th'],1,1469603353.601357,avg_eff_no_outliers $ transport_data_system_9th,113046411.815489,single_datapoint,no_comment
2973,2018,04_CHL,turnover_rate,ldv,%,road,passenger,fcev,all,yearly,national,['manually_inputted_data $ guess'],1,0.42,manually_inputted_data $ guess,0.03,manual,no_comment
2974,2019,04_CHL,new_vehicle_efficiency,ldv,km_per_pj,road,passenger,fcev,all,yearly,national,['avg_eff_no_outliers $ transport_data_system_9th'],1,1469603353.601357,avg_eff_no_outliers $ transport_data_system_9th,113046411.815489,single_datapoint,no_comment
2975,2019,04_CHL,turnover_rate,ldv,%,road,passenger,fcev,all,yearly,national,['manually_inputted_data $ guess'],1,0.42,manually_inputted_data $ guess,0.03,manual,no_comment
2976,2020,04_CHL,new_vehicle_efficiency,ldv,km_per_pj,road,passenger,fcev,all,yearly,national,['avg_eff_no_outliers $ transport_data_system_9th'],1,1469603353.601357,avg_eff_no_outliers $ transport_data_system_9th,113046411.815489,single_datapoint,no_comment
2977,2020,04_CHL,turnover_rate,ldv,%,road,passenger,fcev,all,yearly,national,['manually_inputted_data $ guess'],1,0.42,manually_inputted_data $ guess,0.03,manual,no_comment
2978,2021,04_CHL,new_vehicle_efficiency,ldv,km_per_pj,road,passenger,fcev,all,yearly,national,['avg_eff_no_outliers $ transport_data_system_9th'],1,1469603353.601357,avg_eff_no_outliers $ transport_data_system_9th,113046411.815489,single_datapoint,no_comment
2979,2021,04_CHL,turnover_rate,ldv,%,road,passenger,fcev,all,yearly,national,['manually_inputted_data $ guess'],1,0.42,manually_inputted_data $ guess,0.03,manual,no_comment
2980,2022,04_CHL,new_vehicle_efficiency,ldv,km_per_pj,road,passenger,fcev,all,yearly,national,['avg_eff_no_outliers $ transport_data_system_9th'],1,1469603353.601357,avg_eff_no_outliers $ transport_data_system_9th,113046411.815489,single_datapoint,no_comment
2981,2022,04_CHL,turnover_rate,ldv,%,road,passenger,fcev,all,yearly,national,['manually_inputted_data $ guess'],1,0.42,manually_inputted_data $ guess,0.03,manual,no_comment
2982,2010,04_CHL,new_vehicle_efficiency,ldv,km_per_pj,road,freight,ice,all,yearly,national,['avg_eff_no_outliers $ transport_data_system_9th'],1,4776513034.843043,avg_eff_no_outliers $ transport_data_system_9th,367424079.603311,single_datapoint,no_comment
2983,2010,04_CHL,new_vehicle_efficiency,ldv,km_per_pj,road,passenger,ice,all,yearly,national,['avg_eff_no_outliers $ transport_data_system_9th'],1,3086802010.889935,avg_eff_no_outliers $ transport_data_system_9th,237446308.529995,single_datapoint,no_comment
2984,2010,04_CHL,turnover_rate,ldv,%,road,freight,ice,all,yearly,national,['manually_inputted_data $ guess'],1,0.39,manually_inputted_data $ guess,0.03,single_datapoint,no_comment
2985,2010,04_CHL,turnover_rate,ldv,%,road,passenger,ice,all,yearly,national,['manually_inputted_data $ guess'],1,0.39,manually_inputted_data $ guess,0.03,single_datapoint,no_comment
2986,2011,04_CHL,new_vehicle_efficiency,ldv,km_per_pj,road,freight,ice,all,yearly,national,['avg_eff_no_outliers $ transport_data_system_9th'],1,4776513034.843043,avg_eff_no_outliers $ transport_data_system_9th,367424079.603311,single_datapoint,no_comment
2987,2011,04_CHL,new_vehicle_efficiency,ldv,km_per_pj,road,passenger,ice,all,yearly,national,['avg_eff_no_outliers $ transport_data_system_9th'],1,3086802010.889935,avg_eff_no_outliers $ transport_data_system_9th,237446308.529995,single_datapoint,no_comment
2988,2011,04_CHL,turnover_rate,ldv,%,road,freight,ice,all,yearly,national,['manually_inputted_data $ guess'],1,0.39,manually_inputted_data $ guess,0.03,single_datapoint,no_comment
2989,2011,04_CHL,turnover_rate,ldv,%,road,passenger,ice,all,yearly,national,['manually_inputted_data $ guess'],1,0.39,manually_inputted_data $ guess,0.03,single_datapoint,no_comment
2990,2012,04_CHL,new_vehicle_efficiency,ldv,km_per_pj,road,freight,ice,all,yearly,national,['avg_eff_no_outliers $ transport_data_system_9th'],1,4776513034.843043,avg_eff_no_outliers $ transport_data_system_9th,367424079.603311,single_datapoint,no_comment
2991,2012,04_CHL,new_vehicle_efficiency,ldv,km_per_pj,road,passenger,ice,all,yearly,national,['avg_eff_no_outliers $ transport_data_system_9th'],1,3086802010.889935,avg_eff_no_outliers $ transport_data_system_9th,237446308.529995,single_datapoint,no_comment
2992,2012,04_CHL,turnover_rate,ldv,%,road,freight,ice,all,yearly,national,['manually_inputted_data $ guess'],1,0.39,manually_inputted_data $ guess,0.03,single_datapoint,no_comment
2993,2012,04_CHL,turnover_rate,ldv,%,road,passenger,ice,all,yearly,national,['manually_inputted_data $ guess'],1,0.39,manually_inputted_data $ guess,0.03,single_datapoint,no_comment
2994,2013,04_CHL,new_vehicle_efficiency,ldv,km_per_pj,road,freight,ice,all,yearly,national,['avg_eff_no_outliers $ transport_data_system_9th'],1,4776513034.843043,avg_eff_no_outliers $ transport_data_system_9th,367424079.603311,single_datapoint,no_comment
2995,2013,04_CHL,new_vehicle_efficiency,ldv,km_per_pj,road,passenger,ice,all,yearly,national,['avg_eff_no_outliers $ transport_data_system_9th'],1,3086802010.889935,avg_eff_no_outliers $ transport_data_system_9th,237446308.529995,single_datapoint,no_comment
2996,2013,04_CHL,turnover_rate,ldv,%,road,freight,ice,all,yearly,national,['manually_inputted_data $ guess'],1,0.39,manually_inputted_data $ guess,0.03,single_datapoint,no_comment
2997,2013,04_CHL,turnover_rate,ldv,%,road,passenger,ice,all,yearly,national,['manually_inputted_data $ guess'],1,0.39,manually_inputted_data $ guess,0.03,single_datapoint,no_comment
2998,2014,04_CHL,new_vehicle_efficiency,ldv,km_per_pj,road,freight,ice,all,yearly,national,['avg_eff_no_outliers $ transport_data_system_9th'],1,4776513034.843043,avg_eff_no_outliers $ transport_data_system_9th,367424079.603311,single_datapoint,no_comment
2999,2014,04_CHL,new_vehicle_efficiency,ldv,km_per_pj,road,passenger,ice,all,yearly,national,['avg_eff_no_outliers $ transport_data_system_9th'],1,3086802010.889935,avg_eff_no_outliers $ transport_data_system_9th,237446308.529995,single_datapoint,no_comment
3000,2014,04_CHL,turnover_rate,ldv,%,road,freight,ice,all,yearly,national,['manually_inputted_data $ guess'],1,0.39,manually_inputted_data $ guess,0.03,single_datapoint,no_comment
3001,2014,04_CHL,turnover_rate,ldv,%,road,passenger,ice,all,yearly,national,['manually_inputted_data $ guess'],1,0.39,manually_inputted_data $ guess,0.03,single_datapoint,no_comment
3002,2015,04_CHL,new_vehicle_efficiency,ldv,km_per_pj,road,freight,ice,all,yearly,national,['avg_eff_no_outliers $ transport_data_system_9th'],1,4776513034.843043,avg_eff_no_outliers $ transport_data_system_9th,367424079.603311,single_datapoint,no_comment
3003,2015,04_CHL,new_vehicle_efficiency,ldv,km_per_pj,road,passenger,ice,all,yearly,national,['avg_eff_no_outliers $ transport_data_system_9th'],1,3086802010.889935,avg_eff_no_outliers $ transport_data_system_9th,237446308.529995,single_datapoint,no_comment
3004,2015,04_CHL,turnover_rate,ldv,%,road,freight,ice,all,yearly,national,['manually_inputted_data $ guess'],1,0.39,manually_inputted_data $ guess,0.03,single_datapoint,no_comment
3005,2015,04_CHL,turnover_rate,ldv,%,road,passenger,ice,all,yearly,national,['manually_inputted_data $ guess'],1,0.39,manually_inputted_data $ guess,0.03,single_datapoint,no_comment
3006,2016,04_CHL,new_vehicle_efficiency,ldv,km_per_pj,road,freight,ice,all,yearly,national,['avg_eff_no_outliers $ transport_data_system_9th'],1,4776513034.843043,avg_eff_no_outliers $ transport_data_system_9th,367424079.603311,single_datapoint,no_comment
3007,2016,04_CHL,new_vehicle_efficiency,ldv,km_per_pj,road,passenger,ice,all,yearly,national,['avg_eff_no_outliers $ transport_data_system_9th'],1,3086802010.889935,avg_eff_no_outliers $ transport_data_system_9th,237446308.529995,single_datapoint,no_comment
3008,2016,04_CHL,turnover_rate,ldv,%,road,freight,ice,all,yearly,national,['manually_inputted_data $ guess'],1,0.39,manually_inputted_data $ guess,0.03,single_datapoint,no_comment
3009,2016,04_CHL,turnover_rate,ldv,%,road,passenger,ice,all,yearly,national,['manually_inputted_data $ guess'],1,0.39,manually_inputted_data $ guess,0.03,single_datapoint,no_comment
3010,2017,04_CHL,activity,ldv,passenger_km_or_freight_tonne_km,road,passenger,ice,all,yearly,national,['estimated $ calculate_energy_and_activity()'],1,95866973411.11322,estimated $ calculate_energy_and_activity(),95866973411.11322,single_datapoint,no_comment
3011,2017,04_CHL,energy,ldv,pj,road,passenger,ice,all,yearly,national,['estimated $ calculate_energy_and_activity()'],1,183.726657710446,estimated $ calculate_energy_and_activity(),183.726657710446,single_datapoint,no_comment
3012,2017,04_CHL,new_vehicle_efficiency,ldv,km_per_pj,road,freight,ice,all,yearly,national,['avg_eff_no_outliers $ transport_data_system_9th'],1,4776513034.843043,avg_eff_no_outliers $ transport_data_system_9th,367424079.603311,single_datapoint,no_comment
3013,2017,04_CHL,new_vehicle_efficiency,ldv,km_per_pj,road,passenger,ice,all,yearly,national,['avg_eff_no_outliers $ transport_data_system_9th'],1,3086802010.889935,avg_eff_no_outliers $ transport_data_system_9th,237446308.529995,single_datapoint,no_comment
3014,2017,04_CHL,travel_km,ldv,km,road,passenger,ice,all,yearly,national,['estimated $ calculate_energy_and_activity()'],1,63911315607.40881,estimated $ calculate_energy_and_activity(),63911315607.40881,single_datapoint,no_comment
3015,2017,04_CHL,turnover_rate,ldv,%,road,freight,ice,all,yearly,national,['manually_inputted_data $ guess'],1,0.39,manually_inputted_data $ guess,0.03,single_datapoint,no_comment
3016,2017,04_CHL,turnover_rate,ldv,%,road,passenger,ice,all,yearly,national,['manually_inputted_data $ guess'],1,0.39,manually_inputted_data $ guess,0.03,single_datapoint,no_comment
3017,2018,04_CHL,new_vehicle_efficiency,ldv,km_per_pj,road,freight,ice,all,yearly,national,['avg_eff_no_outliers $ transport_data_system_9th'],1,4776513034.843043,avg_eff_no_outliers $ transport_data_system_9th,367424079.603311,single_datapoint,no_comment
3018,2018,04_CHL,new_vehicle_efficiency,ldv,km_per_pj,road,passenger,ice,all,yearly,national,['avg_eff_no_outliers $ transport_data_system_9th'],1,3086802010.889935,avg_eff_no_outliers $ transport_data_system_9th,237446308.529995,single_datapoint,no_comment
3019,2018,04_CHL,turnover_rate,ldv,%,road,freight,ice,all,yearly,national,['manually_inputted_data $ guess'],1,0.39,manually_inputted_data $ guess,0.03,single_datapoint,no_comment
3020,2018,04_CHL,turnover_rate,ldv,%,road,passenger,ice,all,yearly,national,['manually_inputted_data $ guess'],1,0.39,manually_inputted_data $ guess,0.03,single_datapoint,no_comment
3021,2019,04_CHL,new_vehicle_efficiency,ldv,km_per_pj,road,freight,ice,all,yearly,national,['avg_eff_no_outliers $ transport_data_system_9th'],1,4776513034.843043,avg_eff_no_outliers $ transport_data_system_9th,367424079.603311,single_datapoint,no_comment
3022,2019,04_CHL,new_vehicle_efficiency,ldv,km_per_pj,road,passenger,ice,all,yearly,national,['avg_eff_no_outliers $ transport_data_system_9th'],1,3086802010.889935,avg_eff_no_outliers $ transport_data_system_9th,237446308.529995,single_datapoint,no_comment
3023,2019,04_CHL,turnover_rate,ldv,%,road,freight,ice,all,yearly,national,['manually_inputted_data $ guess'],1,0.39,manually_inputted_data $ guess,0.03,single_datapoint,no_comment
3024,2019,04_CHL,turnover_rate,ldv,%,road,passenger,ice,all,yearly,national,['manually_inputted_data $ guess'],1,0.39,manually_inputted_data $ guess,0.03,single_datapoint,no_comment
3025,2020,04_CHL,new_vehicle_efficiency,ldv,km_per_pj,road,freight,ice,all,yearly,national,['avg_eff_no_outliers $ transport_data_system_9th'],1,4776513034.843043,avg_eff_no_outliers $ transport_data_system_9th,367424079.603311,single_datapoint,no_comment
3026,2020,04_CHL,new_vehicle_efficiency,ldv,km_per_pj,road,passenger,ice,all,yearly,national,['avg_eff_no_outliers $ transport_data_system_9th'],1,3086802010.889935,avg_eff_no_outliers $ transport_data_system_9th,237446308.529995,single_datapoint,no_comment
3027,2020,04_CHL,turnover_rate,ldv,%,road,freight,ice,all,yearly,national,['manually_inputted_data $ guess'],1,0.39,manually_inputted_data $ guess,0.03,single_datapoint,no_comment
3028,2020,04_CHL,turnover_rate,ldv,%,road,passenger,ice,all,yearly,national,['manually_inputted_data $ guess'],1,0.39,manually_inputted_data $ guess,0.03,single_datapoint,no_comment
3029,2021,04_CHL,new_vehicle_efficiency,ldv,km_per_pj,road,freight,ice,all,yearly,national,['avg_eff_no_outliers $ transport_data_system_9th'],1,4776513034.843043,avg_eff_no_outliers $ transport_data_system_9th,367424079.603311,single_datapoint,no_comment
3030,2021,04_CHL,new_vehicle_efficiency,ldv,km_per_pj,road,passenger,ice,all,yearly,national,['avg_eff_no_outliers $ transport_data_system_9th'],1,3086802010.889935,avg_eff_no_outliers $ transport_data_system_9th,237446308.529995,single_datapoint,no_comment
3031,2021,04_CHL,turnover_rate,ldv,%,road,freight,ice,all,yearly,national,['manually_inputted_data $ guess'],1,0.39,manually_inputted_data $ guess,0.03,single_datapoint,no_comment
3032,2021,04_CHL,turnover_rate,ldv,%,road,passenger,ice,all,yearly,national,['manually_inputted_data $ guess'],1,0.39,manually_inputted_data $ guess,0.03,single_datapoint,no_comment
3033,2022,04_CHL,new_vehicle_efficiency,ldv,km_per_pj,road,freight,ice,all,yearly,national,['avg_eff_no_outliers $ transport_data_system_9th'],1,4776513034.843043,avg_eff_no_outliers $ transport_data_system_9th,367424079.603311,single_datapoint,no_comment
3034,2022,04_CHL,new_vehicle_efficiency,ldv,km_per_pj,road,passenger,ice,all,yearly,national,['avg_eff_no_outliers $ transport_data_system_9th'],1,3086802010.889935,avg_eff_no_outliers $ transport_data_system_9th,237446308.529995,single_datapoint,no_comment
3035,2022,04_CHL,turnover_rate,ldv,%,road,freight,ice,all,yearly,national,['manually_inputted_data $ guess'],1,0.39,manually_inputted_data $ guess,0.03,single_datapoint,no_comment
3036,2022,04_CHL,turnover_rate,ldv,%,road,passenger,ice,all,yearly,national,['manually_inputted_data $ guess'],1,0.39,manually_inputted_data $ guess,0.03,single_datapoint,no_comment
3037,2010,04_CHL,new_vehicle_efficiency,ldv,km_per_pj,road,freight,lpg,all,yearly,national,['avg_eff_no_outliers $ transport_data_system_9th'],1,3668778329.1297708,avg_eff_no_outliers $ transport_data_system_9th,282213717.625367,single_datapoint,no_comment
3038,2010,04_CHL,new_vehicle_efficiency,ldv,km_per_pj,road,passenger,lpg,all,yearly,national,['avg_eff_no_outliers $ transport_data_system_9th'],1,4713924488.084526,avg_eff_no_outliers $ transport_data_system_9th,362609576.006502,single_datapoint,no_comment
3039,2010,04_CHL,turnover_rate,ldv,%,road,freight,lpg,all,yearly,national,['manually_inputted_data $ guess'],1,0.42,manually_inputted_data $ guess,0.03,manual,no_comment
3040,2010,04_CHL,turnover_rate,ldv,%,road,passenger,lpg,all,yearly,national,['manually_inputted_data $ guess'],1,0.42,manually_inputted_data $ guess,0.03,manual,no_comment
3041,2011,04_CHL,new_vehicle_efficiency,ldv,km_per_pj,road,freight,lpg,all,yearly,national,['avg_eff_no_outliers $ transport_data_system_9th'],1,3668778329.1297708,avg_eff_no_outliers $ transport_data_system_9th,282213717.625367,single_datapoint,no_comment
3042,2011,04_CHL,new_vehicle_efficiency,ldv,km_per_pj,road,passenger,lpg,all,yearly,national,['avg_eff_no_outliers $ transport_data_system_9th'],1,4713924488.084526,avg_eff_no_outliers $ transport_data_system_9th,362609576.006502,single_datapoint,no_comment
3043,2011,04_CHL,turnover_rate,ldv,%,road,freight,lpg,all,yearly,national,['manually_inputted_data $ guess'],1,0.42,manually_inputted_data $ guess,0.03,manual,no_comment
3044,2011,04_CHL,turnover_rate,ldv,%,road,passenger,lpg,all,yearly,national,['manually_inputted_data $ guess'],1,0.42,manually_inputted_data $ guess,0.03,manual,no_comment
3045,2012,04_CHL,new_vehicle_efficiency,ldv,km_per_pj,road,freight,lpg,all,yearly,national,['avg_eff_no_outliers $ transport_data_system_9th'],1,3668778329.1297708,avg_eff_no_outliers $ transport_data_system_9th,282213717.625367,single_datapoint,no_comment
3046,2012,04_CHL,new_vehicle_efficiency,ldv,km_per_pj,road,passenger,lpg,all,yearly,national,['avg_eff_no_outliers $ transport_data_system_9th'],1,4713924488.084526,avg_eff_no_outliers $ transport_data_system_9th,362609576.006502,single_datapoint,no_comment
3047,2012,04_CHL,turnover_rate,ldv,%,road,freight,lpg,all,yearly,national,['manually_inputted_data $ guess'],1,0.42,manually_inputted_data $ guess,0.03,manual,no_comment
3048,2012,04_CHL,turnover_rate,ldv,%,road,passenger,lpg,all,yearly,national,['manually_inputted_data $ guess'],1,0.42,manually_inputted_data $ guess,0.03,manual,no_comment
3049,2013,04_CHL,new_vehicle_efficiency,ldv,km_per_pj,road,freight,lpg,all,yearly,national,['avg_eff_no_outliers $ transport_data_system_9th'],1,3668778329.1297708,avg_eff_no_outliers $ transport_data_system_9th,282213717.625367,single_datapoint,no_comment
3050,2013,04_CHL,new_vehicle_efficiency,ldv,km_per_pj,road,passenger,lpg,all,yearly,national,['avg_eff_no_outliers $ transport_data_system_9th'],1,4713924488.084526,avg_eff_no_outliers $ transport_data_system_9th,362609576.006502,single_datapoint,no_comment
3051,2013,04_CHL,turnover_rate,ldv,%,road,freight,lpg,all,yearly,national,['manually_inputted_data $ guess'],1,0.42,manually_inputted_data $ guess,0.03,manual,no_comment
3052,2013,04_CHL,turnover_rate,ldv,%,road,passenger,lpg,all,yearly,national,['manually_inputted_data $ guess'],1,0.42,manually_inputted_data $ guess,0.03,manual,no_comment
3053,2014,04_CHL,new_vehicle_efficiency,ldv,km_per_pj,road,freight,lpg,all,yearly,national,['avg_eff_no_outliers $ transport_data_system_9th'],1,3668778329.1297708,avg_eff_no_outliers $ transport_data_system_9th,282213717.625367,single_datapoint,no_comment
3054,2014,04_CHL,new_vehicle_efficiency,ldv,km_per_pj,road,passenger,lpg,all,yearly,national,['avg_eff_no_outliers $ transport_data_system_9th'],1,4713924488.084526,avg_eff_no_outliers $ transport_data_system_9th,362609576.006502,single_datapoint,no_comment
3055,2014,04_CHL,turnover_rate,ldv,%,road,freight,lpg,all,yearly,national,['manually_inputted_data $ guess'],1,0.42,manually_inputted_data $ guess,0.03,manual,no_comment
3056,2014,04_CHL,turnover_rate,ldv,%,road,passenger,lpg,all,yearly,national,['manually_inputted_data $ guess'],1,0.42,manually_inputted_data $ guess,0.03,manual,no_comment
3057,2015,04_CHL,new_vehicle_efficiency,ldv,km_per_pj,road,freight,lpg,all,yearly,national,['avg_eff_no_outliers $ transport_data_system_9th'],1,3668778329.1297708,avg_eff_no_outliers $ transport_data_system_9th,282213717.625367,single_datapoint,no_comment
3058,2015,04_CHL,new_vehicle_efficiency,ldv,km_per_pj,road,passenger,lpg,all,yearly,national,['avg_eff_no_outliers $ transport_data_system_9th'],1,4713924488.084526,avg_eff_no_outliers $ transport_data_system_9th,362609576.006502,single_datapoint,no_comment
3059,2015,04_CHL,turnover_rate,ldv,%,road,freight,lpg,all,yearly,national,['manually_inputted_data $ guess'],1,0.42,manually_inputted_data $ guess,0.03,manual,no_comment
3060,2015,04_CHL,turnover_rate,ldv,%,road,passenger,lpg,all,yearly,national,['manually_inputted_data $ guess'],1,0.42,manually_inputted_data $ guess,0.03,manual,no_comment
3061,2016,04_CHL,new_vehicle_efficiency,ldv,km_per_pj,road,freight,lpg,all,yearly,national,['avg_eff_no_outliers $ transport_data_system_9th'],1,3668778329.1297708,avg_eff_no_outliers $ transport_data_system_9th,282213717.625367,single_datapoint,no_comment
3062,2016,04_CHL,new_vehicle_efficiency,ldv,km_per_pj,road,passenger,lpg,all,yearly,national,['avg_eff_no_outliers $ transport_data_system_9th'],1,4713924488.084526,avg_eff_no_outliers $ transport_data_system_9th,362609576.006502,single_datapoint,no_comment
3063,2016,04_CHL,turnover_rate,ldv,%,road,freight,lpg,all,yearly,national,['manually_inputted_data $ guess'],1,0.42,manually_inputted_data $ guess,0.03,manual,no_comment
3064,2016,04_CHL,turnover_rate,ldv,%,road,passenger,lpg,all,yearly,national,['manually_inputted_data $ guess'],1,0.42,manually_inputted_data $ guess,0.03,manual,no_comment
3065,2017,04_CHL,activity,ldv,passenger_km_or_freight_tonne_km,road,passenger,lpg,all,yearly,national,"['8th_edition_transport_model $ reference', 'estimated $ calculate_energy_and_activity()']",2,1583152305.0,estimated $ calculate_energy_and_activity(),945472500.0,manual,no_comment
3066,2017,04_CHL,energy,ldv,pj,road,passenger,lpg,all,yearly,national,"['8th_edition_transport_model $ reference', 'estimated $ calculate_energy_and_activity()']",2,2.9316509793335723,estimated $ calculate_energy_and_activity(),1.8119744078830258,manual,no_comment
3067,2017,04_CHL,new_vehicle_efficiency,ldv,km_per_pj,road,freight,lpg,all,yearly,national,['avg_eff_no_outliers $ transport_data_system_9th'],1,3668778329.1297708,avg_eff_no_outliers $ transport_data_system_9th,282213717.625367,single_datapoint,no_comment
3068,2017,04_CHL,new_vehicle_efficiency,ldv,km_per_pj,road,passenger,lpg,all,yearly,national,['avg_eff_no_outliers $ transport_data_system_9th'],1,4713924488.084526,avg_eff_no_outliers $ transport_data_system_9th,362609576.006502,single_datapoint,no_comment
3069,2017,04_CHL,travel_km,ldv,km,road,passenger,lpg,all,yearly,national,['estimated $ calculate_energy_and_activity()'],1,630315000.0,estimated $ calculate_energy_and_activity(),630315000.0,single_datapoint,no_comment
3070,2017,04_CHL,turnover_rate,ldv,%,road,freight,lpg,all,yearly,national,"['manually_inputted_data $ guess', 'turnover_rate_est']",2,0.42,manually_inputted_data $ guess,0.03,manual,no_comment
3071,2017,04_CHL,turnover_rate,ldv,%,road,passenger,lpg,all,yearly,national,"['manually_inputted_data $ guess', 'turnover_rate_est']",2,0.42,manually_inputted_data $ guess,0.03,manual,no_comment
3072,2018,04_CHL,new_vehicle_efficiency,ldv,km_per_pj,road,freight,lpg,all,yearly,national,['avg_eff_no_outliers $ transport_data_system_9th'],1,3668778329.1297708,avg_eff_no_outliers $ transport_data_system_9th,282213717.625367,single_datapoint,no_comment
3073,2018,04_CHL,new_vehicle_efficiency,ldv,km_per_pj,road,passenger,lpg,all,yearly,national,['avg_eff_no_outliers $ transport_data_system_9th'],1,4713924488.084526,avg_eff_no_outliers $ transport_data_system_9th,362609576.006502,single_datapoint,no_comment
3074,2018,04_CHL,turnover_rate,ldv,%,road,freight,lpg,all,yearly,national,['manually_inputted_data $ guess'],1,0.42,manually_inputted_data $ guess,0.03,manual,no_comment
3075,2018,04_CHL,turnover_rate,ldv,%,road,passenger,lpg,all,yearly,national,['manually_inputted_data $ guess'],1,0.42,manually_inputted_data $ guess,0.03,manual,no_comment
3076,2019,04_CHL,new_vehicle_efficiency,ldv,km_per_pj,road,freight,lpg,all,yearly,national,['avg_eff_no_outliers $ transport_data_system_9th'],1,3668778329.1297708,avg_eff_no_outliers $ transport_data_system_9th,282213717.625367,single_datapoint,no_comment
3077,2019,04_CHL,new_vehicle_efficiency,ldv,km_per_pj,road,passenger,lpg,all,yearly,national,['avg_eff_no_outliers $ transport_data_system_9th'],1,4713924488.084526,avg_eff_no_outliers $ transport_data_system_9th,362609576.006502,single_datapoint,no_comment
3078,2019,04_CHL,turnover_rate,ldv,%,road,freight,lpg,all,yearly,national,['manually_inputted_data $ guess'],1,0.42,manually_inputted_data $ guess,0.03,manual,no_comment
3079,2019,04_CHL,turnover_rate,ldv,%,road,passenger,lpg,all,yearly,national,['manually_inputted_data $ guess'],1,0.42,manually_inputted_data $ guess,0.03,manual,no_comment
3080,2020,04_CHL,new_vehicle_efficiency,ldv,km_per_pj,road,freight,lpg,all,yearly,national,['avg_eff_no_outliers $ transport_data_system_9th'],1,3668778329.1297708,avg_eff_no_outliers $ transport_data_system_9th,282213717.625367,single_datapoint,no_comment
3081,2020,04_CHL,new_vehicle_efficiency,ldv,km_per_pj,road,passenger,lpg,all,yearly,national,['avg_eff_no_outliers $ transport_data_system_9th'],1,4713924488.084526,avg_eff_no_outliers $ transport_data_system_9th,362609576.006502,single_datapoint,no_comment
3082,2020,04_CHL,turnover_rate,ldv,%,road,freight,lpg,all,yearly,national,['manually_inputted_data $ guess'],1,0.42,manually_inputted_data $ guess,0.03,manual,no_comment
3083,2020,04_CHL,turnover_rate,ldv,%,road,passenger,lpg,all,yearly,national,['manually_inputted_data $ guess'],1,0.42,manually_inputted_data $ guess,0.03,manual,no_comment
3084,2021,04_CHL,new_vehicle_efficiency,ldv,km_per_pj,road,freight,lpg,all,yearly,national,['avg_eff_no_outliers $ transport_data_system_9th'],1,3668778329.1297708,avg_eff_no_outliers $ transport_data_system_9th,282213717.625367,single_datapoint,no_comment
3085,2021,04_CHL,new_vehicle_efficiency,ldv,km_per_pj,road,passenger,lpg,all,yearly,national,['avg_eff_no_outliers $ transport_data_system_9th'],1,4713924488.084526,avg_eff_no_outliers $ transport_data_system_9th,362609576.006502,single_datapoint,no_comment
3086,2021,04_CHL,turnover_rate,ldv,%,road,freight,lpg,all,yearly,national,['manually_inputted_data $ guess'],1,0.42,manually_inputted_data $ guess,0.03,manual,no_comment
3087,2021,04_CHL,turnover_rate,ldv,%,road,passenger,lpg,all,yearly,national,['manually_inputted_data $ guess'],1,0.42,manually_inputted_data $ guess,0.03,manual,no_comment
3088,2022,04_CHL,new_vehicle_efficiency,ldv,km_per_pj,road,freight,lpg,all,yearly,national,['avg_eff_no_outliers $ transport_data_system_9th'],1,3668778329.1297708,avg_eff_no_outliers $ transport_data_system_9th,282213717.625367,single_datapoint,no_comment
3089,2022,04_CHL,new_vehicle_efficiency,ldv,km_per_pj,road,passenger,lpg,all,yearly,national,['avg_eff_no_outliers $ transport_data_system_9th'],1,4713924488.084526,avg_eff_no_outliers $ transport_data_system_9th,362609576.006502,single_datapoint,no_comment
3090,2022,04_CHL,turnover_rate,ldv,%,road,freight,lpg,all,yearly,national,['manually_inputted_data $ guess'],1,0.42,manually_inputted_data $ guess,0.03,manual,no_comment
3091,2022,04_CHL,turnover_rate,ldv,%,road,passenger,lpg,all,yearly,national,['manually_inputted_data $ guess'],1,0.42,manually_inputted_data $ guess,0.03,manual,no_comment
3092,2010,04_CHL,new_vehicle_efficiency,ldv,km_per_pj,road,freight,phev,all,yearly,national,['avg_eff_no_outliers $ transport_data_system_9th'],1,8979606259.303562,avg_eff_no_outliers $ transport_data_system_9th,690738943.023351,single_datapoint,no_comment
3093,2010,04_CHL,new_vehicle_efficiency,ldv,km_per_pj,road,passenger,phev,all,yearly,national,['avg_eff_no_outliers $ transport_data_system_9th'],1,5974718100.659283,avg_eff_no_outliers $ transport_data_system_9th,459593700.050714,single_datapoint,no_comment
3094,2010,04_CHL,turnover_rate,ldv,%,road,freight,phev,all,yearly,national,['manually_inputted_data $ guess'],1,0.39,manually_inputted_data $ guess,0.03,single_datapoint,no_comment
3095,2010,04_CHL,turnover_rate,ldv,%,road,passenger,phev,all,yearly,national,['manually_inputted_data $ guess'],1,0.39,manually_inputted_data $ guess,0.03,single_datapoint,no_comment
3096,2011,04_CHL,new_vehicle_efficiency,ldv,km_per_pj,road,freight,phev,all,yearly,national,['avg_eff_no_outliers $ transport_data_system_9th'],1,8979606259.303562,avg_eff_no_outliers $ transport_data_system_9th,690738943.023351,single_datapoint,no_comment
3097,2011,04_CHL,new_vehicle_efficiency,ldv,km_per_pj,road,passenger,phev,all,yearly,national,['avg_eff_no_outliers $ transport_data_system_9th'],1,5974718100.659283,avg_eff_no_outliers $ transport_data_system_9th,459593700.050714,single_datapoint,no_comment
3098,2011,04_CHL,turnover_rate,ldv,%,road,freight,phev,all,yearly,national,['manually_inputted_data $ guess'],1,0.39,manually_inputted_data $ guess,0.03,single_datapoint,no_comment
3099,2011,04_CHL,turnover_rate,ldv,%,road,passenger,phev,all,yearly,national,['manually_inputted_data $ guess'],1,0.39,manually_inputted_data $ guess,0.03,single_datapoint,no_comment
3100,2012,04_CHL,new_vehicle_efficiency,ldv,km_per_pj,road,freight,phev,all,yearly,national,['avg_eff_no_outliers $ transport_data_system_9th'],1,8979606259.303562,avg_eff_no_outliers $ transport_data_system_9th,690738943.023351,single_datapoint,no_comment
3101,2012,04_CHL,new_vehicle_efficiency,ldv,km_per_pj,road,passenger,phev,all,yearly,national,['avg_eff_no_outliers $ transport_data_system_9th'],1,5974718100.659283,avg_eff_no_outliers $ transport_data_system_9th,459593700.050714,single_datapoint,no_comment
3102,2012,04_CHL,turnover_rate,ldv,%,road,freight,phev,all,yearly,national,['manually_inputted_data $ guess'],1,0.39,manually_inputted_data $ guess,0.03,single_datapoint,no_comment
3103,2012,04_CHL,turnover_rate,ldv,%,road,passenger,phev,all,yearly,national,['manually_inputted_data $ guess'],1,0.39,manually_inputted_data $ guess,0.03,single_datapoint,no_comment
3104,2013,04_CHL,new_vehicle_efficiency,ldv,km_per_pj,road,freight,phev,all,yearly,national,['avg_eff_no_outliers $ transport_data_system_9th'],1,8979606259.303562,avg_eff_no_outliers $ transport_data_system_9th,690738943.023351,single_datapoint,no_comment
3105,2013,04_CHL,new_vehicle_efficiency,ldv,km_per_pj,road,passenger,phev,all,yearly,national,['avg_eff_no_outliers $ transport_data_system_9th'],1,5974718100.659283,avg_eff_no_outliers $ transport_data_system_9th,459593700.050714,single_datapoint,no_comment
3106,2013,04_CHL,turnover_rate,ldv,%,road,freight,phev,all,yearly,national,['manually_inputted_data $ guess'],1,0.39,manually_inputted_data $ guess,0.03,single_datapoint,no_comment
3107,2013,04_CHL,turnover_rate,ldv,%,road,passenger,phev,all,yearly,national,['manually_inputted_data $ guess'],1,0.39,manually_inputted_data $ guess,0.03,single_datapoint,no_comment
3108,2014,04_CHL,activity,ldv,passenger_km_or_freight_tonne_km,road,passenger,phev,all,yearly,national,['estimated $ calculate_energy_and_activity()'],1,58005000.0,estimated $ calculate_energy_and_activity(),315000.0,single_datapoint,no_comment
3109,2014,04_CHL,energy,ldv,pj,road,passenger,phev,all,yearly,national,['estimated $ calculate_energy_and_activity()'],1,0.06352293273121862,estimated $ calculate_energy_and_activity(),0.0003449654997040576,single_datapoint,no_comment
3110,2014,04_CHL,new_vehicle_efficiency,ldv,km_per_pj,road,freight,phev,all,yearly,national,['avg_eff_no_outliers $ transport_data_system_9th'],1,8979606259.303562,avg_eff_no_outliers $ transport_data_system_9th,690738943.023351,single_datapoint,no_comment
3111,2014,04_CHL,new_vehicle_efficiency,ldv,km_per_pj,road,passenger,phev,all,yearly,national,['avg_eff_no_outliers $ transport_data_system_9th'],1,5974718100.659283,avg_eff_no_outliers $ transport_data_system_9th,459593700.050714,single_datapoint,no_comment
3112,2014,04_CHL,travel_km,ldv,km,road,passenger,phev,all,yearly,national,['estimated $ calculate_energy_and_activity()'],1,38670000.0,estimated $ calculate_energy_and_activity(),210000.0,single_datapoint,no_comment
3113,2014,04_CHL,turnover_rate,ldv,%,road,freight,phev,all,yearly,national,['manually_inputted_data $ guess'],1,0.39,manually_inputted_data $ guess,0.03,single_datapoint,no_comment
3114,2014,04_CHL,turnover_rate,ldv,%,road,passenger,phev,all,yearly,national,['manually_inputted_data $ guess'],1,0.39,manually_inputted_data $ guess,0.03,single_datapoint,no_comment
3115,2015,04_CHL,activity,ldv,passenger_km_or_freight_tonne_km,road,passenger,phev,all,yearly,national,['estimated $ calculate_energy_and_activity()'],1,58005000.0,estimated $ calculate_energy_and_activity(),832500.0,single_datapoint,no_comment
3116,2015,04_CHL,energy,ldv,pj,road,passenger,phev,all,yearly,national,['estimated $ calculate_energy_and_activity()'],1,0.06352293273121862,estimated $ calculate_energy_and_activity(),0.0009116945349321523,single_datapoint,no_comment
3117,2015,04_CHL,new_vehicle_efficiency,ldv,km_per_pj,road,freight,phev,all,yearly,national,['avg_eff_no_outliers $ transport_data_system_9th'],1,8979606259.303562,avg_eff_no_outliers $ transport_data_system_9th,690738943.023351,single_datapoint,no_comment
3118,2015,04_CHL,new_vehicle_efficiency,ldv,km_per_pj,road,passenger,phev,all,yearly,national,['avg_eff_no_outliers $ transport_data_system_9th'],1,5974718100.659283,avg_eff_no_outliers $ transport_data_system_9th,459593700.050714,single_datapoint,no_comment
3119,2015,04_CHL,travel_km,ldv,km,road,passenger,phev,all,yearly,national,['estimated $ calculate_energy_and_activity()'],1,38670000.0,estimated $ calculate_energy_and_activity(),555000.0,single_datapoint,no_comment
3120,2015,04_CHL,turnover_rate,ldv,%,road,freight,phev,all,yearly,national,['manually_inputted_data $ guess'],1,0.39,manually_inputted_data $ guess,0.03,single_datapoint,no_comment
3121,2015,04_CHL,turnover_rate,ldv,%,road,passenger,phev,all,yearly,national,['manually_inputted_data $ guess'],1,0.39,manually_inputted_data $ guess,0.03,single_datapoint,no_comment
3122,2016,04_CHL,activity,ldv,passenger_km_or_freight_tonne_km,road,passenger,phev,all,yearly,national,['estimated $ calculate_energy_and_activity()'],1,58005000.0,estimated $ calculate_energy_and_activity(),1035000.0,single_datapoint,no_comment
3123,2016,04_CHL,energy,ldv,pj,road,passenger,phev,all,yearly,national,['estimated $ calculate_energy_and_activity()'],1,0.06352293273121862,estimated $ calculate_energy_and_activity(),0.0011334580704561894,single_datapoint,no_comment
3124,2016,04_CHL,new_vehicle_efficiency,ldv,km_per_pj,road,freight,phev,all,yearly,national,['avg_eff_no_outliers $ transport_data_system_9th'],1,8979606259.303562,avg_eff_no_outliers $ transport_data_system_9th,690738943.023351,single_datapoint,no_comment
3125,2016,04_CHL,new_vehicle_efficiency,ldv,km_per_pj,road,passenger,phev,all,yearly,national,['avg_eff_no_outliers $ transport_data_system_9th'],1,5974718100.659283,avg_eff_no_outliers $ transport_data_system_9th,459593700.050714,single_datapoint,no_comment
3126,2016,04_CHL,travel_km,ldv,km,road,passenger,phev,all,yearly,national,['estimated $ calculate_energy_and_activity()'],1,38670000.0,estimated $ calculate_energy_and_activity(),690000.0,single_datapoint,no_comment
3127,2016,04_CHL,turnover_rate,ldv,%,road,freight,phev,all,yearly,national,['manually_inputted_data $ guess'],1,0.39,manually_inputted_data $ guess,0.03,single_datapoint,no_comment
3128,2016,04_CHL,turnover_rate,ldv,%,road,passenger,phev,all,yearly,national,['manually_inputted_data $ guess'],1,0.39,manually_inputted_data $ guess,0.03,single_datapoint,no_comment
3129,2017,04_CHL,activity,ldv,passenger_km_or_freight_tonne_km,road,passenger,phev,all,yearly,national,['estimated $ calculate_energy_and_activity()'],1,58005000.0,estimated $ calculate_energy_and_activity(),1372500.0,single_datapoint,no_comment
3130,2017,04_CHL,energy,ldv,pj,road,passenger,phev,all,yearly,national,['estimated $ calculate_energy_and_activity()'],1,0.06352293273121862,estimated $ calculate_energy_and_activity(),0.0015030639629962511,single_datapoint,no_comment
3131,2017,04_CHL,new_vehicle_efficiency,ldv,km_per_pj,road,freight,phev,all,yearly,national,['avg_eff_no_outliers $ transport_data_system_9th'],1,8979606259.303562,avg_eff_no_outliers $ transport_data_system_9th,690738943.023351,single_datapoint,no_comment
3132,2017,04_CHL,new_vehicle_efficiency,ldv,km_per_pj,road,passenger,phev,all,yearly,national,['avg_eff_no_outliers $ transport_data_system_9th'],1,5974718100.659283,avg_eff_no_outliers $ transport_data_system_9th,459593700.050714,single_datapoint,no_comment
3133,2017,04_CHL,travel_km,ldv,km,road,passenger,phev,all,yearly,national,['estimated $ calculate_energy_and_activity()'],1,38670000.0,estimated $ calculate_energy_and_activity(),915000.0,single_datapoint,no_comment
3134,2017,04_CHL,turnover_rate,ldv,%,road,freight,phev,all,yearly,national,['manually_inputted_data $ guess'],1,0.39,manually_inputted_data $ guess,0.03,single_datapoint,no_comment
3135,2017,04_CHL,turnover_rate,ldv,%,road,passenger,phev,all,yearly,national,['manually_inputted_data $ guess'],1,0.39,manually_inputted_data $ guess,0.03,single_datapoint,no_comment
3136,2018,04_CHL,activity,ldv,passenger_km_or_freight_tonne_km,road,passenger,phev,all,yearly,national,['estimated $ calculate_energy_and_activity()'],1,58005000.0,estimated $ calculate_energy_and_activity(),2925000.0,single_datapoint,no_comment
3137,2018,04_CHL,energy,ldv,pj,road,passenger,phev,all,yearly,national,['estimated $ calculate_energy_and_activity()'],1,0.06352293273121862,estimated $ calculate_energy_and_activity(),0.003203251068680535,single_datapoint,no_comment
3138,2018,04_CHL,new_vehicle_efficiency,ldv,km_per_pj,road,freight,phev,all,yearly,national,['avg_eff_no_outliers $ transport_data_system_9th'],1,8979606259.303562,avg_eff_no_outliers $ transport_data_system_9th,690738943.023351,single_datapoint,no_comment
3139,2018,04_CHL,new_vehicle_efficiency,ldv,km_per_pj,road,passenger,phev,all,yearly,national,['avg_eff_no_outliers $ transport_data_system_9th'],1,5974718100.659283,avg_eff_no_outliers $ transport_data_system_9th,459593700.050714,single_datapoint,no_comment
3140,2018,04_CHL,travel_km,ldv,km,road,passenger,phev,all,yearly,national,['estimated $ calculate_energy_and_activity()'],1,38670000.0,estimated $ calculate_energy_and_activity(),1950000.0,single_datapoint,no_comment
3141,2018,04_CHL,turnover_rate,ldv,%,road,freight,phev,all,yearly,national,['manually_inputted_data $ guess'],1,0.39,manually_inputted_data $ guess,0.03,single_datapoint,no_comment
3142,2018,04_CHL,turnover_rate,ldv,%,road,passenger,phev,all,yearly,national,['manually_inputted_data $ guess'],1,0.39,manually_inputted_data $ guess,0.03,single_datapoint,no_comment
3143,2019,04_CHL,activity,ldv,passenger_km_or_freight_tonne_km,road,passenger,phev,all,yearly,national,['estimated $ calculate_energy_and_activity()'],1,58005000.0,estimated $ calculate_energy_and_activity(),4725000.0,single_datapoint,no_comment
3144,2019,04_CHL,energy,ldv,pj,road,passenger,phev,all,yearly,national,['estimated $ calculate_energy_and_activity()'],1,0.06352293273121862,estimated $ calculate_energy_and_activity(),0.005174482495560864,single_datapoint,no_comment
3145,2019,04_CHL,new_vehicle_efficiency,ldv,km_per_pj,road,freight,phev,all,yearly,national,['avg_eff_no_outliers $ transport_data_system_9th'],1,8979606259.303562,avg_eff_no_outliers $ transport_data_system_9th,690738943.023351,single_datapoint,no_comment
3146,2019,04_CHL,new_vehicle_efficiency,ldv,km_per_pj,road,passenger,phev,all,yearly,national,['avg_eff_no_outliers $ transport_data_system_9th'],1,5974718100.659283,avg_eff_no_outliers $ transport_data_system_9th,459593700.050714,single_datapoint,no_comment
3147,2019,04_CHL,travel_km,ldv,km,road,passenger,phev,all,yearly,national,['estimated $ calculate_energy_and_activity()'],1,38670000.0,estimated $ calculate_energy_and_activity(),3150000.0,single_datapoint,no_comment
3148,2019,04_CHL,turnover_rate,ldv,%,road,freight,phev,all,yearly,national,['manually_inputted_data $ guess'],1,0.39,manually_inputted_data $ guess,0.03,single_datapoint,no_comment
3149,2019,04_CHL,turnover_rate,ldv,%,road,passenger,phev,all,yearly,national,['manually_inputted_data $ guess'],1,0.39,manually_inputted_data $ guess,0.03,single_datapoint,no_comment
3150,2020,04_CHL,activity,ldv,passenger_km_or_freight_tonne_km,road,passenger,phev,all,yearly,national,['estimated $ calculate_energy_and_activity()'],1,58005000.0,estimated $ calculate_energy_and_activity(),6525000.0,single_datapoint,no_comment
3151,2020,04_CHL,energy,ldv,pj,road,passenger,phev,all,yearly,national,['estimated $ calculate_energy_and_activity()'],1,0.06352293273121862,estimated $ calculate_energy_and_activity(),0.007145713922441194,single_datapoint,no_comment
3152,2020,04_CHL,new_vehicle_efficiency,ldv,km_per_pj,road,freight,phev,all,yearly,national,['avg_eff_no_outliers $ transport_data_system_9th'],1,8979606259.303562,avg_eff_no_outliers $ transport_data_system_9th,690738943.023351,single_datapoint,no_comment
3153,2020,04_CHL,new_vehicle_efficiency,ldv,km_per_pj,road,passenger,phev,all,yearly,national,['avg_eff_no_outliers $ transport_data_system_9th'],1,5974718100.659283,avg_eff_no_outliers $ transport_data_system_9th,459593700.050714,single_datapoint,no_comment
3154,2020,04_CHL,travel_km,ldv,km,road,passenger,phev,all,yearly,national,['estimated $ calculate_energy_and_activity()'],1,38670000.0,estimated $ calculate_energy_and_activity(),4350000.0,single_datapoint,no_comment
3155,2020,04_CHL,turnover_rate,ldv,%,road,freight,phev,all,yearly,national,['manually_inputted_data $ guess'],1,0.39,manually_inputted_data $ guess,0.03,single_datapoint,no_comment
3156,2020,04_CHL,turnover_rate,ldv,%,road,passenger,phev,all,yearly,national,['manually_inputted_data $ guess'],1,0.39,manually_inputted_data $ guess,0.03,single_datapoint,no_comment
3157,2021,04_CHL,activity,ldv,passenger_km_or_freight_tonne_km,road,passenger,phev,all,yearly,national,['estimated $ calculate_energy_and_activity()'],1,58005000.0,estimated $ calculate_energy_and_activity(),13275000.0,single_datapoint,no_comment
3158,2021,04_CHL,energy,ldv,pj,road,passenger,phev,all,yearly,national,['estimated $ calculate_energy_and_activity()'],1,0.06352293273121862,estimated $ calculate_energy_and_activity(),0.01453783177324243,single_datapoint,no_comment
3159,2021,04_CHL,new_vehicle_efficiency,ldv,km_per_pj,road,freight,phev,all,yearly,national,['avg_eff_no_outliers $ transport_data_system_9th'],1,8979606259.303562,avg_eff_no_outliers $ transport_data_system_9th,690738943.023351,single_datapoint,no_comment
3160,2021,04_CHL,new_vehicle_efficiency,ldv,km_per_pj,road,passenger,phev,all,yearly,national,['avg_eff_no_outliers $ transport_data_system_9th'],1,5974718100.659283,avg_eff_no_outliers $ transport_data_system_9th,459593700.050714,single_datapoint,no_comment
3161,2021,04_CHL,travel_km,ldv,km,road,passenger,phev,all,yearly,national,['estimated $ calculate_energy_and_activity()'],1,38670000.0,estimated $ calculate_energy_and_activity(),8850000.0,single_datapoint,no_comment
3162,2021,04_CHL,turnover_rate,ldv,%,road,freight,phev,all,yearly,national,['manually_inputted_data $ guess'],1,0.39,manually_inputted_data $ guess,0.03,single_datapoint,no_comment
3163,2021,04_CHL,turnover_rate,ldv,%,road,passenger,phev,all,yearly,national,['manually_inputted_data $ guess'],1,0.39,manually_inputted_data $ guess,0.03,single_datapoint,no_comment
3164,2022,04_CHL,activity,ldv,passenger_km_or_freight_tonne_km,road,passenger,phev,all,yearly,national,['estimated $ calculate_energy_and_activity()'],1,58005000.0,estimated $ calculate_energy_and_activity(),27000000.0,single_datapoint,no_comment
3165,2022,04_CHL,energy,ldv,pj,road,passenger,phev,all,yearly,national,['estimated $ calculate_energy_and_activity()'],1,0.06352293273121862,estimated $ calculate_energy_and_activity(),0.02956847140320494,single_datapoint,no_comment
3166,2022,04_CHL,new_vehicle_efficiency,ldv,km_per_pj,road,freight,phev,all,yearly,national,['avg_eff_no_outliers $ transport_data_system_9th'],1,8979606259.303562,avg_eff_no_outliers $ transport_data_system_9th,690738943.023351,single_datapoint,no_comment
3167,2022,04_CHL,new_vehicle_efficiency,ldv,km_per_pj,road,passenger,phev,all,yearly,national,['avg_eff_no_outliers $ transport_data_system_9th'],1,5974718100.659283,avg_eff_no_outliers $ transport_data_system_9th,459593700.050714,single_datapoint,no_comment
3168,2022,04_CHL,travel_km,ldv,km,road,passenger,phev,all,yearly,national,['estimated $ calculate_energy_and_activity()'],1,38670000.0,estimated $ calculate_energy_and_activity(),18000000.0,single_datapoint,no_comment
3169,2022,04_CHL,turnover_rate,ldv,%,road,freight,phev,all,yearly,national,['manually_inputted_data $ guess'],1,0.39,manually_inputted_data $ guess,0.03,single_datapoint,no_comment
3170,2022,04_CHL,turnover_rate,ldv,%,road,passenger,phev,all,yearly,national,['manually_inputted_data $ guess'],1,0.39,manually_inputted_data $ guess,0.03,single_datapoint,no_comment
3171,2010,05_PRC,new_vehicle_efficiency,2w,km_per_pj,road,passenger,bev,all,yearly,national,['avg_eff_no_outliers $ transport_data_system_9th'],1,33137029391.83156,avg_eff_no_outliers $ transport_data_system_9th,2549002260.91012,single_datapoint,no_comment
3172,2010,05_PRC,turnover_rate,2w,%,road,passenger,bev,all,yearly,national,['manually_inputted_data $ guess'],1,0.42,manually_inputted_data $ guess,0.03,manual,no_comment
3173,2011,05_PRC,new_vehicle_efficiency,2w,km_per_pj,road,passenger,bev,all,yearly,national,['avg_eff_no_outliers $ transport_data_system_9th'],1,33137029391.83156,avg_eff_no_outliers $ transport_data_system_9th,2549002260.91012,single_datapoint,no_comment
3174,2011,05_PRC,turnover_rate,2w,%,road,passenger,bev,all,yearly,national,['manually_inputted_data $ guess'],1,0.42,manually_inputted_data $ guess,0.03,manual,no_comment
3175,2012,05_PRC,new_vehicle_efficiency,2w,km_per_pj,road,passenger,bev,all,yearly,national,['avg_eff_no_outliers $ transport_data_system_9th'],1,33137029391.83156,avg_eff_no_outliers $ transport_data_system_9th,2549002260.91012,single_datapoint,no_comment
3176,2012,05_PRC,turnover_rate,2w,%,road,passenger,bev,all,yearly,national,['manually_inputted_data $ guess'],1,0.42,manually_inputted_data $ guess,0.03,manual,no_comment
3177,2013,05_PRC,new_vehicle_efficiency,2w,km_per_pj,road,passenger,bev,all,yearly,national,['avg_eff_no_outliers $ transport_data_system_9th'],1,33137029391.83156,avg_eff_no_outliers $ transport_data_system_9th,2549002260.91012,single_datapoint,no_comment
3178,2013,05_PRC,turnover_rate,2w,%,road,passenger,bev,all,yearly,national,['manually_inputted_data $ guess'],1,0.42,manually_inputted_data $ guess,0.03,manual,no_comment
3179,2014,05_PRC,new_vehicle_efficiency,2w,km_per_pj,road,passenger,bev,all,yearly,national,['avg_eff_no_outliers $ transport_data_system_9th'],1,33137029391.83156,avg_eff_no_outliers $ transport_data_system_9th,2549002260.91012,single_datapoint,no_comment
3180,2014,05_PRC,turnover_rate,2w,%,road,passenger,bev,all,yearly,national,['manually_inputted_data $ guess'],1,0.42,manually_inputted_data $ guess,0.03,manual,no_comment
3181,2015,05_PRC,new_vehicle_efficiency,2w,km_per_pj,road,passenger,bev,all,yearly,national,['avg_eff_no_outliers $ transport_data_system_9th'],1,33137029391.83156,avg_eff_no_outliers $ transport_data_system_9th,2549002260.91012,single_datapoint,no_comment
3182,2015,05_PRC,turnover_rate,2w,%,road,passenger,bev,all,yearly,national,['manually_inputted_data $ guess'],1,0.42,manually_inputted_data $ guess,0.03,manual,no_comment
3183,2016,05_PRC,new_vehicle_efficiency,2w,km_per_pj,road,passenger,bev,all,yearly,national,['avg_eff_no_outliers $ transport_data_system_9th'],1,33137029391.83156,avg_eff_no_outliers $ transport_data_system_9th,2549002260.91012,single_datapoint,no_comment
3184,2016,05_PRC,turnover_rate,2w,%,road,passenger,bev,all,yearly,national,['manually_inputted_data $ guess'],1,0.42,manually_inputted_data $ guess,0.03,manual,no_comment
3185,2017,05_PRC,activity,2w,passenger_km_or_freight_tonne_km,road,passenger,bev,all,yearly,national,"['8th_edition_transport_model $ reference', 'estimated $ calculate_energy_and_activity()']",2,549696151750.00006,8th_edition_transport_model $ reference,117728800000.0,manual,no_comment
3186,2017,05_PRC,energy,2w,pj,road,passenger,bev,all,yearly,national,"['8th_edition_transport_model $ reference', 'estimated $ calculate_energy_and_activity()']",2,237.60783015671842,8th_edition_transport_model $ reference,60.21040949924561,manual,no_comment
3187,2017,05_PRC,new_vehicle_efficiency,2w,km_per_pj,road,passenger,bev,all,yearly,national,['avg_eff_no_outliers $ transport_data_system_9th'],1,33137029391.83156,avg_eff_no_outliers $ transport_data_system_9th,2549002260.91012,single_datapoint,no_comment
3188,2017,05_PRC,travel_km,2w,km,road,passenger,bev,all,yearly,national,['estimated $ calculate_energy_and_activity()'],1,392697592500.0,estimated $ calculate_energy_and_activity(),392697592500.0,single_datapoint,no_comment
3189,2017,05_PRC,turnover_rate,2w,%,road,passenger,bev,all,yearly,national,"['manually_inputted_data $ guess', 'turnover_rate_est']",2,0.42,manually_inputted_data $ guess,0.03,manual,no_comment
3190,2018,05_PRC,new_vehicle_efficiency,2w,km_per_pj,road,passenger,bev,all,yearly,national,['avg_eff_no_outliers $ transport_data_system_9th'],1,33137029391.83156,avg_eff_no_outliers $ transport_data_system_9th,2549002260.91012,single_datapoint,no_comment
3191,2018,05_PRC,turnover_rate,2w,%,road,passenger,bev,all,yearly,national,['manually_inputted_data $ guess'],1,0.42,manually_inputted_data $ guess,0.03,manual,no_comment
3192,2019,05_PRC,new_vehicle_efficiency,2w,km_per_pj,road,passenger,bev,all,yearly,national,['avg_eff_no_outliers $ transport_data_system_9th'],1,33137029391.83156,avg_eff_no_outliers $ transport_data_system_9th,2549002260.91012,single_datapoint,no_comment
3193,2019,05_PRC,turnover_rate,2w,%,road,passenger,bev,all,yearly,national,['manually_inputted_data $ guess'],1,0.42,manually_inputted_data $ guess,0.03,manual,no_comment
3194,2020,05_PRC,new_vehicle_efficiency,2w,km_per_pj,road,passenger,bev,all,yearly,national,['avg_eff_no_outliers $ transport_data_system_9th'],1,33137029391.83156,avg_eff_no_outliers $ transport_data_system_9th,2549002260.91012,single_datapoint,no_comment
3195,2020,05_PRC,turnover_rate,2w,%,road,passenger,bev,all,yearly,national,['manually_inputted_data $ guess'],1,0.42,manually_inputted_data $ guess,0.03,manual,no_comment
3196,2021,05_PRC,new_vehicle_efficiency,2w,km_per_pj,road,passenger,bev,all,yearly,national,['avg_eff_no_outliers $ transport_data_system_9th'],1,33137029391.83156,avg_eff_no_outliers $ transport_data_system_9th,2549002260.91012,single_datapoint,no_comment
3197,2021,05_PRC,turnover_rate,2w,%,road,passenger,bev,all,yearly,national,['manually_inputted_data $ guess'],1,0.42,manually_inputted_data $ guess,0.03,manual,no_comment
3198,2022,05_PRC,new_vehicle_efficiency,2w,km_per_pj,road,passenger,bev,all,yearly,national,['avg_eff_no_outliers $ transport_data_system_9th'],1,33137029391.83156,avg_eff_no_outliers $ transport_data_system_9th,2549002260.91012,single_datapoint,no_comment
3199,2022,05_PRC,turnover_rate,2w,%,road,passenger,bev,all,yearly,national,['manually_inputted_data $ guess'],1,0.42,manually_inputted_data $ guess,0.03,manual,no_comment
3200,2010,05_PRC,new_vehicle_efficiency,2w,km_per_pj,road,passenger,ice,all,yearly,national,['avg_eff_no_outliers $ transport_data_system_9th'],1,7669072338.574219,avg_eff_no_outliers $ transport_data_system_9th,589928641.428786,single_datapoint,no_comment
3201,2010,05_PRC,turnover_rate,2w,%,road,passenger,ice,all,yearly,national,['manually_inputted_data $ guess'],1,0.39,manually_inputted_data $ guess,0.03,single_datapoint,no_comment
3202,2011,05_PRC,new_vehicle_efficiency,2w,km_per_pj,road,passenger,ice,all,yearly,national,['avg_eff_no_outliers $ transport_data_system_9th'],1,7669072338.574219,avg_eff_no_outliers $ transport_data_system_9th,589928641.428786,single_datapoint,no_comment
3203,2011,05_PRC,turnover_rate,2w,%,road,passenger,ice,all,yearly,national,['manually_inputted_data $ guess'],1,0.39,manually_inputted_data $ guess,0.03,single_datapoint,no_comment
3204,2012,05_PRC,new_vehicle_efficiency,2w,km_per_pj,road,passenger,ice,all,yearly,national,['avg_eff_no_outliers $ transport_data_system_9th'],1,7669072338.574219,avg_eff_no_outliers $ transport_data_system_9th,589928641.428786,single_datapoint,no_comment
3205,2012,05_PRC,turnover_rate,2w,%,road,passenger,ice,all,yearly,national,['manually_inputted_data $ guess'],1,0.39,manually_inputted_data $ guess,0.03,single_datapoint,no_comment
3206,2013,05_PRC,new_vehicle_efficiency,2w,km_per_pj,road,passenger,ice,all,yearly,national,['avg_eff_no_outliers $ transport_data_system_9th'],1,7669072338.574219,avg_eff_no_outliers $ transport_data_system_9th,589928641.428786,single_datapoint,no_comment
3207,2013,05_PRC,turnover_rate,2w,%,road,passenger,ice,all,yearly,national,['manually_inputted_data $ guess'],1,0.39,manually_inputted_data $ guess,0.03,single_datapoint,no_comment
3208,2014,05_PRC,new_vehicle_efficiency,2w,km_per_pj,road,passenger,ice,all,yearly,national,['avg_eff_no_outliers $ transport_data_system_9th'],1,7669072338.574219,avg_eff_no_outliers $ transport_data_system_9th,589928641.428786,single_datapoint,no_comment
3209,2014,05_PRC,turnover_rate,2w,%,road,passenger,ice,all,yearly,national,['manually_inputted_data $ guess'],1,0.39,manually_inputted_data $ guess,0.03,single_datapoint,no_comment
3210,2015,05_PRC,new_vehicle_efficiency,2w,km_per_pj,road,passenger,ice,all,yearly,national,['avg_eff_no_outliers $ transport_data_system_9th'],1,7669072338.574219,avg_eff_no_outliers $ transport_data_system_9th,589928641.428786,single_datapoint,no_comment
3211,2015,05_PRC,turnover_rate,2w,%,road,passenger,ice,all,yearly,national,['manually_inputted_data $ guess'],1,0.39,manually_inputted_data $ guess,0.03,single_datapoint,no_comment
3212,2016,05_PRC,new_vehicle_efficiency,2w,km_per_pj,road,passenger,ice,all,yearly,national,['avg_eff_no_outliers $ transport_data_system_9th'],1,7669072338.574219,avg_eff_no_outliers $ transport_data_system_9th,589928641.428786,single_datapoint,no_comment
3213,2016,05_PRC,turnover_rate,2w,%,road,passenger,ice,all,yearly,national,['manually_inputted_data $ guess'],1,0.39,manually_inputted_data $ guess,0.03,single_datapoint,no_comment
3214,2017,05_PRC,activity,2w,passenger_km_or_freight_tonne_km,road,passenger,ice,all,yearly,national,['estimated $ calculate_energy_and_activity()'],1,959927446500.0001,estimated $ calculate_energy_and_activity(),959927446500.0001,single_datapoint,no_comment
3215,2017,05_PRC,energy,2w,pj,road,passenger,ice,all,yearly,national,['estimated $ calculate_energy_and_activity()'],1,1379.7577135896356,estimated $ calculate_energy_and_activity(),1379.7577135896356,single_datapoint,no_comment
3216,2017,05_PRC,new_vehicle_efficiency,2w,km_per_pj,road,passenger,ice,all,yearly,national,['avg_eff_no_outliers $ transport_data_system_9th'],1,7669072338.574219,avg_eff_no_outliers $ transport_data_system_9th,589928641.428786,single_datapoint,no_comment
3217,2017,05_PRC,travel_km,2w,km,road,passenger,ice,all,yearly,national,['estimated $ calculate_energy_and_activity()'],1,872661315000.0,estimated $ calculate_energy_and_activity(),872661315000.0,single_datapoint,no_comment
3218,2017,05_PRC,turnover_rate,2w,%,road,passenger,ice,all,yearly,national,['manually_inputted_data $ guess'],1,0.39,manually_inputted_data $ guess,0.03,single_datapoint,no_comment
3219,2018,05_PRC,new_vehicle_efficiency,2w,km_per_pj,road,passenger,ice,all,yearly,national,['avg_eff_no_outliers $ transport_data_system_9th'],1,7669072338.574219,avg_eff_no_outliers $ transport_data_system_9th,589928641.428786,single_datapoint,no_comment
3220,2018,05_PRC,turnover_rate,2w,%,road,passenger,ice,all,yearly,national,['manually_inputted_data $ guess'],1,0.39,manually_inputted_data $ guess,0.03,single_datapoint,no_comment
3221,2019,05_PRC,new_vehicle_efficiency,2w,km_per_pj,road,passenger,ice,all,yearly,national,['avg_eff_no_outliers $ transport_data_system_9th'],1,7669072338.574219,avg_eff_no_outliers $ transport_data_system_9th,589928641.428786,single_datapoint,no_comment
3222,2019,05_PRC,turnover_rate,2w,%,road,passenger,ice,all,yearly,national,['manually_inputted_data $ guess'],1,0.39,manually_inputted_data $ guess,0.03,single_datapoint,no_comment
3223,2020,05_PRC,new_vehicle_efficiency,2w,km_per_pj,road,passenger,ice,all,yearly,national,['avg_eff_no_outliers $ transport_data_system_9th'],1,7669072338.574219,avg_eff_no_outliers $ transport_data_system_9th,589928641.428786,single_datapoint,no_comment
3224,2020,05_PRC,turnover_rate,2w,%,road,passenger,ice,all,yearly,national,['manually_inputted_data $ guess'],1,0.39,manually_inputted_data $ guess,0.03,single_datapoint,no_comment
3225,2021,05_PRC,new_vehicle_efficiency,2w,km_per_pj,road,passenger,ice,all,yearly,national,['avg_eff_no_outliers $ transport_data_system_9th'],1,7669072338.574219,avg_eff_no_outliers $ transport_data_system_9th,589928641.428786,single_datapoint,no_comment
3226,2021,05_PRC,turnover_rate,2w,%,road,passenger,ice,all,yearly,national,['manually_inputted_data $ guess'],1,0.39,manually_inputted_data $ guess,0.03,single_datapoint,no_comment
3227,2022,05_PRC,new_vehicle_efficiency,2w,km_per_pj,road,passenger,ice,all,yearly,national,['avg_eff_no_outliers $ transport_data_system_9th'],1,7669072338.574219,avg_eff_no_outliers $ transport_data_system_9th,589928641.428786,single_datapoint,no_comment
3228,2022,05_PRC,turnover_rate,2w,%,road,passenger,ice,all,yearly,national,['manually_inputted_data $ guess'],1,0.39,manually_inputted_data $ guess,0.03,single_datapoint,no_comment
3229,2010,05_PRC,intensity,all,pj_per_passenger_or_freight_tonne_km,air,freight,all,all,yearly,national,['manually_inputted_data $ energy-intensity-of-passenger-transport-modes-2018'],1,4.0300000000000004e-08,manually_inputted_data $ energy-intensity-of-passenger-transport-modes-2018,3.1e-09,single_datapoint,assumed_to_be_same_as_passenger_air_because_of_lack_of_data
3230,2010,05_PRC,intensity,all,pj_per_passenger_or_freight_tonne_km,rail,freight,all,all,yearly,national,['manually_inputted_data $ iea_howtocalculatetheindicatorsforthetransportsectors.pdf'],1,2.86e-09,manually_inputted_data $ iea_howtocalculatetheindicatorsforthetransportsectors.pdf,2.2e-10,single_datapoint,from_how_to_calculate_the_indicators_for_the_transport_sector
3231,2010,05_PRC,intensity,all,pj_per_passenger_or_freight_tonne_km,ship,freight,all,all,yearly,national,['manually_inputted_data $ iea_howtocalculatetheindicatorsforthetransportsectors.pdf'],1,7.02e-09,manually_inputted_data $ iea_howtocalculatetheindicatorsforthetransportsectors.pdf,5.4e-10,single_datapoint,from_how_to_calculate_the_indicators_for_the_transport_sector
3232,2010,05_PRC,intensity,all,pj_per_passenger_or_freight_tonne_km,air,passenger,all,all,yearly,national,['manually_inputted_data $ energy-intensity-of-passenger-transport-modes-2018'],1,4.0300000000000004e-08,manually_inputted_data $ energy-intensity-of-passenger-transport-modes-2018,3.1e-09,single_datapoint,no_comment
3233,2010,05_PRC,intensity,all,pj_per_passenger_or_freight_tonne_km,rail,passenger,all,all,yearly,national,['manually_inputted_data $ energy-intensity-of-passenger-transport-modes-2018'],1,2.6e-09,manually_inputted_data $ energy-intensity-of-passenger-transport-modes-2018,2e-10,single_datapoint,no_comment
3234,2010,05_PRC,intensity,all,pj_per_passenger_or_freight_tonne_km,ship,passenger,all,all,yearly,national,['manually_inputted_data $ iea_howtocalculatetheindicatorsforthetransportsectors.pdf'],1,7.02e-09,manually_inputted_data $ iea_howtocalculatetheindicatorsforthetransportsectors.pdf,5.4e-10,single_datapoint,assumed_to_be_the_same_as_ship_freight_from_iea_how_to
3235,2011,05_PRC,intensity,all,pj_per_passenger_or_freight_tonne_km,air,freight,all,all,yearly,national,['manually_inputted_data $ energy-intensity-of-passenger-transport-modes-2018'],1,4.0300000000000004e-08,manually_inputted_data $ energy-intensity-of-passenger-transport-modes-2018,3.1e-09,single_datapoint,assumed_to_be_same_as_passenger_air_because_of_lack_of_data
3236,2011,05_PRC,intensity,all,pj_per_passenger_or_freight_tonne_km,rail,freight,all,all,yearly,national,['manually_inputted_data $ iea_howtocalculatetheindicatorsforthetransportsectors.pdf'],1,2.86e-09,manually_inputted_data $ iea_howtocalculatetheindicatorsforthetransportsectors.pdf,2.2e-10,single_datapoint,from_how_to_calculate_the_indicators_for_the_transport_sector
3237,2011,05_PRC,intensity,all,pj_per_passenger_or_freight_tonne_km,ship,freight,all,all,yearly,national,['manually_inputted_data $ iea_howtocalculatetheindicatorsforthetransportsectors.pdf'],1,7.02e-09,manually_inputted_data $ iea_howtocalculatetheindicatorsforthetransportsectors.pdf,5.4e-10,single_datapoint,from_how_to_calculate_the_indicators_for_the_transport_sector
3238,2011,05_PRC,intensity,all,pj_per_passenger_or_freight_tonne_km,air,passenger,all,all,yearly,national,['manually_inputted_data $ energy-intensity-of-passenger-transport-modes-2018'],1,4.0300000000000004e-08,manually_inputted_data $ energy-intensity-of-passenger-transport-modes-2018,3.1e-09,single_datapoint,no_comment
3239,2011,05_PRC,intensity,all,pj_per_passenger_or_freight_tonne_km,rail,passenger,all,all,yearly,national,['manually_inputted_data $ energy-intensity-of-passenger-transport-modes-2018'],1,2.6e-09,manually_inputted_data $ energy-intensity-of-passenger-transport-modes-2018,2e-10,single_datapoint,no_comment
3240,2011,05_PRC,intensity,all,pj_per_passenger_or_freight_tonne_km,ship,passenger,all,all,yearly,national,['manually_inputted_data $ iea_howtocalculatetheindicatorsforthetransportsectors.pdf'],1,7.02e-09,manually_inputted_data $ iea_howtocalculatetheindicatorsforthetransportsectors.pdf,5.4e-10,single_datapoint,assumed_to_be_the_same_as_ship_freight_from_iea_how_to
3241,2012,05_PRC,intensity,all,pj_per_passenger_or_freight_tonne_km,air,freight,all,all,yearly,national,['manually_inputted_data $ energy-intensity-of-passenger-transport-modes-2018'],1,4.0300000000000004e-08,manually_inputted_data $ energy-intensity-of-passenger-transport-modes-2018,3.1e-09,single_datapoint,assumed_to_be_same_as_passenger_air_because_of_lack_of_data
3242,2012,05_PRC,intensity,all,pj_per_passenger_or_freight_tonne_km,rail,freight,all,all,yearly,national,['manually_inputted_data $ iea_howtocalculatetheindicatorsforthetransportsectors.pdf'],1,2.86e-09,manually_inputted_data $ iea_howtocalculatetheindicatorsforthetransportsectors.pdf,2.2e-10,single_datapoint,from_how_to_calculate_the_indicators_for_the_transport_sector
3243,2012,05_PRC,intensity,all,pj_per_passenger_or_freight_tonne_km,ship,freight,all,all,yearly,national,['manually_inputted_data $ iea_howtocalculatetheindicatorsforthetransportsectors.pdf'],1,7.02e-09,manually_inputted_data $ iea_howtocalculatetheindicatorsforthetransportsectors.pdf,5.4e-10,single_datapoint,from_how_to_calculate_the_indicators_for_the_transport_sector
3244,2012,05_PRC,intensity,all,pj_per_passenger_or_freight_tonne_km,air,passenger,all,all,yearly,national,['manually_inputted_data $ energy-intensity-of-passenger-transport-modes-2018'],1,4.0300000000000004e-08,manually_inputted_data $ energy-intensity-of-passenger-transport-modes-2018,3.1e-09,single_datapoint,no_comment
3245,2012,05_PRC,intensity,all,pj_per_passenger_or_freight_tonne_km,rail,passenger,all,all,yearly,national,['manually_inputted_data $ energy-intensity-of-passenger-transport-modes-2018'],1,2.6e-09,manually_inputted_data $ energy-intensity-of-passenger-transport-modes-2018,2e-10,single_datapoint,no_comment
3246,2012,05_PRC,intensity,all,pj_per_passenger_or_freight_tonne_km,ship,passenger,all,all,yearly,national,['manually_inputted_data $ iea_howtocalculatetheindicatorsforthetransportsectors.pdf'],1,7.02e-09,manually_inputted_data $ iea_howtocalculatetheindicatorsforthetransportsectors.pdf,5.4e-10,single_datapoint,assumed_to_be_the_same_as_ship_freight_from_iea_how_to
3247,2013,05_PRC,intensity,all,pj_per_passenger_or_freight_tonne_km,air,freight,all,all,yearly,national,['manually_inputted_data $ energy-intensity-of-passenger-transport-modes-2018'],1,4.0300000000000004e-08,manually_inputted_data $ energy-intensity-of-passenger-transport-modes-2018,3.1e-09,single_datapoint,assumed_to_be_same_as_passenger_air_because_of_lack_of_data
3248,2013,05_PRC,intensity,all,pj_per_passenger_or_freight_tonne_km,rail,freight,all,all,yearly,national,['manually_inputted_data $ iea_howtocalculatetheindicatorsforthetransportsectors.pdf'],1,2.86e-09,manually_inputted_data $ iea_howtocalculatetheindicatorsforthetransportsectors.pdf,2.2e-10,single_datapoint,from_how_to_calculate_the_indicators_for_the_transport_sector
3249,2013,05_PRC,intensity,all,pj_per_passenger_or_freight_tonne_km,ship,freight,all,all,yearly,national,['manually_inputted_data $ iea_howtocalculatetheindicatorsforthetransportsectors.pdf'],1,7.02e-09,manually_inputted_data $ iea_howtocalculatetheindicatorsforthetransportsectors.pdf,5.4e-10,single_datapoint,from_how_to_calculate_the_indicators_for_the_transport_sector
3250,2013,05_PRC,intensity,all,pj_per_passenger_or_freight_tonne_km,air,passenger,all,all,yearly,national,['manually_inputted_data $ energy-intensity-of-passenger-transport-modes-2018'],1,4.0300000000000004e-08,manually_inputted_data $ energy-intensity-of-passenger-transport-modes-2018,3.1e-09,single_datapoint,no_comment
3251,2013,05_PRC,intensity,all,pj_per_passenger_or_freight_tonne_km,rail,passenger,all,all,yearly,national,['manually_inputted_data $ energy-intensity-of-passenger-transport-modes-2018'],1,2.6e-09,manually_inputted_data $ energy-intensity-of-passenger-transport-modes-2018,2e-10,single_datapoint,no_comment
3252,2013,05_PRC,intensity,all,pj_per_passenger_or_freight_tonne_km,ship,passenger,all,all,yearly,national,['manually_inputted_data $ iea_howtocalculatetheindicatorsforthetransportsectors.pdf'],1,7.02e-09,manually_inputted_data $ iea_howtocalculatetheindicatorsforthetransportsectors.pdf,5.4e-10,single_datapoint,assumed_to_be_the_same_as_ship_freight_from_iea_how_to
3253,2014,05_PRC,intensity,all,pj_per_passenger_or_freight_tonne_km,air,freight,all,all,yearly,national,['manually_inputted_data $ energy-intensity-of-passenger-transport-modes-2018'],1,4.0300000000000004e-08,manually_inputted_data $ energy-intensity-of-passenger-transport-modes-2018,3.1e-09,single_datapoint,assumed_to_be_same_as_passenger_air_because_of_lack_of_data
3254,2014,05_PRC,intensity,all,pj_per_passenger_or_freight_tonne_km,rail,freight,all,all,yearly,national,['manually_inputted_data $ iea_howtocalculatetheindicatorsforthetransportsectors.pdf'],1,2.86e-09,manually_inputted_data $ iea_howtocalculatetheindicatorsforthetransportsectors.pdf,2.2e-10,single_datapoint,from_how_to_calculate_the_indicators_for_the_transport_sector
3255,2014,05_PRC,intensity,all,pj_per_passenger_or_freight_tonne_km,ship,freight,all,all,yearly,national,['manually_inputted_data $ iea_howtocalculatetheindicatorsforthetransportsectors.pdf'],1,7.02e-09,manually_inputted_data $ iea_howtocalculatetheindicatorsforthetransportsectors.pdf,5.4e-10,single_datapoint,from_how_to_calculate_the_indicators_for_the_transport_sector
3256,2014,05_PRC,intensity,all,pj_per_passenger_or_freight_tonne_km,air,passenger,all,all,yearly,national,['manually_inputted_data $ energy-intensity-of-passenger-transport-modes-2018'],1,4.0300000000000004e-08,manually_inputted_data $ energy-intensity-of-passenger-transport-modes-2018,3.1e-09,single_datapoint,no_comment
3257,2014,05_PRC,intensity,all,pj_per_passenger_or_freight_tonne_km,rail,passenger,all,all,yearly,national,['manually_inputted_data $ energy-intensity-of-passenger-transport-modes-2018'],1,2.6e-09,manually_inputted_data $ energy-intensity-of-passenger-transport-modes-2018,2e-10,single_datapoint,no_comment
3258,2014,05_PRC,intensity,all,pj_per_passenger_or_freight_tonne_km,ship,passenger,all,all,yearly,national,['manually_inputted_data $ iea_howtocalculatetheindicatorsforthetransportsectors.pdf'],1,7.02e-09,manually_inputted_data $ iea_howtocalculatetheindicatorsforthetransportsectors.pdf,5.4e-10,single_datapoint,assumed_to_be_the_same_as_ship_freight_from_iea_how_to
3259,2015,05_PRC,intensity,all,pj_per_passenger_or_freight_tonne_km,air,freight,all,all,yearly,national,['manually_inputted_data $ energy-intensity-of-passenger-transport-modes-2018'],1,4.0300000000000004e-08,manually_inputted_data $ energy-intensity-of-passenger-transport-modes-2018,3.1e-09,single_datapoint,assumed_to_be_same_as_passenger_air_because_of_lack_of_data
3260,2015,05_PRC,intensity,all,pj_per_passenger_or_freight_tonne_km,rail,freight,all,all,yearly,national,['manually_inputted_data $ iea_howtocalculatetheindicatorsforthetransportsectors.pdf'],1,2.86e-09,manually_inputted_data $ iea_howtocalculatetheindicatorsforthetransportsectors.pdf,2.2e-10,single_datapoint,from_how_to_calculate_the_indicators_for_the_transport_sector
3261,2015,05_PRC,intensity,all,pj_per_passenger_or_freight_tonne_km,ship,freight,all,all,yearly,national,['manually_inputted_data $ iea_howtocalculatetheindicatorsforthetransportsectors.pdf'],1,7.02e-09,manually_inputted_data $ iea_howtocalculatetheindicatorsforthetransportsectors.pdf,5.4e-10,single_datapoint,from_how_to_calculate_the_indicators_for_the_transport_sector
3262,2015,05_PRC,intensity,all,pj_per_passenger_or_freight_tonne_km,air,passenger,all,all,yearly,national,['manually_inputted_data $ energy-intensity-of-passenger-transport-modes-2018'],1,4.0300000000000004e-08,manually_inputted_data $ energy-intensity-of-passenger-transport-modes-2018,3.1e-09,single_datapoint,no_comment
3263,2015,05_PRC,intensity,all,pj_per_passenger_or_freight_tonne_km,rail,passenger,all,all,yearly,national,['manually_inputted_data $ energy-intensity-of-passenger-transport-modes-2018'],1,2.6e-09,manually_inputted_data $ energy-intensity-of-passenger-transport-modes-2018,2e-10,single_datapoint,no_comment
3264,2015,05_PRC,intensity,all,pj_per_passenger_or_freight_tonne_km,ship,passenger,all,all,yearly,national,['manually_inputted_data $ iea_howtocalculatetheindicatorsforthetransportsectors.pdf'],1,7.02e-09,manually_inputted_data $ iea_howtocalculatetheindicatorsforthetransportsectors.pdf,5.4e-10,single_datapoint,assumed_to_be_the_same_as_ship_freight_from_iea_how_to
3265,2016,05_PRC,intensity,all,pj_per_passenger_or_freight_tonne_km,air,freight,all,all,yearly,national,['manually_inputted_data $ energy-intensity-of-passenger-transport-modes-2018'],1,4.0300000000000004e-08,manually_inputted_data $ energy-intensity-of-passenger-transport-modes-2018,3.1e-09,single_datapoint,assumed_to_be_same_as_passenger_air_because_of_lack_of_data
3266,2016,05_PRC,intensity,all,pj_per_passenger_or_freight_tonne_km,rail,freight,all,all,yearly,national,['manually_inputted_data $ iea_howtocalculatetheindicatorsforthetransportsectors.pdf'],1,2.86e-09,manually_inputted_data $ iea_howtocalculatetheindicatorsforthetransportsectors.pdf,2.2e-10,single_datapoint,from_how_to_calculate_the_indicators_for_the_transport_sector
3267,2016,05_PRC,intensity,all,pj_per_passenger_or_freight_tonne_km,ship,freight,all,all,yearly,national,['manually_inputted_data $ iea_howtocalculatetheindicatorsforthetransportsectors.pdf'],1,7.02e-09,manually_inputted_data $ iea_howtocalculatetheindicatorsforthetransportsectors.pdf,5.4e-10,single_datapoint,from_how_to_calculate_the_indicators_for_the_transport_sector
3268,2016,05_PRC,intensity,all,pj_per_passenger_or_freight_tonne_km,air,passenger,all,all,yearly,national,['manually_inputted_data $ energy-intensity-of-passenger-transport-modes-2018'],1,4.0300000000000004e-08,manually_inputted_data $ energy-intensity-of-passenger-transport-modes-2018,3.1e-09,single_datapoint,no_comment
3269,2016,05_PRC,intensity,all,pj_per_passenger_or_freight_tonne_km,rail,passenger,all,all,yearly,national,['manually_inputted_data $ energy-intensity-of-passenger-transport-modes-2018'],1,2.6e-09,manually_inputted_data $ energy-intensity-of-passenger-transport-modes-2018,2e-10,single_datapoint,no_comment
3270,2016,05_PRC,intensity,all,pj_per_passenger_or_freight_tonne_km,ship,passenger,all,all,yearly,national,['manually_inputted_data $ iea_howtocalculatetheindicatorsforthetransportsectors.pdf'],1,7.02e-09,manually_inputted_data $ iea_howtocalculatetheindicatorsforthetransportsectors.pdf,5.4e-10,single_datapoint,assumed_to_be_the_same_as_ship_freight_from_iea_how_to
3271,2017,05_PRC,intensity,all,pj_per_passenger_or_freight_tonne_km,air,freight,all,all,yearly,national,['manually_inputted_data $ energy-intensity-of-passenger-transport-modes-2018'],1,4.0300000000000004e-08,manually_inputted_data $ energy-intensity-of-passenger-transport-modes-2018,3.1e-09,single_datapoint,assumed_to_be_same_as_passenger_air_because_of_lack_of_data
3272,2017,05_PRC,intensity,all,pj_per_passenger_or_freight_tonne_km,rail,freight,all,all,yearly,national,['manually_inputted_data $ iea_howtocalculatetheindicatorsforthetransportsectors.pdf'],1,2.86e-09,manually_inputted_data $ iea_howtocalculatetheindicatorsforthetransportsectors.pdf,2.2e-10,single_datapoint,from_how_to_calculate_the_indicators_for_the_transport_sector
3273,2017,05_PRC,intensity,all,pj_per_passenger_or_freight_tonne_km,ship,freight,all,all,yearly,national,['manually_inputted_data $ iea_howtocalculatetheindicatorsforthetransportsectors.pdf'],1,7.02e-09,manually_inputted_data $ iea_howtocalculatetheindicatorsforthetransportsectors.pdf,5.4e-10,single_datapoint,from_how_to_calculate_the_indicators_for_the_transport_sector
3274,2017,05_PRC,intensity,all,pj_per_passenger_or_freight_tonne_km,air,passenger,all,all,yearly,national,['manually_inputted_data $ energy-intensity-of-passenger-transport-modes-2018'],1,4.0300000000000004e-08,manually_inputted_data $ energy-intensity-of-passenger-transport-modes-2018,3.1e-09,single_datapoint,no_comment
3275,2017,05_PRC,intensity,all,pj_per_passenger_or_freight_tonne_km,rail,passenger,all,all,yearly,national,['manually_inputted_data $ energy-intensity-of-passenger-transport-modes-2018'],1,2.6e-09,manually_inputted_data $ energy-intensity-of-passenger-transport-modes-2018,2e-10,single_datapoint,no_comment
3276,2017,05_PRC,intensity,all,pj_per_passenger_or_freight_tonne_km,ship,passenger,all,all,yearly,national,['manually_inputted_data $ iea_howtocalculatetheindicatorsforthetransportsectors.pdf'],1,7.02e-09,manually_inputted_data $ iea_howtocalculatetheindicatorsforthetransportsectors.pdf,5.4e-10,single_datapoint,assumed_to_be_the_same_as_ship_freight_from_iea_how_to
3277,2018,05_PRC,intensity,all,pj_per_passenger_or_freight_tonne_km,air,freight,all,all,yearly,national,['manually_inputted_data $ energy-intensity-of-passenger-transport-modes-2018'],1,4.0300000000000004e-08,manually_inputted_data $ energy-intensity-of-passenger-transport-modes-2018,3.1e-09,single_datapoint,assumed_to_be_same_as_passenger_air_because_of_lack_of_data
3278,2018,05_PRC,intensity,all,pj_per_passenger_or_freight_tonne_km,rail,freight,all,all,yearly,national,['manually_inputted_data $ iea_howtocalculatetheindicatorsforthetransportsectors.pdf'],1,2.86e-09,manually_inputted_data $ iea_howtocalculatetheindicatorsforthetransportsectors.pdf,2.2e-10,single_datapoint,from_how_to_calculate_the_indicators_for_the_transport_sector
3279,2018,05_PRC,intensity,all,pj_per_passenger_or_freight_tonne_km,ship,freight,all,all,yearly,national,['manually_inputted_data $ iea_howtocalculatetheindicatorsforthetransportsectors.pdf'],1,7.02e-09,manually_inputted_data $ iea_howtocalculatetheindicatorsforthetransportsectors.pdf,5.4e-10,single_datapoint,from_how_to_calculate_the_indicators_for_the_transport_sector
3280,2018,05_PRC,intensity,all,pj_per_passenger_or_freight_tonne_km,air,passenger,all,all,yearly,national,['manually_inputted_data $ energy-intensity-of-passenger-transport-modes-2018'],1,4.0300000000000004e-08,manually_inputted_data $ energy-intensity-of-passenger-transport-modes-2018,3.1e-09,single_datapoint,no_comment
3281,2018,05_PRC,intensity,all,pj_per_passenger_or_freight_tonne_km,rail,passenger,all,all,yearly,national,['manually_inputted_data $ energy-intensity-of-passenger-transport-modes-2018'],1,2.6e-09,manually_inputted_data $ energy-intensity-of-passenger-transport-modes-2018,2e-10,single_datapoint,no_comment
3282,2018,05_PRC,intensity,all,pj_per_passenger_or_freight_tonne_km,ship,passenger,all,all,yearly,national,['manually_inputted_data $ iea_howtocalculatetheindicatorsforthetransportsectors.pdf'],1,7.02e-09,manually_inputted_data $ iea_howtocalculatetheindicatorsforthetransportsectors.pdf,5.4e-10,single_datapoint,assumed_to_be_the_same_as_ship_freight_from_iea_how_to
3283,2019,05_PRC,intensity,all,pj_per_passenger_or_freight_tonne_km,air,freight,all,all,yearly,national,['manually_inputted_data $ energy-intensity-of-passenger-transport-modes-2018'],1,4.0300000000000004e-08,manually_inputted_data $ energy-intensity-of-passenger-transport-modes-2018,3.1e-09,single_datapoint,assumed_to_be_same_as_passenger_air_because_of_lack_of_data
3284,2019,05_PRC,intensity,all,pj_per_passenger_or_freight_tonne_km,rail,freight,all,all,yearly,national,['manually_inputted_data $ iea_howtocalculatetheindicatorsforthetransportsectors.pdf'],1,2.86e-09,manually_inputted_data $ iea_howtocalculatetheindicatorsforthetransportsectors.pdf,2.2e-10,single_datapoint,from_how_to_calculate_the_indicators_for_the_transport_sector
3285,2019,05_PRC,intensity,all,pj_per_passenger_or_freight_tonne_km,ship,freight,all,all,yearly,national,['manually_inputted_data $ iea_howtocalculatetheindicatorsforthetransportsectors.pdf'],1,7.02e-09,manually_inputted_data $ iea_howtocalculatetheindicatorsforthetransportsectors.pdf,5.4e-10,single_datapoint,from_how_to_calculate_the_indicators_for_the_transport_sector
3286,2019,05_PRC,intensity,all,pj_per_passenger_or_freight_tonne_km,air,passenger,all,all,yearly,national,['manually_inputted_data $ energy-intensity-of-passenger-transport-modes-2018'],1,4.0300000000000004e-08,manually_inputted_data $ energy-intensity-of-passenger-transport-modes-2018,3.1e-09,single_datapoint,no_comment
3287,2019,05_PRC,intensity,all,pj_per_passenger_or_freight_tonne_km,rail,passenger,all,all,yearly,national,['manually_inputted_data $ energy-intensity-of-passenger-transport-modes-2018'],1,2.6e-09,manually_inputted_data $ energy-intensity-of-passenger-transport-modes-2018,2e-10,single_datapoint,no_comment
3288,2019,05_PRC,intensity,all,pj_per_passenger_or_freight_tonne_km,ship,passenger,all,all,yearly,national,['manually_inputted_data $ iea_howtocalculatetheindicatorsforthetransportsectors.pdf'],1,7.02e-09,manually_inputted_data $ iea_howtocalculatetheindicatorsforthetransportsectors.pdf,5.4e-10,single_datapoint,assumed_to_be_the_same_as_ship_freight_from_iea_how_to
3289,2020,05_PRC,intensity,all,pj_per_passenger_or_freight_tonne_km,air,freight,all,all,yearly,national,['manually_inputted_data $ energy-intensity-of-passenger-transport-modes-2018'],1,4.0300000000000004e-08,manually_inputted_data $ energy-intensity-of-passenger-transport-modes-2018,3.1e-09,single_datapoint,assumed_to_be_same_as_passenger_air_because_of_lack_of_data
3290,2020,05_PRC,intensity,all,pj_per_passenger_or_freight_tonne_km,rail,freight,all,all,yearly,national,['manually_inputted_data $ iea_howtocalculatetheindicatorsforthetransportsectors.pdf'],1,2.86e-09,manually_inputted_data $ iea_howtocalculatetheindicatorsforthetransportsectors.pdf,2.2e-10,single_datapoint,from_how_to_calculate_the_indicators_for_the_transport_sector
3291,2020,05_PRC,intensity,all,pj_per_passenger_or_freight_tonne_km,ship,freight,all,all,yearly,national,['manually_inputted_data $ iea_howtocalculatetheindicatorsforthetransportsectors.pdf'],1,7.02e-09,manually_inputted_data $ iea_howtocalculatetheindicatorsforthetransportsectors.pdf,5.4e-10,single_datapoint,from_how_to_calculate_the_indicators_for_the_transport_sector
3292,2020,05_PRC,intensity,all,pj_per_passenger_or_freight_tonne_km,air,passenger,all,all,yearly,national,['manually_inputted_data $ energy-intensity-of-passenger-transport-modes-2018'],1,4.0300000000000004e-08,manually_inputted_data $ energy-intensity-of-passenger-transport-modes-2018,3.1e-09,single_datapoint,no_comment
3293,2020,05_PRC,intensity,all,pj_per_passenger_or_freight_tonne_km,rail,passenger,all,all,yearly,national,['manually_inputted_data $ energy-intensity-of-passenger-transport-modes-2018'],1,2.6e-09,manually_inputted_data $ energy-intensity-of-passenger-transport-modes-2018,2e-10,single_datapoint,no_comment
3294,2020,05_PRC,intensity,all,pj_per_passenger_or_freight_tonne_km,ship,passenger,all,all,yearly,national,['manually_inputted_data $ iea_howtocalculatetheindicatorsforthetransportsectors.pdf'],1,7.02e-09,manually_inputted_data $ iea_howtocalculatetheindicatorsforthetransportsectors.pdf,5.4e-10,single_datapoint,assumed_to_be_the_same_as_ship_freight_from_iea_how_to
3295,2021,05_PRC,intensity,all,pj_per_passenger_or_freight_tonne_km,air,freight,all,all,yearly,national,['manually_inputted_data $ energy-intensity-of-passenger-transport-modes-2018'],1,4.0300000000000004e-08,manually_inputted_data $ energy-intensity-of-passenger-transport-modes-2018,3.1e-09,single_datapoint,assumed_to_be_same_as_passenger_air_because_of_lack_of_data
3296,2021,05_PRC,intensity,all,pj_per_passenger_or_freight_tonne_km,rail,freight,all,all,yearly,national,['manually_inputted_data $ iea_howtocalculatetheindicatorsforthetransportsectors.pdf'],1,2.86e-09,manually_inputted_data $ iea_howtocalculatetheindicatorsforthetransportsectors.pdf,2.2e-10,single_datapoint,from_how_to_calculate_the_indicators_for_the_transport_sector
3297,2021,05_PRC,intensity,all,pj_per_passenger_or_freight_tonne_km,ship,freight,all,all,yearly,national,['manually_inputted_data $ iea_howtocalculatetheindicatorsforthetransportsectors.pdf'],1,7.02e-09,manually_inputted_data $ iea_howtocalculatetheindicatorsforthetransportsectors.pdf,5.4e-10,single_datapoint,from_how_to_calculate_the_indicators_for_the_transport_sector
3298,2021,05_PRC,intensity,all,pj_per_passenger_or_freight_tonne_km,air,passenger,all,all,yearly,national,['manually_inputted_data $ energy-intensity-of-passenger-transport-modes-2018'],1,4.0300000000000004e-08,manually_inputted_data $ energy-intensity-of-passenger-transport-modes-2018,3.1e-09,single_datapoint,no_comment
3299,2021,05_PRC,intensity,all,pj_per_passenger_or_freight_tonne_km,rail,passenger,all,all,yearly,national,['manually_inputted_data $ energy-intensity-of-passenger-transport-modes-2018'],1,2.6e-09,manually_inputted_data $ energy-intensity-of-passenger-transport-modes-2018,2e-10,single_datapoint,no_comment
3300,2021,05_PRC,intensity,all,pj_per_passenger_or_freight_tonne_km,ship,passenger,all,all,yearly,national,['manually_inputted_data $ iea_howtocalculatetheindicatorsforthetransportsectors.pdf'],1,7.02e-09,manually_inputted_data $ iea_howtocalculatetheindicatorsforthetransportsectors.pdf,5.4e-10,single_datapoint,assumed_to_be_the_same_as_ship_freight_from_iea_how_to
3301,2022,05_PRC,intensity,all,pj_per_passenger_or_freight_tonne_km,air,freight,all,all,yearly,national,['manually_inputted_data $ energy-intensity-of-passenger-transport-modes-2018'],1,4.0300000000000004e-08,manually_inputted_data $ energy-intensity-of-passenger-transport-modes-2018,3.1e-09,single_datapoint,assumed_to_be_same_as_passenger_air_because_of_lack_of_data
3302,2022,05_PRC,intensity,all,pj_per_passenger_or_freight_tonne_km,rail,freight,all,all,yearly,national,['manually_inputted_data $ iea_howtocalculatetheindicatorsforthetransportsectors.pdf'],1,2.86e-09,manually_inputted_data $ iea_howtocalculatetheindicatorsforthetransportsectors.pdf,2.2e-10,single_datapoint,from_how_to_calculate_the_indicators_for_the_transport_sector
3303,2022,05_PRC,intensity,all,pj_per_passenger_or_freight_tonne_km,ship,freight,all,all,yearly,national,['manually_inputted_data $ iea_howtocalculatetheindicatorsforthetransportsectors.pdf'],1,7.02e-09,manually_inputted_data $ iea_howtocalculatetheindicatorsforthetransportsectors.pdf,5.4e-10,single_datapoint,from_how_to_calculate_the_indicators_for_the_transport_sector
3304,2022,05_PRC,intensity,all,pj_per_passenger_or_freight_tonne_km,air,passenger,all,all,yearly,national,['manually_inputted_data $ energy-intensity-of-passenger-transport-modes-2018'],1,4.0300000000000004e-08,manually_inputted_data $ energy-intensity-of-passenger-transport-modes-2018,3.1e-09,single_datapoint,no_comment
3305,2022,05_PRC,intensity,all,pj_per_passenger_or_freight_tonne_km,rail,passenger,all,all,yearly,national,['manually_inputted_data $ energy-intensity-of-passenger-transport-modes-2018'],1,2.6e-09,manually_inputted_data $ energy-intensity-of-passenger-transport-modes-2018,2e-10,single_datapoint,no_comment
3306,2022,05_PRC,intensity,all,pj_per_passenger_or_freight_tonne_km,ship,passenger,all,all,yearly,national,['manually_inputted_data $ iea_howtocalculatetheindicatorsforthetransportsectors.pdf'],1,7.02e-09,manually_inputted_data $ iea_howtocalculatetheindicatorsforthetransportsectors.pdf,5.4e-10,single_datapoint,assumed_to_be_the_same_as_ship_freight_from_iea_how_to
3307,2010,05_PRC,activity,bus,passenger_km_or_freight_tonne_km,road,passenger,bev,all,yearly,national,['estimated $ calculate_energy_and_activity()'],1,3784030600000.0,estimated $ calculate_energy_and_activity(),2137500000.0,manual,no_comment
3308,2010,05_PRC,energy,bus,pj,road,passenger,bev,all,yearly,national,['estimated $ calculate_energy_and_activity()'],1,939.3570138147318,estimated $ calculate_energy_and_activity(),0.547088349316466,manual,no_comment
3309,2010,05_PRC,new_vehicle_efficiency,bus,km_per_pj,road,passenger,bev,all,yearly,national,['avg_eff_no_outliers $ transport_data_system_9th'],1,1058314235.1561403,avg_eff_no_outliers $ transport_data_system_9th,81408787.3197031,single_datapoint,no_comment
3310,2010,05_PRC,travel_km,bus,km,road,passenger,bev,all,yearly,national,['estimated $ calculate_energy_and_activity()'],1,233962500000.0,estimated $ calculate_energy_and_activity(),142500000.0,single_datapoint,no_comment
3311,2010,05_PRC,turnover_rate,bus,%,road,passenger,bev,all,yearly,national,['manually_inputted_data $ guess'],1,0.42,manually_inputted_data $ guess,0.03,manual,no_comment
3312,2011,05_PRC,activity,bus,passenger_km_or_freight_tonne_km,road,passenger,bev,all,yearly,national,['estimated $ calculate_energy_and_activity()'],1,3784030600000.0,estimated $ calculate_energy_and_activity(),4612500000.0,manual,no_comment
3313,2011,05_PRC,energy,bus,pj,road,passenger,bev,all,yearly,national,['estimated $ calculate_energy_and_activity()'],1,939.3570138147318,estimated $ calculate_energy_and_activity(),1.1805590695776371,manual,no_comment
3314,2011,05_PRC,new_vehicle_efficiency,bus,km_per_pj,road,passenger,bev,all,yearly,national,['avg_eff_no_outliers $ transport_data_system_9th'],1,1058314235.1561403,avg_eff_no_outliers $ transport_data_system_9th,81408787.3197031,single_datapoint,no_comment
3315,2011,05_PRC,travel_km,bus,km,road,passenger,bev,all,yearly,national,['estimated $ calculate_energy_and_activity()'],1,233962500000.0,estimated $ calculate_energy_and_activity(),307500000.0,single_datapoint,no_comment
3316,2011,05_PRC,turnover_rate,bus,%,road,passenger,bev,all,yearly,national,['manually_inputted_data $ guess'],1,0.42,manually_inputted_data $ guess,0.03,manual,no_comment
3317,2012,05_PRC,activity,bus,passenger_km_or_freight_tonne_km,road,passenger,bev,all,yearly,national,['estimated $ calculate_energy_and_activity()'],1,3784030600000.0,estimated $ calculate_energy_and_activity(),6637500000.0,manual,no_comment
3318,2012,05_PRC,energy,bus,pj,road,passenger,bev,all,yearly,national,['estimated $ calculate_energy_and_activity()'],1,939.3570138147318,estimated $ calculate_energy_and_activity(),1.698853295245868,manual,no_comment
3319,2012,05_PRC,new_vehicle_efficiency,bus,km_per_pj,road,passenger,bev,all,yearly,national,['avg_eff_no_outliers $ transport_data_system_9th'],1,1058314235.1561403,avg_eff_no_outliers $ transport_data_system_9th,81408787.3197031,single_datapoint,no_comment
3320,2012,05_PRC,travel_km,bus,km,road,passenger,bev,all,yearly,national,['estimated $ calculate_energy_and_activity()'],1,233962500000.0,estimated $ calculate_energy_and_activity(),442500000.0,single_datapoint,no_comment
3321,2012,05_PRC,turnover_rate,bus,%,road,passenger,bev,all,yearly,national,['manually_inputted_data $ guess'],1,0.42,manually_inputted_data $ guess,0.03,manual,no_comment
3322,2013,05_PRC,activity,bus,passenger_km_or_freight_tonne_km,road,passenger,bev,all,yearly,national,['estimated $ calculate_energy_and_activity()'],1,3784030600000.0,estimated $ calculate_energy_and_activity(),8550000000.0,manual,no_comment
3323,2013,05_PRC,energy,bus,pj,road,passenger,bev,all,yearly,national,['estimated $ calculate_energy_and_activity()'],1,939.3570138147318,estimated $ calculate_energy_and_activity(),2.188353397265864,manual,no_comment
3324,2013,05_PRC,new_vehicle_efficiency,bus,km_per_pj,road,passenger,bev,all,yearly,national,['avg_eff_no_outliers $ transport_data_system_9th'],1,1058314235.1561403,avg_eff_no_outliers $ transport_data_system_9th,81408787.3197031,single_datapoint,no_comment
3325,2013,05_PRC,travel_km,bus,km,road,passenger,bev,all,yearly,national,['estimated $ calculate_energy_and_activity()'],1,233962500000.0,estimated $ calculate_energy_and_activity(),570000000.0,single_datapoint,no_comment
3326,2013,05_PRC,turnover_rate,bus,%,road,passenger,bev,all,yearly,national,['manually_inputted_data $ guess'],1,0.42,manually_inputted_data $ guess,0.03,manual,no_comment
3327,2014,05_PRC,activity,bus,passenger_km_or_freight_tonne_km,road,passenger,bev,all,yearly,national,['estimated $ calculate_energy_and_activity()'],1,3784030600000.0,estimated $ calculate_energy_and_activity(),24750000000.0,manual,no_comment
3328,2014,05_PRC,energy,bus,pj,road,passenger,bev,all,yearly,national,['estimated $ calculate_energy_and_activity()'],1,939.3570138147318,estimated $ calculate_energy_and_activity(),6.334707202611711,manual,no_comment
3329,2014,05_PRC,new_vehicle_efficiency,bus,km_per_pj,road,passenger,bev,all,yearly,national,['avg_eff_no_outliers $ transport_data_system_9th'],1,1058314235.1561403,avg_eff_no_outliers $ transport_data_system_9th,81408787.3197031,single_datapoint,no_comment
3330,2014,05_PRC,travel_km,bus,km,road,passenger,bev,all,yearly,national,['estimated $ calculate_energy_and_activity()'],1,233962500000.0,estimated $ calculate_energy_and_activity(),1650000000.0,single_datapoint,no_comment
3331,2014,05_PRC,turnover_rate,bus,%,road,passenger,bev,all,yearly,national,['manually_inputted_data $ guess'],1,0.42,manually_inputted_data $ guess,0.03,manual,no_comment
3332,2015,05_PRC,activity,bus,passenger_km_or_freight_tonne_km,road,passenger,bev,all,yearly,national,['estimated $ calculate_energy_and_activity()'],1,3784030600000.0,estimated $ calculate_energy_and_activity(),110250000000.0,manual,no_comment
3333,2015,05_PRC,energy,bus,pj,road,passenger,bev,all,yearly,national,['estimated $ calculate_energy_and_activity()'],1,939.3570138147318,estimated $ calculate_energy_and_activity(),28.21824117527035,manual,no_comment
3334,2015,05_PRC,new_vehicle_efficiency,bus,km_per_pj,road,passenger,bev,all,yearly,national,['avg_eff_no_outliers $ transport_data_system_9th'],1,1058314235.1561403,avg_eff_no_outliers $ transport_data_system_9th,81408787.3197031,single_datapoint,no_comment
3335,2015,05_PRC,travel_km,bus,km,road,passenger,bev,all,yearly,national,['estimated $ calculate_energy_and_activity()'],1,233962500000.0,estimated $ calculate_energy_and_activity(),7350000000.0,single_datapoint,no_comment
3336,2015,05_PRC,turnover_rate,bus,%,road,passenger,bev,all,yearly,national,['manually_inputted_data $ guess'],1,0.42,manually_inputted_data $ guess,0.03,manual,no_comment
3337,2016,05_PRC,activity,bus,passenger_km_or_freight_tonne_km,road,passenger,bev,all,yearly,national,['estimated $ calculate_energy_and_activity()'],1,3784030600000.0,estimated $ calculate_energy_and_activity(),213750000000.0,manual,no_comment
3338,2016,05_PRC,energy,bus,pj,road,passenger,bev,all,yearly,national,['estimated $ calculate_energy_and_activity()'],1,939.3570138147318,estimated $ calculate_energy_and_activity(),54.7088349316466,manual,no_comment
3339,2016,05_PRC,new_vehicle_efficiency,bus,km_per_pj,road,passenger,bev,all,yearly,national,['avg_eff_no_outliers $ transport_data_system_9th'],1,1058314235.1561403,avg_eff_no_outliers $ transport_data_system_9th,81408787.3197031,single_datapoint,no_comment
3340,2016,05_PRC,travel_km,bus,km,road,passenger,bev,all,yearly,national,['estimated $ calculate_energy_and_activity()'],1,233962500000.0,estimated $ calculate_energy_and_activity(),14250000000.0,single_datapoint,no_comment
3341,2016,05_PRC,turnover_rate,bus,%,road,passenger,bev,all,yearly,national,['manually_inputted_data $ guess'],1,0.42,manually_inputted_data $ guess,0.03,manual,no_comment
3342,2017,05_PRC,activity,bus,passenger_km_or_freight_tonne_km,road,passenger,bev,all,yearly,national,"['8th_edition_transport_model $ reference', 'estimated $ calculate_energy_and_activity()']",2,3784030600000.0,estimated $ calculate_energy_and_activity(),315000000000.0,manual,no_comment
3343,2017,05_PRC,energy,bus,pj,road,passenger,bev,all,yearly,national,"['8th_edition_transport_model $ reference', 'estimated $ calculate_energy_and_activity()']",2,939.3570138147318,estimated $ calculate_energy_and_activity(),80.62354621505814,manual,no_comment
3344,2017,05_PRC,new_vehicle_efficiency,bus,km_per_pj,road,passenger,bev,all,yearly,national,['avg_eff_no_outliers $ transport_data_system_9th'],1,1058314235.1561403,avg_eff_no_outliers $ transport_data_system_9th,81408787.3197031,single_datapoint,no_comment
3345,2017,05_PRC,travel_km,bus,km,road,passenger,bev,all,yearly,national,['estimated $ calculate_energy_and_activity()'],1,233962500000.0,estimated $ calculate_energy_and_activity(),21000000000.0,single_datapoint,no_comment
3346,2017,05_PRC,turnover_rate,bus,%,road,passenger,bev,all,yearly,national,"['manually_inputted_data $ guess', 'turnover_rate_est']",2,0.42,manually_inputted_data $ guess,0.03,manual,no_comment
3347,2018,05_PRC,activity,bus,passenger_km_or_freight_tonne_km,road,passenger,bev,all,yearly,national,['estimated $ calculate_energy_and_activity()'],1,3784030600000.0,estimated $ calculate_energy_and_activity(),427500000000.0,manual,no_comment
3348,2018,05_PRC,energy,bus,pj,road,passenger,bev,all,yearly,national,['estimated $ calculate_energy_and_activity()'],1,939.3570138147318,estimated $ calculate_energy_and_activity(),109.4176698632932,manual,no_comment
3349,2018,05_PRC,new_vehicle_efficiency,bus,km_per_pj,road,passenger,bev,all,yearly,national,['avg_eff_no_outliers $ transport_data_system_9th'],1,1058314235.1561403,avg_eff_no_outliers $ transport_data_system_9th,81408787.3197031,single_datapoint,no_comment
3350,2018,05_PRC,travel_km,bus,km,road,passenger,bev,all,yearly,national,['estimated $ calculate_energy_and_activity()'],1,233962500000.0,estimated $ calculate_energy_and_activity(),28500000000.0,single_datapoint,no_comment
3351,2018,05_PRC,turnover_rate,bus,%,road,passenger,bev,all,yearly,national,['manually_inputted_data $ guess'],1,0.42,manually_inputted_data $ guess,0.03,manual,no_comment
3352,2019,05_PRC,activity,bus,passenger_km_or_freight_tonne_km,road,passenger,bev,all,yearly,national,['estimated $ calculate_energy_and_activity()'],1,3784030600000.0,estimated $ calculate_energy_and_activity(),506250000000.0,manual,no_comment
3353,2019,05_PRC,energy,bus,pj,road,passenger,bev,all,yearly,national,['estimated $ calculate_energy_and_activity()'],1,939.3570138147318,estimated $ calculate_energy_and_activity(),129.57355641705772,manual,no_comment
3354,2019,05_PRC,new_vehicle_efficiency,bus,km_per_pj,road,passenger,bev,all,yearly,national,['avg_eff_no_outliers $ transport_data_system_9th'],1,1058314235.1561403,avg_eff_no_outliers $ transport_data_system_9th,81408787.3197031,single_datapoint,no_comment
3355,2019,05_PRC,travel_km,bus,km,road,passenger,bev,all,yearly,national,['estimated $ calculate_energy_and_activity()'],1,233962500000.0,estimated $ calculate_energy_and_activity(),33750000000.0,single_datapoint,no_comment
3356,2019,05_PRC,turnover_rate,bus,%,road,passenger,bev,all,yearly,national,['manually_inputted_data $ guess'],1,0.42,manually_inputted_data $ guess,0.03,manual,no_comment
3357,2020,05_PRC,activity,bus,passenger_km_or_freight_tonne_km,road,passenger,bev,all,yearly,national,['estimated $ calculate_energy_and_activity()'],1,3784030600000.0,estimated $ calculate_energy_and_activity(),540000000000.0,manual,no_comment
3358,2020,05_PRC,energy,bus,pj,road,passenger,bev,all,yearly,national,['estimated $ calculate_energy_and_activity()'],1,939.3570138147318,estimated $ calculate_energy_and_activity(),138.21179351152824,manual,no_comment
3359,2020,05_PRC,new_vehicle_efficiency,bus,km_per_pj,road,passenger,bev,all,yearly,national,['avg_eff_no_outliers $ transport_data_system_9th'],1,1058314235.1561403,avg_eff_no_outliers $ transport_data_system_9th,81408787.3197031,single_datapoint,no_comment
3360,2020,05_PRC,travel_km,bus,km,road,passenger,bev,all,yearly,national,['estimated $ calculate_energy_and_activity()'],1,233962500000.0,estimated $ calculate_energy_and_activity(),36000000000.0,single_datapoint,no_comment
3361,2020,05_PRC,turnover_rate,bus,%,road,passenger,bev,all,yearly,national,['manually_inputted_data $ guess'],1,0.42,manually_inputted_data $ guess,0.03,manual,no_comment
3362,2021,05_PRC,activity,bus,passenger_km_or_freight_tonne_km,road,passenger,bev,all,yearly,national,['estimated $ calculate_energy_and_activity()'],1,3784030600000.0,estimated $ calculate_energy_and_activity(),596250000000.0,manual,no_comment
3363,2021,05_PRC,energy,bus,pj,road,passenger,bev,all,yearly,national,['estimated $ calculate_energy_and_activity()'],1,939.3570138147318,estimated $ calculate_energy_and_activity(),152.60885533564579,manual,no_comment
3364,2021,05_PRC,new_vehicle_efficiency,bus,km_per_pj,road,passenger,bev,all,yearly,national,['avg_eff_no_outliers $ transport_data_system_9th'],1,1058314235.1561403,avg_eff_no_outliers $ transport_data_system_9th,81408787.3197031,single_datapoint,no_comment
3365,2021,05_PRC,travel_km,bus,km,road,passenger,bev,all,yearly,national,['estimated $ calculate_energy_and_activity()'],1,233962500000.0,estimated $ calculate_energy_and_activity(),39750000000.0,single_datapoint,no_comment
3366,2021,05_PRC,turnover_rate,bus,%,road,passenger,bev,all,yearly,national,['manually_inputted_data $ guess'],1,0.42,manually_inputted_data $ guess,0.03,manual,no_comment
3367,2022,05_PRC,activity,bus,passenger_km_or_freight_tonne_km,road,passenger,bev,all,yearly,national,['estimated $ calculate_energy_and_activity()'],1,3784030600000.0,estimated $ calculate_energy_and_activity(),753750000000.0,manual,no_comment
3368,2022,05_PRC,energy,bus,pj,road,passenger,bev,all,yearly,national,['estimated $ calculate_energy_and_activity()'],1,939.3570138147318,estimated $ calculate_energy_and_activity(),192.92062844317485,manual,no_comment
3369,2022,05_PRC,new_vehicle_efficiency,bus,km_per_pj,road,passenger,bev,all,yearly,national,['avg_eff_no_outliers $ transport_data_system_9th'],1,1058314235.1561403,avg_eff_no_outliers $ transport_data_system_9th,81408787.3197031,single_datapoint,no_comment
3370,2022,05_PRC,travel_km,bus,km,road,passenger,bev,all,yearly,national,['estimated $ calculate_energy_and_activity()'],1,233962500000.0,estimated $ calculate_energy_and_activity(),50250000000.0,single_datapoint,no_comment
3371,2022,05_PRC,turnover_rate,bus,%,road,passenger,bev,all,yearly,national,['manually_inputted_data $ guess'],1,0.42,manually_inputted_data $ guess,0.03,manual,no_comment
3372,2010,05_PRC,new_vehicle_efficiency,bus,km_per_pj,road,passenger,cng,all,yearly,national,['avg_eff_no_outliers $ transport_data_system_9th'],1,1813839119.6717222,avg_eff_no_outliers $ transport_data_system_9th,139526086.128594,single_datapoint,no_comment
3373,2010,05_PRC,turnover_rate,bus,%,road,passenger,cng,all,yearly,national,['manually_inputted_data $ guess'],1,0.42,manually_inputted_data $ guess,0.03,manual,no_comment
3374,2011,05_PRC,new_vehicle_efficiency,bus,km_per_pj,road,passenger,cng,all,yearly,national,['avg_eff_no_outliers $ transport_data_system_9th'],1,1813839119.6717222,avg_eff_no_outliers $ transport_data_system_9th,139526086.128594,single_datapoint,no_comment
3375,2011,05_PRC,turnover_rate,bus,%,road,passenger,cng,all,yearly,national,['manually_inputted_data $ guess'],1,0.42,manually_inputted_data $ guess,0.03,manual,no_comment
3376,2012,05_PRC,new_vehicle_efficiency,bus,km_per_pj,road,passenger,cng,all,yearly,national,['avg_eff_no_outliers $ transport_data_system_9th'],1,1813839119.6717222,avg_eff_no_outliers $ transport_data_system_9th,139526086.128594,single_datapoint,no_comment
3377,2012,05_PRC,turnover_rate,bus,%,road,passenger,cng,all,yearly,national,['manually_inputted_data $ guess'],1,0.42,manually_inputted_data $ guess,0.03,manual,no_comment
3378,2013,05_PRC,new_vehicle_efficiency,bus,km_per_pj,road,passenger,cng,all,yearly,national,['avg_eff_no_outliers $ transport_data_system_9th'],1,1813839119.6717222,avg_eff_no_outliers $ transport_data_system_9th,139526086.128594,single_datapoint,no_comment
3379,2013,05_PRC,turnover_rate,bus,%,road,passenger,cng,all,yearly,national,['manually_inputted_data $ guess'],1,0.42,manually_inputted_data $ guess,0.03,manual,no_comment
3380,2014,05_PRC,new_vehicle_efficiency,bus,km_per_pj,road,passenger,cng,all,yearly,national,['avg_eff_no_outliers $ transport_data_system_9th'],1,1813839119.6717222,avg_eff_no_outliers $ transport_data_system_9th,139526086.128594,single_datapoint,no_comment
3381,2014,05_PRC,turnover_rate,bus,%,road,passenger,cng,all,yearly,national,['manually_inputted_data $ guess'],1,0.42,manually_inputted_data $ guess,0.03,manual,no_comment
3382,2015,05_PRC,new_vehicle_efficiency,bus,km_per_pj,road,passenger,cng,all,yearly,national,['avg_eff_no_outliers $ transport_data_system_9th'],1,1813839119.6717222,avg_eff_no_outliers $ transport_data_system_9th,139526086.128594,single_datapoint,no_comment
3383,2015,05_PRC,turnover_rate,bus,%,road,passenger,cng,all,yearly,national,['manually_inputted_data $ guess'],1,0.42,manually_inputted_data $ guess,0.03,manual,no_comment
3384,2016,05_PRC,new_vehicle_efficiency,bus,km_per_pj,road,passenger,cng,all,yearly,national,['avg_eff_no_outliers $ transport_data_system_9th'],1,1813839119.6717222,avg_eff_no_outliers $ transport_data_system_9th,139526086.128594,single_datapoint,no_comment
3385,2016,05_PRC,turnover_rate,bus,%,road,passenger,cng,all,yearly,national,['manually_inputted_data $ guess'],1,0.42,manually_inputted_data $ guess,0.03,manual,no_comment
3386,2017,05_PRC,activity,bus,passenger_km_or_freight_tonne_km,road,passenger,cng,all,yearly,national,"['8th_edition_transport_model $ reference', 'estimated $ calculate_energy_and_activity()']",2,501920000000.0,estimated $ calculate_energy_and_activity(),227326500000.0,manual,no_comment
3387,2017,05_PRC,energy,bus,pj,road,passenger,cng,all,yearly,national,"['8th_edition_transport_model $ reference', 'estimated $ calculate_energy_and_activity()']",2,433.7510359087081,estimated $ calculate_energy_and_activity(),203.6429842073046,manual,no_comment
3388,2017,05_PRC,new_vehicle_efficiency,bus,km_per_pj,road,passenger,cng,all,yearly,national,['avg_eff_no_outliers $ transport_data_system_9th'],1,1813839119.6717222,avg_eff_no_outliers $ transport_data_system_9th,139526086.128594,single_datapoint,no_comment
3389,2017,05_PRC,travel_km,bus,km,road,passenger,cng,all,yearly,national,['estimated $ calculate_energy_and_activity()'],1,15155100000.0,estimated $ calculate_energy_and_activity(),15155100000.0,single_datapoint,no_comment
3390,2017,05_PRC,turnover_rate,bus,%,road,passenger,cng,all,yearly,national,"['manually_inputted_data $ guess', 'turnover_rate_est']",2,0.42,manually_inputted_data $ guess,0.03,manual,no_comment
3391,2018,05_PRC,new_vehicle_efficiency,bus,km_per_pj,road,passenger,cng,all,yearly,national,['avg_eff_no_outliers $ transport_data_system_9th'],1,1813839119.6717222,avg_eff_no_outliers $ transport_data_system_9th,139526086.128594,single_datapoint,no_comment
3392,2018,05_PRC,turnover_rate,bus,%,road,passenger,cng,all,yearly,national,['manually_inputted_data $ guess'],1,0.42,manually_inputted_data $ guess,0.03,manual,no_comment
3393,2019,05_PRC,new_vehicle_efficiency,bus,km_per_pj,road,passenger,cng,all,yearly,national,['avg_eff_no_outliers $ transport_data_system_9th'],1,1813839119.6717222,avg_eff_no_outliers $ transport_data_system_9th,139526086.128594,single_datapoint,no_comment
3394,2019,05_PRC,turnover_rate,bus,%,road,passenger,cng,all,yearly,national,['manually_inputted_data $ guess'],1,0.42,manually_inputted_data $ guess,0.03,manual,no_comment
3395,2020,05_PRC,new_vehicle_efficiency,bus,km_per_pj,road,passenger,cng,all,yearly,national,['avg_eff_no_outliers $ transport_data_system_9th'],1,1813839119.6717222,avg_eff_no_outliers $ transport_data_system_9th,139526086.128594,single_datapoint,no_comment
3396,2020,05_PRC,turnover_rate,bus,%,road,passenger,cng,all,yearly,national,['manually_inputted_data $ guess'],1,0.42,manually_inputted_data $ guess,0.03,manual,no_comment
3397,2021,05_PRC,new_vehicle_efficiency,bus,km_per_pj,road,passenger,cng,all,yearly,national,['avg_eff_no_outliers $ transport_data_system_9th'],1,1813839119.6717222,avg_eff_no_outliers $ transport_data_system_9th,139526086.128594,single_datapoint,no_comment
3398,2021,05_PRC,turnover_rate,bus,%,road,passenger,cng,all,yearly,national,['manually_inputted_data $ guess'],1,0.42,manually_inputted_data $ guess,0.03,manual,no_comment
3399,2022,05_PRC,new_vehicle_efficiency,bus,km_per_pj,road,passenger,cng,all,yearly,national,['avg_eff_no_outliers $ transport_data_system_9th'],1,1813839119.6717222,avg_eff_no_outliers $ transport_data_system_9th,139526086.128594,single_datapoint,no_comment
3400,2022,05_PRC,turnover_rate,bus,%,road,passenger,cng,all,yearly,national,['manually_inputted_data $ guess'],1,0.42,manually_inputted_data $ guess,0.03,manual,no_comment
3401,2017,05_PRC,turnover_rate,bus,%,road,passenger,fcev,all,yearly,national,['turnover_rate_est'],1,0.03,turnover_rate_est,0.03,single_datapoint,no_comment
3402,2010,05_PRC,activity,bus,passenger_km_or_freight_tonne_km,road,passenger,ice,all,yearly,national,['estimated $ calculate_energy_and_activity()'],1,29012937353695.676,estimated $ calculate_energy_and_activity(),2951819945987.6777,single_datapoint,no_comment
3403,2010,05_PRC,energy,bus,pj,road,passenger,ice,all,yearly,national,['estimated $ calculate_energy_and_activity()'],1,25990.287728558553,estimated $ calculate_energy_and_activity(),2644.291020376311,single_datapoint,no_comment
3404,2010,05_PRC,new_vehicle_efficiency,bus,km_per_pj,road,passenger,ice,all,yearly,national,['avg_eff_no_outliers $ transport_data_system_9th'],1,910941040.8338033,avg_eff_no_outliers $ transport_data_system_9th,70072387.7564464,single_datapoint,no_comment
3405,2010,05_PRC,travel_km,bus,km,road,passenger,ice,all,yearly,national,['estimated $ calculate_energy_and_activity()'],1,1934195823579.7117,estimated $ calculate_energy_and_activity(),196787996399.17853,single_datapoint,no_comment
3406,2010,05_PRC,turnover_rate,bus,%,road,passenger,ice,all,yearly,national,['manually_inputted_data $ guess'],1,0.39,manually_inputted_data $ guess,0.03,single_datapoint,no_comment
3407,2011,05_PRC,activity,bus,passenger_km_or_freight_tonne_km,road,passenger,ice,all,yearly,national,['estimated $ calculate_energy_and_activity()'],1,29012937353695.676,estimated $ calculate_energy_and_activity(),3078855562454.0757,single_datapoint,no_comment
3408,2011,05_PRC,energy,bus,pj,road,passenger,ice,all,yearly,national,['estimated $ calculate_energy_and_activity()'],1,25990.287728558553,estimated $ calculate_energy_and_activity(),2758.0917081000553,single_datapoint,no_comment
3409,2011,05_PRC,new_vehicle_efficiency,bus,km_per_pj,road,passenger,ice,all,yearly,national,['avg_eff_no_outliers $ transport_data_system_9th'],1,910941040.8338033,avg_eff_no_outliers $ transport_data_system_9th,70072387.7564464,single_datapoint,no_comment
3410,2011,05_PRC,travel_km,bus,km,road,passenger,ice,all,yearly,national,['estimated $ calculate_energy_and_activity()'],1,1934195823579.7117,estimated $ calculate_energy_and_activity(),205257037496.9384,single_datapoint,no_comment
3411,2011,05_PRC,turnover_rate,bus,%,road,passenger,ice,all,yearly,national,['manually_inputted_data $ guess'],1,0.39,manually_inputted_data $ guess,0.03,single_datapoint,no_comment
3412,2012,05_PRC,activity,bus,passenger_km_or_freight_tonne_km,road,passenger,ice,all,yearly,national,['estimated $ calculate_energy_and_activity()'],1,29012937353695.676,estimated $ calculate_energy_and_activity(),2919601518575.717,single_datapoint,no_comment
3413,2012,05_PRC,energy,bus,pj,road,passenger,ice,all,yearly,national,['estimated $ calculate_energy_and_activity()'],1,25990.287728558553,estimated $ calculate_energy_and_activity(),2615.429199582702,single_datapoint,no_comment
3414,2012,05_PRC,new_vehicle_efficiency,bus,km_per_pj,road,passenger,ice,all,yearly,national,['avg_eff_no_outliers $ transport_data_system_9th'],1,910941040.8338033,avg_eff_no_outliers $ transport_data_system_9th,70072387.7564464,single_datapoint,no_comment
3415,2012,05_PRC,travel_km,bus,km,road,passenger,ice,all,yearly,national,['estimated $ calculate_energy_and_activity()'],1,1934195823579.7117,estimated $ calculate_energy_and_activity(),194640101238.3811,single_datapoint,no_comment
3416,2012,05_PRC,turnover_rate,bus,%,road,passenger,ice,all,yearly,national,['manually_inputted_data $ guess'],1,0.39,manually_inputted_data $ guess,0.03,single_datapoint,no_comment
3417,2013,05_PRC,activity,bus,passenger_km_or_freight_tonne_km,road,passenger,ice,all,yearly,national,['estimated $ calculate_energy_and_activity()'],1,29012937353695.676,estimated $ calculate_energy_and_activity(),2788521614883.386,single_datapoint,no_comment
3418,2013,05_PRC,energy,bus,pj,road,passenger,ice,all,yearly,national,['estimated $ calculate_energy_and_activity()'],1,25990.287728558553,estimated $ calculate_energy_and_activity(),2498.005569880436,single_datapoint,no_comment
3419,2013,05_PRC,new_vehicle_efficiency,bus,km_per_pj,road,passenger,ice,all,yearly,national,['avg_eff_no_outliers $ transport_data_system_9th'],1,910941040.8338033,avg_eff_no_outliers $ transport_data_system_9th,70072387.7564464,single_datapoint,no_comment
3420,2013,05_PRC,travel_km,bus,km,road,passenger,ice,all,yearly,national,['estimated $ calculate_energy_and_activity()'],1,1934195823579.7117,estimated $ calculate_energy_and_activity(),185901440992.22574,single_datapoint,no_comment
3421,2013,05_PRC,turnover_rate,bus,%,road,passenger,ice,all,yearly,national,['manually_inputted_data $ guess'],1,0.39,manually_inputted_data $ guess,0.03,single_datapoint,no_comment
3422,2014,05_PRC,activity,bus,passenger_km_or_freight_tonne_km,road,passenger,ice,all,yearly,national,['estimated $ calculate_energy_and_activity()'],1,29012937353695.676,estimated $ calculate_energy_and_activity(),2812601001757.4653,single_datapoint,no_comment
3423,2014,05_PRC,energy,bus,pj,road,passenger,ice,all,yearly,national,['estimated $ calculate_energy_and_activity()'],1,25990.287728558553,estimated $ calculate_energy_and_activity(),2519.576298330131,single_datapoint,no_comment
3424,2014,05_PRC,new_vehicle_efficiency,bus,km_per_pj,road,passenger,ice,all,yearly,national,['avg_eff_no_outliers $ transport_data_system_9th'],1,910941040.8338033,avg_eff_no_outliers $ transport_data_system_9th,70072387.7564464,single_datapoint,no_comment
3425,2014,05_PRC,travel_km,bus,km,road,passenger,ice,all,yearly,national,['estimated $ calculate_energy_and_activity()'],1,1934195823579.7117,estimated $ calculate_energy_and_activity(),187506733450.49768,single_datapoint,no_comment
3426,2014,05_PRC,turnover_rate,bus,%,road,passenger,ice,all,yearly,national,['manually_inputted_data $ guess'],1,0.39,manually_inputted_data $ guess,0.03,single_datapoint,no_comment
3427,2015,05_PRC,activity,bus,passenger_km_or_freight_tonne_km,road,passenger,ice,all,yearly,national,['estimated $ calculate_energy_and_activity()'],1,29012937353695.676,estimated $ calculate_energy_and_activity(),2519850937500.0,single_datapoint,no_comment
3428,2015,05_PRC,energy,bus,pj,road,passenger,ice,all,yearly,national,['estimated $ calculate_energy_and_activity()'],1,25990.287728558553,estimated $ calculate_energy_and_activity(),2257.325761273209,single_datapoint,no_comment
3429,2015,05_PRC,new_vehicle_efficiency,bus,km_per_pj,road,passenger,ice,all,yearly,national,['avg_eff_no_outliers $ transport_data_system_9th'],1,910941040.8338033,avg_eff_no_outliers $ transport_data_system_9th,70072387.7564464,single_datapoint,no_comment
3430,2015,05_PRC,travel_km,bus,km,road,passenger,ice,all,yearly,national,['estimated $ calculate_energy_and_activity()'],1,1934195823579.7117,estimated $ calculate_energy_and_activity(),167990062500.0,single_datapoint,no_comment
3431,2015,05_PRC,turnover_rate,bus,%,road,passenger,ice,all,yearly,national,['manually_inputted_data $ guess'],1,0.39,manually_inputted_data $ guess,0.03,single_datapoint,no_comment
3432,2016,05_PRC,activity,bus,passenger_km_or_freight_tonne_km,road,passenger,ice,all,yearly,national,['estimated $ calculate_energy_and_activity()'],1,29012937353695.676,estimated $ calculate_energy_and_activity(),2474622557567.954,single_datapoint,no_comment
3433,2016,05_PRC,energy,bus,pj,road,passenger,ice,all,yearly,national,['estimated $ calculate_energy_and_activity()'],1,25990.287728558553,estimated $ calculate_energy_and_activity(),2216.809401498948,single_datapoint,no_comment
3434,2016,05_PRC,new_vehicle_efficiency,bus,km_per_pj,road,passenger,ice,all,yearly,national,['avg_eff_no_outliers $ transport_data_system_9th'],1,910941040.8338033,avg_eff_no_outliers $ transport_data_system_9th,70072387.7564464,single_datapoint,no_comment
3435,2016,05_PRC,travel_km,bus,km,road,passenger,ice,all,yearly,national,['estimated $ calculate_energy_and_activity()'],1,1934195823579.7117,estimated $ calculate_energy_and_activity(),164974837171.19693,single_datapoint,no_comment
3436,2016,05_PRC,turnover_rate,bus,%,road,passenger,ice,all,yearly,national,['manually_inputted_data $ guess'],1,0.39,manually_inputted_data $ guess,0.03,single_datapoint,no_comment
3437,2017,05_PRC,activity,bus,passenger_km_or_freight_tonne_km,road,passenger,ice,all,yearly,national,['estimated $ calculate_energy_and_activity()'],1,29012937353695.676,estimated $ calculate_energy_and_activity(),2452236750000.0005,single_datapoint,no_comment
3438,2017,05_PRC,energy,bus,pj,road,passenger,ice,all,yearly,national,['estimated $ calculate_energy_and_activity()'],1,25990.287728558553,estimated $ calculate_energy_and_activity(),2196.7558104876557,single_datapoint,no_comment
3439,2017,05_PRC,new_vehicle_efficiency,bus,km_per_pj,road,passenger,ice,all,yearly,national,['avg_eff_no_outliers $ transport_data_system_9th'],1,910941040.8338033,avg_eff_no_outliers $ transport_data_system_9th,70072387.7564464,single_datapoint,no_comment
3440,2017,05_PRC,travel_km,bus,km,road,passenger,ice,all,yearly,national,['estimated $ calculate_energy_and_activity()'],1,1934195823579.7117,estimated $ calculate_energy_and_activity(),163482450000.00003,single_datapoint,no_comment
3441,2017,05_PRC,turnover_rate,bus,%,road,passenger,ice,all,yearly,national,['manually_inputted_data $ guess'],1,0.39,manually_inputted_data $ guess,0.03,single_datapoint,no_comment
3442,2018,05_PRC,activity,bus,passenger_km_or_freight_tonne_km,road,passenger,ice,all,yearly,national,['estimated $ calculate_energy_and_activity()'],1,29012937353695.676,estimated $ calculate_energy_and_activity(),2403328714969.3975,single_datapoint,no_comment
3443,2018,05_PRC,energy,bus,pj,road,passenger,ice,all,yearly,national,['estimated $ calculate_energy_and_activity()'],1,25990.287728558553,estimated $ calculate_energy_and_activity(),2152.9431524590163,single_datapoint,no_comment
3444,2018,05_PRC,new_vehicle_efficiency,bus,km_per_pj,road,passenger,ice,all,yearly,national,['avg_eff_no_outliers $ transport_data_system_9th'],1,910941040.8338033,avg_eff_no_outliers $ transport_data_system_9th,70072387.7564464,single_datapoint,no_comment
3445,2018,05_PRC,travel_km,bus,km,road,passenger,ice,all,yearly,national,['estimated $ calculate_energy_and_activity()'],1,1934195823579.7117,estimated $ calculate_energy_and_activity(),160221914331.29315,single_datapoint,no_comment
3446,2018,05_PRC,turnover_rate,bus,%,road,passenger,ice,all,yearly,national,['manually_inputted_data $ guess'],1,0.39,manually_inputted_data $ guess,0.03,single_datapoint,no_comment
3447,2019,05_PRC,activity,bus,passenger_km_or_freight_tonne_km,road,passenger,ice,all,yearly,national,['estimated $ calculate_energy_and_activity()'],1,29012937353695.676,estimated $ calculate_energy_and_activity(),2355682500000.0005,single_datapoint,no_comment
3448,2019,05_PRC,energy,bus,pj,road,passenger,ice,all,yearly,national,['estimated $ calculate_energy_and_activity()'],1,25990.287728558553,estimated $ calculate_energy_and_activity(),2110.2608545194857,single_datapoint,no_comment
3449,2019,05_PRC,new_vehicle_efficiency,bus,km_per_pj,road,passenger,ice,all,yearly,national,['avg_eff_no_outliers $ transport_data_system_9th'],1,910941040.8338033,avg_eff_no_outliers $ transport_data_system_9th,70072387.7564464,single_datapoint,no_comment
3450,2019,05_PRC,travel_km,bus,km,road,passenger,ice,all,yearly,national,['estimated $ calculate_energy_and_activity()'],1,1934195823579.7117,estimated $ calculate_energy_and_activity(),157045500000.00003,single_datapoint,no_comment
3451,2019,05_PRC,turnover_rate,bus,%,road,passenger,ice,all,yearly,national,['manually_inputted_data $ guess'],1,0.39,manually_inputted_data $ guess,0.03,single_datapoint,no_comment
3452,2020,05_PRC,activity,bus,passenger_km_or_freight_tonne_km,road,passenger,ice,all,yearly,national,['estimated $ calculate_energy_and_activity()'],1,29012937353695.676,estimated $ calculate_energy_and_activity(),2255816250000.0005,single_datapoint,no_comment
3453,2020,05_PRC,energy,bus,pj,road,passenger,ice,all,yearly,national,['estimated $ calculate_energy_and_activity()'],1,25990.287728558553,estimated $ calculate_energy_and_activity(),2020.7989520506019,single_datapoint,no_comment
3454,2020,05_PRC,new_vehicle_efficiency,bus,km_per_pj,road,passenger,ice,all,yearly,national,['avg_eff_no_outliers $ transport_data_system_9th'],1,910941040.8338033,avg_eff_no_outliers $ transport_data_system_9th,70072387.7564464,single_datapoint,no_comment
3455,2020,05_PRC,travel_km,bus,km,road,passenger,ice,all,yearly,national,['estimated $ calculate_energy_and_activity()'],1,1934195823579.7117,estimated $ calculate_energy_and_activity(),150387750000.00003,single_datapoint,no_comment
3456,2020,05_PRC,turnover_rate,bus,%,road,passenger,ice,all,yearly,national,['manually_inputted_data $ guess'],1,0.39,manually_inputted_data $ guess,0.03,single_datapoint,no_comment
3457,2021,05_PRC,new_vehicle_efficiency,bus,km_per_pj,road,passenger,ice,all,yearly,national,['avg_eff_no_outliers $ transport_data_system_9th'],1,910941040.8338033,avg_eff_no_outliers $ transport_data_system_9th,70072387.7564464,single_datapoint,no_comment
3458,2021,05_PRC,turnover_rate,bus,%,road,passenger,ice,all,yearly,national,['manually_inputted_data $ guess'],1,0.39,manually_inputted_data $ guess,0.03,single_datapoint,no_comment
3459,2022,05_PRC,new_vehicle_efficiency,bus,km_per_pj,road,passenger,ice,all,yearly,national,['avg_eff_no_outliers $ transport_data_system_9th'],1,910941040.8338033,avg_eff_no_outliers $ transport_data_system_9th,70072387.7564464,single_datapoint,no_comment
3460,2022,05_PRC,turnover_rate,bus,%,road,passenger,ice,all,yearly,national,['manually_inputted_data $ guess'],1,0.39,manually_inputted_data $ guess,0.03,single_datapoint,no_comment
3461,2010,05_PRC,new_vehicle_efficiency,bus,km_per_pj,road,passenger,lpg,all,yearly,national,['avg_eff_no_outliers $ transport_data_system_9th'],1,1295830676.4857378,avg_eff_no_outliers $ transport_data_system_9th,99679282.8065952,single_datapoint,no_comment
3462,2010,05_PRC,turnover_rate,bus,%,road,passenger,lpg,all,yearly,national,['manually_inputted_data $ guess'],1,0.42,manually_inputted_data $ guess,0.03,manual,no_comment
3463,2011,05_PRC,new_vehicle_efficiency,bus,km_per_pj,road,passenger,lpg,all,yearly,national,['avg_eff_no_outliers $ transport_data_system_9th'],1,1295830676.4857378,avg_eff_no_outliers $ transport_data_system_9th,99679282.8065952,single_datapoint,no_comment
3464,2011,05_PRC,turnover_rate,bus,%,road,passenger,lpg,all,yearly,national,['manually_inputted_data $ guess'],1,0.42,manually_inputted_data $ guess,0.03,manual,no_comment
3465,2012,05_PRC,new_vehicle_efficiency,bus,km_per_pj,road,passenger,lpg,all,yearly,national,['avg_eff_no_outliers $ transport_data_system_9th'],1,1295830676.4857378,avg_eff_no_outliers $ transport_data_system_9th,99679282.8065952,single_datapoint,no_comment
3466,2012,05_PRC,turnover_rate,bus,%,road,passenger,lpg,all,yearly,national,['manually_inputted_data $ guess'],1,0.42,manually_inputted_data $ guess,0.03,manual,no_comment
3467,2013,05_PRC,new_vehicle_efficiency,bus,km_per_pj,road,passenger,lpg,all,yearly,national,['avg_eff_no_outliers $ transport_data_system_9th'],1,1295830676.4857378,avg_eff_no_outliers $ transport_data_system_9th,99679282.8065952,single_datapoint,no_comment
3468,2013,05_PRC,turnover_rate,bus,%,road,passenger,lpg,all,yearly,national,['manually_inputted_data $ guess'],1,0.42,manually_inputted_data $ guess,0.03,manual,no_comment
3469,2014,05_PRC,new_vehicle_efficiency,bus,km_per_pj,road,passenger,lpg,all,yearly,national,['avg_eff_no_outliers $ transport_data_system_9th'],1,1295830676.4857378,avg_eff_no_outliers $ transport_data_system_9th,99679282.8065952,single_datapoint,no_comment
3470,2014,05_PRC,turnover_rate,bus,%,road,passenger,lpg,all,yearly,national,['manually_inputted_data $ guess'],1,0.42,manually_inputted_data $ guess,0.03,manual,no_comment
3471,2015,05_PRC,new_vehicle_efficiency,bus,km_per_pj,road,passenger,lpg,all,yearly,national,['avg_eff_no_outliers $ transport_data_system_9th'],1,1295830676.4857378,avg_eff_no_outliers $ transport_data_system_9th,99679282.8065952,single_datapoint,no_comment
3472,2015,05_PRC,turnover_rate,bus,%,road,passenger,lpg,all,yearly,national,['manually_inputted_data $ guess'],1,0.42,manually_inputted_data $ guess,0.03,manual,no_comment
3473,2016,05_PRC,new_vehicle_efficiency,bus,km_per_pj,road,passenger,lpg,all,yearly,national,['avg_eff_no_outliers $ transport_data_system_9th'],1,1295830676.4857378,avg_eff_no_outliers $ transport_data_system_9th,99679282.8065952,single_datapoint,no_comment
3474,2016,05_PRC,turnover_rate,bus,%,road,passenger,lpg,all,yearly,national,['manually_inputted_data $ guess'],1,0.42,manually_inputted_data $ guess,0.03,manual,no_comment
3475,2017,05_PRC,activity,bus,passenger_km_or_freight_tonne_km,road,passenger,lpg,all,yearly,national,"['8th_edition_transport_model $ reference', 'estimated $ calculate_energy_and_activity()']",2,71703025000.0,estimated $ calculate_energy_and_activity(),32475375000.0,manual,no_comment
3476,2017,05_PRC,energy,bus,pj,road,passenger,lpg,all,yearly,national,"['8th_edition_transport_model $ reference', 'estimated $ calculate_energy_and_activity()']",2,45.755901713757595,estimated $ calculate_energy_and_activity(),29.09199885737604,manual,no_comment
3477,2017,05_PRC,new_vehicle_efficiency,bus,km_per_pj,road,passenger,lpg,all,yearly,national,['avg_eff_no_outliers $ transport_data_system_9th'],1,1295830676.4857378,avg_eff_no_outliers $ transport_data_system_9th,99679282.8065952,single_datapoint,no_comment
3478,2017,05_PRC,travel_km,bus,km,road,passenger,lpg,all,yearly,national,['estimated $ calculate_energy_and_activity()'],1,2165025000.0,estimated $ calculate_energy_and_activity(),2165025000.0,single_datapoint,no_comment
3479,2017,05_PRC,turnover_rate,bus,%,road,passenger,lpg,all,yearly,national,"['manually_inputted_data $ guess', 'turnover_rate_est']",2,0.42,manually_inputted_data $ guess,0.03,manual,no_comment
3480,2018,05_PRC,new_vehicle_efficiency,bus,km_per_pj,road,passenger,lpg,all,yearly,national,['avg_eff_no_outliers $ transport_data_system_9th'],1,1295830676.4857378,avg_eff_no_outliers $ transport_data_system_9th,99679282.8065952,single_datapoint,no_comment
3481,2018,05_PRC,turnover_rate,bus,%,road,passenger,lpg,all,yearly,national,['manually_inputted_data $ guess'],1,0.42,manually_inputted_data $ guess,0.03,manual,no_comment
3482,2019,05_PRC,new_vehicle_efficiency,bus,km_per_pj,road,passenger,lpg,all,yearly,national,['avg_eff_no_outliers $ transport_data_system_9th'],1,1295830676.4857378,avg_eff_no_outliers $ transport_data_system_9th,99679282.8065952,single_datapoint,no_comment
3483,2019,05_PRC,turnover_rate,bus,%,road,passenger,lpg,all,yearly,national,['manually_inputted_data $ guess'],1,0.42,manually_inputted_data $ guess,0.03,manual,no_comment
3484,2020,05_PRC,new_vehicle_efficiency,bus,km_per_pj,road,passenger,lpg,all,yearly,national,['avg_eff_no_outliers $ transport_data_system_9th'],1,1295830676.4857378,avg_eff_no_outliers $ transport_data_system_9th,99679282.8065952,single_datapoint,no_comment
3485,2020,05_PRC,turnover_rate,bus,%,road,passenger,lpg,all,yearly,national,['manually_inputted_data $ guess'],1,0.42,manually_inputted_data $ guess,0.03,manual,no_comment
3486,2021,05_PRC,new_vehicle_efficiency,bus,km_per_pj,road,passenger,lpg,all,yearly,national,['avg_eff_no_outliers $ transport_data_system_9th'],1,1295830676.4857378,avg_eff_no_outliers $ transport_data_system_9th,99679282.8065952,single_datapoint,no_comment
3487,2021,05_PRC,turnover_rate,bus,%,road,passenger,lpg,all,yearly,national,['manually_inputted_data $ guess'],1,0.42,manually_inputted_data $ guess,0.03,manual,no_comment
3488,2022,05_PRC,new_vehicle_efficiency,bus,km_per_pj,road,passenger,lpg,all,yearly,national,['avg_eff_no_outliers $ transport_data_system_9th'],1,1295830676.4857378,avg_eff_no_outliers $ transport_data_system_9th,99679282.8065952,single_datapoint,no_comment
3489,2022,05_PRC,turnover_rate,bus,%,road,passenger,lpg,all,yearly,national,['manually_inputted_data $ guess'],1,0.42,manually_inputted_data $ guess,0.03,manual,no_comment
3490,2010,05_PRC,new_vehicle_efficiency,bus,km_per_pj,road,passenger,phev,all,yearly,national,['avg_eff_no_outliers $ transport_data_system_9th'],1,1472018422.278209,avg_eff_no_outliers $ transport_data_system_9th,113232186.329093,single_datapoint,no_comment
3491,2010,05_PRC,turnover_rate,bus,%,road,passenger,phev,all,yearly,national,['manually_inputted_data $ guess'],1,0.39,manually_inputted_data $ guess,0.03,single_datapoint,no_comment
3492,2011,05_PRC,activity,bus,passenger_km_or_freight_tonne_km,road,passenger,phev,all,yearly,national,['estimated $ calculate_energy_and_activity()'],1,566595000000.0,estimated $ calculate_energy_and_activity(),180000000.0,single_datapoint,no_comment
3493,2011,05_PRC,energy,bus,pj,road,passenger,phev,all,yearly,national,['estimated $ calculate_energy_and_activity()'],1,290.037448683942,estimated $ calculate_energy_and_activity(),0.09214119567435215,single_datapoint,no_comment
3494,2011,05_PRC,new_vehicle_efficiency,bus,km_per_pj,road,passenger,phev,all,yearly,national,['avg_eff_no_outliers $ transport_data_system_9th'],1,1472018422.278209,avg_eff_no_outliers $ transport_data_system_9th,113232186.329093,single_datapoint,no_comment
3495,2011,05_PRC,travel_km,bus,km,road,passenger,phev,all,yearly,national,['estimated $ calculate_energy_and_activity()'],1,37773000000.0,estimated $ calculate_energy_and_activity(),12000000.0,single_datapoint,no_comment
3496,2011,05_PRC,turnover_rate,bus,%,road,passenger,phev,all,yearly,national,['manually_inputted_data $ guess'],1,0.39,manually_inputted_data $ guess,0.03,single_datapoint,no_comment
3497,2012,05_PRC,activity,bus,passenger_km_or_freight_tonne_km,road,passenger,phev,all,yearly,national,['estimated $ calculate_energy_and_activity()'],1,566595000000.0,estimated $ calculate_energy_and_activity(),765000000.0,single_datapoint,no_comment
3498,2012,05_PRC,energy,bus,pj,road,passenger,phev,all,yearly,national,['estimated $ calculate_energy_and_activity()'],1,290.037448683942,estimated $ calculate_energy_and_activity(),0.39160008161599663,single_datapoint,no_comment
3499,2012,05_PRC,new_vehicle_efficiency,bus,km_per_pj,road,passenger,phev,all,yearly,national,['avg_eff_no_outliers $ transport_data_system_9th'],1,1472018422.278209,avg_eff_no_outliers $ transport_data_system_9th,113232186.329093,single_datapoint,no_comment
3500,2012,05_PRC,travel_km,bus,km,road,passenger,phev,all,yearly,national,['estimated $ calculate_energy_and_activity()'],1,37773000000.0,estimated $ calculate_energy_and_activity(),51000000.0,single_datapoint,no_comment
3501,2012,05_PRC,turnover_rate,bus,%,road,passenger,phev,all,yearly,national,['manually_inputted_data $ guess'],1,0.39,manually_inputted_data $ guess,0.03,single_datapoint,no_comment
3502,2013,05_PRC,activity,bus,passenger_km_or_freight_tonne_km,road,passenger,phev,all,yearly,national,['estimated $ calculate_energy_and_activity()'],1,566595000000.0,estimated $ calculate_energy_and_activity(),2700000000.0,single_datapoint,no_comment
3503,2013,05_PRC,energy,bus,pj,road,passenger,phev,all,yearly,national,['estimated $ calculate_energy_and_activity()'],1,290.037448683942,estimated $ calculate_energy_and_activity(),1.3821179351152824,single_datapoint,no_comment
3504,2013,05_PRC,new_vehicle_efficiency,bus,km_per_pj,road,passenger,phev,all,yearly,national,['avg_eff_no_outliers $ transport_data_system_9th'],1,1472018422.278209,avg_eff_no_outliers $ transport_data_system_9th,113232186.329093,single_datapoint,no_comment
3505,2013,05_PRC,travel_km,bus,km,road,passenger,phev,all,yearly,national,['estimated $ calculate_energy_and_activity()'],1,37773000000.0,estimated $ calculate_energy_and_activity(),180000000.0,single_datapoint,no_comment
3506,2013,05_PRC,turnover_rate,bus,%,road,passenger,phev,all,yearly,national,['manually_inputted_data $ guess'],1,0.39,manually_inputted_data $ guess,0.03,single_datapoint,no_comment
3507,2014,05_PRC,activity,bus,passenger_km_or_freight_tonne_km,road,passenger,phev,all,yearly,national,['estimated $ calculate_energy_and_activity()'],1,566595000000.0,estimated $ calculate_energy_and_activity(),9450000000.0,single_datapoint,no_comment
3508,2014,05_PRC,energy,bus,pj,road,passenger,phev,all,yearly,national,['estimated $ calculate_energy_and_activity()'],1,290.037448683942,estimated $ calculate_energy_and_activity(),4.837412772903488,single_datapoint,no_comment
3509,2014,05_PRC,new_vehicle_efficiency,bus,km_per_pj,road,passenger,phev,all,yearly,national,['avg_eff_no_outliers $ transport_data_system_9th'],1,1472018422.278209,avg_eff_no_outliers $ transport_data_system_9th,113232186.329093,single_datapoint,no_comment
3510,2014,05_PRC,travel_km,bus,km,road,passenger,phev,all,yearly,national,['estimated $ calculate_energy_and_activity()'],1,37773000000.0,estimated $ calculate_energy_and_activity(),630000000.0,single_datapoint,no_comment
3511,2014,05_PRC,turnover_rate,bus,%,road,passenger,phev,all,yearly,national,['manually_inputted_data $ guess'],1,0.39,manually_inputted_data $ guess,0.03,single_datapoint,no_comment
3512,2015,05_PRC,activity,bus,passenger_km_or_freight_tonne_km,road,passenger,phev,all,yearly,national,['estimated $ calculate_energy_and_activity()'],1,566595000000.0,estimated $ calculate_energy_and_activity(),24750000000.0,single_datapoint,no_comment
3513,2015,05_PRC,energy,bus,pj,road,passenger,phev,all,yearly,national,['estimated $ calculate_energy_and_activity()'],1,290.037448683942,estimated $ calculate_energy_and_activity(),12.66941440522342,single_datapoint,no_comment
3514,2015,05_PRC,new_vehicle_efficiency,bus,km_per_pj,road,passenger,phev,all,yearly,national,['avg_eff_no_outliers $ transport_data_system_9th'],1,1472018422.278209,avg_eff_no_outliers $ transport_data_system_9th,113232186.329093,single_datapoint,no_comment
3515,2015,05_PRC,travel_km,bus,km,road,passenger,phev,all,yearly,national,['estimated $ calculate_energy_and_activity()'],1,37773000000.0,estimated $ calculate_energy_and_activity(),1650000000.0,single_datapoint,no_comment
3516,2015,05_PRC,turnover_rate,bus,%,road,passenger,phev,all,yearly,national,['manually_inputted_data $ guess'],1,0.39,manually_inputted_data $ guess,0.03,single_datapoint,no_comment
3517,2016,05_PRC,activity,bus,passenger_km_or_freight_tonne_km,road,passenger,phev,all,yearly,national,['estimated $ calculate_energy_and_activity()'],1,566595000000.0,estimated $ calculate_energy_and_activity(),32625000000.0,single_datapoint,no_comment
3518,2016,05_PRC,energy,bus,pj,road,passenger,phev,all,yearly,national,['estimated $ calculate_energy_and_activity()'],1,290.037448683942,estimated $ calculate_energy_and_activity(),16.700591715976326,single_datapoint,no_comment
3519,2016,05_PRC,new_vehicle_efficiency,bus,km_per_pj,road,passenger,phev,all,yearly,national,['avg_eff_no_outliers $ transport_data_system_9th'],1,1472018422.278209,avg_eff_no_outliers $ transport_data_system_9th,113232186.329093,single_datapoint,no_comment
3520,2016,05_PRC,travel_km,bus,km,road,passenger,phev,all,yearly,national,['estimated $ calculate_energy_and_activity()'],1,37773000000.0,estimated $ calculate_energy_and_activity(),2175000000.0,single_datapoint,no_comment
3521,2016,05_PRC,turnover_rate,bus,%,road,passenger,phev,all,yearly,national,['manually_inputted_data $ guess'],1,0.39,manually_inputted_data $ guess,0.03,single_datapoint,no_comment
3522,2017,05_PRC,activity,bus,passenger_km_or_freight_tonne_km,road,passenger,phev,all,yearly,national,['estimated $ calculate_energy_and_activity()'],1,566595000000.0,estimated $ calculate_energy_and_activity(),33750000000.0,single_datapoint,no_comment
3523,2017,05_PRC,energy,bus,pj,road,passenger,phev,all,yearly,national,['estimated $ calculate_energy_and_activity()'],1,290.037448683942,estimated $ calculate_energy_and_activity(),17.27647418894103,single_datapoint,no_comment
3524,2017,05_PRC,new_vehicle_efficiency,bus,km_per_pj,road,passenger,phev,all,yearly,national,['avg_eff_no_outliers $ transport_data_system_9th'],1,1472018422.278209,avg_eff_no_outliers $ transport_data_system_9th,113232186.329093,single_datapoint,no_comment
3525,2017,05_PRC,travel_km,bus,km,road,passenger,phev,all,yearly,national,['estimated $ calculate_energy_and_activity()'],1,37773000000.0,estimated $ calculate_energy_and_activity(),2250000000.0,single_datapoint,no_comment
3526,2017,05_PRC,turnover_rate,bus,%,road,passenger,phev,all,yearly,national,['manually_inputted_data $ guess'],1,0.39,manually_inputted_data $ guess,0.03,single_datapoint,no_comment
3527,2018,05_PRC,activity,bus,passenger_km_or_freight_tonne_km,road,passenger,phev,all,yearly,national,['estimated $ calculate_energy_and_activity()'],1,566595000000.0,estimated $ calculate_energy_and_activity(),82125000000.0,single_datapoint,no_comment
3528,2018,05_PRC,energy,bus,pj,road,passenger,phev,all,yearly,national,['estimated $ calculate_energy_and_activity()'],1,290.037448683942,estimated $ calculate_energy_and_activity(),42.03942052642317,single_datapoint,no_comment
3529,2018,05_PRC,new_vehicle_efficiency,bus,km_per_pj,road,passenger,phev,all,yearly,national,['avg_eff_no_outliers $ transport_data_system_9th'],1,1472018422.278209,avg_eff_no_outliers $ transport_data_system_9th,113232186.329093,single_datapoint,no_comment
3530,2018,05_PRC,travel_km,bus,km,road,passenger,phev,all,yearly,national,['estimated $ calculate_energy_and_activity()'],1,37773000000.0,estimated $ calculate_energy_and_activity(),5475000000.0,single_datapoint,no_comment
3531,2018,05_PRC,turnover_rate,bus,%,road,passenger,phev,all,yearly,national,['manually_inputted_data $ guess'],1,0.39,manually_inputted_data $ guess,0.03,single_datapoint,no_comment
3532,2019,05_PRC,activity,bus,passenger_km_or_freight_tonne_km,road,passenger,phev,all,yearly,national,['estimated $ calculate_energy_and_activity()'],1,566595000000.0,estimated $ calculate_energy_and_activity(),88875000000.0,single_datapoint,no_comment
3533,2019,05_PRC,energy,bus,pj,road,passenger,phev,all,yearly,national,['estimated $ calculate_energy_and_activity()'],1,290.037448683942,estimated $ calculate_energy_and_activity(),45.49471536421137,single_datapoint,no_comment
3534,2019,05_PRC,new_vehicle_efficiency,bus,km_per_pj,road,passenger,phev,all,yearly,national,['avg_eff_no_outliers $ transport_data_system_9th'],1,1472018422.278209,avg_eff_no_outliers $ transport_data_system_9th,113232186.329093,single_datapoint,no_comment
3535,2019,05_PRC,travel_km,bus,km,road,passenger,phev,all,yearly,national,['estimated $ calculate_energy_and_activity()'],1,37773000000.0,estimated $ calculate_energy_and_activity(),5925000000.0,single_datapoint,no_comment
3536,2019,05_PRC,turnover_rate,bus,%,road,passenger,phev,all,yearly,national,['manually_inputted_data $ guess'],1,0.39,manually_inputted_data $ guess,0.03,single_datapoint,no_comment
3537,2020,05_PRC,activity,bus,passenger_km_or_freight_tonne_km,road,passenger,phev,all,yearly,national,['estimated $ calculate_energy_and_activity()'],1,566595000000.0,estimated $ calculate_energy_and_activity(),88875000000.0,single_datapoint,no_comment
3538,2020,05_PRC,energy,bus,pj,road,passenger,phev,all,yearly,national,['estimated $ calculate_energy_and_activity()'],1,290.037448683942,estimated $ calculate_energy_and_activity(),45.49471536421137,single_datapoint,no_comment
3539,2020,05_PRC,new_vehicle_efficiency,bus,km_per_pj,road,passenger,phev,all,yearly,national,['avg_eff_no_outliers $ transport_data_system_9th'],1,1472018422.278209,avg_eff_no_outliers $ transport_data_system_9th,113232186.329093,single_datapoint,no_comment
3540,2020,05_PRC,travel_km,bus,km,road,passenger,phev,all,yearly,national,['estimated $ calculate_energy_and_activity()'],1,37773000000.0,estimated $ calculate_energy_and_activity(),5925000000.0,single_datapoint,no_comment
3541,2020,05_PRC,turnover_rate,bus,%,road,passenger,phev,all,yearly,national,['manually_inputted_data $ guess'],1,0.39,manually_inputted_data $ guess,0.03,single_datapoint,no_comment
3542,2021,05_PRC,activity,bus,passenger_km_or_freight_tonne_km,road,passenger,phev,all,yearly,national,['estimated $ calculate_energy_and_activity()'],1,566595000000.0,estimated $ calculate_energy_and_activity(),90000000000.0,single_datapoint,no_comment
3543,2021,05_PRC,energy,bus,pj,road,passenger,phev,all,yearly,national,['estimated $ calculate_energy_and_activity()'],1,290.037448683942,estimated $ calculate_energy_and_activity(),46.070597837176074,single_datapoint,no_comment
3544,2021,05_PRC,new_vehicle_efficiency,bus,km_per_pj,road,passenger,phev,all,yearly,national,['avg_eff_no_outliers $ transport_data_system_9th'],1,1472018422.278209,avg_eff_no_outliers $ transport_data_system_9th,113232186.329093,single_datapoint,no_comment
3545,2021,05_PRC,travel_km,bus,km,road,passenger,phev,all,yearly,national,['estimated $ calculate_energy_and_activity()'],1,37773000000.0,estimated $ calculate_energy_and_activity(),6000000000.0,single_datapoint,no_comment
3546,2021,05_PRC,turnover_rate,bus,%,road,passenger,phev,all,yearly,national,['manually_inputted_data $ guess'],1,0.39,manually_inputted_data $ guess,0.03,single_datapoint,no_comment
3547,2022,05_PRC,activity,bus,passenger_km_or_freight_tonne_km,road,passenger,phev,all,yearly,national,['estimated $ calculate_energy_and_activity()'],1,566595000000.0,estimated $ calculate_energy_and_activity(),112500000000.0,single_datapoint,no_comment
3548,2022,05_PRC,energy,bus,pj,road,passenger,phev,all,yearly,national,['estimated $ calculate_energy_and_activity()'],1,290.037448683942,estimated $ calculate_energy_and_activity(),57.588247296470094,single_datapoint,no_comment
3549,2022,05_PRC,new_vehicle_efficiency,bus,km_per_pj,road,passenger,phev,all,yearly,national,['avg_eff_no_outliers $ transport_data_system_9th'],1,1472018422.278209,avg_eff_no_outliers $ transport_data_system_9th,113232186.329093,single_datapoint,no_comment
3550,2022,05_PRC,travel_km,bus,km,road,passenger,phev,all,yearly,national,['estimated $ calculate_energy_and_activity()'],1,37773000000.0,estimated $ calculate_energy_and_activity(),7500000000.0,single_datapoint,no_comment
3551,2022,05_PRC,turnover_rate,bus,%,road,passenger,phev,all,yearly,national,['manually_inputted_data $ guess'],1,0.39,manually_inputted_data $ guess,0.03,single_datapoint,no_comment
3552,2010,05_PRC,activity,ht,passenger_km_or_freight_tonne_km,road,freight,bev,all,yearly,national,['estimated $ calculate_energy_and_activity()'],1,861232499000.0,estimated $ calculate_energy_and_activity(),11250000.0,manual,no_comment
3553,2010,05_PRC,energy,ht,pj,road,freight,bev,all,yearly,national,['estimated $ calculate_energy_and_activity()'],1,619.8366281952483,estimated $ calculate_energy_and_activity(),0.00809713076002644,manual,no_comment
3554,2010,05_PRC,new_vehicle_efficiency,ht,km_per_pj,road,freight,bev,all,yearly,national,['avg_eff_no_outliers $ transport_data_system_9th'],1,3249486640.872147,avg_eff_no_outliers $ transport_data_system_9th,249960510.836319,single_datapoint,no_comment
3555,2010,05_PRC,travel_km,ht,km,road,freight,bev,all,yearly,national,['estimated $ calculate_energy_and_activity()'],1,153097000000.0,estimated $ calculate_energy_and_activity(),2000000.0,single_datapoint,no_comment
3556,2010,05_PRC,turnover_rate,ht,%,road,freight,bev,all,yearly,national,['manually_inputted_data $ guess'],1,0.42,manually_inputted_data $ guess,0.03,manual,no_comment
3557,2011,05_PRC,activity,ht,passenger_km_or_freight_tonne_km,road,freight,bev,all,yearly,national,['estimated $ calculate_energy_and_activity()'],1,861232499000.0,estimated $ calculate_energy_and_activity(),84375000.0,manual,no_comment
3558,2011,05_PRC,energy,ht,pj,road,freight,bev,all,yearly,national,['estimated $ calculate_energy_and_activity()'],1,619.8366281952483,estimated $ calculate_energy_and_activity(),0.0607284807001983,manual,no_comment
3559,2011,05_PRC,new_vehicle_efficiency,ht,km_per_pj,road,freight,bev,all,yearly,national,['avg_eff_no_outliers $ transport_data_system_9th'],1,3249486640.872147,avg_eff_no_outliers $ transport_data_system_9th,249960510.836319,single_datapoint,no_comment
3560,2011,05_PRC,travel_km,ht,km,road,freight,bev,all,yearly,national,['estimated $ calculate_energy_and_activity()'],1,153097000000.0,estimated $ calculate_energy_and_activity(),15000000.0,single_datapoint,no_comment
3561,2011,05_PRC,turnover_rate,ht,%,road,freight,bev,all,yearly,national,['manually_inputted_data $ guess'],1,0.42,manually_inputted_data $ guess,0.03,manual,no_comment
3562,2012,05_PRC,activity,ht,passenger_km_or_freight_tonne_km,road,freight,bev,all,yearly,national,['estimated $ calculate_energy_and_activity()'],1,861232499000.0,estimated $ calculate_energy_and_activity(),379687500.0,manual,no_comment
3563,2012,05_PRC,energy,ht,pj,road,freight,bev,all,yearly,national,['estimated $ calculate_energy_and_activity()'],1,619.8366281952483,estimated $ calculate_energy_and_activity(),0.2732781631508924,manual,no_comment
3564,2012,05_PRC,new_vehicle_efficiency,ht,km_per_pj,road,freight,bev,all,yearly,national,['avg_eff_no_outliers $ transport_data_system_9th'],1,3249486640.872147,avg_eff_no_outliers $ transport_data_system_9th,249960510.836319,single_datapoint,no_comment
3565,2012,05_PRC,travel_km,ht,km,road,freight,bev,all,yearly,national,['estimated $ calculate_energy_and_activity()'],1,153097000000.0,estimated $ calculate_energy_and_activity(),67500000.0,single_datapoint,no_comment
3566,2012,05_PRC,turnover_rate,ht,%,road,freight,bev,all,yearly,national,['manually_inputted_data $ guess'],1,0.42,manually_inputted_data $ guess,0.03,manual,no_comment
3567,2013,05_PRC,activity,ht,passenger_km_or_freight_tonne_km,road,freight,bev,all,yearly,national,['estimated $ calculate_energy_and_activity()'],1,861232499000.0,estimated $ calculate_energy_and_activity(),984375000.0,manual,no_comment
3568,2013,05_PRC,energy,ht,pj,road,freight,bev,all,yearly,national,['estimated $ calculate_energy_and_activity()'],1,619.8366281952483,estimated $ calculate_energy_and_activity(),0.7084989415023135,manual,no_comment
3569,2013,05_PRC,new_vehicle_efficiency,ht,km_per_pj,road,freight,bev,all,yearly,national,['avg_eff_no_outliers $ transport_data_system_9th'],1,3249486640.872147,avg_eff_no_outliers $ transport_data_system_9th,249960510.836319,single_datapoint,no_comment
3570,2013,05_PRC,travel_km,ht,km,road,freight,bev,all,yearly,national,['estimated $ calculate_energy_and_activity()'],1,153097000000.0,estimated $ calculate_energy_and_activity(),175000000.0,single_datapoint,no_comment
3571,2013,05_PRC,turnover_rate,ht,%,road,freight,bev,all,yearly,national,['manually_inputted_data $ guess'],1,0.42,manually_inputted_data $ guess,0.03,manual,no_comment
3572,2014,05_PRC,activity,ht,passenger_km_or_freight_tonne_km,road,freight,bev,all,yearly,national,['estimated $ calculate_energy_and_activity()'],1,861232499000.0,estimated $ calculate_energy_and_activity(),1195312500.0,manual,no_comment
3573,2014,05_PRC,energy,ht,pj,road,freight,bev,all,yearly,national,['estimated $ calculate_energy_and_activity()'],1,619.8366281952483,estimated $ calculate_energy_and_activity(),0.8603201432528094,manual,no_comment
3574,2014,05_PRC,new_vehicle_efficiency,ht,km_per_pj,road,freight,bev,all,yearly,national,['avg_eff_no_outliers $ transport_data_system_9th'],1,3249486640.872147,avg_eff_no_outliers $ transport_data_system_9th,249960510.836319,single_datapoint,no_comment
3575,2014,05_PRC,travel_km,ht,km,road,freight,bev,all,yearly,national,['estimated $ calculate_energy_and_activity()'],1,153097000000.0,estimated $ calculate_energy_and_activity(),212500000.0,single_datapoint,no_comment
3576,2014,05_PRC,turnover_rate,ht,%,road,freight,bev,all,yearly,national,['manually_inputted_data $ guess'],1,0.42,manually_inputted_data $ guess,0.03,manual,no_comment
3577,2015,05_PRC,activity,ht,passenger_km_or_freight_tonne_km,road,freight,bev,all,yearly,national,['estimated $ calculate_energy_and_activity()'],1,861232499000.0,estimated $ calculate_energy_and_activity(),13359375000.0,manual,no_comment
3578,2015,05_PRC,energy,ht,pj,road,freight,bev,all,yearly,national,['estimated $ calculate_energy_and_activity()'],1,619.8366281952483,estimated $ calculate_energy_and_activity(),9.615342777531398,manual,no_comment
3579,2015,05_PRC,new_vehicle_efficiency,ht,km_per_pj,road,freight,bev,all,yearly,national,['avg_eff_no_outliers $ transport_data_system_9th'],1,3249486640.872147,avg_eff_no_outliers $ transport_data_system_9th,249960510.836319,single_datapoint,no_comment
3580,2015,05_PRC,travel_km,ht,km,road,freight,bev,all,yearly,national,['estimated $ calculate_energy_and_activity()'],1,153097000000.0,estimated $ calculate_energy_and_activity(),2375000000.0,single_datapoint,no_comment
3581,2015,05_PRC,turnover_rate,ht,%,road,freight,bev,all,yearly,national,['manually_inputted_data $ guess'],1,0.42,manually_inputted_data $ guess,0.03,manual,no_comment
3582,2016,05_PRC,activity,ht,passenger_km_or_freight_tonne_km,road,freight,bev,all,yearly,national,['estimated $ calculate_energy_and_activity()'],1,861232499000.0,estimated $ calculate_energy_and_activity(),23203125000.0,manual,no_comment
3583,2016,05_PRC,energy,ht,pj,road,freight,bev,all,yearly,national,['estimated $ calculate_energy_and_activity()'],1,619.8366281952483,estimated $ calculate_energy_and_activity(),16.700332192554534,manual,no_comment
3584,2016,05_PRC,new_vehicle_efficiency,ht,km_per_pj,road,freight,bev,all,yearly,national,['avg_eff_no_outliers $ transport_data_system_9th'],1,3249486640.872147,avg_eff_no_outliers $ transport_data_system_9th,249960510.836319,single_datapoint,no_comment
3585,2016,05_PRC,travel_km,ht,km,road,freight,bev,all,yearly,national,['estimated $ calculate_energy_and_activity()'],1,153097000000.0,estimated $ calculate_energy_and_activity(),4125000000.0,single_datapoint,no_comment
3586,2016,05_PRC,turnover_rate,ht,%,road,freight,bev,all,yearly,national,['manually_inputted_data $ guess'],1,0.42,manually_inputted_data $ guess,0.03,manual,no_comment
3587,2017,05_PRC,activity,ht,passenger_km_or_freight_tonne_km,road,freight,bev,all,yearly,national,"['8th_edition_transport_model $ reference', 'estimated $ calculate_energy_and_activity()']",2,861232499000.0,estimated $ calculate_energy_and_activity(),69609375000.0,manual,no_comment
3588,2017,05_PRC,energy,ht,pj,road,freight,bev,all,yearly,national,"['8th_edition_transport_model $ reference', 'estimated $ calculate_energy_and_activity()']",2,619.8366281952483,estimated $ calculate_energy_and_activity(),50.1009965776636,manual,no_comment
3589,2017,05_PRC,new_vehicle_efficiency,ht,km_per_pj,road,freight,bev,all,yearly,national,['avg_eff_no_outliers $ transport_data_system_9th'],1,3249486640.872147,avg_eff_no_outliers $ transport_data_system_9th,249960510.836319,single_datapoint,no_comment
3590,2017,05_PRC,travel_km,ht,km,road,freight,bev,all,yearly,national,['estimated $ calculate_energy_and_activity()'],1,153097000000.0,estimated $ calculate_energy_and_activity(),12375000000.0,single_datapoint,no_comment
3591,2017,05_PRC,turnover_rate,ht,%,road,freight,bev,all,yearly,national,"['manually_inputted_data $ guess', 'turnover_rate_est']",2,0.42,manually_inputted_data $ guess,0.03,manual,no_comment
3592,2018,05_PRC,activity,ht,passenger_km_or_freight_tonne_km,road,freight,bev,all,yearly,national,['estimated $ calculate_energy_and_activity()'],1,861232499000.0,estimated $ calculate_energy_and_activity(),105468750000.0,manual,no_comment
3593,2018,05_PRC,energy,ht,pj,road,freight,bev,all,yearly,national,['estimated $ calculate_energy_and_activity()'],1,619.8366281952483,estimated $ calculate_energy_and_activity(),75.91060087524788,manual,no_comment
3594,2018,05_PRC,new_vehicle_efficiency,ht,km_per_pj,road,freight,bev,all,yearly,national,['avg_eff_no_outliers $ transport_data_system_9th'],1,3249486640.872147,avg_eff_no_outliers $ transport_data_system_9th,249960510.836319,single_datapoint,no_comment
3595,2018,05_PRC,travel_km,ht,km,road,freight,bev,all,yearly,national,['estimated $ calculate_energy_and_activity()'],1,153097000000.0,estimated $ calculate_energy_and_activity(),18750000000.0,single_datapoint,no_comment
3596,2018,05_PRC,turnover_rate,ht,%,road,freight,bev,all,yearly,national,['manually_inputted_data $ guess'],1,0.42,manually_inputted_data $ guess,0.03,manual,no_comment
3597,2019,05_PRC,activity,ht,passenger_km_or_freight_tonne_km,road,freight,bev,all,yearly,national,['estimated $ calculate_energy_and_activity()'],1,861232499000.0,estimated $ calculate_energy_and_activity(),126562500000.0,manual,no_comment
3598,2019,05_PRC,energy,ht,pj,road,freight,bev,all,yearly,national,['estimated $ calculate_energy_and_activity()'],1,619.8366281952483,estimated $ calculate_energy_and_activity(),91.09272105029746,manual,no_comment
3599,2019,05_PRC,new_vehicle_efficiency,ht,km_per_pj,road,freight,bev,all,yearly,national,['avg_eff_no_outliers $ transport_data_system_9th'],1,3249486640.872147,avg_eff_no_outliers $ transport_data_system_9th,249960510.836319,single_datapoint,no_comment
3600,2019,05_PRC,travel_km,ht,km,road,freight,bev,all,yearly,national,['estimated $ calculate_energy_and_activity()'],1,153097000000.0,estimated $ calculate_energy_and_activity(),22500000000.0,single_datapoint,no_comment
3601,2019,05_PRC,turnover_rate,ht,%,road,freight,bev,all,yearly,national,['manually_inputted_data $ guess'],1,0.42,manually_inputted_data $ guess,0.03,manual,no_comment
3602,2020,05_PRC,activity,ht,passenger_km_or_freight_tonne_km,road,freight,bev,all,yearly,national,['estimated $ calculate_energy_and_activity()'],1,861232499000.0,estimated $ calculate_energy_and_activity(),147656250000.0,manual,no_comment
3603,2020,05_PRC,energy,ht,pj,road,freight,bev,all,yearly,national,['estimated $ calculate_energy_and_activity()'],1,619.8366281952483,estimated $ calculate_energy_and_activity(),106.27484122534703,manual,no_comment
3604,2020,05_PRC,new_vehicle_efficiency,ht,km_per_pj,road,freight,bev,all,yearly,national,['avg_eff_no_outliers $ transport_data_system_9th'],1,3249486640.872147,avg_eff_no_outliers $ transport_data_system_9th,249960510.836319,single_datapoint,no_comment
3605,2020,05_PRC,travel_km,ht,km,road,freight,bev,all,yearly,national,['estimated $ calculate_energy_and_activity()'],1,153097000000.0,estimated $ calculate_energy_and_activity(),26250000000.0,single_datapoint,no_comment
3606,2020,05_PRC,turnover_rate,ht,%,road,freight,bev,all,yearly,national,['manually_inputted_data $ guess'],1,0.42,manually_inputted_data $ guess,0.03,manual,no_comment
3607,2021,05_PRC,activity,ht,passenger_km_or_freight_tonne_km,road,freight,bev,all,yearly,national,['estimated $ calculate_energy_and_activity()'],1,861232499000.0,estimated $ calculate_energy_and_activity(),168750000000.0,manual,no_comment
3608,2021,05_PRC,energy,ht,pj,road,freight,bev,all,yearly,national,['estimated $ calculate_energy_and_activity()'],1,619.8366281952483,estimated $ calculate_energy_and_activity(),121.45696140039661,manual,no_comment
3609,2021,05_PRC,new_vehicle_efficiency,ht,km_per_pj,road,freight,bev,all,yearly,national,['avg_eff_no_outliers $ transport_data_system_9th'],1,3249486640.872147,avg_eff_no_outliers $ transport_data_system_9th,249960510.836319,single_datapoint,no_comment
3610,2021,05_PRC,travel_km,ht,km,road,freight,bev,all,yearly,national,['estimated $ calculate_energy_and_activity()'],1,153097000000.0,estimated $ calculate_energy_and_activity(),30000000000.0,single_datapoint,no_comment
3611,2021,05_PRC,turnover_rate,ht,%,road,freight,bev,all,yearly,national,['manually_inputted_data $ guess'],1,0.42,manually_inputted_data $ guess,0.03,manual,no_comment
3612,2022,05_PRC,activity,ht,passenger_km_or_freight_tonne_km,road,freight,bev,all,yearly,national,['estimated $ calculate_energy_and_activity()'],1,861232499000.0,estimated $ calculate_energy_and_activity(),203906250000.0,manual,no_comment
3613,2022,05_PRC,energy,ht,pj,road,freight,bev,all,yearly,national,['estimated $ calculate_energy_and_activity()'],1,619.8366281952483,estimated $ calculate_energy_and_activity(),146.76049502547923,manual,no_comment
3614,2022,05_PRC,new_vehicle_efficiency,ht,km_per_pj,road,freight,bev,all,yearly,national,['avg_eff_no_outliers $ transport_data_system_9th'],1,3249486640.872147,avg_eff_no_outliers $ transport_data_system_9th,249960510.836319,single_datapoint,no_comment
3615,2022,05_PRC,travel_km,ht,km,road,freight,bev,all,yearly,national,['estimated $ calculate_energy_and_activity()'],1,153097000000.0,estimated $ calculate_energy_and_activity(),36250000000.0,single_datapoint,no_comment
3616,2022,05_PRC,turnover_rate,ht,%,road,freight,bev,all,yearly,national,['manually_inputted_data $ guess'],1,0.42,manually_inputted_data $ guess,0.03,manual,no_comment
3617,2010,05_PRC,new_vehicle_efficiency,ht,km_per_pj,road,freight,cng,all,yearly,national,['avg_eff_no_outliers $ transport_data_system_9th'],1,1775178058.548531,avg_eff_no_outliers $ transport_data_system_9th,136552158.349887,single_datapoint,no_comment
3618,2010,05_PRC,turnover_rate,ht,%,road,freight,cng,all,yearly,national,['manually_inputted_data $ guess'],1,0.42,manually_inputted_data $ guess,0.03,manual,no_comment
3619,2011,05_PRC,new_vehicle_efficiency,ht,km_per_pj,road,freight,cng,all,yearly,national,['avg_eff_no_outliers $ transport_data_system_9th'],1,1775178058.548531,avg_eff_no_outliers $ transport_data_system_9th,136552158.349887,single_datapoint,no_comment
3620,2011,05_PRC,turnover_rate,ht,%,road,freight,cng,all,yearly,national,['manually_inputted_data $ guess'],1,0.42,manually_inputted_data $ guess,0.03,manual,no_comment
3621,2012,05_PRC,new_vehicle_efficiency,ht,km_per_pj,road,freight,cng,all,yearly,national,['avg_eff_no_outliers $ transport_data_system_9th'],1,1775178058.548531,avg_eff_no_outliers $ transport_data_system_9th,136552158.349887,single_datapoint,no_comment
3622,2012,05_PRC,turnover_rate,ht,%,road,freight,cng,all,yearly,national,['manually_inputted_data $ guess'],1,0.42,manually_inputted_data $ guess,0.03,manual,no_comment
3623,2013,05_PRC,new_vehicle_efficiency,ht,km_per_pj,road,freight,cng,all,yearly,national,['avg_eff_no_outliers $ transport_data_system_9th'],1,1775178058.548531,avg_eff_no_outliers $ transport_data_system_9th,136552158.349887,single_datapoint,no_comment
3624,2013,05_PRC,turnover_rate,ht,%,road,freight,cng,all,yearly,national,['manually_inputted_data $ guess'],1,0.42,manually_inputted_data $ guess,0.03,manual,no_comment
3625,2014,05_PRC,new_vehicle_efficiency,ht,km_per_pj,road,freight,cng,all,yearly,national,['avg_eff_no_outliers $ transport_data_system_9th'],1,1775178058.548531,avg_eff_no_outliers $ transport_data_system_9th,136552158.349887,single_datapoint,no_comment
3626,2014,05_PRC,turnover_rate,ht,%,road,freight,cng,all,yearly,national,['manually_inputted_data $ guess'],1,0.42,manually_inputted_data $ guess,0.03,manual,no_comment
3627,2015,05_PRC,new_vehicle_efficiency,ht,km_per_pj,road,freight,cng,all,yearly,national,['avg_eff_no_outliers $ transport_data_system_9th'],1,1775178058.548531,avg_eff_no_outliers $ transport_data_system_9th,136552158.349887,single_datapoint,no_comment
3628,2015,05_PRC,turnover_rate,ht,%,road,freight,cng,all,yearly,national,['manually_inputted_data $ guess'],1,0.42,manually_inputted_data $ guess,0.03,manual,no_comment
3629,2016,05_PRC,new_vehicle_efficiency,ht,km_per_pj,road,freight,cng,all,yearly,national,['avg_eff_no_outliers $ transport_data_system_9th'],1,1775178058.548531,avg_eff_no_outliers $ transport_data_system_9th,136552158.349887,single_datapoint,no_comment
3630,2016,05_PRC,turnover_rate,ht,%,road,freight,cng,all,yearly,national,['manually_inputted_data $ guess'],1,0.42,manually_inputted_data $ guess,0.03,manual,no_comment
3631,2017,05_PRC,activity,ht,passenger_km_or_freight_tonne_km,road,freight,cng,all,yearly,national,"['8th_edition_transport_model $ reference', 'estimated $ calculate_energy_and_activity()']",2,140307627500.0,8th_edition_transport_model $ reference,79864189999.99998,manual,no_comment
3632,2017,05_PRC,energy,ht,pj,road,freight,cng,all,yearly,national,"['8th_edition_transport_model $ reference', 'estimated $ calculate_energy_and_activity()']",2,251.4357684751585,estimated $ calculate_energy_and_activity(),152.2635075182622,manual,no_comment
3633,2017,05_PRC,new_vehicle_efficiency,ht,km_per_pj,road,freight,cng,all,yearly,national,['avg_eff_no_outliers $ transport_data_system_9th'],1,1775178058.548531,avg_eff_no_outliers $ transport_data_system_9th,136552158.349887,single_datapoint,no_comment
3634,2017,05_PRC,travel_km,ht,km,road,freight,cng,all,yearly,national,['estimated $ calculate_energy_and_activity()'],1,10745500000.0,estimated $ calculate_energy_and_activity(),10745500000.0,single_datapoint,no_comment
3635,2017,05_PRC,turnover_rate,ht,%,road,freight,cng,all,yearly,national,"['manually_inputted_data $ guess', 'turnover_rate_est']",2,0.42,manually_inputted_data $ guess,0.03,manual,no_comment
3636,2018,05_PRC,new_vehicle_efficiency,ht,km_per_pj,road,freight,cng,all,yearly,national,['avg_eff_no_outliers $ transport_data_system_9th'],1,1775178058.548531,avg_eff_no_outliers $ transport_data_system_9th,136552158.349887,single_datapoint,no_comment
3637,2018,05_PRC,turnover_rate,ht,%,road,freight,cng,all,yearly,national,['manually_inputted_data $ guess'],1,0.42,manually_inputted_data $ guess,0.03,manual,no_comment
3638,2019,05_PRC,new_vehicle_efficiency,ht,km_per_pj,road,freight,cng,all,yearly,national,['avg_eff_no_outliers $ transport_data_system_9th'],1,1775178058.548531,avg_eff_no_outliers $ transport_data_system_9th,136552158.349887,single_datapoint,no_comment
3639,2019,05_PRC,turnover_rate,ht,%,road,freight,cng,all,yearly,national,['manually_inputted_data $ guess'],1,0.42,manually_inputted_data $ guess,0.03,manual,no_comment
3640,2020,05_PRC,new_vehicle_efficiency,ht,km_per_pj,road,freight,cng,all,yearly,national,['avg_eff_no_outliers $ transport_data_system_9th'],1,1775178058.548531,avg_eff_no_outliers $ transport_data_system_9th,136552158.349887,single_datapoint,no_comment
3641,2020,05_PRC,turnover_rate,ht,%,road,freight,cng,all,yearly,national,['manually_inputted_data $ guess'],1,0.42,manually_inputted_data $ guess,0.03,manual,no_comment
3642,2021,05_PRC,new_vehicle_efficiency,ht,km_per_pj,road,freight,cng,all,yearly,national,['avg_eff_no_outliers $ transport_data_system_9th'],1,1775178058.548531,avg_eff_no_outliers $ transport_data_system_9th,136552158.349887,single_datapoint,no_comment
3643,2021,05_PRC,turnover_rate,ht,%,road,freight,cng,all,yearly,national,['manually_inputted_data $ guess'],1,0.42,manually_inputted_data $ guess,0.03,manual,no_comment
3644,2022,05_PRC,new_vehicle_efficiency,ht,km_per_pj,road,freight,cng,all,yearly,national,['avg_eff_no_outliers $ transport_data_system_9th'],1,1775178058.548531,avg_eff_no_outliers $ transport_data_system_9th,136552158.349887,single_datapoint,no_comment
3645,2022,05_PRC,turnover_rate,ht,%,road,freight,cng,all,yearly,national,['manually_inputted_data $ guess'],1,0.42,manually_inputted_data $ guess,0.03,manual,no_comment
3646,2017,05_PRC,turnover_rate,ht,%,road,freight,fcev,all,yearly,national,['turnover_rate_est'],1,0.03,turnover_rate_est,0.03,single_datapoint,no_comment
3647,2010,05_PRC,new_vehicle_efficiency,ht,km_per_pj,road,freight,ice,all,yearly,national,['avg_eff_no_outliers $ transport_data_system_9th'],1,1058551713.3301452,avg_eff_no_outliers $ transport_data_system_9th,81427054.87154964,single_datapoint,no_comment
3648,2010,05_PRC,turnover_rate,ht,%,road,freight,ice,all,yearly,national,['manually_inputted_data $ guess'],1,0.39,manually_inputted_data $ guess,0.03,single_datapoint,no_comment
3649,2011,05_PRC,new_vehicle_efficiency,ht,km_per_pj,road,freight,ice,all,yearly,national,['avg_eff_no_outliers $ transport_data_system_9th'],1,1058551713.3301452,avg_eff_no_outliers $ transport_data_system_9th,81427054.87154964,single_datapoint,no_comment
3650,2011,05_PRC,turnover_rate,ht,%,road,freight,ice,all,yearly,national,['manually_inputted_data $ guess'],1,0.39,manually_inputted_data $ guess,0.03,single_datapoint,no_comment
3651,2012,05_PRC,new_vehicle_efficiency,ht,km_per_pj,road,freight,ice,all,yearly,national,['avg_eff_no_outliers $ transport_data_system_9th'],1,1058551713.3301452,avg_eff_no_outliers $ transport_data_system_9th,81427054.87154964,single_datapoint,no_comment
3652,2012,05_PRC,turnover_rate,ht,%,road,freight,ice,all,yearly,national,['manually_inputted_data $ guess'],1,0.39,manually_inputted_data $ guess,0.03,single_datapoint,no_comment
3653,2013,05_PRC,new_vehicle_efficiency,ht,km_per_pj,road,freight,ice,all,yearly,national,['avg_eff_no_outliers $ transport_data_system_9th'],1,1058551713.3301452,avg_eff_no_outliers $ transport_data_system_9th,81427054.87154964,single_datapoint,no_comment
3654,2013,05_PRC,turnover_rate,ht,%,road,freight,ice,all,yearly,national,['manually_inputted_data $ guess'],1,0.39,manually_inputted_data $ guess,0.03,single_datapoint,no_comment
3655,2014,05_PRC,new_vehicle_efficiency,ht,km_per_pj,road,freight,ice,all,yearly,national,['avg_eff_no_outliers $ transport_data_system_9th'],1,1058551713.3301452,avg_eff_no_outliers $ transport_data_system_9th,81427054.87154964,single_datapoint,no_comment
3656,2014,05_PRC,turnover_rate,ht,%,road,freight,ice,all,yearly,national,['manually_inputted_data $ guess'],1,0.39,manually_inputted_data $ guess,0.03,single_datapoint,no_comment
3657,2015,05_PRC,new_vehicle_efficiency,ht,km_per_pj,road,freight,ice,all,yearly,national,['avg_eff_no_outliers $ transport_data_system_9th'],1,1058551713.3301452,avg_eff_no_outliers $ transport_data_system_9th,81427054.87154964,single_datapoint,no_comment
3658,2015,05_PRC,turnover_rate,ht,%,road,freight,ice,all,yearly,national,['manually_inputted_data $ guess'],1,0.39,manually_inputted_data $ guess,0.03,single_datapoint,no_comment
3659,2016,05_PRC,new_vehicle_efficiency,ht,km_per_pj,road,freight,ice,all,yearly,national,['avg_eff_no_outliers $ transport_data_system_9th'],1,1058551713.3301452,avg_eff_no_outliers $ transport_data_system_9th,81427054.87154964,single_datapoint,no_comment
3660,2016,05_PRC,turnover_rate,ht,%,road,freight,ice,all,yearly,national,['manually_inputted_data $ guess'],1,0.39,manually_inputted_data $ guess,0.03,single_datapoint,no_comment
3661,2017,05_PRC,activity,ht,passenger_km_or_freight_tonne_km,road,freight,ice,all,yearly,national,['estimated $ calculate_energy_and_activity()'],1,4644603596695.215,estimated $ calculate_energy_and_activity(),4644603596695.215,single_datapoint,no_comment
3662,2017,05_PRC,energy,ht,pj,road,freight,ice,all,yearly,national,['estimated $ calculate_energy_and_activity()'],1,11700.255046956081,estimated $ calculate_energy_and_activity(),11700.255046956081,single_datapoint,no_comment
3663,2017,05_PRC,new_vehicle_efficiency,ht,km_per_pj,road,freight,ice,all,yearly,national,['avg_eff_no_outliers $ transport_data_system_9th'],1,1058551713.3301452,avg_eff_no_outliers $ transport_data_system_9th,81427054.87154964,single_datapoint,no_comment
3664,2017,05_PRC,travel_km,ht,km,road,freight,ice,all,yearly,national,['estimated $ calculate_energy_and_activity()'],1,825707306079.1493,estimated $ calculate_energy_and_activity(),825707306079.1493,single_datapoint,no_comment
3665,2017,05_PRC,turnover_rate,ht,%,road,freight,ice,all,yearly,national,['manually_inputted_data $ guess'],1,0.39,manually_inputted_data $ guess,0.03,single_datapoint,no_comment
3666,2018,05_PRC,new_vehicle_efficiency,ht,km_per_pj,road,freight,ice,all,yearly,national,['avg_eff_no_outliers $ transport_data_system_9th'],1,1058551713.3301452,avg_eff_no_outliers $ transport_data_system_9th,81427054.87154964,single_datapoint,no_comment
3667,2018,05_PRC,turnover_rate,ht,%,road,freight,ice,all,yearly,national,['manually_inputted_data $ guess'],1,0.39,manually_inputted_data $ guess,0.03,single_datapoint,no_comment
3668,2019,05_PRC,new_vehicle_efficiency,ht,km_per_pj,road,freight,ice,all,yearly,national,['avg_eff_no_outliers $ transport_data_system_9th'],1,1058551713.3301452,avg_eff_no_outliers $ transport_data_system_9th,81427054.87154964,single_datapoint,no_comment
3669,2019,05_PRC,turnover_rate,ht,%,road,freight,ice,all,yearly,national,['manually_inputted_data $ guess'],1,0.39,manually_inputted_data $ guess,0.03,single_datapoint,no_comment
3670,2020,05_PRC,new_vehicle_efficiency,ht,km_per_pj,road,freight,ice,all,yearly,national,['avg_eff_no_outliers $ transport_data_system_9th'],1,1058551713.3301452,avg_eff_no_outliers $ transport_data_system_9th,81427054.87154964,single_datapoint,no_comment
3671,2020,05_PRC,turnover_rate,ht,%,road,freight,ice,all,yearly,national,['manually_inputted_data $ guess'],1,0.39,manually_inputted_data $ guess,0.03,single_datapoint,no_comment
3672,2021,05_PRC,new_vehicle_efficiency,ht,km_per_pj,road,freight,ice,all,yearly,national,['avg_eff_no_outliers $ transport_data_system_9th'],1,1058551713.3301452,avg_eff_no_outliers $ transport_data_system_9th,81427054.87154964,single_datapoint,no_comment
3673,2021,05_PRC,turnover_rate,ht,%,road,freight,ice,all,yearly,national,['manually_inputted_data $ guess'],1,0.39,manually_inputted_data $ guess,0.03,single_datapoint,no_comment
3674,2022,05_PRC,new_vehicle_efficiency,ht,km_per_pj,road,freight,ice,all,yearly,national,['avg_eff_no_outliers $ transport_data_system_9th'],1,1058551713.3301452,avg_eff_no_outliers $ transport_data_system_9th,81427054.87154964,single_datapoint,no_comment
3675,2022,05_PRC,turnover_rate,ht,%,road,freight,ice,all,yearly,national,['manually_inputted_data $ guess'],1,0.39,manually_inputted_data $ guess,0.03,single_datapoint,no_comment
3676,2010,05_PRC,new_vehicle_efficiency,ht,km_per_pj,road,freight,lpg,all,yearly,national,['avg_eff_no_outliers $ transport_data_system_9th'],1,1405649677.815799,avg_eff_no_outliers $ transport_data_system_9th,108126898.293523,single_datapoint,no_comment
3677,2010,05_PRC,turnover_rate,ht,%,road,freight,lpg,all,yearly,national,['manually_inputted_data $ guess'],1,0.42,manually_inputted_data $ guess,0.03,manual,no_comment
3678,2011,05_PRC,new_vehicle_efficiency,ht,km_per_pj,road,freight,lpg,all,yearly,national,['avg_eff_no_outliers $ transport_data_system_9th'],1,1405649677.815799,avg_eff_no_outliers $ transport_data_system_9th,108126898.293523,single_datapoint,no_comment
3679,2011,05_PRC,turnover_rate,ht,%,road,freight,lpg,all,yearly,national,['manually_inputted_data $ guess'],1,0.42,manually_inputted_data $ guess,0.03,manual,no_comment
3680,2012,05_PRC,new_vehicle_efficiency,ht,km_per_pj,road,freight,lpg,all,yearly,national,['avg_eff_no_outliers $ transport_data_system_9th'],1,1405649677.815799,avg_eff_no_outliers $ transport_data_system_9th,108126898.293523,single_datapoint,no_comment
3681,2012,05_PRC,turnover_rate,ht,%,road,freight,lpg,all,yearly,national,['manually_inputted_data $ guess'],1,0.42,manually_inputted_data $ guess,0.03,manual,no_comment
3682,2013,05_PRC,new_vehicle_efficiency,ht,km_per_pj,road,freight,lpg,all,yearly,national,['avg_eff_no_outliers $ transport_data_system_9th'],1,1405649677.815799,avg_eff_no_outliers $ transport_data_system_9th,108126898.293523,single_datapoint,no_comment
3683,2013,05_PRC,turnover_rate,ht,%,road,freight,lpg,all,yearly,national,['manually_inputted_data $ guess'],1,0.42,manually_inputted_data $ guess,0.03,manual,no_comment
3684,2014,05_PRC,new_vehicle_efficiency,ht,km_per_pj,road,freight,lpg,all,yearly,national,['avg_eff_no_outliers $ transport_data_system_9th'],1,1405649677.815799,avg_eff_no_outliers $ transport_data_system_9th,108126898.293523,single_datapoint,no_comment
3685,2014,05_PRC,turnover_rate,ht,%,road,freight,lpg,all,yearly,national,['manually_inputted_data $ guess'],1,0.42,manually_inputted_data $ guess,0.03,manual,no_comment
3686,2015,05_PRC,new_vehicle_efficiency,ht,km_per_pj,road,freight,lpg,all,yearly,national,['avg_eff_no_outliers $ transport_data_system_9th'],1,1405649677.815799,avg_eff_no_outliers $ transport_data_system_9th,108126898.293523,single_datapoint,no_comment
3687,2015,05_PRC,turnover_rate,ht,%,road,freight,lpg,all,yearly,national,['manually_inputted_data $ guess'],1,0.42,manually_inputted_data $ guess,0.03,manual,no_comment
3688,2016,05_PRC,new_vehicle_efficiency,ht,km_per_pj,road,freight,lpg,all,yearly,national,['avg_eff_no_outliers $ transport_data_system_9th'],1,1405649677.815799,avg_eff_no_outliers $ transport_data_system_9th,108126898.293523,single_datapoint,no_comment
3689,2016,05_PRC,turnover_rate,ht,%,road,freight,lpg,all,yearly,national,['manually_inputted_data $ guess'],1,0.42,manually_inputted_data $ guess,0.03,manual,no_comment
3690,2017,05_PRC,activity,ht,passenger_km_or_freight_tonne_km,road,freight,lpg,all,yearly,national,"['8th_edition_transport_model $ reference', 'estimated $ calculate_energy_and_activity()']",2,28061668125.0,estimated $ calculate_energy_and_activity(),12088828125.0,manual,no_comment
3691,2017,05_PRC,energy,ht,pj,road,freight,lpg,all,yearly,national,"['8th_edition_transport_model $ reference', 'estimated $ calculate_energy_and_activity()']",2,39.06481317387383,8th_edition_transport_model $ reference,8.61175742075064,manual,no_comment
3692,2017,05_PRC,new_vehicle_efficiency,ht,km_per_pj,road,freight,lpg,all,yearly,national,['avg_eff_no_outliers $ transport_data_system_9th'],1,1405649677.815799,avg_eff_no_outliers $ transport_data_system_9th,108126898.293523,single_datapoint,no_comment
3693,2017,05_PRC,travel_km,ht,km,road,freight,lpg,all,yearly,national,['estimated $ calculate_energy_and_activity()'],1,2149125000.0,estimated $ calculate_energy_and_activity(),2149125000.0,single_datapoint,no_comment
3694,2017,05_PRC,turnover_rate,ht,%,road,freight,lpg,all,yearly,national,"['manually_inputted_data $ guess', 'turnover_rate_est']",2,0.42,manually_inputted_data $ guess,0.03,manual,no_comment
3695,2018,05_PRC,new_vehicle_efficiency,ht,km_per_pj,road,freight,lpg,all,yearly,national,['avg_eff_no_outliers $ transport_data_system_9th'],1,1405649677.815799,avg_eff_no_outliers $ transport_data_system_9th,108126898.293523,single_datapoint,no_comment
3696,2018,05_PRC,turnover_rate,ht,%,road,freight,lpg,all,yearly,national,['manually_inputted_data $ guess'],1,0.42,manually_inputted_data $ guess,0.03,manual,no_comment
3697,2019,05_PRC,new_vehicle_efficiency,ht,km_per_pj,road,freight,lpg,all,yearly,national,['avg_eff_no_outliers $ transport_data_system_9th'],1,1405649677.815799,avg_eff_no_outliers $ transport_data_system_9th,108126898.293523,single_datapoint,no_comment
3698,2019,05_PRC,turnover_rate,ht,%,road,freight,lpg,all,yearly,national,['manually_inputted_data $ guess'],1,0.42,manually_inputted_data $ guess,0.03,manual,no_comment
3699,2020,05_PRC,new_vehicle_efficiency,ht,km_per_pj,road,freight,lpg,all,yearly,national,['avg_eff_no_outliers $ transport_data_system_9th'],1,1405649677.815799,avg_eff_no_outliers $ transport_data_system_9th,108126898.293523,single_datapoint,no_comment
3700,2020,05_PRC,turnover_rate,ht,%,road,freight,lpg,all,yearly,national,['manually_inputted_data $ guess'],1,0.42,manually_inputted_data $ guess,0.03,manual,no_comment
3701,2021,05_PRC,new_vehicle_efficiency,ht,km_per_pj,road,freight,lpg,all,yearly,national,['avg_eff_no_outliers $ transport_data_system_9th'],1,1405649677.815799,avg_eff_no_outliers $ transport_data_system_9th,108126898.293523,single_datapoint,no_comment
3702,2021,05_PRC,turnover_rate,ht,%,road,freight,lpg,all,yearly,national,['manually_inputted_data $ guess'],1,0.42,manually_inputted_data $ guess,0.03,manual,no_comment
3703,2022,05_PRC,new_vehicle_efficiency,ht,km_per_pj,road,freight,lpg,all,yearly,national,['avg_eff_no_outliers $ transport_data_system_9th'],1,1405649677.815799,avg_eff_no_outliers $ transport_data_system_9th,108126898.293523,single_datapoint,no_comment
3704,2022,05_PRC,turnover_rate,ht,%,road,freight,lpg,all,yearly,national,['manually_inputted_data $ guess'],1,0.42,manually_inputted_data $ guess,0.03,manual,no_comment
3705,2016,05_PRC,activity,ht,passenger_km_or_freight_tonne_km,road,freight,phev,all,yearly,national,['estimated $ calculate_energy_and_activity()'],1,77347335937.43295,estimated $ calculate_energy_and_activity(),3585937.4329447746,single_datapoint,no_comment
3706,2016,05_PRC,energy,ht,pj,road,freight,phev,all,yearly,national,['estimated $ calculate_energy_and_activity()'],1,111.34070987112655,estimated $ calculate_energy_and_activity(),0.005161920762991536,single_datapoint,no_comment
3707,2016,05_PRC,travel_km,ht,km,road,freight,phev,all,yearly,national,['estimated $ calculate_energy_and_activity()'],1,13750637499.98808,estimated $ calculate_energy_and_activity(),637499.988079071,single_datapoint,no_comment
3708,2017,05_PRC,activity,ht,passenger_km_or_freight_tonne_km,road,freight,phev,all,yearly,national,['estimated $ calculate_energy_and_activity()'],1,77347335937.43295,estimated $ calculate_energy_and_activity(),9843750000.0,single_datapoint,no_comment
3709,2017,05_PRC,energy,ht,pj,road,freight,phev,all,yearly,national,['estimated $ calculate_energy_and_activity()'],1,111.34070987112655,estimated $ calculate_energy_and_activity(),14.16997883004627,single_datapoint,no_comment
3710,2017,05_PRC,travel_km,ht,km,road,freight,phev,all,yearly,national,['estimated $ calculate_energy_and_activity()'],1,13750637499.98808,estimated $ calculate_energy_and_activity(),1750000000.0,single_datapoint,no_comment
3711,2018,05_PRC,activity,ht,passenger_km_or_freight_tonne_km,road,freight,phev,all,yearly,national,['estimated $ calculate_energy_and_activity()'],1,77347335937.43295,estimated $ calculate_energy_and_activity(),11953125000.0,single_datapoint,no_comment
3712,2018,05_PRC,energy,ht,pj,road,freight,phev,all,yearly,national,['estimated $ calculate_energy_and_activity()'],1,111.34070987112655,estimated $ calculate_energy_and_activity(),17.206402865056187,single_datapoint,no_comment
3713,2018,05_PRC,travel_km,ht,km,road,freight,phev,all,yearly,national,['estimated $ calculate_energy_and_activity()'],1,13750637499.98808,estimated $ calculate_energy_and_activity(),2125000000.0,single_datapoint,no_comment
3714,2019,05_PRC,activity,ht,passenger_km_or_freight_tonne_km,road,freight,phev,all,yearly,national,['estimated $ calculate_energy_and_activity()'],1,77347335937.43295,estimated $ calculate_energy_and_activity(),13359375000.0,single_datapoint,no_comment
3715,2019,05_PRC,energy,ht,pj,road,freight,phev,all,yearly,national,['estimated $ calculate_energy_and_activity()'],1,111.34070987112655,estimated $ calculate_energy_and_activity(),19.230685555062795,single_datapoint,no_comment
3716,2019,05_PRC,travel_km,ht,km,road,freight,phev,all,yearly,national,['estimated $ calculate_energy_and_activity()'],1,13750637499.98808,estimated $ calculate_energy_and_activity(),2375000000.0,single_datapoint,no_comment
3717,2020,05_PRC,activity,ht,passenger_km_or_freight_tonne_km,road,freight,phev,all,yearly,national,['estimated $ calculate_energy_and_activity()'],1,77347335937.43295,estimated $ calculate_energy_and_activity(),13359375000.0,single_datapoint,no_comment
3718,2020,05_PRC,energy,ht,pj,road,freight,phev,all,yearly,national,['estimated $ calculate_energy_and_activity()'],1,111.34070987112655,estimated $ calculate_energy_and_activity(),19.230685555062795,single_datapoint,no_comment
3719,2020,05_PRC,travel_km,ht,km,road,freight,phev,all,yearly,national,['estimated $ calculate_energy_and_activity()'],1,13750637499.98808,estimated $ calculate_energy_and_activity(),2375000000.0,single_datapoint,no_comment
3720,2021,05_PRC,activity,ht,passenger_km_or_freight_tonne_km,road,freight,phev,all,yearly,national,['estimated $ calculate_energy_and_activity()'],1,77347335937.43295,estimated $ calculate_energy_and_activity(),14062500000.0,single_datapoint,no_comment
3721,2021,05_PRC,energy,ht,pj,road,freight,phev,all,yearly,national,['estimated $ calculate_energy_and_activity()'],1,111.34070987112655,estimated $ calculate_energy_and_activity(),20.242826900066103,single_datapoint,no_comment
3722,2021,05_PRC,travel_km,ht,km,road,freight,phev,all,yearly,national,['estimated $ calculate_energy_and_activity()'],1,13750637499.98808,estimated $ calculate_energy_and_activity(),2500000000.0,single_datapoint,no_comment
3723,2022,05_PRC,activity,ht,passenger_km_or_freight_tonne_km,road,freight,phev,all,yearly,national,['estimated $ calculate_energy_and_activity()'],1,77347335937.43295,estimated $ calculate_energy_and_activity(),14765625000.0,single_datapoint,no_comment
3724,2022,05_PRC,energy,ht,pj,road,freight,phev,all,yearly,national,['estimated $ calculate_energy_and_activity()'],1,111.34070987112655,estimated $ calculate_energy_and_activity(),21.254968245069406,single_datapoint,no_comment
3725,2022,05_PRC,travel_km,ht,km,road,freight,phev,all,yearly,national,['estimated $ calculate_energy_and_activity()'],1,13750637499.98808,estimated $ calculate_energy_and_activity(),2625000000.0,single_datapoint,no_comment
3726,2010,05_PRC,activity,ldv,passenger_km_or_freight_tonne_km,road,passenger,bev,all,yearly,national,['estimated $ calculate_energy_and_activity()'],1,618320154000.0,estimated $ calculate_energy_and_activity(),36000000.0,manual,no_comment
3727,2010,05_PRC,energy,ldv,pj,road,passenger,bev,all,yearly,national,['estimated $ calculate_energy_and_activity()'],1,336.5391879362889,estimated $ calculate_energy_and_activity(),0.019712314268803294,manual,no_comment
3728,2010,05_PRC,new_vehicle_efficiency,ldv,km_per_pj,road,freight,bev,all,yearly,national,['avg_eff_no_outliers $ transport_data_system_9th'],1,7200566335.010296,avg_eff_no_outliers $ transport_data_system_9th,553889718.077715,single_datapoint,no_comment
3729,2010,05_PRC,new_vehicle_efficiency,ldv,km_per_pj,road,passenger,bev,all,yearly,national,['avg_eff_no_outliers $ transport_data_system_9th'],1,9901716082.423439,avg_eff_no_outliers $ transport_data_system_9th,761670467.878726,single_datapoint,no_comment
3730,2010,05_PRC,travel_km,ldv,km,road,passenger,bev,all,yearly,national,['estimated $ calculate_energy_and_activity()'],1,400708500000.0,estimated $ calculate_energy_and_activity(),24000000.0,single_datapoint,no_comment
3731,2010,05_PRC,turnover_rate,ldv,%,road,freight,bev,all,yearly,national,['manually_inputted_data $ guess'],1,0.42,manually_inputted_data $ guess,0.03,manual,no_comment
3732,2010,05_PRC,turnover_rate,ldv,%,road,passenger,bev,all,yearly,national,['manually_inputted_data $ guess'],1,0.42,manually_inputted_data $ guess,0.03,manual,no_comment
3733,2011,05_PRC,activity,ldv,passenger_km_or_freight_tonne_km,road,passenger,bev,all,yearly,national,['estimated $ calculate_energy_and_activity()'],1,618320154000.0,estimated $ calculate_energy_and_activity(),141750000.0,manual,no_comment
3734,2011,05_PRC,energy,ldv,pj,road,passenger,bev,all,yearly,national,['estimated $ calculate_energy_and_activity()'],1,336.5391879362889,estimated $ calculate_energy_and_activity(),0.07761723743341296,manual,no_comment
3735,2011,05_PRC,new_vehicle_efficiency,ldv,km_per_pj,road,freight,bev,all,yearly,national,['avg_eff_no_outliers $ transport_data_system_9th'],1,7200566335.010296,avg_eff_no_outliers $ transport_data_system_9th,553889718.077715,single_datapoint,no_comment
3736,2011,05_PRC,new_vehicle_efficiency,ldv,km_per_pj,road,passenger,bev,all,yearly,national,['avg_eff_no_outliers $ transport_data_system_9th'],1,9901716082.423439,avg_eff_no_outliers $ transport_data_system_9th,761670467.878726,single_datapoint,no_comment
3737,2011,05_PRC,travel_km,ldv,km,road,passenger,bev,all,yearly,national,['estimated $ calculate_energy_and_activity()'],1,400708500000.0,estimated $ calculate_energy_and_activity(),94500000.0,single_datapoint,no_comment
3738,2011,05_PRC,turnover_rate,ldv,%,road,freight,bev,all,yearly,national,['manually_inputted_data $ guess'],1,0.42,manually_inputted_data $ guess,0.03,manual,no_comment
3739,2011,05_PRC,turnover_rate,ldv,%,road,passenger,bev,all,yearly,national,['manually_inputted_data $ guess'],1,0.42,manually_inputted_data $ guess,0.03,manual,no_comment
3740,2012,05_PRC,activity,ldv,passenger_km_or_freight_tonne_km,road,passenger,bev,all,yearly,national,['estimated $ calculate_energy_and_activity()'],1,618320154000.0,estimated $ calculate_energy_and_activity(),360000000.0,manual,no_comment
3741,2012,05_PRC,energy,ldv,pj,road,passenger,bev,all,yearly,national,['estimated $ calculate_energy_and_activity()'],1,336.5391879362889,estimated $ calculate_energy_and_activity(),0.19712314268803294,manual,no_comment
3742,2012,05_PRC,new_vehicle_efficiency,ldv,km_per_pj,road,freight,bev,all,yearly,national,['avg_eff_no_outliers $ transport_data_system_9th'],1,7200566335.010296,avg_eff_no_outliers $ transport_data_system_9th,553889718.077715,single_datapoint,no_comment
3743,2012,05_PRC,new_vehicle_efficiency,ldv,km_per_pj,road,passenger,bev,all,yearly,national,['avg_eff_no_outliers $ transport_data_system_9th'],1,9901716082.423439,avg_eff_no_outliers $ transport_data_system_9th,761670467.878726,single_datapoint,no_comment
3744,2012,05_PRC,travel_km,ldv,km,road,passenger,bev,all,yearly,national,['estimated $ calculate_energy_and_activity()'],1,400708500000.0,estimated $ calculate_energy_and_activity(),240000000.0,single_datapoint,no_comment
3745,2012,05_PRC,turnover_rate,ldv,%,road,freight,bev,all,yearly,national,['manually_inputted_data $ guess'],1,0.42,manually_inputted_data $ guess,0.03,manual,no_comment
3746,2012,05_PRC,turnover_rate,ldv,%,road,passenger,bev,all,yearly,national,['manually_inputted_data $ guess'],1,0.42,manually_inputted_data $ guess,0.03,manual,no_comment
3747,2013,05_PRC,activity,ldv,passenger_km_or_freight_tonne_km,road,passenger,bev,all,yearly,national,['estimated $ calculate_energy_and_activity()'],1,618320154000.0,estimated $ calculate_energy_and_activity(),697500000.0,manual,no_comment
3748,2013,05_PRC,energy,ldv,pj,road,passenger,bev,all,yearly,national,['estimated $ calculate_energy_and_activity()'],1,336.5391879362889,estimated $ calculate_energy_and_activity(),0.3819260889580638,manual,no_comment
3749,2013,05_PRC,new_vehicle_efficiency,ldv,km_per_pj,road,freight,bev,all,yearly,national,['avg_eff_no_outliers $ transport_data_system_9th'],1,7200566335.010296,avg_eff_no_outliers $ transport_data_system_9th,553889718.077715,single_datapoint,no_comment
3750,2013,05_PRC,new_vehicle_efficiency,ldv,km_per_pj,road,passenger,bev,all,yearly,national,['avg_eff_no_outliers $ transport_data_system_9th'],1,9901716082.423439,avg_eff_no_outliers $ transport_data_system_9th,761670467.878726,single_datapoint,no_comment
3751,2013,05_PRC,travel_km,ldv,km,road,passenger,bev,all,yearly,national,['estimated $ calculate_energy_and_activity()'],1,400708500000.0,estimated $ calculate_energy_and_activity(),465000000.0,single_datapoint,no_comment
3752,2013,05_PRC,turnover_rate,ldv,%,road,freight,bev,all,yearly,national,['manually_inputted_data $ guess'],1,0.42,manually_inputted_data $ guess,0.03,manual,no_comment
3753,2013,05_PRC,turnover_rate,ldv,%,road,passenger,bev,all,yearly,national,['manually_inputted_data $ guess'],1,0.42,manually_inputted_data $ guess,0.03,manual,no_comment
3754,2014,05_PRC,activity,ldv,passenger_km_or_freight_tonne_km,road,passenger,bev,all,yearly,national,['estimated $ calculate_energy_and_activity()'],1,618320154000.0,estimated $ calculate_energy_and_activity(),1327500000.0,manual,no_comment
3755,2014,05_PRC,energy,ldv,pj,road,passenger,bev,all,yearly,national,['estimated $ calculate_energy_and_activity()'],1,336.5391879362889,estimated $ calculate_energy_and_activity(),0.7268915886621214,manual,no_comment
3756,2014,05_PRC,new_vehicle_efficiency,ldv,km_per_pj,road,freight,bev,all,yearly,national,['avg_eff_no_outliers $ transport_data_system_9th'],1,7200566335.010296,avg_eff_no_outliers $ transport_data_system_9th,553889718.077715,single_datapoint,no_comment
3757,2014,05_PRC,new_vehicle_efficiency,ldv,km_per_pj,road,passenger,bev,all,yearly,national,['avg_eff_no_outliers $ transport_data_system_9th'],1,9901716082.423439,avg_eff_no_outliers $ transport_data_system_9th,761670467.878726,single_datapoint,no_comment
3758,2014,05_PRC,travel_km,ldv,km,road,passenger,bev,all,yearly,national,['estimated $ calculate_energy_and_activity()'],1,400708500000.0,estimated $ calculate_energy_and_activity(),885000000.0,single_datapoint,no_comment
3759,2014,05_PRC,turnover_rate,ldv,%,road,freight,bev,all,yearly,national,['manually_inputted_data $ guess'],1,0.42,manually_inputted_data $ guess,0.03,manual,no_comment
3760,2014,05_PRC,turnover_rate,ldv,%,road,passenger,bev,all,yearly,national,['manually_inputted_data $ guess'],1,0.42,manually_inputted_data $ guess,0.03,manual,no_comment
3761,2015,05_PRC,activity,ldv,passenger_km_or_freight_tonne_km,road,passenger,bev,all,yearly,national,['estimated $ calculate_energy_and_activity()'],1,618320154000.0,estimated $ calculate_energy_and_activity(),4725000000.0,manual,no_comment
3762,2015,05_PRC,energy,ldv,pj,road,passenger,bev,all,yearly,national,['estimated $ calculate_energy_and_activity()'],1,336.5391879362889,estimated $ calculate_energy_and_activity(),2.5872412477804323,manual,no_comment
3763,2015,05_PRC,new_vehicle_efficiency,ldv,km_per_pj,road,freight,bev,all,yearly,national,['avg_eff_no_outliers $ transport_data_system_9th'],1,7200566335.010296,avg_eff_no_outliers $ transport_data_system_9th,553889718.077715,single_datapoint,no_comment
3764,2015,05_PRC,new_vehicle_efficiency,ldv,km_per_pj,road,passenger,bev,all,yearly,national,['avg_eff_no_outliers $ transport_data_system_9th'],1,9901716082.423439,avg_eff_no_outliers $ transport_data_system_9th,761670467.878726,single_datapoint,no_comment
3765,2015,05_PRC,travel_km,ldv,km,road,passenger,bev,all,yearly,national,['estimated $ calculate_energy_and_activity()'],1,400708500000.0,estimated $ calculate_energy_and_activity(),3150000000.0,single_datapoint,no_comment
3766,2015,05_PRC,turnover_rate,ldv,%,road,freight,bev,all,yearly,national,['manually_inputted_data $ guess'],1,0.42,manually_inputted_data $ guess,0.03,manual,no_comment
3767,2015,05_PRC,turnover_rate,ldv,%,road,passenger,bev,all,yearly,national,['manually_inputted_data $ guess'],1,0.42,manually_inputted_data $ guess,0.03,manual,no_comment
3768,2016,05_PRC,activity,ldv,passenger_km_or_freight_tonne_km,road,passenger,bev,all,yearly,national,['estimated $ calculate_energy_and_activity()'],1,618320154000.0,estimated $ calculate_energy_and_activity(),10350000000.0,manual,no_comment
3769,2016,05_PRC,energy,ldv,pj,road,passenger,bev,all,yearly,national,['estimated $ calculate_energy_and_activity()'],1,336.5391879362889,estimated $ calculate_energy_and_activity(),5.667290352280947,manual,no_comment
3770,2016,05_PRC,new_vehicle_efficiency,ldv,km_per_pj,road,freight,bev,all,yearly,national,['avg_eff_no_outliers $ transport_data_system_9th'],1,7200566335.010296,avg_eff_no_outliers $ transport_data_system_9th,553889718.077715,single_datapoint,no_comment
3771,2016,05_PRC,new_vehicle_efficiency,ldv,km_per_pj,road,passenger,bev,all,yearly,national,['avg_eff_no_outliers $ transport_data_system_9th'],1,9901716082.423439,avg_eff_no_outliers $ transport_data_system_9th,761670467.878726,single_datapoint,no_comment
3772,2016,05_PRC,travel_km,ldv,km,road,passenger,bev,all,yearly,national,['estimated $ calculate_energy_and_activity()'],1,400708500000.0,estimated $ calculate_energy_and_activity(),6900000000.0,single_datapoint,no_comment
3773,2016,05_PRC,turnover_rate,ldv,%,road,freight,bev,all,yearly,national,['manually_inputted_data $ guess'],1,0.42,manually_inputted_data $ guess,0.03,manual,no_comment
3774,2016,05_PRC,turnover_rate,ldv,%,road,passenger,bev,all,yearly,national,['manually_inputted_data $ guess'],1,0.42,manually_inputted_data $ guess,0.03,manual,no_comment
3775,2017,05_PRC,activity,ldv,passenger_km_or_freight_tonne_km,road,freight,bev,all,yearly,national,"['8th_edition_transport_model $ reference', 'estimated $ calculate_energy_and_activity()']",2,433716125.0,estimated $ calculate_energy_and_activity(),17383125.0,manual,no_comment
3776,2017,05_PRC,activity,ldv,passenger_km_or_freight_tonne_km,road,passenger,bev,all,yearly,national,"['8th_edition_transport_model $ reference', 'estimated $ calculate_energy_and_activity()']",2,618320154000.0,estimated $ calculate_energy_and_activity(),20925000000.0,manual,no_comment
3777,2017,05_PRC,energy,ldv,pj,road,freight,bev,all,yearly,national,"['8th_edition_transport_model $ reference', 'estimated $ calculate_energy_and_activity()']",2,0.2802198837798739,estimated $ calculate_energy_and_activity(),0.0540927023872679,manual,no_comment
3778,2017,05_PRC,energy,ldv,pj,road,passenger,bev,all,yearly,national,"['8th_edition_transport_model $ reference', 'estimated $ calculate_energy_and_activity()']",2,336.5391879362889,estimated $ calculate_energy_and_activity(),11.457782668741915,manual,no_comment
3779,2017,05_PRC,new_vehicle_efficiency,ldv,km_per_pj,road,freight,bev,all,yearly,national,['avg_eff_no_outliers $ transport_data_system_9th'],1,7200566335.010296,avg_eff_no_outliers $ transport_data_system_9th,553889718.077715,single_datapoint,no_comment
3780,2017,05_PRC,new_vehicle_efficiency,ldv,km_per_pj,road,passenger,bev,all,yearly,national,['avg_eff_no_outliers $ transport_data_system_9th'],1,9901716082.423439,avg_eff_no_outliers $ transport_data_system_9th,761670467.878726,single_datapoint,no_comment
3781,2017,05_PRC,travel_km,ldv,km,road,freight,bev,all,yearly,national,['estimated $ calculate_energy_and_activity()'],1,47625000.0,estimated $ calculate_energy_and_activity(),47625000.0,single_datapoint,no_comment
3782,2017,05_PRC,travel_km,ldv,km,road,passenger,bev,all,yearly,national,['estimated $ calculate_energy_and_activity()'],1,400708500000.0,estimated $ calculate_energy_and_activity(),13950000000.0,single_datapoint,no_comment
3783,2017,05_PRC,turnover_rate,ldv,%,road,freight,bev,all,yearly,national,"['manually_inputted_data $ guess', 'turnover_rate_est']",2,0.42,manually_inputted_data $ guess,0.03,manual,no_comment
3784,2017,05_PRC,turnover_rate,ldv,%,road,passenger,bev,all,yearly,national,"['manually_inputted_data $ guess', 'turnover_rate_est']",2,0.42,manually_inputted_data $ guess,0.03,manual,no_comment
3785,2018,05_PRC,activity,ldv,passenger_km_or_freight_tonne_km,road,passenger,bev,all,yearly,national,['estimated $ calculate_energy_and_activity()'],1,618320154000.0,estimated $ calculate_energy_and_activity(),38250000000.0,manual,no_comment
3786,2018,05_PRC,energy,ldv,pj,road,passenger,bev,all,yearly,national,['estimated $ calculate_energy_and_activity()'],1,336.5391879362889,estimated $ calculate_energy_and_activity(),20.9443339106035,manual,no_comment
3787,2018,05_PRC,new_vehicle_efficiency,ldv,km_per_pj,road,freight,bev,all,yearly,national,['avg_eff_no_outliers $ transport_data_system_9th'],1,7200566335.010296,avg_eff_no_outliers $ transport_data_system_9th,553889718.077715,single_datapoint,no_comment
3788,2018,05_PRC,new_vehicle_efficiency,ldv,km_per_pj,road,passenger,bev,all,yearly,national,['avg_eff_no_outliers $ transport_data_system_9th'],1,9901716082.423439,avg_eff_no_outliers $ transport_data_system_9th,761670467.878726,single_datapoint,no_comment
3789,2018,05_PRC,travel_km,ldv,km,road,passenger,bev,all,yearly,national,['estimated $ calculate_energy_and_activity()'],1,400708500000.0,estimated $ calculate_energy_and_activity(),25500000000.0,single_datapoint,no_comment
3790,2018,05_PRC,turnover_rate,ldv,%,road,freight,bev,all,yearly,national,['manually_inputted_data $ guess'],1,0.42,manually_inputted_data $ guess,0.03,manual,no_comment
3791,2018,05_PRC,turnover_rate,ldv,%,road,passenger,bev,all,yearly,national,['manually_inputted_data $ guess'],1,0.42,manually_inputted_data $ guess,0.03,manual,no_comment
3792,2019,05_PRC,activity,ldv,passenger_km_or_freight_tonne_km,road,passenger,bev,all,yearly,national,['estimated $ calculate_energy_and_activity()'],1,618320154000.0,estimated $ calculate_energy_and_activity(),58500000000.0,manual,no_comment
3793,2019,05_PRC,energy,ldv,pj,road,passenger,bev,all,yearly,national,['estimated $ calculate_energy_and_activity()'],1,336.5391879362889,estimated $ calculate_energy_and_activity(),32.03251068680535,manual,no_comment
3794,2019,05_PRC,new_vehicle_efficiency,ldv,km_per_pj,road,freight,bev,all,yearly,national,['avg_eff_no_outliers $ transport_data_system_9th'],1,7200566335.010296,avg_eff_no_outliers $ transport_data_system_9th,553889718.077715,single_datapoint,no_comment
3795,2019,05_PRC,new_vehicle_efficiency,ldv,km_per_pj,road,passenger,bev,all,yearly,national,['avg_eff_no_outliers $ transport_data_system_9th'],1,9901716082.423439,avg_eff_no_outliers $ transport_data_system_9th,761670467.878726,single_datapoint,no_comment
3796,2019,05_PRC,travel_km,ldv,km,road,passenger,bev,all,yearly,national,['estimated $ calculate_energy_and_activity()'],1,400708500000.0,estimated $ calculate_energy_and_activity(),39000000000.0,single_datapoint,no_comment
3797,2019,05_PRC,turnover_rate,ldv,%,road,freight,bev,all,yearly,national,['manually_inputted_data $ guess'],1,0.42,manually_inputted_data $ guess,0.03,manual,no_comment
3798,2019,05_PRC,turnover_rate,ldv,%,road,passenger,bev,all,yearly,national,['manually_inputted_data $ guess'],1,0.42,manually_inputted_data $ guess,0.03,manual,no_comment
3799,2020,05_PRC,activity,ldv,passenger_km_or_freight_tonne_km,road,passenger,bev,all,yearly,national,['estimated $ calculate_energy_and_activity()'],1,618320154000.0,estimated $ calculate_energy_and_activity(),78750000000.0,manual,no_comment
3800,2020,05_PRC,energy,ldv,pj,road,passenger,bev,all,yearly,national,['estimated $ calculate_energy_and_activity()'],1,336.5391879362889,estimated $ calculate_energy_and_activity(),43.12068746300721,manual,no_comment
3801,2020,05_PRC,new_vehicle_efficiency,ldv,km_per_pj,road,freight,bev,all,yearly,national,['avg_eff_no_outliers $ transport_data_system_9th'],1,7200566335.010296,avg_eff_no_outliers $ transport_data_system_9th,553889718.077715,single_datapoint,no_comment
3802,2020,05_PRC,new_vehicle_efficiency,ldv,km_per_pj,road,passenger,bev,all,yearly,national,['avg_eff_no_outliers $ transport_data_system_9th'],1,9901716082.423439,avg_eff_no_outliers $ transport_data_system_9th,761670467.878726,single_datapoint,no_comment
3803,2020,05_PRC,travel_km,ldv,km,road,passenger,bev,all,yearly,national,['estimated $ calculate_energy_and_activity()'],1,400708500000.0,estimated $ calculate_energy_and_activity(),52500000000.0,single_datapoint,no_comment
3804,2020,05_PRC,turnover_rate,ldv,%,road,freight,bev,all,yearly,national,['manually_inputted_data $ guess'],1,0.42,manually_inputted_data $ guess,0.03,manual,no_comment
3805,2020,05_PRC,turnover_rate,ldv,%,road,passenger,bev,all,yearly,national,['manually_inputted_data $ guess'],1,0.42,manually_inputted_data $ guess,0.03,manual,no_comment
3806,2021,05_PRC,activity,ldv,passenger_km_or_freight_tonne_km,road,passenger,bev,all,yearly,national,['estimated $ calculate_energy_and_activity()'],1,618320154000.0,estimated $ calculate_energy_and_activity(),139500000000.0,manual,no_comment
3807,2021,05_PRC,energy,ldv,pj,road,passenger,bev,all,yearly,national,['estimated $ calculate_energy_and_activity()'],1,336.5391879362889,estimated $ calculate_energy_and_activity(),76.38521779161276,manual,no_comment
3808,2021,05_PRC,new_vehicle_efficiency,ldv,km_per_pj,road,freight,bev,all,yearly,national,['avg_eff_no_outliers $ transport_data_system_9th'],1,7200566335.010296,avg_eff_no_outliers $ transport_data_system_9th,553889718.077715,single_datapoint,no_comment
3809,2021,05_PRC,new_vehicle_efficiency,ldv,km_per_pj,road,passenger,bev,all,yearly,national,['avg_eff_no_outliers $ transport_data_system_9th'],1,9901716082.423439,avg_eff_no_outliers $ transport_data_system_9th,761670467.878726,single_datapoint,no_comment
3810,2021,05_PRC,travel_km,ldv,km,road,passenger,bev,all,yearly,national,['estimated $ calculate_energy_and_activity()'],1,400708500000.0,estimated $ calculate_energy_and_activity(),93000000000.0,single_datapoint,no_comment
3811,2021,05_PRC,turnover_rate,ldv,%,road,freight,bev,all,yearly,national,['manually_inputted_data $ guess'],1,0.42,manually_inputted_data $ guess,0.03,manual,no_comment
3812,2021,05_PRC,turnover_rate,ldv,%,road,passenger,bev,all,yearly,national,['manually_inputted_data $ guess'],1,0.42,manually_inputted_data $ guess,0.03,manual,no_comment
3813,2022,05_PRC,activity,ldv,passenger_km_or_freight_tonne_km,road,passenger,bev,all,yearly,national,['estimated $ calculate_energy_and_activity()'],1,618320154000.0,estimated $ calculate_energy_and_activity(),247500000000.0,manual,no_comment
3814,2022,05_PRC,energy,ldv,pj,road,passenger,bev,all,yearly,national,['estimated $ calculate_energy_and_activity()'],1,336.5391879362889,estimated $ calculate_energy_and_activity(),135.52216059802265,manual,no_comment
3815,2022,05_PRC,new_vehicle_efficiency,ldv,km_per_pj,road,freight,bev,all,yearly,national,['avg_eff_no_outliers $ transport_data_system_9th'],1,7200566335.010296,avg_eff_no_outliers $ transport_data_system_9th,553889718.077715,single_datapoint,no_comment
3816,2022,05_PRC,new_vehicle_efficiency,ldv,km_per_pj,road,passenger,bev,all,yearly,national,['avg_eff_no_outliers $ transport_data_system_9th'],1,9901716082.423439,avg_eff_no_outliers $ transport_data_system_9th,761670467.878726,single_datapoint,no_comment
3817,2022,05_PRC,travel_km,ldv,km,road,passenger,bev,all,yearly,national,['estimated $ calculate_energy_and_activity()'],1,400708500000.0,estimated $ calculate_energy_and_activity(),165000000000.0,single_datapoint,no_comment
3818,2022,05_PRC,turnover_rate,ldv,%,road,freight,bev,all,yearly,national,['manually_inputted_data $ guess'],1,0.42,manually_inputted_data $ guess,0.03,manual,no_comment
3819,2022,05_PRC,turnover_rate,ldv,%,road,passenger,bev,all,yearly,national,['manually_inputted_data $ guess'],1,0.42,manually_inputted_data $ guess,0.03,manual,no_comment
3820,2010,05_PRC,new_vehicle_efficiency,ldv,km_per_pj,road,freight,cng,all,yearly,national,['avg_eff_no_outliers $ transport_data_system_9th'],1,7214767129.708009,avg_eff_no_outliers $ transport_data_system_9th,554982086.900616,single_datapoint,no_comment
3821,2010,05_PRC,new_vehicle_efficiency,ldv,km_per_pj,road,passenger,cng,all,yearly,national,['avg_eff_no_outliers $ transport_data_system_9th'],1,5429169522.90635,avg_eff_no_outliers $ transport_data_system_9th,417628424.83895,single_datapoint,no_comment
3822,2010,05_PRC,turnover_rate,ldv,%,road,freight,cng,all,yearly,national,['manually_inputted_data $ guess'],1,0.42,manually_inputted_data $ guess,0.03,manual,no_comment
3823,2010,05_PRC,turnover_rate,ldv,%,road,passenger,cng,all,yearly,national,['manually_inputted_data $ guess'],1,0.42,manually_inputted_data $ guess,0.03,manual,no_comment
3824,2011,05_PRC,new_vehicle_efficiency,ldv,km_per_pj,road,freight,cng,all,yearly,national,['avg_eff_no_outliers $ transport_data_system_9th'],1,7214767129.708009,avg_eff_no_outliers $ transport_data_system_9th,554982086.900616,single_datapoint,no_comment
3825,2011,05_PRC,new_vehicle_efficiency,ldv,km_per_pj,road,passenger,cng,all,yearly,national,['avg_eff_no_outliers $ transport_data_system_9th'],1,5429169522.90635,avg_eff_no_outliers $ transport_data_system_9th,417628424.83895,single_datapoint,no_comment
3826,2011,05_PRC,turnover_rate,ldv,%,road,freight,cng,all,yearly,national,['manually_inputted_data $ guess'],1,0.42,manually_inputted_data $ guess,0.03,manual,no_comment
3827,2011,05_PRC,turnover_rate,ldv,%,road,passenger,cng,all,yearly,national,['manually_inputted_data $ guess'],1,0.42,manually_inputted_data $ guess,0.03,manual,no_comment
3828,2012,05_PRC,new_vehicle_efficiency,ldv,km_per_pj,road,freight,cng,all,yearly,national,['avg_eff_no_outliers $ transport_data_system_9th'],1,7214767129.708009,avg_eff_no_outliers $ transport_data_system_9th,554982086.900616,single_datapoint,no_comment
3829,2012,05_PRC,new_vehicle_efficiency,ldv,km_per_pj,road,passenger,cng,all,yearly,national,['avg_eff_no_outliers $ transport_data_system_9th'],1,5429169522.90635,avg_eff_no_outliers $ transport_data_system_9th,417628424.83895,single_datapoint,no_comment
3830,2012,05_PRC,turnover_rate,ldv,%,road,freight,cng,all,yearly,national,['manually_inputted_data $ guess'],1,0.42,manually_inputted_data $ guess,0.03,manual,no_comment
3831,2012,05_PRC,turnover_rate,ldv,%,road,passenger,cng,all,yearly,national,['manually_inputted_data $ guess'],1,0.42,manually_inputted_data $ guess,0.03,manual,no_comment
3832,2013,05_PRC,new_vehicle_efficiency,ldv,km_per_pj,road,freight,cng,all,yearly,national,['avg_eff_no_outliers $ transport_data_system_9th'],1,7214767129.708009,avg_eff_no_outliers $ transport_data_system_9th,554982086.900616,single_datapoint,no_comment
3833,2013,05_PRC,new_vehicle_efficiency,ldv,km_per_pj,road,passenger,cng,all,yearly,national,['avg_eff_no_outliers $ transport_data_system_9th'],1,5429169522.90635,avg_eff_no_outliers $ transport_data_system_9th,417628424.83895,single_datapoint,no_comment
3834,2013,05_PRC,turnover_rate,ldv,%,road,freight,cng,all,yearly,national,['manually_inputted_data $ guess'],1,0.42,manually_inputted_data $ guess,0.03,manual,no_comment
3835,2013,05_PRC,turnover_rate,ldv,%,road,passenger,cng,all,yearly,national,['manually_inputted_data $ guess'],1,0.42,manually_inputted_data $ guess,0.03,manual,no_comment
3836,2014,05_PRC,new_vehicle_efficiency,ldv,km_per_pj,road,freight,cng,all,yearly,national,['avg_eff_no_outliers $ transport_data_system_9th'],1,7214767129.708009,avg_eff_no_outliers $ transport_data_system_9th,554982086.900616,single_datapoint,no_comment
3837,2014,05_PRC,new_vehicle_efficiency,ldv,km_per_pj,road,passenger,cng,all,yearly,national,['avg_eff_no_outliers $ transport_data_system_9th'],1,5429169522.90635,avg_eff_no_outliers $ transport_data_system_9th,417628424.83895,single_datapoint,no_comment
3838,2014,05_PRC,turnover_rate,ldv,%,road,freight,cng,all,yearly,national,['manually_inputted_data $ guess'],1,0.42,manually_inputted_data $ guess,0.03,manual,no_comment
3839,2014,05_PRC,turnover_rate,ldv,%,road,passenger,cng,all,yearly,national,['manually_inputted_data $ guess'],1,0.42,manually_inputted_data $ guess,0.03,manual,no_comment
3840,2015,05_PRC,new_vehicle_efficiency,ldv,km_per_pj,road,freight,cng,all,yearly,national,['avg_eff_no_outliers $ transport_data_system_9th'],1,7214767129.708009,avg_eff_no_outliers $ transport_data_system_9th,554982086.900616,single_datapoint,no_comment
3841,2015,05_PRC,new_vehicle_efficiency,ldv,km_per_pj,road,passenger,cng,all,yearly,national,['avg_eff_no_outliers $ transport_data_system_9th'],1,5429169522.90635,avg_eff_no_outliers $ transport_data_system_9th,417628424.83895,single_datapoint,no_comment
3842,2015,05_PRC,turnover_rate,ldv,%,road,freight,cng,all,yearly,national,['manually_inputted_data $ guess'],1,0.42,manually_inputted_data $ guess,0.03,manual,no_comment
3843,2015,05_PRC,turnover_rate,ldv,%,road,passenger,cng,all,yearly,national,['manually_inputted_data $ guess'],1,0.42,manually_inputted_data $ guess,0.03,manual,no_comment
3844,2016,05_PRC,new_vehicle_efficiency,ldv,km_per_pj,road,freight,cng,all,yearly,national,['avg_eff_no_outliers $ transport_data_system_9th'],1,7214767129.708009,avg_eff_no_outliers $ transport_data_system_9th,554982086.900616,single_datapoint,no_comment
3845,2016,05_PRC,new_vehicle_efficiency,ldv,km_per_pj,road,passenger,cng,all,yearly,national,['avg_eff_no_outliers $ transport_data_system_9th'],1,5429169522.90635,avg_eff_no_outliers $ transport_data_system_9th,417628424.83895,single_datapoint,no_comment
3846,2016,05_PRC,turnover_rate,ldv,%,road,freight,cng,all,yearly,national,['manually_inputted_data $ guess'],1,0.42,manually_inputted_data $ guess,0.03,manual,no_comment
3847,2016,05_PRC,turnover_rate,ldv,%,road,passenger,cng,all,yearly,national,['manually_inputted_data $ guess'],1,0.42,manually_inputted_data $ guess,0.03,manual,no_comment
3848,2017,05_PRC,activity,ldv,passenger_km_or_freight_tonne_km,road,freight,cng,all,yearly,national,"['8th_edition_transport_model $ reference', 'estimated $ calculate_energy_and_activity()']",2,21686013625.0,estimated $ calculate_energy_and_activity(),869183625.0,manual,no_comment
3849,2017,05_PRC,activity,ldv,passenger_km_or_freight_tonne_km,road,passenger,cng,all,yearly,national,"['8th_edition_transport_model $ reference', 'estimated $ calculate_energy_and_activity()']",2,320614340000.0,estimated $ calculate_energy_and_activity(),145959480000.0,manual,no_comment
3850,2017,05_PRC,energy,ldv,pj,road,freight,cng,all,yearly,national,"['8th_edition_transport_model $ reference', 'estimated $ calculate_energy_and_activity()']",2,52.58930452812538,estimated $ calculate_energy_and_activity(),9.466521066525198,manual,no_comment
3851,2017,05_PRC,energy,ldv,pj,road,passenger,cng,all,yearly,national,"['8th_edition_transport_model $ reference', 'estimated $ calculate_energy_and_activity()']",2,818.0928346794603,estimated $ calculate_energy_and_activity(),279.7276941930245,manual,no_comment
3852,2017,05_PRC,new_vehicle_efficiency,ldv,km_per_pj,road,freight,cng,all,yearly,national,['avg_eff_no_outliers $ transport_data_system_9th'],1,7214767129.708009,avg_eff_no_outliers $ transport_data_system_9th,554982086.900616,single_datapoint,no_comment
3853,2017,05_PRC,new_vehicle_efficiency,ldv,km_per_pj,road,passenger,cng,all,yearly,national,['avg_eff_no_outliers $ transport_data_system_9th'],1,5429169522.90635,avg_eff_no_outliers $ transport_data_system_9th,417628424.83895,single_datapoint,no_comment
3854,2017,05_PRC,travel_km,ldv,km,road,freight,cng,all,yearly,national,['estimated $ calculate_energy_and_activity()'],1,2381325000.0,estimated $ calculate_energy_and_activity(),2381325000.0,single_datapoint,no_comment
3855,2017,05_PRC,travel_km,ldv,km,road,passenger,cng,all,yearly,national,['estimated $ calculate_energy_and_activity()'],1,97306320000.0,estimated $ calculate_energy_and_activity(),97306320000.0,single_datapoint,no_comment
3856,2017,05_PRC,turnover_rate,ldv,%,road,freight,cng,all,yearly,national,"['manually_inputted_data $ guess', 'turnover_rate_est']",2,0.42,manually_inputted_data $ guess,0.03,manual,no_comment
3857,2017,05_PRC,turnover_rate,ldv,%,road,passenger,cng,all,yearly,national,"['manually_inputted_data $ guess', 'turnover_rate_est']",2,0.42,manually_inputted_data $ guess,0.03,manual,no_comment
3858,2018,05_PRC,new_vehicle_efficiency,ldv,km_per_pj,road,freight,cng,all,yearly,national,['avg_eff_no_outliers $ transport_data_system_9th'],1,7214767129.708009,avg_eff_no_outliers $ transport_data_system_9th,554982086.900616,single_datapoint,no_comment
3859,2018,05_PRC,new_vehicle_efficiency,ldv,km_per_pj,road,passenger,cng,all,yearly,national,['avg_eff_no_outliers $ transport_data_system_9th'],1,5429169522.90635,avg_eff_no_outliers $ transport_data_system_9th,417628424.83895,single_datapoint,no_comment
3860,2018,05_PRC,turnover_rate,ldv,%,road,freight,cng,all,yearly,national,['manually_inputted_data $ guess'],1,0.42,manually_inputted_data $ guess,0.03,manual,no_comment
3861,2018,05_PRC,turnover_rate,ldv,%,road,passenger,cng,all,yearly,national,['manually_inputted_data $ guess'],1,0.42,manually_inputted_data $ guess,0.03,manual,no_comment
3862,2019,05_PRC,new_vehicle_efficiency,ldv,km_per_pj,road,freight,cng,all,yearly,national,['avg_eff_no_outliers $ transport_data_system_9th'],1,7214767129.708009,avg_eff_no_outliers $ transport_data_system_9th,554982086.900616,single_datapoint,no_comment
3863,2019,05_PRC,new_vehicle_efficiency,ldv,km_per_pj,road,passenger,cng,all,yearly,national,['avg_eff_no_outliers $ transport_data_system_9th'],1,5429169522.90635,avg_eff_no_outliers $ transport_data_system_9th,417628424.83895,single_datapoint,no_comment
3864,2019,05_PRC,turnover_rate,ldv,%,road,freight,cng,all,yearly,national,['manually_inputted_data $ guess'],1,0.42,manually_inputted_data $ guess,0.03,manual,no_comment
3865,2019,05_PRC,turnover_rate,ldv,%,road,passenger,cng,all,yearly,national,['manually_inputted_data $ guess'],1,0.42,manually_inputted_data $ guess,0.03,manual,no_comment
3866,2020,05_PRC,new_vehicle_efficiency,ldv,km_per_pj,road,freight,cng,all,yearly,national,['avg_eff_no_outliers $ transport_data_system_9th'],1,7214767129.708009,avg_eff_no_outliers $ transport_data_system_9th,554982086.900616,single_datapoint,no_comment
3867,2020,05_PRC,new_vehicle_efficiency,ldv,km_per_pj,road,passenger,cng,all,yearly,national,['avg_eff_no_outliers $ transport_data_system_9th'],1,5429169522.90635,avg_eff_no_outliers $ transport_data_system_9th,417628424.83895,single_datapoint,no_comment
3868,2020,05_PRC,turnover_rate,ldv,%,road,freight,cng,all,yearly,national,['manually_inputted_data $ guess'],1,0.42,manually_inputted_data $ guess,0.03,manual,no_comment
3869,2020,05_PRC,turnover_rate,ldv,%,road,passenger,cng,all,yearly,national,['manually_inputted_data $ guess'],1,0.42,manually_inputted_data $ guess,0.03,manual,no_comment
3870,2021,05_PRC,new_vehicle_efficiency,ldv,km_per_pj,road,freight,cng,all,yearly,national,['avg_eff_no_outliers $ transport_data_system_9th'],1,7214767129.708009,avg_eff_no_outliers $ transport_data_system_9th,554982086.900616,single_datapoint,no_comment
3871,2021,05_PRC,new_vehicle_efficiency,ldv,km_per_pj,road,passenger,cng,all,yearly,national,['avg_eff_no_outliers $ transport_data_system_9th'],1,5429169522.90635,avg_eff_no_outliers $ transport_data_system_9th,417628424.83895,single_datapoint,no_comment
3872,2021,05_PRC,turnover_rate,ldv,%,road,freight,cng,all,yearly,national,['manually_inputted_data $ guess'],1,0.42,manually_inputted_data $ guess,0.03,manual,no_comment
3873,2021,05_PRC,turnover_rate,ldv,%,road,passenger,cng,all,yearly,national,['manually_inputted_data $ guess'],1,0.42,manually_inputted_data $ guess,0.03,manual,no_comment
3874,2022,05_PRC,new_vehicle_efficiency,ldv,km_per_pj,road,freight,cng,all,yearly,national,['avg_eff_no_outliers $ transport_data_system_9th'],1,7214767129.708009,avg_eff_no_outliers $ transport_data_system_9th,554982086.900616,single_datapoint,no_comment
3875,2022,05_PRC,new_vehicle_efficiency,ldv,km_per_pj,road,passenger,cng,all,yearly,national,['avg_eff_no_outliers $ transport_data_system_9th'],1,5429169522.90635,avg_eff_no_outliers $ transport_data_system_9th,417628424.83895,single_datapoint,no_comment
3876,2022,05_PRC,turnover_rate,ldv,%,road,freight,cng,all,yearly,national,['manually_inputted_data $ guess'],1,0.42,manually_inputted_data $ guess,0.03,manual,no_comment
3877,2022,05_PRC,turnover_rate,ldv,%,road,passenger,cng,all,yearly,national,['manually_inputted_data $ guess'],1,0.42,manually_inputted_data $ guess,0.03,manual,no_comment
3878,2010,05_PRC,new_vehicle_efficiency,ldv,km_per_pj,road,passenger,fcev,all,yearly,national,['avg_eff_no_outliers $ transport_data_system_9th'],1,1469603353.601357,avg_eff_no_outliers $ transport_data_system_9th,113046411.815489,single_datapoint,no_comment
3879,2010,05_PRC,turnover_rate,ldv,%,road,passenger,fcev,all,yearly,national,['manually_inputted_data $ guess'],1,0.42,manually_inputted_data $ guess,0.03,manual,no_comment
3880,2011,05_PRC,new_vehicle_efficiency,ldv,km_per_pj,road,passenger,fcev,all,yearly,national,['avg_eff_no_outliers $ transport_data_system_9th'],1,1469603353.601357,avg_eff_no_outliers $ transport_data_system_9th,113046411.815489,single_datapoint,no_comment
3881,2011,05_PRC,turnover_rate,ldv,%,road,passenger,fcev,all,yearly,national,['manually_inputted_data $ guess'],1,0.42,manually_inputted_data $ guess,0.03,manual,no_comment
3882,2012,05_PRC,new_vehicle_efficiency,ldv,km_per_pj,road,passenger,fcev,all,yearly,national,['avg_eff_no_outliers $ transport_data_system_9th'],1,1469603353.601357,avg_eff_no_outliers $ transport_data_system_9th,113046411.815489,single_datapoint,no_comment
3883,2012,05_PRC,turnover_rate,ldv,%,road,passenger,fcev,all,yearly,national,['manually_inputted_data $ guess'],1,0.42,manually_inputted_data $ guess,0.03,manual,no_comment
3884,2013,05_PRC,new_vehicle_efficiency,ldv,km_per_pj,road,passenger,fcev,all,yearly,national,['avg_eff_no_outliers $ transport_data_system_9th'],1,1469603353.601357,avg_eff_no_outliers $ transport_data_system_9th,113046411.815489,single_datapoint,no_comment
3885,2013,05_PRC,turnover_rate,ldv,%,road,passenger,fcev,all,yearly,national,['manually_inputted_data $ guess'],1,0.42,manually_inputted_data $ guess,0.03,manual,no_comment
3886,2014,05_PRC,new_vehicle_efficiency,ldv,km_per_pj,road,passenger,fcev,all,yearly,national,['avg_eff_no_outliers $ transport_data_system_9th'],1,1469603353.601357,avg_eff_no_outliers $ transport_data_system_9th,113046411.815489,single_datapoint,no_comment
3887,2014,05_PRC,turnover_rate,ldv,%,road,passenger,fcev,all,yearly,national,['manually_inputted_data $ guess'],1,0.42,manually_inputted_data $ guess,0.03,manual,no_comment
3888,2015,05_PRC,new_vehicle_efficiency,ldv,km_per_pj,road,passenger,fcev,all,yearly,national,['avg_eff_no_outliers $ transport_data_system_9th'],1,1469603353.601357,avg_eff_no_outliers $ transport_data_system_9th,113046411.815489,single_datapoint,no_comment
3889,2015,05_PRC,turnover_rate,ldv,%,road,passenger,fcev,all,yearly,national,['manually_inputted_data $ guess'],1,0.42,manually_inputted_data $ guess,0.03,manual,no_comment
3890,2016,05_PRC,new_vehicle_efficiency,ldv,km_per_pj,road,passenger,fcev,all,yearly,national,['avg_eff_no_outliers $ transport_data_system_9th'],1,1469603353.601357,avg_eff_no_outliers $ transport_data_system_9th,113046411.815489,single_datapoint,no_comment
3891,2016,05_PRC,turnover_rate,ldv,%,road,passenger,fcev,all,yearly,national,['manually_inputted_data $ guess'],1,0.42,manually_inputted_data $ guess,0.03,manual,no_comment
3892,2017,05_PRC,new_vehicle_efficiency,ldv,km_per_pj,road,passenger,fcev,all,yearly,national,['avg_eff_no_outliers $ transport_data_system_9th'],1,1469603353.601357,avg_eff_no_outliers $ transport_data_system_9th,113046411.815489,single_datapoint,no_comment
3893,2017,05_PRC,turnover_rate,ldv,%,road,freight,fcev,all,yearly,national,['turnover_rate_est'],1,0.03,turnover_rate_est,0.03,single_datapoint,no_comment
3894,2017,05_PRC,turnover_rate,ldv,%,road,passenger,fcev,all,yearly,national,"['manually_inputted_data $ guess', 'turnover_rate_est']",2,0.42,manually_inputted_data $ guess,0.03,manual,no_comment
3895,2018,05_PRC,new_vehicle_efficiency,ldv,km_per_pj,road,passenger,fcev,all,yearly,national,['avg_eff_no_outliers $ transport_data_system_9th'],1,1469603353.601357,avg_eff_no_outliers $ transport_data_system_9th,113046411.815489,single_datapoint,no_comment
3896,2018,05_PRC,turnover_rate,ldv,%,road,passenger,fcev,all,yearly,national,['manually_inputted_data $ guess'],1,0.42,manually_inputted_data $ guess,0.03,manual,no_comment
3897,2019,05_PRC,new_vehicle_efficiency,ldv,km_per_pj,road,passenger,fcev,all,yearly,national,['avg_eff_no_outliers $ transport_data_system_9th'],1,1469603353.601357,avg_eff_no_outliers $ transport_data_system_9th,113046411.815489,single_datapoint,no_comment
3898,2019,05_PRC,turnover_rate,ldv,%,road,passenger,fcev,all,yearly,national,['manually_inputted_data $ guess'],1,0.42,manually_inputted_data $ guess,0.03,manual,no_comment
3899,2020,05_PRC,new_vehicle_efficiency,ldv,km_per_pj,road,passenger,fcev,all,yearly,national,['avg_eff_no_outliers $ transport_data_system_9th'],1,1469603353.601357,avg_eff_no_outliers $ transport_data_system_9th,113046411.815489,single_datapoint,no_comment
3900,2020,05_PRC,turnover_rate,ldv,%,road,passenger,fcev,all,yearly,national,['manually_inputted_data $ guess'],1,0.42,manually_inputted_data $ guess,0.03,manual,no_comment
3901,2021,05_PRC,new_vehicle_efficiency,ldv,km_per_pj,road,passenger,fcev,all,yearly,national,['avg_eff_no_outliers $ transport_data_system_9th'],1,1469603353.601357,avg_eff_no_outliers $ transport_data_system_9th,113046411.815489,single_datapoint,no_comment
3902,2021,05_PRC,turnover_rate,ldv,%,road,passenger,fcev,all,yearly,national,['manually_inputted_data $ guess'],1,0.42,manually_inputted_data $ guess,0.03,manual,no_comment
3903,2022,05_PRC,new_vehicle_efficiency,ldv,km_per_pj,road,passenger,fcev,all,yearly,national,['avg_eff_no_outliers $ transport_data_system_9th'],1,1469603353.601357,avg_eff_no_outliers $ transport_data_system_9th,113046411.815489,single_datapoint,no_comment
3904,2022,05_PRC,turnover_rate,ldv,%,road,passenger,fcev,all,yearly,national,['manually_inputted_data $ guess'],1,0.42,manually_inputted_data $ guess,0.03,manual,no_comment
3905,2010,05_PRC,activity,ldv,passenger_km_or_freight_tonne_km,road,passenger,ice,all,yearly,national,['estimated $ calculate_energy_and_activity()'],1,35456945463695.05,estimated $ calculate_energy_and_activity(),1318822684132.1562,single_datapoint,no_comment
3906,2010,05_PRC,energy,ldv,pj,road,passenger,ice,all,yearly,national,['estimated $ calculate_energy_and_activity()'],1,67952.34949923934,estimated $ calculate_energy_and_activity(),2527.490701403866,single_datapoint,no_comment
3907,2010,05_PRC,new_vehicle_efficiency,ldv,km_per_pj,road,freight,ice,all,yearly,national,['avg_eff_no_outliers $ transport_data_system_9th'],1,4776513034.843043,avg_eff_no_outliers $ transport_data_system_9th,367424079.603311,single_datapoint,no_comment
3908,2010,05_PRC,new_vehicle_efficiency,ldv,km_per_pj,road,passenger,ice,all,yearly,national,['avg_eff_no_outliers $ transport_data_system_9th'],1,3086802010.889935,avg_eff_no_outliers $ transport_data_system_9th,237446308.529995,single_datapoint,no_comment
3909,2010,05_PRC,travel_km,ldv,km,road,passenger,ice,all,yearly,national,['estimated $ calculate_energy_and_activity()'],1,23637963642463.363,estimated $ calculate_energy_and_activity(),879215122754.7708,single_datapoint,no_comment
3910,2010,05_PRC,turnover_rate,ldv,%,road,freight,ice,all,yearly,national,['manually_inputted_data $ guess'],1,0.39,manually_inputted_data $ guess,0.03,single_datapoint,no_comment
3911,2010,05_PRC,turnover_rate,ldv,%,road,passenger,ice,all,yearly,national,['manually_inputted_data $ guess'],1,0.39,manually_inputted_data $ guess,0.03,single_datapoint,no_comment
3912,2011,05_PRC,activity,ldv,passenger_km_or_freight_tonne_km,road,passenger,ice,all,yearly,national,['estimated $ calculate_energy_and_activity()'],1,35456945463695.05,estimated $ calculate_energy_and_activity(),1620848610501.2803,single_datapoint,no_comment
3913,2011,05_PRC,energy,ldv,pj,road,passenger,ice,all,yearly,national,['estimated $ calculate_energy_and_activity()'],1,67952.34949923934,estimated $ calculate_energy_and_activity(),3106.315838145565,single_datapoint,no_comment
3914,2011,05_PRC,new_vehicle_efficiency,ldv,km_per_pj,road,freight,ice,all,yearly,national,['avg_eff_no_outliers $ transport_data_system_9th'],1,4776513034.843043,avg_eff_no_outliers $ transport_data_system_9th,367424079.603311,single_datapoint,no_comment
3915,2011,05_PRC,new_vehicle_efficiency,ldv,km_per_pj,road,passenger,ice,all,yearly,national,['avg_eff_no_outliers $ transport_data_system_9th'],1,3086802010.889935,avg_eff_no_outliers $ transport_data_system_9th,237446308.529995,single_datapoint,no_comment
3916,2011,05_PRC,travel_km,ldv,km,road,passenger,ice,all,yearly,national,['estimated $ calculate_energy_and_activity()'],1,23637963642463.363,estimated $ calculate_energy_and_activity(),1080565740334.1869,single_datapoint,no_comment
3917,2011,05_PRC,turnover_rate,ldv,%,road,freight,ice,all,yearly,national,['manually_inputted_data $ guess'],1,0.39,manually_inputted_data $ guess,0.03,single_datapoint,no_comment
3918,2011,05_PRC,turnover_rate,ldv,%,road,passenger,ice,all,yearly,national,['manually_inputted_data $ guess'],1,0.39,manually_inputted_data $ guess,0.03,single_datapoint,no_comment
3919,2012,05_PRC,activity,ldv,passenger_km_or_freight_tonne_km,road,passenger,ice,all,yearly,national,['estimated $ calculate_energy_and_activity()'],1,35456945463695.05,estimated $ calculate_energy_and_activity(),1953326297486.936,single_datapoint,no_comment
3920,2012,05_PRC,energy,ldv,pj,road,passenger,ice,all,yearly,national,['estimated $ calculate_energy_and_activity()'],1,67952.34949923934,estimated $ calculate_energy_and_activity(),3743.5010127647647,single_datapoint,no_comment
3921,2012,05_PRC,new_vehicle_efficiency,ldv,km_per_pj,road,freight,ice,all,yearly,national,['avg_eff_no_outliers $ transport_data_system_9th'],1,4776513034.843043,avg_eff_no_outliers $ transport_data_system_9th,367424079.603311,single_datapoint,no_comment
3922,2012,05_PRC,new_vehicle_efficiency,ldv,km_per_pj,road,passenger,ice,all,yearly,national,['avg_eff_no_outliers $ transport_data_system_9th'],1,3086802010.889935,avg_eff_no_outliers $ transport_data_system_9th,237446308.529995,single_datapoint,no_comment
3923,2012,05_PRC,travel_km,ldv,km,road,passenger,ice,all,yearly,national,['estimated $ calculate_energy_and_activity()'],1,23637963642463.363,estimated $ calculate_energy_and_activity(),1302217531657.9573,single_datapoint,no_comment
3924,2012,05_PRC,turnover_rate,ldv,%,road,freight,ice,all,yearly,national,['manually_inputted_data $ guess'],1,0.39,manually_inputted_data $ guess,0.03,single_datapoint,no_comment
3925,2012,05_PRC,turnover_rate,ldv,%,road,passenger,ice,all,yearly,national,['manually_inputted_data $ guess'],1,0.39,manually_inputted_data $ guess,0.03,single_datapoint,no_comment
3926,2013,05_PRC,activity,ldv,passenger_km_or_freight_tonne_km,road,passenger,ice,all,yearly,national,['estimated $ calculate_energy_and_activity()'],1,35456945463695.05,estimated $ calculate_energy_and_activity(),2319803100240.5605,single_datapoint,no_comment
3927,2013,05_PRC,energy,ldv,pj,road,passenger,ice,all,yearly,national,['estimated $ calculate_energy_and_activity()'],1,67952.34949923934,estimated $ calculate_energy_and_activity(),4445.844642719484,single_datapoint,no_comment
3928,2013,05_PRC,new_vehicle_efficiency,ldv,km_per_pj,road,freight,ice,all,yearly,national,['avg_eff_no_outliers $ transport_data_system_9th'],1,4776513034.843043,avg_eff_no_outliers $ transport_data_system_9th,367424079.603311,single_datapoint,no_comment
3929,2013,05_PRC,new_vehicle_efficiency,ldv,km_per_pj,road,passenger,ice,all,yearly,national,['avg_eff_no_outliers $ transport_data_system_9th'],1,3086802010.889935,avg_eff_no_outliers $ transport_data_system_9th,237446308.529995,single_datapoint,no_comment
3930,2013,05_PRC,travel_km,ldv,km,road,passenger,ice,all,yearly,national,['estimated $ calculate_energy_and_activity()'],1,23637963642463.363,estimated $ calculate_energy_and_activity(),1546535400160.3735,single_datapoint,no_comment
3931,2013,05_PRC,turnover_rate,ldv,%,road,freight,ice,all,yearly,national,['manually_inputted_data $ guess'],1,0.39,manually_inputted_data $ guess,0.03,single_datapoint,no_comment
3932,2013,05_PRC,turnover_rate,ldv,%,road,passenger,ice,all,yearly,national,['manually_inputted_data $ guess'],1,0.39,manually_inputted_data $ guess,0.03,single_datapoint,no_comment
3933,2014,05_PRC,activity,ldv,passenger_km_or_freight_tonne_km,road,passenger,ice,all,yearly,national,['estimated $ calculate_energy_and_activity()'],1,35456945463695.05,estimated $ calculate_energy_and_activity(),2715007101639.4624,single_datapoint,no_comment
3934,2014,05_PRC,energy,ldv,pj,road,passenger,ice,all,yearly,national,['estimated $ calculate_energy_and_activity()'],1,67952.34949923934,estimated $ calculate_energy_and_activity(),5203.24323065068,single_datapoint,no_comment
3935,2014,05_PRC,new_vehicle_efficiency,ldv,km_per_pj,road,freight,ice,all,yearly,national,['avg_eff_no_outliers $ transport_data_system_9th'],1,4776513034.843043,avg_eff_no_outliers $ transport_data_system_9th,367424079.603311,single_datapoint,no_comment
3936,2014,05_PRC,new_vehicle_efficiency,ldv,km_per_pj,road,passenger,ice,all,yearly,national,['avg_eff_no_outliers $ transport_data_system_9th'],1,3086802010.889935,avg_eff_no_outliers $ transport_data_system_9th,237446308.529995,single_datapoint,no_comment
3937,2014,05_PRC,travel_km,ldv,km,road,passenger,ice,all,yearly,national,['estimated $ calculate_energy_and_activity()'],1,23637963642463.363,estimated $ calculate_energy_and_activity(),1810004734426.3083,single_datapoint,no_comment
3938,2014,05_PRC,turnover_rate,ldv,%,road,freight,ice,all,yearly,national,['manually_inputted_data $ guess'],1,0.39,manually_inputted_data $ guess,0.03,single_datapoint,no_comment
3939,2014,05_PRC,turnover_rate,ldv,%,road,passenger,ice,all,yearly,national,['manually_inputted_data $ guess'],1,0.39,manually_inputted_data $ guess,0.03,single_datapoint,no_comment
3940,2015,05_PRC,activity,ldv,passenger_km_or_freight_tonne_km,road,passenger,ice,all,yearly,national,['estimated $ calculate_energy_and_activity()'],1,35456945463695.05,estimated $ calculate_energy_and_activity(),3113641736907.021,single_datapoint,no_comment
3941,2015,05_PRC,energy,ldv,pj,road,passenger,ice,all,yearly,national,['estimated $ calculate_energy_and_activity()'],1,67952.34949923934,estimated $ calculate_energy_and_activity(),5967.21654261967,single_datapoint,no_comment
3942,2015,05_PRC,new_vehicle_efficiency,ldv,km_per_pj,road,freight,ice,all,yearly,national,['avg_eff_no_outliers $ transport_data_system_9th'],1,4776513034.843043,avg_eff_no_outliers $ transport_data_system_9th,367424079.603311,single_datapoint,no_comment
3943,2015,05_PRC,new_vehicle_efficiency,ldv,km_per_pj,road,passenger,ice,all,yearly,national,['avg_eff_no_outliers $ transport_data_system_9th'],1,3086802010.889935,avg_eff_no_outliers $ transport_data_system_9th,237446308.529995,single_datapoint,no_comment
3944,2015,05_PRC,travel_km,ldv,km,road,passenger,ice,all,yearly,national,['estimated $ calculate_energy_and_activity()'],1,23637963642463.363,estimated $ calculate_energy_and_activity(),2075761157938.014,single_datapoint,no_comment
3945,2015,05_PRC,turnover_rate,ldv,%,road,freight,ice,all,yearly,national,['manually_inputted_data $ guess'],1,0.39,manually_inputted_data $ guess,0.03,single_datapoint,no_comment
3946,2015,05_PRC,turnover_rate,ldv,%,road,passenger,ice,all,yearly,national,['manually_inputted_data $ guess'],1,0.39,manually_inputted_data $ guess,0.03,single_datapoint,no_comment
3947,2016,05_PRC,activity,ldv,passenger_km_or_freight_tonne_km,road,passenger,ice,all,yearly,national,['estimated $ calculate_energy_and_activity()'],1,35456945463695.05,estimated $ calculate_energy_and_activity(),3597166376722.1816,single_datapoint,no_comment
3948,2016,05_PRC,energy,ldv,pj,road,passenger,ice,all,yearly,national,['estimated $ calculate_energy_and_activity()'],1,67952.34949923934,estimated $ calculate_energy_and_activity(),6893.879425914454,single_datapoint,no_comment
3949,2016,05_PRC,new_vehicle_efficiency,ldv,km_per_pj,road,freight,ice,all,yearly,national,['avg_eff_no_outliers $ transport_data_system_9th'],1,4776513034.843043,avg_eff_no_outliers $ transport_data_system_9th,367424079.603311,single_datapoint,no_comment
3950,2016,05_PRC,new_vehicle_efficiency,ldv,km_per_pj,road,passenger,ice,all,yearly,national,['avg_eff_no_outliers $ transport_data_system_9th'],1,3086802010.889935,avg_eff_no_outliers $ transport_data_system_9th,237446308.529995,single_datapoint,no_comment
3951,2016,05_PRC,travel_km,ldv,km,road,passenger,ice,all,yearly,national,['estimated $ calculate_energy_and_activity()'],1,23637963642463.363,estimated $ calculate_energy_and_activity(),2398110917814.7876,single_datapoint,no_comment
3952,2016,05_PRC,turnover_rate,ldv,%,road,freight,ice,all,yearly,national,['manually_inputted_data $ guess'],1,0.39,manually_inputted_data $ guess,0.03,single_datapoint,no_comment
3953,2016,05_PRC,turnover_rate,ldv,%,road,passenger,ice,all,yearly,national,['manually_inputted_data $ guess'],1,0.39,manually_inputted_data $ guess,0.03,single_datapoint,no_comment
3954,2017,05_PRC,activity,ldv,passenger_km_or_freight_tonne_km,road,freight,ice,all,yearly,national,['estimated $ calculate_energy_and_activity()'],1,8013872475.0,estimated $ calculate_energy_and_activity(),8013872475.0,single_datapoint,no_comment
3955,2017,05_PRC,activity,ldv,passenger_km_or_freight_tonne_km,road,passenger,ice,all,yearly,national,['estimated $ calculate_energy_and_activity()'],1,35456945463695.05,estimated $ calculate_energy_and_activity(),4077209034587.006,single_datapoint,no_comment
3956,2017,05_PRC,energy,ldv,pj,road,freight,ice,all,yearly,national,['estimated $ calculate_energy_and_activity()'],1,87.28131827038726,estimated $ calculate_energy_and_activity(),87.28131827038726,single_datapoint,no_comment
3957,2017,05_PRC,energy,ldv,pj,road,passenger,ice,all,yearly,national,['estimated $ calculate_energy_and_activity()'],1,67952.34949923934,estimated $ calculate_energy_and_activity(),7813.8691778566945,single_datapoint,no_comment
3958,2017,05_PRC,new_vehicle_efficiency,ldv,km_per_pj,road,freight,ice,all,yearly,national,['avg_eff_no_outliers $ transport_data_system_9th'],1,4776513034.843043,avg_eff_no_outliers $ transport_data_system_9th,367424079.603311,single_datapoint,no_comment
3959,2017,05_PRC,new_vehicle_efficiency,ldv,km_per_pj,road,passenger,ice,all,yearly,national,['avg_eff_no_outliers $ transport_data_system_9th'],1,3086802010.889935,avg_eff_no_outliers $ transport_data_system_9th,237446308.529995,single_datapoint,no_comment
3960,2017,05_PRC,travel_km,ldv,km,road,freight,ice,all,yearly,national,['estimated $ calculate_energy_and_activity()'],1,21955815000.0,estimated $ calculate_energy_and_activity(),21955815000.0,single_datapoint,no_comment
3961,2017,05_PRC,travel_km,ldv,km,road,passenger,ice,all,yearly,national,['estimated $ calculate_energy_and_activity()'],1,23637963642463.363,estimated $ calculate_energy_and_activity(),2718139356391.3374,single_datapoint,no_comment
3962,2017,05_PRC,turnover_rate,ldv,%,road,freight,ice,all,yearly,national,['manually_inputted_data $ guess'],1,0.39,manually_inputted_data $ guess,0.03,single_datapoint,no_comment
3963,2017,05_PRC,turnover_rate,ldv,%,road,passenger,ice,all,yearly,national,['manually_inputted_data $ guess'],1,0.39,manually_inputted_data $ guess,0.03,single_datapoint,no_comment
3964,2018,05_PRC,activity,ldv,passenger_km_or_freight_tonne_km,road,passenger,ice,all,yearly,national,['estimated $ calculate_energy_and_activity()'],1,35456945463695.05,estimated $ calculate_energy_and_activity(),4522081840909.86,single_datapoint,no_comment
3965,2018,05_PRC,energy,ldv,pj,road,passenger,ice,all,yearly,national,['estimated $ calculate_energy_and_activity()'],1,67952.34949923934,estimated $ calculate_energy_and_activity(),8666.456788622861,single_datapoint,no_comment
3966,2018,05_PRC,new_vehicle_efficiency,ldv,km_per_pj,road,freight,ice,all,yearly,national,['avg_eff_no_outliers $ transport_data_system_9th'],1,4776513034.843043,avg_eff_no_outliers $ transport_data_system_9th,367424079.603311,single_datapoint,no_comment
3967,2018,05_PRC,new_vehicle_efficiency,ldv,km_per_pj,road,passenger,ice,all,yearly,national,['avg_eff_no_outliers $ transport_data_system_9th'],1,3086802010.889935,avg_eff_no_outliers $ transport_data_system_9th,237446308.529995,single_datapoint,no_comment
3968,2018,05_PRC,travel_km,ldv,km,road,passenger,ice,all,yearly,national,['estimated $ calculate_energy_and_activity()'],1,23637963642463.363,estimated $ calculate_energy_and_activity(),3014721227273.24,single_datapoint,no_comment
3969,2018,05_PRC,turnover_rate,ldv,%,road,freight,ice,all,yearly,national,['manually_inputted_data $ guess'],1,0.39,manually_inputted_data $ guess,0.03,single_datapoint,no_comment
3970,2018,05_PRC,turnover_rate,ldv,%,road,passenger,ice,all,yearly,national,['manually_inputted_data $ guess'],1,0.39,manually_inputted_data $ guess,0.03,single_datapoint,no_comment
3971,2019,05_PRC,activity,ldv,passenger_km_or_freight_tonne_km,road,passenger,ice,all,yearly,national,['estimated $ calculate_energy_and_activity()'],1,35456945463695.05,estimated $ calculate_energy_and_activity(),4929299032500.001,single_datapoint,no_comment
3972,2019,05_PRC,energy,ldv,pj,road,passenger,ice,all,yearly,national,['estimated $ calculate_energy_and_activity()'],1,67952.34949923934,estimated $ calculate_energy_and_activity(),9446.87835520606,single_datapoint,no_comment
3973,2019,05_PRC,new_vehicle_efficiency,ldv,km_per_pj,road,freight,ice,all,yearly,national,['avg_eff_no_outliers $ transport_data_system_9th'],1,4776513034.843043,avg_eff_no_outliers $ transport_data_system_9th,367424079.603311,single_datapoint,no_comment
3974,2019,05_PRC,new_vehicle_efficiency,ldv,km_per_pj,road,passenger,ice,all,yearly,national,['avg_eff_no_outliers $ transport_data_system_9th'],1,3086802010.889935,avg_eff_no_outliers $ transport_data_system_9th,237446308.529995,single_datapoint,no_comment
3975,2019,05_PRC,travel_km,ldv,km,road,passenger,ice,all,yearly,national,['estimated $ calculate_energy_and_activity()'],1,23637963642463.363,estimated $ calculate_energy_and_activity(),3286199355000.0005,single_datapoint,no_comment
3976,2019,05_PRC,turnover_rate,ldv,%,road,freight,ice,all,yearly,national,['manually_inputted_data $ guess'],1,0.39,manually_inputted_data $ guess,0.03,single_datapoint,no_comment
3977,2019,05_PRC,turnover_rate,ldv,%,road,passenger,ice,all,yearly,national,['manually_inputted_data $ guess'],1,0.39,manually_inputted_data $ guess,0.03,single_datapoint,no_comment
3978,2020,05_PRC,activity,ldv,passenger_km_or_freight_tonne_km,road,passenger,ice,all,yearly,national,['estimated $ calculate_energy_and_activity()'],1,35456945463695.05,estimated $ calculate_energy_and_activity(),5289739648068.578,single_datapoint,no_comment
3979,2020,05_PRC,energy,ldv,pj,road,passenger,ice,all,yearly,national,['estimated $ calculate_energy_and_activity()'],1,67952.34949923934,estimated $ calculate_energy_and_activity(),10137.653783335241,single_datapoint,no_comment
3980,2020,05_PRC,new_vehicle_efficiency,ldv,km_per_pj,road,freight,ice,all,yearly,national,['avg_eff_no_outliers $ transport_data_system_9th'],1,4776513034.843043,avg_eff_no_outliers $ transport_data_system_9th,367424079.603311,single_datapoint,no_comment
3981,2020,05_PRC,new_vehicle_efficiency,ldv,km_per_pj,road,passenger,ice,all,yearly,national,['avg_eff_no_outliers $ transport_data_system_9th'],1,3086802010.889935,avg_eff_no_outliers $ transport_data_system_9th,237446308.529995,single_datapoint,no_comment
3982,2020,05_PRC,travel_km,ldv,km,road,passenger,ice,all,yearly,national,['estimated $ calculate_energy_and_activity()'],1,23637963642463.363,estimated $ calculate_energy_and_activity(),3526493098712.3857,single_datapoint,no_comment
3983,2020,05_PRC,turnover_rate,ldv,%,road,freight,ice,all,yearly,national,['manually_inputted_data $ guess'],1,0.39,manually_inputted_data $ guess,0.03,single_datapoint,no_comment
3984,2020,05_PRC,turnover_rate,ldv,%,road,passenger,ice,all,yearly,national,['manually_inputted_data $ guess'],1,0.39,manually_inputted_data $ guess,0.03,single_datapoint,no_comment
3985,2021,05_PRC,new_vehicle_efficiency,ldv,km_per_pj,road,freight,ice,all,yearly,national,['avg_eff_no_outliers $ transport_data_system_9th'],1,4776513034.843043,avg_eff_no_outliers $ transport_data_system_9th,367424079.603311,single_datapoint,no_comment
3986,2021,05_PRC,new_vehicle_efficiency,ldv,km_per_pj,road,passenger,ice,all,yearly,national,['avg_eff_no_outliers $ transport_data_system_9th'],1,3086802010.889935,avg_eff_no_outliers $ transport_data_system_9th,237446308.529995,single_datapoint,no_comment
3987,2021,05_PRC,turnover_rate,ldv,%,road,freight,ice,all,yearly,national,['manually_inputted_data $ guess'],1,0.39,manually_inputted_data $ guess,0.03,single_datapoint,no_comment
3988,2021,05_PRC,turnover_rate,ldv,%,road,passenger,ice,all,yearly,national,['manually_inputted_data $ guess'],1,0.39,manually_inputted_data $ guess,0.03,single_datapoint,no_comment
3989,2022,05_PRC,new_vehicle_efficiency,ldv,km_per_pj,road,freight,ice,all,yearly,national,['avg_eff_no_outliers $ transport_data_system_9th'],1,4776513034.843043,avg_eff_no_outliers $ transport_data_system_9th,367424079.603311,single_datapoint,no_comment
3990,2022,05_PRC,new_vehicle_efficiency,ldv,km_per_pj,road,passenger,ice,all,yearly,national,['avg_eff_no_outliers $ transport_data_system_9th'],1,3086802010.889935,avg_eff_no_outliers $ transport_data_system_9th,237446308.529995,single_datapoint,no_comment
3991,2022,05_PRC,turnover_rate,ldv,%,road,freight,ice,all,yearly,national,['manually_inputted_data $ guess'],1,0.39,manually_inputted_data $ guess,0.03,single_datapoint,no_comment
3992,2022,05_PRC,turnover_rate,ldv,%,road,passenger,ice,all,yearly,national,['manually_inputted_data $ guess'],1,0.39,manually_inputted_data $ guess,0.03,single_datapoint,no_comment
3993,2010,05_PRC,new_vehicle_efficiency,ldv,km_per_pj,road,freight,lpg,all,yearly,national,['avg_eff_no_outliers $ transport_data_system_9th'],1,3668778329.1297708,avg_eff_no_outliers $ transport_data_system_9th,282213717.625367,single_datapoint,no_comment
3994,2010,05_PRC,new_vehicle_efficiency,ldv,km_per_pj,road,passenger,lpg,all,yearly,national,['avg_eff_no_outliers $ transport_data_system_9th'],1,4713924488.084526,avg_eff_no_outliers $ transport_data_system_9th,362609576.006502,single_datapoint,no_comment
3995,2010,05_PRC,turnover_rate,ldv,%,road,freight,lpg,all,yearly,national,['manually_inputted_data $ guess'],1,0.42,manually_inputted_data $ guess,0.03,manual,no_comment
3996,2010,05_PRC,turnover_rate,ldv,%,road,passenger,lpg,all,yearly,national,['manually_inputted_data $ guess'],1,0.42,manually_inputted_data $ guess,0.03,manual,no_comment
3997,2011,05_PRC,new_vehicle_efficiency,ldv,km_per_pj,road,freight,lpg,all,yearly,national,['avg_eff_no_outliers $ transport_data_system_9th'],1,3668778329.1297708,avg_eff_no_outliers $ transport_data_system_9th,282213717.625367,single_datapoint,no_comment
3998,2011,05_PRC,new_vehicle_efficiency,ldv,km_per_pj,road,passenger,lpg,all,yearly,national,['avg_eff_no_outliers $ transport_data_system_9th'],1,4713924488.084526,avg_eff_no_outliers $ transport_data_system_9th,362609576.006502,single_datapoint,no_comment
3999,2011,05_PRC,turnover_rate,ldv,%,road,freight,lpg,all,yearly,national,['manually_inputted_data $ guess'],1,0.42,manually_inputted_data $ guess,0.03,manual,no_comment
4000,2011,05_PRC,turnover_rate,ldv,%,road,passenger,lpg,all,yearly,national,['manually_inputted_data $ guess'],1,0.42,manually_inputted_data $ guess,0.03,manual,no_comment
4001,2012,05_PRC,new_vehicle_efficiency,ldv,km_per_pj,road,freight,lpg,all,yearly,national,['avg_eff_no_outliers $ transport_data_system_9th'],1,3668778329.1297708,avg_eff_no_outliers $ transport_data_system_9th,282213717.625367,single_datapoint,no_comment
4002,2012,05_PRC,new_vehicle_efficiency,ldv,km_per_pj,road,passenger,lpg,all,yearly,national,['avg_eff_no_outliers $ transport_data_system_9th'],1,4713924488.084526,avg_eff_no_outliers $ transport_data_system_9th,362609576.006502,single_datapoint,no_comment
4003,2012,05_PRC,turnover_rate,ldv,%,road,freight,lpg,all,yearly,national,['manually_inputted_data $ guess'],1,0.42,manually_inputted_data $ guess,0.03,manual,no_comment
4004,2012,05_PRC,turnover_rate,ldv,%,road,passenger,lpg,all,yearly,national,['manually_inputted_data $ guess'],1,0.42,manually_inputted_data $ guess,0.03,manual,no_comment
4005,2013,05_PRC,new_vehicle_efficiency,ldv,km_per_pj,road,freight,lpg,all,yearly,national,['avg_eff_no_outliers $ transport_data_system_9th'],1,3668778329.1297708,avg_eff_no_outliers $ transport_data_system_9th,282213717.625367,single_datapoint,no_comment
4006,2013,05_PRC,new_vehicle_efficiency,ldv,km_per_pj,road,passenger,lpg,all,yearly,national,['avg_eff_no_outliers $ transport_data_system_9th'],1,4713924488.084526,avg_eff_no_outliers $ transport_data_system_9th,362609576.006502,single_datapoint,no_comment
4007,2013,05_PRC,turnover_rate,ldv,%,road,freight,lpg,all,yearly,national,['manually_inputted_data $ guess'],1,0.42,manually_inputted_data $ guess,0.03,manual,no_comment
4008,2013,05_PRC,turnover_rate,ldv,%,road,passenger,lpg,all,yearly,national,['manually_inputted_data $ guess'],1,0.42,manually_inputted_data $ guess,0.03,manual,no_comment
4009,2014,05_PRC,new_vehicle_efficiency,ldv,km_per_pj,road,freight,lpg,all,yearly,national,['avg_eff_no_outliers $ transport_data_system_9th'],1,3668778329.1297708,avg_eff_no_outliers $ transport_data_system_9th,282213717.625367,single_datapoint,no_comment
4010,2014,05_PRC,new_vehicle_efficiency,ldv,km_per_pj,road,passenger,lpg,all,yearly,national,['avg_eff_no_outliers $ transport_data_system_9th'],1,4713924488.084526,avg_eff_no_outliers $ transport_data_system_9th,362609576.006502,single_datapoint,no_comment
4011,2014,05_PRC,turnover_rate,ldv,%,road,freight,lpg,all,yearly,national,['manually_inputted_data $ guess'],1,0.42,manually_inputted_data $ guess,0.03,manual,no_comment
4012,2014,05_PRC,turnover_rate,ldv,%,road,passenger,lpg,all,yearly,national,['manually_inputted_data $ guess'],1,0.42,manually_inputted_data $ guess,0.03,manual,no_comment
4013,2015,05_PRC,new_vehicle_efficiency,ldv,km_per_pj,road,freight,lpg,all,yearly,national,['avg_eff_no_outliers $ transport_data_system_9th'],1,3668778329.1297708,avg_eff_no_outliers $ transport_data_system_9th,282213717.625367,single_datapoint,no_comment
4014,2015,05_PRC,new_vehicle_efficiency,ldv,km_per_pj,road,passenger,lpg,all,yearly,national,['avg_eff_no_outliers $ transport_data_system_9th'],1,4713924488.084526,avg_eff_no_outliers $ transport_data_system_9th,362609576.006502,single_datapoint,no_comment
4015,2015,05_PRC,turnover_rate,ldv,%,road,freight,lpg,all,yearly,national,['manually_inputted_data $ guess'],1,0.42,manually_inputted_data $ guess,0.03,manual,no_comment
4016,2015,05_PRC,turnover_rate,ldv,%,road,passenger,lpg,all,yearly,national,['manually_inputted_data $ guess'],1,0.42,manually_inputted_data $ guess,0.03,manual,no_comment
4017,2016,05_PRC,new_vehicle_efficiency,ldv,km_per_pj,road,freight,lpg,all,yearly,national,['avg_eff_no_outliers $ transport_data_system_9th'],1,3668778329.1297708,avg_eff_no_outliers $ transport_data_system_9th,282213717.625367,single_datapoint,no_comment
4018,2016,05_PRC,new_vehicle_efficiency,ldv,km_per_pj,road,passenger,lpg,all,yearly,national,['avg_eff_no_outliers $ transport_data_system_9th'],1,4713924488.084526,avg_eff_no_outliers $ transport_data_system_9th,362609576.006502,single_datapoint,no_comment
4019,2016,05_PRC,turnover_rate,ldv,%,road,freight,lpg,all,yearly,national,['manually_inputted_data $ guess'],1,0.42,manually_inputted_data $ guess,0.03,manual,no_comment
4020,2016,05_PRC,turnover_rate,ldv,%,road,passenger,lpg,all,yearly,national,['manually_inputted_data $ guess'],1,0.42,manually_inputted_data $ guess,0.03,manual,no_comment
4021,2017,05_PRC,activity,ldv,passenger_km_or_freight_tonne_km,road,freight,lpg,all,yearly,national,"['8th_edition_transport_model $ reference', 'estimated $ calculate_energy_and_activity()']",2,4337202725.0,8th_edition_transport_model $ reference,4163366000.0,manual,no_comment
4022,2017,05_PRC,activity,ldv,passenger_km_or_freight_tonne_km,road,passenger,lpg,all,yearly,national,"['8th_edition_transport_model $ reference', 'estimated $ calculate_energy_and_activity()']",2,24488124000.0,estimated $ calculate_energy_and_activity(),11849175000.0,manual,no_comment
4023,2017,05_PRC,energy,ldv,pj,road,freight,lpg,all,yearly,national,"['8th_edition_transport_model $ reference', 'estimated $ calculate_energy_and_activity()']",2,13.306514336274066,estimated $ calculate_energy_and_activity(),1.8933042133050395,manual,no_comment
4024,2017,05_PRC,energy,ldv,pj,road,passenger,lpg,all,yearly,national,"['8th_edition_transport_model $ reference', 'estimated $ calculate_energy_and_activity()']",2,34.986201768616375,8th_edition_transport_model $ reference,12.277554129972891,manual,no_comment
4025,2017,05_PRC,new_vehicle_efficiency,ldv,km_per_pj,road,freight,lpg,all,yearly,national,['avg_eff_no_outliers $ transport_data_system_9th'],1,3668778329.1297708,avg_eff_no_outliers $ transport_data_system_9th,282213717.625367,single_datapoint,no_comment
4026,2017,05_PRC,new_vehicle_efficiency,ldv,km_per_pj,road,passenger,lpg,all,yearly,national,['avg_eff_no_outliers $ transport_data_system_9th'],1,4713924488.084526,avg_eff_no_outliers $ transport_data_system_9th,362609576.006502,single_datapoint,no_comment
4027,2017,05_PRC,travel_km,ldv,km,road,freight,lpg,all,yearly,national,['estimated $ calculate_energy_and_activity()'],1,476265000.0,estimated $ calculate_energy_and_activity(),476265000.0,single_datapoint,no_comment
4028,2017,05_PRC,travel_km,ldv,km,road,passenger,lpg,all,yearly,national,['estimated $ calculate_energy_and_activity()'],1,7899450000.0,estimated $ calculate_energy_and_activity(),7899450000.0,single_datapoint,no_comment
4029,2017,05_PRC,turnover_rate,ldv,%,road,freight,lpg,all,yearly,national,"['manually_inputted_data $ guess', 'turnover_rate_est']",2,0.42,manually_inputted_data $ guess,0.03,manual,no_comment
4030,2017,05_PRC,turnover_rate,ldv,%,road,passenger,lpg,all,yearly,national,"['manually_inputted_data $ guess', 'turnover_rate_est']",2,0.42,manually_inputted_data $ guess,0.03,manual,no_comment
4031,2018,05_PRC,new_vehicle_efficiency,ldv,km_per_pj,road,freight,lpg,all,yearly,national,['avg_eff_no_outliers $ transport_data_system_9th'],1,3668778329.1297708,avg_eff_no_outliers $ transport_data_system_9th,282213717.625367,single_datapoint,no_comment
4032,2018,05_PRC,new_vehicle_efficiency,ldv,km_per_pj,road,passenger,lpg,all,yearly,national,['avg_eff_no_outliers $ transport_data_system_9th'],1,4713924488.084526,avg_eff_no_outliers $ transport_data_system_9th,362609576.006502,single_datapoint,no_comment
4033,2018,05_PRC,turnover_rate,ldv,%,road,freight,lpg,all,yearly,national,['manually_inputted_data $ guess'],1,0.42,manually_inputted_data $ guess,0.03,manual,no_comment
4034,2018,05_PRC,turnover_rate,ldv,%,road,passenger,lpg,all,yearly,national,['manually_inputted_data $ guess'],1,0.42,manually_inputted_data $ guess,0.03,manual,no_comment
4035,2019,05_PRC,new_vehicle_efficiency,ldv,km_per_pj,road,freight,lpg,all,yearly,national,['avg_eff_no_outliers $ transport_data_system_9th'],1,3668778329.1297708,avg_eff_no_outliers $ transport_data_system_9th,282213717.625367,single_datapoint,no_comment
4036,2019,05_PRC,new_vehicle_efficiency,ldv,km_per_pj,road,passenger,lpg,all,yearly,national,['avg_eff_no_outliers $ transport_data_system_9th'],1,4713924488.084526,avg_eff_no_outliers $ transport_data_system_9th,362609576.006502,single_datapoint,no_comment
4037,2019,05_PRC,turnover_rate,ldv,%,road,freight,lpg,all,yearly,national,['manually_inputted_data $ guess'],1,0.42,manually_inputted_data $ guess,0.03,manual,no_comment
4038,2019,05_PRC,turnover_rate,ldv,%,road,passenger,lpg,all,yearly,national,['manually_inputted_data $ guess'],1,0.42,manually_inputted_data $ guess,0.03,manual,no_comment
4039,2020,05_PRC,new_vehicle_efficiency,ldv,km_per_pj,road,freight,lpg,all,yearly,national,['avg_eff_no_outliers $ transport_data_system_9th'],1,3668778329.1297708,avg_eff_no_outliers $ transport_data_system_9th,282213717.625367,single_datapoint,no_comment
4040,2020,05_PRC,new_vehicle_efficiency,ldv,km_per_pj,road,passenger,lpg,all,yearly,national,['avg_eff_no_outliers $ transport_data_system_9th'],1,4713924488.084526,avg_eff_no_outliers $ transport_data_system_9th,362609576.006502,single_datapoint,no_comment
4041,2020,05_PRC,turnover_rate,ldv,%,road,freight,lpg,all,yearly,national,['manually_inputted_data $ guess'],1,0.42,manually_inputted_data $ guess,0.03,manual,no_comment
4042,2020,05_PRC,turnover_rate,ldv,%,road,passenger,lpg,all,yearly,national,['manually_inputted_data $ guess'],1,0.42,manually_inputted_data $ guess,0.03,manual,no_comment
4043,2021,05_PRC,new_vehicle_efficiency,ldv,km_per_pj,road,freight,lpg,all,yearly,national,['avg_eff_no_outliers $ transport_data_system_9th'],1,3668778329.1297708,avg_eff_no_outliers $ transport_data_system_9th,282213717.625367,single_datapoint,no_comment
4044,2021,05_PRC,new_vehicle_efficiency,ldv,km_per_pj,road,passenger,lpg,all,yearly,national,['avg_eff_no_outliers $ transport_data_system_9th'],1,4713924488.084526,avg_eff_no_outliers $ transport_data_system_9th,362609576.006502,single_datapoint,no_comment
4045,2021,05_PRC,turnover_rate,ldv,%,road,freight,lpg,all,yearly,national,['manually_inputted_data $ guess'],1,0.42,manually_inputted_data $ guess,0.03,manual,no_comment
4046,2021,05_PRC,turnover_rate,ldv,%,road,passenger,lpg,all,yearly,national,['manually_inputted_data $ guess'],1,0.42,manually_inputted_data $ guess,0.03,manual,no_comment
4047,2022,05_PRC,new_vehicle_efficiency,ldv,km_per_pj,road,freight,lpg,all,yearly,national,['avg_eff_no_outliers $ transport_data_system_9th'],1,3668778329.1297708,avg_eff_no_outliers $ transport_data_system_9th,282213717.625367,single_datapoint,no_comment
4048,2022,05_PRC,new_vehicle_efficiency,ldv,km_per_pj,road,passenger,lpg,all,yearly,national,['avg_eff_no_outliers $ transport_data_system_9th'],1,4713924488.084526,avg_eff_no_outliers $ transport_data_system_9th,362609576.006502,single_datapoint,no_comment
4049,2022,05_PRC,turnover_rate,ldv,%,road,freight,lpg,all,yearly,national,['manually_inputted_data $ guess'],1,0.42,manually_inputted_data $ guess,0.03,manual,no_comment
4050,2022,05_PRC,turnover_rate,ldv,%,road,passenger,lpg,all,yearly,national,['manually_inputted_data $ guess'],1,0.42,manually_inputted_data $ guess,0.03,manual,no_comment
4051,2010,05_PRC,activity,ldv,passenger_km_or_freight_tonne_km,road,passenger,phev,all,yearly,national,['estimated $ calculate_energy_and_activity()'],1,170246700000.0,estimated $ calculate_energy_and_activity(),7650000.0,single_datapoint,no_comment
4052,2010,05_PRC,energy,ldv,pj,road,passenger,phev,all,yearly,national,['estimated $ calculate_energy_and_activity()'],1,186.44202520148187,estimated $ calculate_energy_and_activity(),0.0083777335642414,single_datapoint,no_comment
4053,2010,05_PRC,new_vehicle_efficiency,ldv,km_per_pj,road,freight,phev,all,yearly,national,['avg_eff_no_outliers $ transport_data_system_9th'],1,8979606259.303562,avg_eff_no_outliers $ transport_data_system_9th,690738943.023351,single_datapoint,no_comment
4054,2010,05_PRC,new_vehicle_efficiency,ldv,km_per_pj,road,passenger,phev,all,yearly,national,['avg_eff_no_outliers $ transport_data_system_9th'],1,5974718100.659283,avg_eff_no_outliers $ transport_data_system_9th,459593700.050714,single_datapoint,no_comment
4055,2010,05_PRC,travel_km,ldv,km,road,passenger,phev,all,yearly,national,['estimated $ calculate_energy_and_activity()'],1,113497800000.0,estimated $ calculate_energy_and_activity(),5100000.0,single_datapoint,no_comment
4056,2010,05_PRC,turnover_rate,ldv,%,road,freight,phev,all,yearly,national,['manually_inputted_data $ guess'],1,0.39,manually_inputted_data $ guess,0.03,single_datapoint,no_comment
4057,2010,05_PRC,turnover_rate,ldv,%,road,passenger,phev,all,yearly,national,['manually_inputted_data $ guess'],1,0.39,manually_inputted_data $ guess,0.03,single_datapoint,no_comment
4058,2011,05_PRC,activity,ldv,passenger_km_or_freight_tonne_km,road,passenger,phev,all,yearly,national,['estimated $ calculate_energy_and_activity()'],1,170246700000.0,estimated $ calculate_energy_and_activity(),14850000.0,single_datapoint,no_comment
4059,2011,05_PRC,energy,ldv,pj,road,passenger,phev,all,yearly,national,['estimated $ calculate_energy_and_activity()'],1,186.44202520148187,estimated $ calculate_energy_and_activity(),0.01626265927176272,single_datapoint,no_comment
4060,2011,05_PRC,new_vehicle_efficiency,ldv,km_per_pj,road,freight,phev,all,yearly,national,['avg_eff_no_outliers $ transport_data_system_9th'],1,8979606259.303562,avg_eff_no_outliers $ transport_data_system_9th,690738943.023351,single_datapoint,no_comment
4061,2011,05_PRC,new_vehicle_efficiency,ldv,km_per_pj,road,passenger,phev,all,yearly,national,['avg_eff_no_outliers $ transport_data_system_9th'],1,5974718100.659283,avg_eff_no_outliers $ transport_data_system_9th,459593700.050714,single_datapoint,no_comment
4062,2011,05_PRC,travel_km,ldv,km,road,passenger,phev,all,yearly,national,['estimated $ calculate_energy_and_activity()'],1,113497800000.0,estimated $ calculate_energy_and_activity(),9900000.0,single_datapoint,no_comment
4063,2011,05_PRC,turnover_rate,ldv,%,road,freight,phev,all,yearly,national,['manually_inputted_data $ guess'],1,0.39,manually_inputted_data $ guess,0.03,single_datapoint,no_comment
4064,2011,05_PRC,turnover_rate,ldv,%,road,passenger,phev,all,yearly,national,['manually_inputted_data $ guess'],1,0.39,manually_inputted_data $ guess,0.03,single_datapoint,no_comment
4065,2012,05_PRC,activity,ldv,passenger_km_or_freight_tonne_km,road,passenger,phev,all,yearly,national,['estimated $ calculate_energy_and_activity()'],1,170246700000.0,estimated $ calculate_energy_and_activity(),20700000.0,single_datapoint,no_comment
4066,2012,05_PRC,energy,ldv,pj,road,passenger,phev,all,yearly,national,['estimated $ calculate_energy_and_activity()'],1,186.44202520148187,estimated $ calculate_energy_and_activity(),0.022669161409123787,single_datapoint,no_comment
4067,2012,05_PRC,new_vehicle_efficiency,ldv,km_per_pj,road,freight,phev,all,yearly,national,['avg_eff_no_outliers $ transport_data_system_9th'],1,8979606259.303562,avg_eff_no_outliers $ transport_data_system_9th,690738943.023351,single_datapoint,no_comment
4068,2012,05_PRC,new_vehicle_efficiency,ldv,km_per_pj,road,passenger,phev,all,yearly,national,['avg_eff_no_outliers $ transport_data_system_9th'],1,5974718100.659283,avg_eff_no_outliers $ transport_data_system_9th,459593700.050714,single_datapoint,no_comment
4069,2012,05_PRC,travel_km,ldv,km,road,passenger,phev,all,yearly,national,['estimated $ calculate_energy_and_activity()'],1,113497800000.0,estimated $ calculate_energy_and_activity(),13800000.0,single_datapoint,no_comment
4070,2012,05_PRC,turnover_rate,ldv,%,road,freight,phev,all,yearly,national,['manually_inputted_data $ guess'],1,0.39,manually_inputted_data $ guess,0.03,single_datapoint,no_comment
4071,2012,05_PRC,turnover_rate,ldv,%,road,passenger,phev,all,yearly,national,['manually_inputted_data $ guess'],1,0.39,manually_inputted_data $ guess,0.03,single_datapoint,no_comment
4072,2013,05_PRC,activity,ldv,passenger_km_or_freight_tonne_km,road,passenger,phev,all,yearly,national,['estimated $ calculate_energy_and_activity()'],1,170246700000.0,estimated $ calculate_energy_and_activity(),36000000.0,single_datapoint,no_comment
4073,2013,05_PRC,energy,ldv,pj,road,passenger,phev,all,yearly,national,['estimated $ calculate_energy_and_activity()'],1,186.44202520148187,estimated $ calculate_energy_and_activity(),0.03942462853760659,single_datapoint,no_comment
4074,2013,05_PRC,new_vehicle_efficiency,ldv,km_per_pj,road,freight,phev,all,yearly,national,['avg_eff_no_outliers $ transport_data_system_9th'],1,8979606259.303562,avg_eff_no_outliers $ transport_data_system_9th,690738943.023351,single_datapoint,no_comment
4075,2013,05_PRC,new_vehicle_efficiency,ldv,km_per_pj,road,passenger,phev,all,yearly,national,['avg_eff_no_outliers $ transport_data_system_9th'],1,5974718100.659283,avg_eff_no_outliers $ transport_data_system_9th,459593700.050714,single_datapoint,no_comment
4076,2013,05_PRC,travel_km,ldv,km,road,passenger,phev,all,yearly,national,['estimated $ calculate_energy_and_activity()'],1,113497800000.0,estimated $ calculate_energy_and_activity(),24000000.0,single_datapoint,no_comment
4077,2013,05_PRC,turnover_rate,ldv,%,road,freight,phev,all,yearly,national,['manually_inputted_data $ guess'],1,0.39,manually_inputted_data $ guess,0.03,single_datapoint,no_comment
4078,2013,05_PRC,turnover_rate,ldv,%,road,passenger,phev,all,yearly,national,['manually_inputted_data $ guess'],1,0.39,manually_inputted_data $ guess,0.03,single_datapoint,no_comment
4079,2014,05_PRC,activity,ldv,passenger_km_or_freight_tonne_km,road,passenger,phev,all,yearly,national,['estimated $ calculate_energy_and_activity()'],1,170246700000.0,estimated $ calculate_energy_and_activity(),585000000.0,single_datapoint,no_comment
4080,2014,05_PRC,energy,ldv,pj,road,passenger,phev,all,yearly,national,['estimated $ calculate_energy_and_activity()'],1,186.44202520148187,estimated $ calculate_energy_and_activity(),0.6406502137361071,single_datapoint,no_comment
4081,2014,05_PRC,new_vehicle_efficiency,ldv,km_per_pj,road,freight,phev,all,yearly,national,['avg_eff_no_outliers $ transport_data_system_9th'],1,8979606259.303562,avg_eff_no_outliers $ transport_data_system_9th,690738943.023351,single_datapoint,no_comment
4082,2014,05_PRC,new_vehicle_efficiency,ldv,km_per_pj,road,passenger,phev,all,yearly,national,['avg_eff_no_outliers $ transport_data_system_9th'],1,5974718100.659283,avg_eff_no_outliers $ transport_data_system_9th,459593700.050714,single_datapoint,no_comment
4083,2014,05_PRC,travel_km,ldv,km,road,passenger,phev,all,yearly,national,['estimated $ calculate_energy_and_activity()'],1,113497800000.0,estimated $ calculate_energy_and_activity(),390000000.0,single_datapoint,no_comment
4084,2014,05_PRC,turnover_rate,ldv,%,road,freight,phev,all,yearly,national,['manually_inputted_data $ guess'],1,0.39,manually_inputted_data $ guess,0.03,single_datapoint,no_comment
4085,2014,05_PRC,turnover_rate,ldv,%,road,passenger,phev,all,yearly,national,['manually_inputted_data $ guess'],1,0.39,manually_inputted_data $ guess,0.03,single_datapoint,no_comment
4086,2015,05_PRC,activity,ldv,passenger_km_or_freight_tonne_km,road,passenger,phev,all,yearly,national,['estimated $ calculate_energy_and_activity()'],1,170246700000.0,estimated $ calculate_energy_and_activity(),1957500000.0,single_datapoint,no_comment
4087,2015,05_PRC,energy,ldv,pj,road,passenger,phev,all,yearly,national,['estimated $ calculate_energy_and_activity()'],1,186.44202520148187,estimated $ calculate_energy_and_activity(),2.143714176732358,single_datapoint,no_comment
4088,2015,05_PRC,new_vehicle_efficiency,ldv,km_per_pj,road,freight,phev,all,yearly,national,['avg_eff_no_outliers $ transport_data_system_9th'],1,8979606259.303562,avg_eff_no_outliers $ transport_data_system_9th,690738943.023351,single_datapoint,no_comment
4089,2015,05_PRC,new_vehicle_efficiency,ldv,km_per_pj,road,passenger,phev,all,yearly,national,['avg_eff_no_outliers $ transport_data_system_9th'],1,5974718100.659283,avg_eff_no_outliers $ transport_data_system_9th,459593700.050714,single_datapoint,no_comment
4090,2015,05_PRC,travel_km,ldv,km,road,passenger,phev,all,yearly,national,['estimated $ calculate_energy_and_activity()'],1,113497800000.0,estimated $ calculate_energy_and_activity(),1305000000.0,single_datapoint,no_comment
4091,2015,05_PRC,turnover_rate,ldv,%,road,freight,phev,all,yearly,national,['manually_inputted_data $ guess'],1,0.39,manually_inputted_data $ guess,0.03,single_datapoint,no_comment
4092,2015,05_PRC,turnover_rate,ldv,%,road,passenger,phev,all,yearly,national,['manually_inputted_data $ guess'],1,0.39,manually_inputted_data $ guess,0.03,single_datapoint,no_comment
4093,2016,05_PRC,activity,ldv,passenger_km_or_freight_tonne_km,road,passenger,phev,all,yearly,national,['estimated $ calculate_energy_and_activity()'],1,170246700000.0,estimated $ calculate_energy_and_activity(),3825000000.0,single_datapoint,no_comment
4094,2016,05_PRC,energy,ldv,pj,road,passenger,phev,all,yearly,national,['estimated $ calculate_energy_and_activity()'],1,186.44202520148187,estimated $ calculate_energy_and_activity(),4.1888667821207,single_datapoint,no_comment
4095,2016,05_PRC,new_vehicle_efficiency,ldv,km_per_pj,road,freight,phev,all,yearly,national,['avg_eff_no_outliers $ transport_data_system_9th'],1,8979606259.303562,avg_eff_no_outliers $ transport_data_system_9th,690738943.023351,single_datapoint,no_comment
4096,2016,05_PRC,new_vehicle_efficiency,ldv,km_per_pj,road,passenger,phev,all,yearly,national,['avg_eff_no_outliers $ transport_data_system_9th'],1,5974718100.659283,avg_eff_no_outliers $ transport_data_system_9th,459593700.050714,single_datapoint,no_comment
4097,2016,05_PRC,travel_km,ldv,km,road,passenger,phev,all,yearly,national,['estimated $ calculate_energy_and_activity()'],1,113497800000.0,estimated $ calculate_energy_and_activity(),2550000000.0,single_datapoint,no_comment
4098,2016,05_PRC,turnover_rate,ldv,%,road,freight,phev,all,yearly,national,['manually_inputted_data $ guess'],1,0.39,manually_inputted_data $ guess,0.03,single_datapoint,no_comment
4099,2016,05_PRC,turnover_rate,ldv,%,road,passenger,phev,all,yearly,national,['manually_inputted_data $ guess'],1,0.39,manually_inputted_data $ guess,0.03,single_datapoint,no_comment
4100,2017,05_PRC,activity,ldv,passenger_km_or_freight_tonne_km,road,passenger,phev,all,yearly,national,['estimated $ calculate_energy_and_activity()'],1,170246700000.0,estimated $ calculate_energy_and_activity(),6300000000.0,single_datapoint,no_comment
4101,2017,05_PRC,energy,ldv,pj,road,passenger,phev,all,yearly,national,['estimated $ calculate_energy_and_activity()'],1,186.44202520148187,estimated $ calculate_energy_and_activity(),6.899309994081153,single_datapoint,no_comment
4102,2017,05_PRC,new_vehicle_efficiency,ldv,km_per_pj,road,freight,phev,all,yearly,national,['avg_eff_no_outliers $ transport_data_system_9th'],1,8979606259.303562,avg_eff_no_outliers $ transport_data_system_9th,690738943.023351,single_datapoint,no_comment
4103,2017,05_PRC,new_vehicle_efficiency,ldv,km_per_pj,road,passenger,phev,all,yearly,national,['avg_eff_no_outliers $ transport_data_system_9th'],1,5974718100.659283,avg_eff_no_outliers $ transport_data_system_9th,459593700.050714,single_datapoint,no_comment
4104,2017,05_PRC,travel_km,ldv,km,road,passenger,phev,all,yearly,national,['estimated $ calculate_energy_and_activity()'],1,113497800000.0,estimated $ calculate_energy_and_activity(),4200000000.0,single_datapoint,no_comment
4105,2017,05_PRC,turnover_rate,ldv,%,road,freight,phev,all,yearly,national,['manually_inputted_data $ guess'],1,0.39,manually_inputted_data $ guess,0.03,single_datapoint,no_comment
4106,2017,05_PRC,turnover_rate,ldv,%,road,passenger,phev,all,yearly,national,['manually_inputted_data $ guess'],1,0.39,manually_inputted_data $ guess,0.03,single_datapoint,no_comment
4107,2018,05_PRC,activity,ldv,passenger_km_or_freight_tonne_km,road,passenger,phev,all,yearly,national,['estimated $ calculate_energy_and_activity()'],1,170246700000.0,estimated $ calculate_energy_and_activity(),12150000000.0,single_datapoint,no_comment
4108,2018,05_PRC,energy,ldv,pj,road,passenger,phev,all,yearly,national,['estimated $ calculate_energy_and_activity()'],1,186.44202520148187,estimated $ calculate_energy_and_activity(),13.305812131442224,single_datapoint,no_comment
4109,2018,05_PRC,new_vehicle_efficiency,ldv,km_per_pj,road,freight,phev,all,yearly,national,['avg_eff_no_outliers $ transport_data_system_9th'],1,8979606259.303562,avg_eff_no_outliers $ transport_data_system_9th,690738943.023351,single_datapoint,no_comment
4110,2018,05_PRC,new_vehicle_efficiency,ldv,km_per_pj,road,passenger,phev,all,yearly,national,['avg_eff_no_outliers $ transport_data_system_9th'],1,5974718100.659283,avg_eff_no_outliers $ transport_data_system_9th,459593700.050714,single_datapoint,no_comment
4111,2018,05_PRC,travel_km,ldv,km,road,passenger,phev,all,yearly,national,['estimated $ calculate_energy_and_activity()'],1,113497800000.0,estimated $ calculate_energy_and_activity(),8100000000.0,single_datapoint,no_comment
4112,2018,05_PRC,turnover_rate,ldv,%,road,freight,phev,all,yearly,national,['manually_inputted_data $ guess'],1,0.39,manually_inputted_data $ guess,0.03,single_datapoint,no_comment
4113,2018,05_PRC,turnover_rate,ldv,%,road,passenger,phev,all,yearly,national,['manually_inputted_data $ guess'],1,0.39,manually_inputted_data $ guess,0.03,single_datapoint,no_comment
4114,2019,05_PRC,activity,ldv,passenger_km_or_freight_tonne_km,road,passenger,phev,all,yearly,national,['estimated $ calculate_energy_and_activity()'],1,170246700000.0,estimated $ calculate_energy_and_activity(),17325000000.0,single_datapoint,no_comment
4115,2019,05_PRC,energy,ldv,pj,road,passenger,phev,all,yearly,national,['estimated $ calculate_energy_and_activity()'],1,186.44202520148187,estimated $ calculate_energy_and_activity(),18.97310248372317,single_datapoint,no_comment
4116,2019,05_PRC,new_vehicle_efficiency,ldv,km_per_pj,road,freight,phev,all,yearly,national,['avg_eff_no_outliers $ transport_data_system_9th'],1,8979606259.303562,avg_eff_no_outliers $ transport_data_system_9th,690738943.023351,single_datapoint,no_comment
4117,2019,05_PRC,new_vehicle_efficiency,ldv,km_per_pj,road,passenger,phev,all,yearly,national,['avg_eff_no_outliers $ transport_data_system_9th'],1,5974718100.659283,avg_eff_no_outliers $ transport_data_system_9th,459593700.050714,single_datapoint,no_comment
4118,2019,05_PRC,travel_km,ldv,km,road,passenger,phev,all,yearly,national,['estimated $ calculate_energy_and_activity()'],1,113497800000.0,estimated $ calculate_energy_and_activity(),11550000000.0,single_datapoint,no_comment
4119,2019,05_PRC,turnover_rate,ldv,%,road,freight,phev,all,yearly,national,['manually_inputted_data $ guess'],1,0.39,manually_inputted_data $ guess,0.03,single_datapoint,no_comment
4120,2019,05_PRC,turnover_rate,ldv,%,road,passenger,phev,all,yearly,national,['manually_inputted_data $ guess'],1,0.39,manually_inputted_data $ guess,0.03,single_datapoint,no_comment
4121,2020,05_PRC,activity,ldv,passenger_km_or_freight_tonne_km,road,passenger,phev,all,yearly,national,['estimated $ calculate_energy_and_activity()'],1,170246700000.0,estimated $ calculate_energy_and_activity(),22275000000.0,single_datapoint,no_comment
4122,2020,05_PRC,energy,ldv,pj,road,passenger,phev,all,yearly,national,['estimated $ calculate_energy_and_activity()'],1,186.44202520148187,estimated $ calculate_energy_and_activity(),24.393988907644076,single_datapoint,no_comment
4123,2020,05_PRC,new_vehicle_efficiency,ldv,km_per_pj,road,freight,phev,all,yearly,national,['avg_eff_no_outliers $ transport_data_system_9th'],1,8979606259.303562,avg_eff_no_outliers $ transport_data_system_9th,690738943.023351,single_datapoint,no_comment
4124,2020,05_PRC,new_vehicle_efficiency,ldv,km_per_pj,road,passenger,phev,all,yearly,national,['avg_eff_no_outliers $ transport_data_system_9th'],1,5974718100.659283,avg_eff_no_outliers $ transport_data_system_9th,459593700.050714,single_datapoint,no_comment
4125,2020,05_PRC,travel_km,ldv,km,road,passenger,phev,all,yearly,national,['estimated $ calculate_energy_and_activity()'],1,113497800000.0,estimated $ calculate_energy_and_activity(),14850000000.0,single_datapoint,no_comment
4126,2020,05_PRC,turnover_rate,ldv,%,road,freight,phev,all,yearly,national,['manually_inputted_data $ guess'],1,0.39,manually_inputted_data $ guess,0.03,single_datapoint,no_comment
4127,2020,05_PRC,turnover_rate,ldv,%,road,passenger,phev,all,yearly,national,['manually_inputted_data $ guess'],1,0.39,manually_inputted_data $ guess,0.03,single_datapoint,no_comment
4128,2021,05_PRC,activity,ldv,passenger_km_or_freight_tonne_km,road,passenger,phev,all,yearly,national,['estimated $ calculate_energy_and_activity()'],1,170246700000.0,estimated $ calculate_energy_and_activity(),36000000000.0,single_datapoint,no_comment
4129,2021,05_PRC,energy,ldv,pj,road,passenger,phev,all,yearly,national,['estimated $ calculate_energy_and_activity()'],1,186.44202520148187,estimated $ calculate_energy_and_activity(),39.42462853760659,single_datapoint,no_comment
4130,2021,05_PRC,new_vehicle_efficiency,ldv,km_per_pj,road,freight,phev,all,yearly,national,['avg_eff_no_outliers $ transport_data_system_9th'],1,8979606259.303562,avg_eff_no_outliers $ transport_data_system_9th,690738943.023351,single_datapoint,no_comment
4131,2021,05_PRC,new_vehicle_efficiency,ldv,km_per_pj,road,passenger,phev,all,yearly,national,['avg_eff_no_outliers $ transport_data_system_9th'],1,5974718100.659283,avg_eff_no_outliers $ transport_data_system_9th,459593700.050714,single_datapoint,no_comment
4132,2021,05_PRC,travel_km,ldv,km,road,passenger,phev,all,yearly,national,['estimated $ calculate_energy_and_activity()'],1,113497800000.0,estimated $ calculate_energy_and_activity(),24000000000.0,single_datapoint,no_comment
4133,2021,05_PRC,turnover_rate,ldv,%,road,freight,phev,all,yearly,national,['manually_inputted_data $ guess'],1,0.39,manually_inputted_data $ guess,0.03,single_datapoint,no_comment
4134,2021,05_PRC,turnover_rate,ldv,%,road,passenger,phev,all,yearly,national,['manually_inputted_data $ guess'],1,0.39,manually_inputted_data $ guess,0.03,single_datapoint,no_comment
4135,2022,05_PRC,activity,ldv,passenger_km_or_freight_tonne_km,road,passenger,phev,all,yearly,national,['estimated $ calculate_energy_and_activity()'],1,170246700000.0,estimated $ calculate_energy_and_activity(),69750000000.0,single_datapoint,no_comment
4136,2022,05_PRC,energy,ldv,pj,road,passenger,phev,all,yearly,national,['estimated $ calculate_energy_and_activity()'],1,186.44202520148187,estimated $ calculate_energy_and_activity(),76.38521779161276,single_datapoint,no_comment
4137,2022,05_PRC,new_vehicle_efficiency,ldv,km_per_pj,road,freight,phev,all,yearly,national,['avg_eff_no_outliers $ transport_data_system_9th'],1,8979606259.303562,avg_eff_no_outliers $ transport_data_system_9th,690738943.023351,single_datapoint,no_comment
4138,2022,05_PRC,new_vehicle_efficiency,ldv,km_per_pj,road,passenger,phev,all,yearly,national,['avg_eff_no_outliers $ transport_data_system_9th'],1,5974718100.659283,avg_eff_no_outliers $ transport_data_system_9th,459593700.050714,single_datapoint,no_comment
4139,2022,05_PRC,travel_km,ldv,km,road,passenger,phev,all,yearly,national,['estimated $ calculate_energy_and_activity()'],1,113497800000.0,estimated $ calculate_energy_and_activity(),46500000000.0,single_datapoint,no_comment
4140,2022,05_PRC,turnover_rate,ldv,%,road,freight,phev,all,yearly,national,['manually_inputted_data $ guess'],1,0.39,manually_inputted_data $ guess,0.03,single_datapoint,no_comment
4141,2022,05_PRC,turnover_rate,ldv,%,road,passenger,phev,all,yearly,national,['manually_inputted_data $ guess'],1,0.39,manually_inputted_data $ guess,0.03,single_datapoint,no_comment
4142,2010,06_HKC,new_vehicle_efficiency,2w,km_per_pj,road,passenger,bev,all,yearly,national,['avg_eff_no_outliers $ transport_data_system_9th'],1,33137029391.83156,avg_eff_no_outliers $ transport_data_system_9th,2549002260.91012,single_datapoint,no_comment
4143,2010,06_HKC,turnover_rate,2w,%,road,passenger,bev,all,yearly,national,['manually_inputted_data $ guess'],1,0.42,manually_inputted_data $ guess,0.03,manual,no_comment
4144,2011,06_HKC,new_vehicle_efficiency,2w,km_per_pj,road,passenger,bev,all,yearly,national,['avg_eff_no_outliers $ transport_data_system_9th'],1,33137029391.83156,avg_eff_no_outliers $ transport_data_system_9th,2549002260.91012,single_datapoint,no_comment
4145,2011,06_HKC,turnover_rate,2w,%,road,passenger,bev,all,yearly,national,['manually_inputted_data $ guess'],1,0.42,manually_inputted_data $ guess,0.03,manual,no_comment
4146,2012,06_HKC,new_vehicle_efficiency,2w,km_per_pj,road,passenger,bev,all,yearly,national,['avg_eff_no_outliers $ transport_data_system_9th'],1,33137029391.83156,avg_eff_no_outliers $ transport_data_system_9th,2549002260.91012,single_datapoint,no_comment
4147,2012,06_HKC,turnover_rate,2w,%,road,passenger,bev,all,yearly,national,['manually_inputted_data $ guess'],1,0.42,manually_inputted_data $ guess,0.03,manual,no_comment
4148,2013,06_HKC,new_vehicle_efficiency,2w,km_per_pj,road,passenger,bev,all,yearly,national,['avg_eff_no_outliers $ transport_data_system_9th'],1,33137029391.83156,avg_eff_no_outliers $ transport_data_system_9th,2549002260.91012,single_datapoint,no_comment
4149,2013,06_HKC,turnover_rate,2w,%,road,passenger,bev,all,yearly,national,['manually_inputted_data $ guess'],1,0.42,manually_inputted_data $ guess,0.03,manual,no_comment
4150,2014,06_HKC,new_vehicle_efficiency,2w,km_per_pj,road,passenger,bev,all,yearly,national,['avg_eff_no_outliers $ transport_data_system_9th'],1,33137029391.83156,avg_eff_no_outliers $ transport_data_system_9th,2549002260.91012,single_datapoint,no_comment
4151,2014,06_HKC,turnover_rate,2w,%,road,passenger,bev,all,yearly,national,['manually_inputted_data $ guess'],1,0.42,manually_inputted_data $ guess,0.03,manual,no_comment
4152,2015,06_HKC,new_vehicle_efficiency,2w,km_per_pj,road,passenger,bev,all,yearly,national,['avg_eff_no_outliers $ transport_data_system_9th'],1,33137029391.83156,avg_eff_no_outliers $ transport_data_system_9th,2549002260.91012,single_datapoint,no_comment
4153,2015,06_HKC,turnover_rate,2w,%,road,passenger,bev,all,yearly,national,['manually_inputted_data $ guess'],1,0.42,manually_inputted_data $ guess,0.03,manual,no_comment
4154,2016,06_HKC,new_vehicle_efficiency,2w,km_per_pj,road,passenger,bev,all,yearly,national,['avg_eff_no_outliers $ transport_data_system_9th'],1,33137029391.83156,avg_eff_no_outliers $ transport_data_system_9th,2549002260.91012,single_datapoint,no_comment
4155,2016,06_HKC,turnover_rate,2w,%,road,passenger,bev,all,yearly,national,['manually_inputted_data $ guess'],1,0.42,manually_inputted_data $ guess,0.03,manual,no_comment
4156,2017,06_HKC,activity,2w,passenger_km_or_freight_tonne_km,road,passenger,bev,all,yearly,national,"['8th_edition_transport_model $ reference', 'estimated $ calculate_energy_and_activity()']",2,491902.2755742213,8th_edition_transport_model $ reference,95902.2755742212,manual,no_comment
4157,2017,06_HKC,energy,2w,pj,road,passenger,bev,all,yearly,national,"['8th_edition_transport_model $ reference', 'estimated $ calculate_energy_and_activity()']",2,0.0001927243955736476,8th_edition_transport_model $ reference,3.009780285602045e-05,manual,no_comment
4158,2017,06_HKC,new_vehicle_efficiency,2w,km_per_pj,road,passenger,bev,all,yearly,national,['avg_eff_no_outliers $ transport_data_system_9th'],1,33137029391.83156,avg_eff_no_outliers $ transport_data_system_9th,2549002260.91012,single_datapoint,no_comment
4159,2017,06_HKC,travel_km,2w,km,road,passenger,bev,all,yearly,national,['estimated $ calculate_energy_and_activity()'],1,360000.0,estimated $ calculate_energy_and_activity(),360000.0,single_datapoint,no_comment
4160,2017,06_HKC,turnover_rate,2w,%,road,passenger,bev,all,yearly,national,"['manually_inputted_data $ guess', 'turnover_rate_est']",2,0.42,manually_inputted_data $ guess,0.03,manual,no_comment
4161,2018,06_HKC,new_vehicle_efficiency,2w,km_per_pj,road,passenger,bev,all,yearly,national,['avg_eff_no_outliers $ transport_data_system_9th'],1,33137029391.83156,avg_eff_no_outliers $ transport_data_system_9th,2549002260.91012,single_datapoint,no_comment
4162,2018,06_HKC,turnover_rate,2w,%,road,passenger,bev,all,yearly,national,['manually_inputted_data $ guess'],1,0.42,manually_inputted_data $ guess,0.03,manual,no_comment
4163,2019,06_HKC,new_vehicle_efficiency,2w,km_per_pj,road,passenger,bev,all,yearly,national,['avg_eff_no_outliers $ transport_data_system_9th'],1,33137029391.83156,avg_eff_no_outliers $ transport_data_system_9th,2549002260.91012,single_datapoint,no_comment
4164,2019,06_HKC,turnover_rate,2w,%,road,passenger,bev,all,yearly,national,['manually_inputted_data $ guess'],1,0.42,manually_inputted_data $ guess,0.03,manual,no_comment
4165,2020,06_HKC,new_vehicle_efficiency,2w,km_per_pj,road,passenger,bev,all,yearly,national,['avg_eff_no_outliers $ transport_data_system_9th'],1,33137029391.83156,avg_eff_no_outliers $ transport_data_system_9th,2549002260.91012,single_datapoint,no_comment
4166,2020,06_HKC,turnover_rate,2w,%,road,passenger,bev,all,yearly,national,['manually_inputted_data $ guess'],1,0.42,manually_inputted_data $ guess,0.03,manual,no_comment
4167,2021,06_HKC,new_vehicle_efficiency,2w,km_per_pj,road,passenger,bev,all,yearly,national,['avg_eff_no_outliers $ transport_data_system_9th'],1,33137029391.83156,avg_eff_no_outliers $ transport_data_system_9th,2549002260.91012,single_datapoint,no_comment
4168,2021,06_HKC,turnover_rate,2w,%,road,passenger,bev,all,yearly,national,['manually_inputted_data $ guess'],1,0.42,manually_inputted_data $ guess,0.03,manual,no_comment
4169,2022,06_HKC,new_vehicle_efficiency,2w,km_per_pj,road,passenger,bev,all,yearly,national,['avg_eff_no_outliers $ transport_data_system_9th'],1,33137029391.83156,avg_eff_no_outliers $ transport_data_system_9th,2549002260.91012,single_datapoint,no_comment
4170,2022,06_HKC,turnover_rate,2w,%,road,passenger,bev,all,yearly,national,['manually_inputted_data $ guess'],1,0.42,manually_inputted_data $ guess,0.03,manual,no_comment
4171,2010,06_HKC,activity,2w,passenger_km_or_freight_tonne_km,road,passenger,ice,all,yearly,national,['estimated $ calculate_energy_and_activity()'],1,6386011500.0,estimated $ calculate_energy_and_activity(),451902000.00000006,single_datapoint,no_comment
4172,2010,06_HKC,energy,2w,pj,road,passenger,ice,all,yearly,national,['estimated $ calculate_energy_and_activity()'],1,9.178973534222328,estimated $ calculate_energy_and_activity(),0.6495441635302627,single_datapoint,no_comment
4173,2010,06_HKC,new_vehicle_efficiency,2w,km_per_pj,road,passenger,ice,all,yearly,national,['avg_eff_no_outliers $ transport_data_system_9th'],1,7669072338.574219,avg_eff_no_outliers $ transport_data_system_9th,589928641.428786,single_datapoint,no_comment
4174,2010,06_HKC,travel_km,2w,km,road,passenger,ice,all,yearly,national,['estimated $ calculate_energy_and_activity()'],1,5805465000.0,estimated $ calculate_energy_and_activity(),410820000.0,single_datapoint,no_comment
4175,2010,06_HKC,turnover_rate,2w,%,road,passenger,ice,all,yearly,national,['manually_inputted_data $ guess'],1,0.39,manually_inputted_data $ guess,0.03,single_datapoint,no_comment
4176,2011,06_HKC,activity,2w,passenger_km_or_freight_tonne_km,road,passenger,ice,all,yearly,national,['estimated $ calculate_energy_and_activity()'],1,6386011500.0,estimated $ calculate_energy_and_activity(),463798500.00000006,single_datapoint,no_comment
4177,2011,06_HKC,energy,2w,pj,road,passenger,ice,all,yearly,national,['estimated $ calculate_energy_and_activity()'],1,9.178973534222328,estimated $ calculate_energy_and_activity(),0.6666436721437182,single_datapoint,no_comment
4178,2011,06_HKC,new_vehicle_efficiency,2w,km_per_pj,road,passenger,ice,all,yearly,national,['avg_eff_no_outliers $ transport_data_system_9th'],1,7669072338.574219,avg_eff_no_outliers $ transport_data_system_9th,589928641.428786,single_datapoint,no_comment
4179,2011,06_HKC,travel_km,2w,km,road,passenger,ice,all,yearly,national,['estimated $ calculate_energy_and_activity()'],1,5805465000.0,estimated $ calculate_energy_and_activity(),421635000.0,single_datapoint,no_comment
4180,2011,06_HKC,turnover_rate,2w,%,road,passenger,ice,all,yearly,national,['manually_inputted_data $ guess'],1,0.39,manually_inputted_data $ guess,0.03,single_datapoint,no_comment
4181,2012,06_HKC,activity,2w,passenger_km_or_freight_tonne_km,road,passenger,ice,all,yearly,national,['estimated $ calculate_energy_and_activity()'],1,6386011500.0,estimated $ calculate_energy_and_activity(),480752250.00000006,single_datapoint,no_comment
4182,2012,06_HKC,energy,2w,pj,road,passenger,ice,all,yearly,national,['estimated $ calculate_energy_and_activity()'],1,9.178973534222328,estimated $ calculate_energy_and_activity(),0.6910122506462502,single_datapoint,no_comment
4183,2012,06_HKC,new_vehicle_efficiency,2w,km_per_pj,road,passenger,ice,all,yearly,national,['avg_eff_no_outliers $ transport_data_system_9th'],1,7669072338.574219,avg_eff_no_outliers $ transport_data_system_9th,589928641.428786,single_datapoint,no_comment
4184,2012,06_HKC,travel_km,2w,km,road,passenger,ice,all,yearly,national,['estimated $ calculate_energy_and_activity()'],1,5805465000.0,estimated $ calculate_energy_and_activity(),437047500.0,single_datapoint,no_comment
4185,2012,06_HKC,turnover_rate,2w,%,road,passenger,ice,all,yearly,national,['manually_inputted_data $ guess'],1,0.39,manually_inputted_data $ guess,0.03,single_datapoint,no_comment
4186,2013,06_HKC,activity,2w,passenger_km_or_freight_tonne_km,road,passenger,ice,all,yearly,national,['estimated $ calculate_energy_and_activity()'],1,6386011500.0,estimated $ calculate_energy_and_activity(),503299500.00000006,single_datapoint,no_comment
4187,2013,06_HKC,energy,2w,pj,road,passenger,ice,all,yearly,national,['estimated $ calculate_energy_and_activity()'],1,9.178973534222328,estimated $ calculate_energy_and_activity(),0.7234206813262598,single_datapoint,no_comment
4188,2013,06_HKC,new_vehicle_efficiency,2w,km_per_pj,road,passenger,ice,all,yearly,national,['avg_eff_no_outliers $ transport_data_system_9th'],1,7669072338.574219,avg_eff_no_outliers $ transport_data_system_9th,589928641.428786,single_datapoint,no_comment
4189,2013,06_HKC,travel_km,2w,km,road,passenger,ice,all,yearly,national,['estimated $ calculate_energy_and_activity()'],1,5805465000.0,estimated $ calculate_energy_and_activity(),457545000.0,single_datapoint,no_comment
4190,2013,06_HKC,turnover_rate,2w,%,road,passenger,ice,all,yearly,national,['manually_inputted_data $ guess'],1,0.39,manually_inputted_data $ guess,0.03,single_datapoint,no_comment
4191,2014,06_HKC,activity,2w,passenger_km_or_freight_tonne_km,road,passenger,ice,all,yearly,national,['estimated $ calculate_energy_and_activity()'],1,6386011500.0,estimated $ calculate_energy_and_activity(),533131500.00000006,single_datapoint,no_comment
4192,2014,06_HKC,energy,2w,pj,road,passenger,ice,all,yearly,national,['estimated $ calculate_energy_and_activity()'],1,9.178973534222328,estimated $ calculate_energy_and_activity(),0.7662998929394742,single_datapoint,no_comment
4193,2014,06_HKC,new_vehicle_efficiency,2w,km_per_pj,road,passenger,ice,all,yearly,national,['avg_eff_no_outliers $ transport_data_system_9th'],1,7669072338.574219,avg_eff_no_outliers $ transport_data_system_9th,589928641.428786,single_datapoint,no_comment
4194,2014,06_HKC,travel_km,2w,km,road,passenger,ice,all,yearly,national,['estimated $ calculate_energy_and_activity()'],1,5805465000.0,estimated $ calculate_energy_and_activity(),484665000.0,single_datapoint,no_comment
4195,2014,06_HKC,turnover_rate,2w,%,road,passenger,ice,all,yearly,national,['manually_inputted_data $ guess'],1,0.39,manually_inputted_data $ guess,0.03,single_datapoint,no_comment
4196,2015,06_HKC,activity,2w,passenger_km_or_freight_tonne_km,road,passenger,ice,all,yearly,national,['estimated $ calculate_energy_and_activity()'],1,6386011500.0,estimated $ calculate_energy_and_activity(),569662500.0,single_datapoint,no_comment
4197,2015,06_HKC,energy,2w,pj,road,passenger,ice,all,yearly,national,['estimated $ calculate_energy_and_activity()'],1,9.178973534222328,estimated $ calculate_energy_and_activity(),0.8188079540631781,single_datapoint,no_comment
4198,2015,06_HKC,new_vehicle_efficiency,2w,km_per_pj,road,passenger,ice,all,yearly,national,['avg_eff_no_outliers $ transport_data_system_9th'],1,7669072338.574219,avg_eff_no_outliers $ transport_data_system_9th,589928641.428786,single_datapoint,no_comment
4199,2015,06_HKC,travel_km,2w,km,road,passenger,ice,all,yearly,national,['estimated $ calculate_energy_and_activity()'],1,5805465000.0,estimated $ calculate_energy_and_activity(),517875000.0,single_datapoint,no_comment
4200,2015,06_HKC,turnover_rate,2w,%,road,passenger,ice,all,yearly,national,['manually_inputted_data $ guess'],1,0.39,manually_inputted_data $ guess,0.03,single_datapoint,no_comment
4201,2016,06_HKC,activity,2w,passenger_km_or_freight_tonne_km,road,passenger,ice,all,yearly,national,['estimated $ calculate_energy_and_activity()'],1,6386011500.0,estimated $ calculate_energy_and_activity(),602910000.0,single_datapoint,no_comment
4202,2016,06_HKC,energy,2w,pj,road,passenger,ice,all,yearly,national,['estimated $ calculate_energy_and_activity()'],1,9.178973534222328,estimated $ calculate_energy_and_activity(),0.8665964559440558,single_datapoint,no_comment
4203,2016,06_HKC,new_vehicle_efficiency,2w,km_per_pj,road,passenger,ice,all,yearly,national,['avg_eff_no_outliers $ transport_data_system_9th'],1,7669072338.574219,avg_eff_no_outliers $ transport_data_system_9th,589928641.428786,single_datapoint,no_comment
4204,2016,06_HKC,travel_km,2w,km,road,passenger,ice,all,yearly,national,['estimated $ calculate_energy_and_activity()'],1,5805465000.0,estimated $ calculate_energy_and_activity(),548100000.0,single_datapoint,no_comment
4205,2016,06_HKC,turnover_rate,2w,%,road,passenger,ice,all,yearly,national,['manually_inputted_data $ guess'],1,0.39,manually_inputted_data $ guess,0.03,single_datapoint,no_comment
4206,2017,06_HKC,activity,2w,passenger_km_or_freight_tonne_km,road,passenger,ice,all,yearly,national,['estimated $ calculate_energy_and_activity()'],1,6386011500.0,estimated $ calculate_energy_and_activity(),636512250.0,single_datapoint,no_comment
4207,2017,06_HKC,energy,2w,pj,road,passenger,ice,all,yearly,national,['estimated $ calculate_energy_and_activity()'],1,9.178973534222328,estimated $ calculate_energy_and_activity(),0.9148948599541835,single_datapoint,no_comment
4208,2017,06_HKC,new_vehicle_efficiency,2w,km_per_pj,road,passenger,ice,all,yearly,national,['avg_eff_no_outliers $ transport_data_system_9th'],1,7669072338.574219,avg_eff_no_outliers $ transport_data_system_9th,589928641.428786,single_datapoint,no_comment
4209,2017,06_HKC,travel_km,2w,km,road,passenger,ice,all,yearly,national,['estimated $ calculate_energy_and_activity()'],1,5805465000.0,estimated $ calculate_energy_and_activity(),578647500.0,single_datapoint,no_comment
4210,2017,06_HKC,turnover_rate,2w,%,road,passenger,ice,all,yearly,national,['manually_inputted_data $ guess'],1,0.39,manually_inputted_data $ guess,0.03,single_datapoint,no_comment
4211,2018,06_HKC,activity,2w,passenger_km_or_freight_tonne_km,road,passenger,ice,all,yearly,national,['estimated $ calculate_energy_and_activity()'],1,6386011500.0,estimated $ calculate_energy_and_activity(),664768500.0,single_datapoint,no_comment
4212,2018,06_HKC,energy,2w,pj,road,passenger,ice,all,yearly,national,['estimated $ calculate_energy_and_activity()'],1,9.178973534222328,estimated $ calculate_energy_and_activity(),0.9555091574584035,single_datapoint,no_comment
4213,2018,06_HKC,new_vehicle_efficiency,2w,km_per_pj,road,passenger,ice,all,yearly,national,['avg_eff_no_outliers $ transport_data_system_9th'],1,7669072338.574219,avg_eff_no_outliers $ transport_data_system_9th,589928641.428786,single_datapoint,no_comment
4214,2018,06_HKC,travel_km,2w,km,road,passenger,ice,all,yearly,national,['estimated $ calculate_energy_and_activity()'],1,5805465000.0,estimated $ calculate_energy_and_activity(),604335000.0,single_datapoint,no_comment
4215,2018,06_HKC,turnover_rate,2w,%,road,passenger,ice,all,yearly,national,['manually_inputted_data $ guess'],1,0.39,manually_inputted_data $ guess,0.03,single_datapoint,no_comment
4216,2019,06_HKC,activity,2w,passenger_km_or_freight_tonne_km,road,passenger,ice,all,yearly,national,['estimated $ calculate_energy_and_activity()'],1,6386011500.0,estimated $ calculate_energy_and_activity(),701588250.0,single_datapoint,no_comment
4217,2019,06_HKC,energy,2w,pj,road,passenger,ice,all,yearly,national,['estimated $ calculate_energy_and_activity()'],1,9.178973534222328,estimated $ calculate_energy_and_activity(),1.0084322551989389,single_datapoint,no_comment
4218,2019,06_HKC,new_vehicle_efficiency,2w,km_per_pj,road,passenger,ice,all,yearly,national,['avg_eff_no_outliers $ transport_data_system_9th'],1,7669072338.574219,avg_eff_no_outliers $ transport_data_system_9th,589928641.428786,single_datapoint,no_comment
4219,2019,06_HKC,travel_km,2w,km,road,passenger,ice,all,yearly,national,['estimated $ calculate_energy_and_activity()'],1,5805465000.0,estimated $ calculate_energy_and_activity(),637807500.0,single_datapoint,no_comment
4220,2019,06_HKC,turnover_rate,2w,%,road,passenger,ice,all,yearly,national,['manually_inputted_data $ guess'],1,0.39,manually_inputted_data $ guess,0.03,single_datapoint,no_comment
4221,2020,06_HKC,activity,2w,passenger_km_or_freight_tonne_km,road,passenger,ice,all,yearly,national,['estimated $ calculate_energy_and_activity()'],1,6386011500.0,estimated $ calculate_energy_and_activity(),777686250.0000001,single_datapoint,no_comment
4222,2020,06_HKC,energy,2w,pj,road,passenger,ice,all,yearly,national,['estimated $ calculate_energy_and_activity()'],1,9.178973534222328,estimated $ calculate_energy_and_activity(),1.1178121910176029,single_datapoint,no_comment
4223,2020,06_HKC,new_vehicle_efficiency,2w,km_per_pj,road,passenger,ice,all,yearly,national,['avg_eff_no_outliers $ transport_data_system_9th'],1,7669072338.574219,avg_eff_no_outliers $ transport_data_system_9th,589928641.428786,single_datapoint,no_comment
4224,2020,06_HKC,travel_km,2w,km,road,passenger,ice,all,yearly,national,['estimated $ calculate_energy_and_activity()'],1,5805465000.0,estimated $ calculate_energy_and_activity(),706987500.0,single_datapoint,no_comment
4225,2020,06_HKC,turnover_rate,2w,%,road,passenger,ice,all,yearly,national,['manually_inputted_data $ guess'],1,0.39,manually_inputted_data $ guess,0.03,single_datapoint,no_comment
4226,2021,06_HKC,new_vehicle_efficiency,2w,km_per_pj,road,passenger,ice,all,yearly,national,['avg_eff_no_outliers $ transport_data_system_9th'],1,7669072338.574219,avg_eff_no_outliers $ transport_data_system_9th,589928641.428786,single_datapoint,no_comment
4227,2021,06_HKC,turnover_rate,2w,%,road,passenger,ice,all,yearly,national,['manually_inputted_data $ guess'],1,0.39,manually_inputted_data $ guess,0.03,single_datapoint,no_comment
4228,2022,06_HKC,new_vehicle_efficiency,2w,km_per_pj,road,passenger,ice,all,yearly,national,['avg_eff_no_outliers $ transport_data_system_9th'],1,7669072338.574219,avg_eff_no_outliers $ transport_data_system_9th,589928641.428786,single_datapoint,no_comment
4229,2022,06_HKC,turnover_rate,2w,%,road,passenger,ice,all,yearly,national,['manually_inputted_data $ guess'],1,0.39,manually_inputted_data $ guess,0.03,single_datapoint,no_comment
4230,2010,06_HKC,intensity,all,pj_per_passenger_or_freight_tonne_km,air,freight,all,all,yearly,national,['manually_inputted_data $ energy-intensity-of-passenger-transport-modes-2018'],1,4.0300000000000004e-08,manually_inputted_data $ energy-intensity-of-passenger-transport-modes-2018,3.1e-09,single_datapoint,assumed_to_be_same_as_passenger_air_because_of_lack_of_data
4231,2010,06_HKC,intensity,all,pj_per_passenger_or_freight_tonne_km,rail,freight,all,all,yearly,national,['manually_inputted_data $ iea_howtocalculatetheindicatorsforthetransportsectors.pdf'],1,2.86e-09,manually_inputted_data $ iea_howtocalculatetheindicatorsforthetransportsectors.pdf,2.2e-10,single_datapoint,from_how_to_calculate_the_indicators_for_the_transport_sector
4232,2010,06_HKC,intensity,all,pj_per_passenger_or_freight_tonne_km,ship,freight,all,all,yearly,national,['manually_inputted_data $ iea_howtocalculatetheindicatorsforthetransportsectors.pdf'],1,7.02e-09,manually_inputted_data $ iea_howtocalculatetheindicatorsforthetransportsectors.pdf,5.4e-10,single_datapoint,from_how_to_calculate_the_indicators_for_the_transport_sector
4233,2010,06_HKC,intensity,all,pj_per_passenger_or_freight_tonne_km,air,passenger,all,all,yearly,national,['manually_inputted_data $ energy-intensity-of-passenger-transport-modes-2018'],1,4.0300000000000004e-08,manually_inputted_data $ energy-intensity-of-passenger-transport-modes-2018,3.1e-09,single_datapoint,no_comment
4234,2010,06_HKC,intensity,all,pj_per_passenger_or_freight_tonne_km,rail,passenger,all,all,yearly,national,['manually_inputted_data $ energy-intensity-of-passenger-transport-modes-2018'],1,2.6e-09,manually_inputted_data $ energy-intensity-of-passenger-transport-modes-2018,2e-10,single_datapoint,no_comment
4235,2010,06_HKC,intensity,all,pj_per_passenger_or_freight_tonne_km,ship,passenger,all,all,yearly,national,['manually_inputted_data $ iea_howtocalculatetheindicatorsforthetransportsectors.pdf'],1,7.02e-09,manually_inputted_data $ iea_howtocalculatetheindicatorsforthetransportsectors.pdf,5.4e-10,single_datapoint,assumed_to_be_the_same_as_ship_freight_from_iea_how_to
4236,2011,06_HKC,intensity,all,pj_per_passenger_or_freight_tonne_km,air,freight,all,all,yearly,national,['manually_inputted_data $ energy-intensity-of-passenger-transport-modes-2018'],1,4.0300000000000004e-08,manually_inputted_data $ energy-intensity-of-passenger-transport-modes-2018,3.1e-09,single_datapoint,assumed_to_be_same_as_passenger_air_because_of_lack_of_data
4237,2011,06_HKC,intensity,all,pj_per_passenger_or_freight_tonne_km,rail,freight,all,all,yearly,national,['manually_inputted_data $ iea_howtocalculatetheindicatorsforthetransportsectors.pdf'],1,2.86e-09,manually_inputted_data $ iea_howtocalculatetheindicatorsforthetransportsectors.pdf,2.2e-10,single_datapoint,from_how_to_calculate_the_indicators_for_the_transport_sector
4238,2011,06_HKC,intensity,all,pj_per_passenger_or_freight_tonne_km,ship,freight,all,all,yearly,national,['manually_inputted_data $ iea_howtocalculatetheindicatorsforthetransportsectors.pdf'],1,7.02e-09,manually_inputted_data $ iea_howtocalculatetheindicatorsforthetransportsectors.pdf,5.4e-10,single_datapoint,from_how_to_calculate_the_indicators_for_the_transport_sector
4239,2011,06_HKC,intensity,all,pj_per_passenger_or_freight_tonne_km,air,passenger,all,all,yearly,national,['manually_inputted_data $ energy-intensity-of-passenger-transport-modes-2018'],1,4.0300000000000004e-08,manually_inputted_data $ energy-intensity-of-passenger-transport-modes-2018,3.1e-09,single_datapoint,no_comment
4240,2011,06_HKC,intensity,all,pj_per_passenger_or_freight_tonne_km,rail,passenger,all,all,yearly,national,['manually_inputted_data $ energy-intensity-of-passenger-transport-modes-2018'],1,2.6e-09,manually_inputted_data $ energy-intensity-of-passenger-transport-modes-2018,2e-10,single_datapoint,no_comment
4241,2011,06_HKC,intensity,all,pj_per_passenger_or_freight_tonne_km,ship,passenger,all,all,yearly,national,['manually_inputted_data $ iea_howtocalculatetheindicatorsforthetransportsectors.pdf'],1,7.02e-09,manually_inputted_data $ iea_howtocalculatetheindicatorsforthetransportsectors.pdf,5.4e-10,single_datapoint,assumed_to_be_the_same_as_ship_freight_from_iea_how_to
4242,2012,06_HKC,intensity,all,pj_per_passenger_or_freight_tonne_km,air,freight,all,all,yearly,national,['manually_inputted_data $ energy-intensity-of-passenger-transport-modes-2018'],1,4.0300000000000004e-08,manually_inputted_data $ energy-intensity-of-passenger-transport-modes-2018,3.1e-09,single_datapoint,assumed_to_be_same_as_passenger_air_because_of_lack_of_data
4243,2012,06_HKC,intensity,all,pj_per_passenger_or_freight_tonne_km,rail,freight,all,all,yearly,national,['manually_inputted_data $ iea_howtocalculatetheindicatorsforthetransportsectors.pdf'],1,2.86e-09,manually_inputted_data $ iea_howtocalculatetheindicatorsforthetransportsectors.pdf,2.2e-10,single_datapoint,from_how_to_calculate_the_indicators_for_the_transport_sector
4244,2012,06_HKC,intensity,all,pj_per_passenger_or_freight_tonne_km,ship,freight,all,all,yearly,national,['manually_inputted_data $ iea_howtocalculatetheindicatorsforthetransportsectors.pdf'],1,7.02e-09,manually_inputted_data $ iea_howtocalculatetheindicatorsforthetransportsectors.pdf,5.4e-10,single_datapoint,from_how_to_calculate_the_indicators_for_the_transport_sector
4245,2012,06_HKC,intensity,all,pj_per_passenger_or_freight_tonne_km,air,passenger,all,all,yearly,national,['manually_inputted_data $ energy-intensity-of-passenger-transport-modes-2018'],1,4.0300000000000004e-08,manually_inputted_data $ energy-intensity-of-passenger-transport-modes-2018,3.1e-09,single_datapoint,no_comment
4246,2012,06_HKC,intensity,all,pj_per_passenger_or_freight_tonne_km,rail,passenger,all,all,yearly,national,['manually_inputted_data $ energy-intensity-of-passenger-transport-modes-2018'],1,2.6e-09,manually_inputted_data $ energy-intensity-of-passenger-transport-modes-2018,2e-10,single_datapoint,no_comment
4247,2012,06_HKC,intensity,all,pj_per_passenger_or_freight_tonne_km,ship,passenger,all,all,yearly,national,['manually_inputted_data $ iea_howtocalculatetheindicatorsforthetransportsectors.pdf'],1,7.02e-09,manually_inputted_data $ iea_howtocalculatetheindicatorsforthetransportsectors.pdf,5.4e-10,single_datapoint,assumed_to_be_the_same_as_ship_freight_from_iea_how_to
4248,2013,06_HKC,intensity,all,pj_per_passenger_or_freight_tonne_km,air,freight,all,all,yearly,national,['manually_inputted_data $ energy-intensity-of-passenger-transport-modes-2018'],1,4.0300000000000004e-08,manually_inputted_data $ energy-intensity-of-passenger-transport-modes-2018,3.1e-09,single_datapoint,assumed_to_be_same_as_passenger_air_because_of_lack_of_data
4249,2013,06_HKC,intensity,all,pj_per_passenger_or_freight_tonne_km,rail,freight,all,all,yearly,national,['manually_inputted_data $ iea_howtocalculatetheindicatorsforthetransportsectors.pdf'],1,2.86e-09,manually_inputted_data $ iea_howtocalculatetheindicatorsforthetransportsectors.pdf,2.2e-10,single_datapoint,from_how_to_calculate_the_indicators_for_the_transport_sector
4250,2013,06_HKC,intensity,all,pj_per_passenger_or_freight_tonne_km,ship,freight,all,all,yearly,national,['manually_inputted_data $ iea_howtocalculatetheindicatorsforthetransportsectors.pdf'],1,7.02e-09,manually_inputted_data $ iea_howtocalculatetheindicatorsforthetransportsectors.pdf,5.4e-10,single_datapoint,from_how_to_calculate_the_indicators_for_the_transport_sector
4251,2013,06_HKC,intensity,all,pj_per_passenger_or_freight_tonne_km,air,passenger,all,all,yearly,national,['manually_inputted_data $ energy-intensity-of-passenger-transport-modes-2018'],1,4.0300000000000004e-08,manually_inputted_data $ energy-intensity-of-passenger-transport-modes-2018,3.1e-09,single_datapoint,no_comment
4252,2013,06_HKC,intensity,all,pj_per_passenger_or_freight_tonne_km,rail,passenger,all,all,yearly,national,['manually_inputted_data $ energy-intensity-of-passenger-transport-modes-2018'],1,2.6e-09,manually_inputted_data $ energy-intensity-of-passenger-transport-modes-2018,2e-10,single_datapoint,no_comment
4253,2013,06_HKC,intensity,all,pj_per_passenger_or_freight_tonne_km,ship,passenger,all,all,yearly,national,['manually_inputted_data $ iea_howtocalculatetheindicatorsforthetransportsectors.pdf'],1,7.02e-09,manually_inputted_data $ iea_howtocalculatetheindicatorsforthetransportsectors.pdf,5.4e-10,single_datapoint,assumed_to_be_the_same_as_ship_freight_from_iea_how_to
4254,2014,06_HKC,intensity,all,pj_per_passenger_or_freight_tonne_km,air,freight,all,all,yearly,national,['manually_inputted_data $ energy-intensity-of-passenger-transport-modes-2018'],1,4.0300000000000004e-08,manually_inputted_data $ energy-intensity-of-passenger-transport-modes-2018,3.1e-09,single_datapoint,assumed_to_be_same_as_passenger_air_because_of_lack_of_data
4255,2014,06_HKC,intensity,all,pj_per_passenger_or_freight_tonne_km,rail,freight,all,all,yearly,national,['manually_inputted_data $ iea_howtocalculatetheindicatorsforthetransportsectors.pdf'],1,2.86e-09,manually_inputted_data $ iea_howtocalculatetheindicatorsforthetransportsectors.pdf,2.2e-10,single_datapoint,from_how_to_calculate_the_indicators_for_the_transport_sector
4256,2014,06_HKC,intensity,all,pj_per_passenger_or_freight_tonne_km,ship,freight,all,all,yearly,national,['manually_inputted_data $ iea_howtocalculatetheindicatorsforthetransportsectors.pdf'],1,7.02e-09,manually_inputted_data $ iea_howtocalculatetheindicatorsforthetransportsectors.pdf,5.4e-10,single_datapoint,from_how_to_calculate_the_indicators_for_the_transport_sector
4257,2014,06_HKC,intensity,all,pj_per_passenger_or_freight_tonne_km,air,passenger,all,all,yearly,national,['manually_inputted_data $ energy-intensity-of-passenger-transport-modes-2018'],1,4.0300000000000004e-08,manually_inputted_data $ energy-intensity-of-passenger-transport-modes-2018,3.1e-09,single_datapoint,no_comment
4258,2014,06_HKC,intensity,all,pj_per_passenger_or_freight_tonne_km,rail,passenger,all,all,yearly,national,['manually_inputted_data $ energy-intensity-of-passenger-transport-modes-2018'],1,2.6e-09,manually_inputted_data $ energy-intensity-of-passenger-transport-modes-2018,2e-10,single_datapoint,no_comment
4259,2014,06_HKC,intensity,all,pj_per_passenger_or_freight_tonne_km,ship,passenger,all,all,yearly,national,['manually_inputted_data $ iea_howtocalculatetheindicatorsforthetransportsectors.pdf'],1,7.02e-09,manually_inputted_data $ iea_howtocalculatetheindicatorsforthetransportsectors.pdf,5.4e-10,single_datapoint,assumed_to_be_the_same_as_ship_freight_from_iea_how_to
4260,2015,06_HKC,intensity,all,pj_per_passenger_or_freight_tonne_km,air,freight,all,all,yearly,national,['manually_inputted_data $ energy-intensity-of-passenger-transport-modes-2018'],1,4.0300000000000004e-08,manually_inputted_data $ energy-intensity-of-passenger-transport-modes-2018,3.1e-09,single_datapoint,assumed_to_be_same_as_passenger_air_because_of_lack_of_data
4261,2015,06_HKC,intensity,all,pj_per_passenger_or_freight_tonne_km,rail,freight,all,all,yearly,national,['manually_inputted_data $ iea_howtocalculatetheindicatorsforthetransportsectors.pdf'],1,2.86e-09,manually_inputted_data $ iea_howtocalculatetheindicatorsforthetransportsectors.pdf,2.2e-10,single_datapoint,from_how_to_calculate_the_indicators_for_the_transport_sector
4262,2015,06_HKC,intensity,all,pj_per_passenger_or_freight_tonne_km,ship,freight,all,all,yearly,national,['manually_inputted_data $ iea_howtocalculatetheindicatorsforthetransportsectors.pdf'],1,7.02e-09,manually_inputted_data $ iea_howtocalculatetheindicatorsforthetransportsectors.pdf,5.4e-10,single_datapoint,from_how_to_calculate_the_indicators_for_the_transport_sector
4263,2015,06_HKC,intensity,all,pj_per_passenger_or_freight_tonne_km,air,passenger,all,all,yearly,national,['manually_inputted_data $ energy-intensity-of-passenger-transport-modes-2018'],1,4.0300000000000004e-08,manually_inputted_data $ energy-intensity-of-passenger-transport-modes-2018,3.1e-09,single_datapoint,no_comment
4264,2015,06_HKC,intensity,all,pj_per_passenger_or_freight_tonne_km,rail,passenger,all,all,yearly,national,['manually_inputted_data $ energy-intensity-of-passenger-transport-modes-2018'],1,2.6e-09,manually_inputted_data $ energy-intensity-of-passenger-transport-modes-2018,2e-10,single_datapoint,no_comment
4265,2015,06_HKC,intensity,all,pj_per_passenger_or_freight_tonne_km,ship,passenger,all,all,yearly,national,['manually_inputted_data $ iea_howtocalculatetheindicatorsforthetransportsectors.pdf'],1,7.02e-09,manually_inputted_data $ iea_howtocalculatetheindicatorsforthetransportsectors.pdf,5.4e-10,single_datapoint,assumed_to_be_the_same_as_ship_freight_from_iea_how_to
4266,2016,06_HKC,intensity,all,pj_per_passenger_or_freight_tonne_km,air,freight,all,all,yearly,national,['manually_inputted_data $ energy-intensity-of-passenger-transport-modes-2018'],1,4.0300000000000004e-08,manually_inputted_data $ energy-intensity-of-passenger-transport-modes-2018,3.1e-09,single_datapoint,assumed_to_be_same_as_passenger_air_because_of_lack_of_data
4267,2016,06_HKC,intensity,all,pj_per_passenger_or_freight_tonne_km,rail,freight,all,all,yearly,national,['manually_inputted_data $ iea_howtocalculatetheindicatorsforthetransportsectors.pdf'],1,2.86e-09,manually_inputted_data $ iea_howtocalculatetheindicatorsforthetransportsectors.pdf,2.2e-10,single_datapoint,from_how_to_calculate_the_indicators_for_the_transport_sector
4268,2016,06_HKC,intensity,all,pj_per_passenger_or_freight_tonne_km,ship,freight,all,all,yearly,national,['manually_inputted_data $ iea_howtocalculatetheindicatorsforthetransportsectors.pdf'],1,7.02e-09,manually_inputted_data $ iea_howtocalculatetheindicatorsforthetransportsectors.pdf,5.4e-10,single_datapoint,from_how_to_calculate_the_indicators_for_the_transport_sector
4269,2016,06_HKC,intensity,all,pj_per_passenger_or_freight_tonne_km,air,passenger,all,all,yearly,national,['manually_inputted_data $ energy-intensity-of-passenger-transport-modes-2018'],1,4.0300000000000004e-08,manually_inputted_data $ energy-intensity-of-passenger-transport-modes-2018,3.1e-09,single_datapoint,no_comment
4270,2016,06_HKC,intensity,all,pj_per_passenger_or_freight_tonne_km,rail,passenger,all,all,yearly,national,['manually_inputted_data $ energy-intensity-of-passenger-transport-modes-2018'],1,2.6e-09,manually_inputted_data $ energy-intensity-of-passenger-transport-modes-2018,2e-10,single_datapoint,no_comment
4271,2016,06_HKC,intensity,all,pj_per_passenger_or_freight_tonne_km,ship,passenger,all,all,yearly,national,['manually_inputted_data $ iea_howtocalculatetheindicatorsforthetransportsectors.pdf'],1,7.02e-09,manually_inputted_data $ iea_howtocalculatetheindicatorsforthetransportsectors.pdf,5.4e-10,single_datapoint,assumed_to_be_the_same_as_ship_freight_from_iea_how_to
4272,2017,06_HKC,intensity,all,pj_per_passenger_or_freight_tonne_km,air,freight,all,all,yearly,national,['manually_inputted_data $ energy-intensity-of-passenger-transport-modes-2018'],1,4.0300000000000004e-08,manually_inputted_data $ energy-intensity-of-passenger-transport-modes-2018,3.1e-09,single_datapoint,assumed_to_be_same_as_passenger_air_because_of_lack_of_data
4273,2017,06_HKC,intensity,all,pj_per_passenger_or_freight_tonne_km,rail,freight,all,all,yearly,national,['manually_inputted_data $ iea_howtocalculatetheindicatorsforthetransportsectors.pdf'],1,2.86e-09,manually_inputted_data $ iea_howtocalculatetheindicatorsforthetransportsectors.pdf,2.2e-10,single_datapoint,from_how_to_calculate_the_indicators_for_the_transport_sector
4274,2017,06_HKC,intensity,all,pj_per_passenger_or_freight_tonne_km,ship,freight,all,all,yearly,national,['manually_inputted_data $ iea_howtocalculatetheindicatorsforthetransportsectors.pdf'],1,7.02e-09,manually_inputted_data $ iea_howtocalculatetheindicatorsforthetransportsectors.pdf,5.4e-10,single_datapoint,from_how_to_calculate_the_indicators_for_the_transport_sector
4275,2017,06_HKC,intensity,all,pj_per_passenger_or_freight_tonne_km,air,passenger,all,all,yearly,national,['manually_inputted_data $ energy-intensity-of-passenger-transport-modes-2018'],1,4.0300000000000004e-08,manually_inputted_data $ energy-intensity-of-passenger-transport-modes-2018,3.1e-09,single_datapoint,no_comment
4276,2017,06_HKC,intensity,all,pj_per_passenger_or_freight_tonne_km,rail,passenger,all,all,yearly,national,['manually_inputted_data $ energy-intensity-of-passenger-transport-modes-2018'],1,2.6e-09,manually_inputted_data $ energy-intensity-of-passenger-transport-modes-2018,2e-10,single_datapoint,no_comment
4277,2017,06_HKC,intensity,all,pj_per_passenger_or_freight_tonne_km,ship,passenger,all,all,yearly,national,['manually_inputted_data $ iea_howtocalculatetheindicatorsforthetransportsectors.pdf'],1,7.02e-09,manually_inputted_data $ iea_howtocalculatetheindicatorsforthetransportsectors.pdf,5.4e-10,single_datapoint,assumed_to_be_the_same_as_ship_freight_from_iea_how_to
4278,2018,06_HKC,intensity,all,pj_per_passenger_or_freight_tonne_km,air,freight,all,all,yearly,national,['manually_inputted_data $ energy-intensity-of-passenger-transport-modes-2018'],1,4.0300000000000004e-08,manually_inputted_data $ energy-intensity-of-passenger-transport-modes-2018,3.1e-09,single_datapoint,assumed_to_be_same_as_passenger_air_because_of_lack_of_data
4279,2018,06_HKC,intensity,all,pj_per_passenger_or_freight_tonne_km,rail,freight,all,all,yearly,national,['manually_inputted_data $ iea_howtocalculatetheindicatorsforthetransportsectors.pdf'],1,2.86e-09,manually_inputted_data $ iea_howtocalculatetheindicatorsforthetransportsectors.pdf,2.2e-10,single_datapoint,from_how_to_calculate_the_indicators_for_the_transport_sector
4280,2018,06_HKC,intensity,all,pj_per_passenger_or_freight_tonne_km,ship,freight,all,all,yearly,national,['manually_inputted_data $ iea_howtocalculatetheindicatorsforthetransportsectors.pdf'],1,7.02e-09,manually_inputted_data $ iea_howtocalculatetheindicatorsforthetransportsectors.pdf,5.4e-10,single_datapoint,from_how_to_calculate_the_indicators_for_the_transport_sector
4281,2018,06_HKC,intensity,all,pj_per_passenger_or_freight_tonne_km,air,passenger,all,all,yearly,national,['manually_inputted_data $ energy-intensity-of-passenger-transport-modes-2018'],1,4.0300000000000004e-08,manually_inputted_data $ energy-intensity-of-passenger-transport-modes-2018,3.1e-09,single_datapoint,no_comment
4282,2018,06_HKC,intensity,all,pj_per_passenger_or_freight_tonne_km,rail,passenger,all,all,yearly,national,['manually_inputted_data $ energy-intensity-of-passenger-transport-modes-2018'],1,2.6e-09,manually_inputted_data $ energy-intensity-of-passenger-transport-modes-2018,2e-10,single_datapoint,no_comment
4283,2018,06_HKC,intensity,all,pj_per_passenger_or_freight_tonne_km,ship,passenger,all,all,yearly,national,['manually_inputted_data $ iea_howtocalculatetheindicatorsforthetransportsectors.pdf'],1,7.02e-09,manually_inputted_data $ iea_howtocalculatetheindicatorsforthetransportsectors.pdf,5.4e-10,single_datapoint,assumed_to_be_the_same_as_ship_freight_from_iea_how_to
4284,2019,06_HKC,intensity,all,pj_per_passenger_or_freight_tonne_km,air,freight,all,all,yearly,national,['manually_inputted_data $ energy-intensity-of-passenger-transport-modes-2018'],1,4.0300000000000004e-08,manually_inputted_data $ energy-intensity-of-passenger-transport-modes-2018,3.1e-09,single_datapoint,assumed_to_be_same_as_passenger_air_because_of_lack_of_data
4285,2019,06_HKC,intensity,all,pj_per_passenger_or_freight_tonne_km,rail,freight,all,all,yearly,national,['manually_inputted_data $ iea_howtocalculatetheindicatorsforthetransportsectors.pdf'],1,2.86e-09,manually_inputted_data $ iea_howtocalculatetheindicatorsforthetransportsectors.pdf,2.2e-10,single_datapoint,from_how_to_calculate_the_indicators_for_the_transport_sector
4286,2019,06_HKC,intensity,all,pj_per_passenger_or_freight_tonne_km,ship,freight,all,all,yearly,national,['manually_inputted_data $ iea_howtocalculatetheindicatorsforthetransportsectors.pdf'],1,7.02e-09,manually_inputted_data $ iea_howtocalculatetheindicatorsforthetransportsectors.pdf,5.4e-10,single_datapoint,from_how_to_calculate_the_indicators_for_the_transport_sector
4287,2019,06_HKC,intensity,all,pj_per_passenger_or_freight_tonne_km,air,passenger,all,all,yearly,national,['manually_inputted_data $ energy-intensity-of-passenger-transport-modes-2018'],1,4.0300000000000004e-08,manually_inputted_data $ energy-intensity-of-passenger-transport-modes-2018,3.1e-09,single_datapoint,no_comment
4288,2019,06_HKC,intensity,all,pj_per_passenger_or_freight_tonne_km,rail,passenger,all,all,yearly,national,['manually_inputted_data $ energy-intensity-of-passenger-transport-modes-2018'],1,2.6e-09,manually_inputted_data $ energy-intensity-of-passenger-transport-modes-2018,2e-10,single_datapoint,no_comment
4289,2019,06_HKC,intensity,all,pj_per_passenger_or_freight_tonne_km,ship,passenger,all,all,yearly,national,['manually_inputted_data $ iea_howtocalculatetheindicatorsforthetransportsectors.pdf'],1,7.02e-09,manually_inputted_data $ iea_howtocalculatetheindicatorsforthetransportsectors.pdf,5.4e-10,single_datapoint,assumed_to_be_the_same_as_ship_freight_from_iea_how_to
4290,2020,06_HKC,intensity,all,pj_per_passenger_or_freight_tonne_km,air,freight,all,all,yearly,national,['manually_inputted_data $ energy-intensity-of-passenger-transport-modes-2018'],1,4.0300000000000004e-08,manually_inputted_data $ energy-intensity-of-passenger-transport-modes-2018,3.1e-09,single_datapoint,assumed_to_be_same_as_passenger_air_because_of_lack_of_data
4291,2020,06_HKC,intensity,all,pj_per_passenger_or_freight_tonne_km,rail,freight,all,all,yearly,national,['manually_inputted_data $ iea_howtocalculatetheindicatorsforthetransportsectors.pdf'],1,2.86e-09,manually_inputted_data $ iea_howtocalculatetheindicatorsforthetransportsectors.pdf,2.2e-10,single_datapoint,from_how_to_calculate_the_indicators_for_the_transport_sector
4292,2020,06_HKC,intensity,all,pj_per_passenger_or_freight_tonne_km,ship,freight,all,all,yearly,national,['manually_inputted_data $ iea_howtocalculatetheindicatorsforthetransportsectors.pdf'],1,7.02e-09,manually_inputted_data $ iea_howtocalculatetheindicatorsforthetransportsectors.pdf,5.4e-10,single_datapoint,from_how_to_calculate_the_indicators_for_the_transport_sector
4293,2020,06_HKC,intensity,all,pj_per_passenger_or_freight_tonne_km,air,passenger,all,all,yearly,national,['manually_inputted_data $ energy-intensity-of-passenger-transport-modes-2018'],1,4.0300000000000004e-08,manually_inputted_data $ energy-intensity-of-passenger-transport-modes-2018,3.1e-09,single_datapoint,no_comment
4294,2020,06_HKC,intensity,all,pj_per_passenger_or_freight_tonne_km,rail,passenger,all,all,yearly,national,['manually_inputted_data $ energy-intensity-of-passenger-transport-modes-2018'],1,2.6e-09,manually_inputted_data $ energy-intensity-of-passenger-transport-modes-2018,2e-10,single_datapoint,no_comment
4295,2020,06_HKC,intensity,all,pj_per_passenger_or_freight_tonne_km,ship,passenger,all,all,yearly,national,['manually_inputted_data $ iea_howtocalculatetheindicatorsforthetransportsectors.pdf'],1,7.02e-09,manually_inputted_data $ iea_howtocalculatetheindicatorsforthetransportsectors.pdf,5.4e-10,single_datapoint,assumed_to_be_the_same_as_ship_freight_from_iea_how_to
4296,2021,06_HKC,intensity,all,pj_per_passenger_or_freight_tonne_km,air,freight,all,all,yearly,national,['manually_inputted_data $ energy-intensity-of-passenger-transport-modes-2018'],1,4.0300000000000004e-08,manually_inputted_data $ energy-intensity-of-passenger-transport-modes-2018,3.1e-09,single_datapoint,assumed_to_be_same_as_passenger_air_because_of_lack_of_data
4297,2021,06_HKC,intensity,all,pj_per_passenger_or_freight_tonne_km,rail,freight,all,all,yearly,national,['manually_inputted_data $ iea_howtocalculatetheindicatorsforthetransportsectors.pdf'],1,2.86e-09,manually_inputted_data $ iea_howtocalculatetheindicatorsforthetransportsectors.pdf,2.2e-10,single_datapoint,from_how_to_calculate_the_indicators_for_the_transport_sector
4298,2021,06_HKC,intensity,all,pj_per_passenger_or_freight_tonne_km,ship,freight,all,all,yearly,national,['manually_inputted_data $ iea_howtocalculatetheindicatorsforthetransportsectors.pdf'],1,7.02e-09,manually_inputted_data $ iea_howtocalculatetheindicatorsforthetransportsectors.pdf,5.4e-10,single_datapoint,from_how_to_calculate_the_indicators_for_the_transport_sector
4299,2021,06_HKC,intensity,all,pj_per_passenger_or_freight_tonne_km,air,passenger,all,all,yearly,national,['manually_inputted_data $ energy-intensity-of-passenger-transport-modes-2018'],1,4.0300000000000004e-08,manually_inputted_data $ energy-intensity-of-passenger-transport-modes-2018,3.1e-09,single_datapoint,no_comment
4300,2021,06_HKC,intensity,all,pj_per_passenger_or_freight_tonne_km,rail,passenger,all,all,yearly,national,['manually_inputted_data $ energy-intensity-of-passenger-transport-modes-2018'],1,2.6e-09,manually_inputted_data $ energy-intensity-of-passenger-transport-modes-2018,2e-10,single_datapoint,no_comment
4301,2021,06_HKC,intensity,all,pj_per_passenger_or_freight_tonne_km,ship,passenger,all,all,yearly,national,['manually_inputted_data $ iea_howtocalculatetheindicatorsforthetransportsectors.pdf'],1,7.02e-09,manually_inputted_data $ iea_howtocalculatetheindicatorsforthetransportsectors.pdf,5.4e-10,single_datapoint,assumed_to_be_the_same_as_ship_freight_from_iea_how_to
4302,2022,06_HKC,intensity,all,pj_per_passenger_or_freight_tonne_km,air,freight,all,all,yearly,national,['manually_inputted_data $ energy-intensity-of-passenger-transport-modes-2018'],1,4.0300000000000004e-08,manually_inputted_data $ energy-intensity-of-passenger-transport-modes-2018,3.1e-09,single_datapoint,assumed_to_be_same_as_passenger_air_because_of_lack_of_data
4303,2022,06_HKC,intensity,all,pj_per_passenger_or_freight_tonne_km,rail,freight,all,all,yearly,national,['manually_inputted_data $ iea_howtocalculatetheindicatorsforthetransportsectors.pdf'],1,2.86e-09,manually_inputted_data $ iea_howtocalculatetheindicatorsforthetransportsectors.pdf,2.2e-10,single_datapoint,from_how_to_calculate_the_indicators_for_the_transport_sector
4304,2022,06_HKC,intensity,all,pj_per_passenger_or_freight_tonne_km,ship,freight,all,all,yearly,national,['manually_inputted_data $ iea_howtocalculatetheindicatorsforthetransportsectors.pdf'],1,7.02e-09,manually_inputted_data $ iea_howtocalculatetheindicatorsforthetransportsectors.pdf,5.4e-10,single_datapoint,from_how_to_calculate_the_indicators_for_the_transport_sector
4305,2022,06_HKC,intensity,all,pj_per_passenger_or_freight_tonne_km,air,passenger,all,all,yearly,national,['manually_inputted_data $ energy-intensity-of-passenger-transport-modes-2018'],1,4.0300000000000004e-08,manually_inputted_data $ energy-intensity-of-passenger-transport-modes-2018,3.1e-09,single_datapoint,no_comment
4306,2022,06_HKC,intensity,all,pj_per_passenger_or_freight_tonne_km,rail,passenger,all,all,yearly,national,['manually_inputted_data $ energy-intensity-of-passenger-transport-modes-2018'],1,2.6e-09,manually_inputted_data $ energy-intensity-of-passenger-transport-modes-2018,2e-10,single_datapoint,no_comment
4307,2022,06_HKC,intensity,all,pj_per_passenger_or_freight_tonne_km,ship,passenger,all,all,yearly,national,['manually_inputted_data $ iea_howtocalculatetheindicatorsforthetransportsectors.pdf'],1,7.02e-09,manually_inputted_data $ iea_howtocalculatetheindicatorsforthetransportsectors.pdf,5.4e-10,single_datapoint,assumed_to_be_the_same_as_ship_freight_from_iea_how_to
4308,2010,06_HKC,new_vehicle_efficiency,bus,km_per_pj,road,passenger,bev,all,yearly,national,['avg_eff_no_outliers $ transport_data_system_9th'],1,1058314235.1561403,avg_eff_no_outliers $ transport_data_system_9th,81408787.3197031,single_datapoint,no_comment
4309,2010,06_HKC,turnover_rate,bus,%,road,passenger,bev,all,yearly,national,['manually_inputted_data $ guess'],1,0.42,manually_inputted_data $ guess,0.03,manual,no_comment
4310,2011,06_HKC,new_vehicle_efficiency,bus,km_per_pj,road,passenger,bev,all,yearly,national,['avg_eff_no_outliers $ transport_data_system_9th'],1,1058314235.1561403,avg_eff_no_outliers $ transport_data_system_9th,81408787.3197031,single_datapoint,no_comment
4311,2011,06_HKC,turnover_rate,bus,%,road,passenger,bev,all,yearly,national,['manually_inputted_data $ guess'],1,0.42,manually_inputted_data $ guess,0.03,manual,no_comment
4312,2012,06_HKC,new_vehicle_efficiency,bus,km_per_pj,road,passenger,bev,all,yearly,national,['avg_eff_no_outliers $ transport_data_system_9th'],1,1058314235.1561403,avg_eff_no_outliers $ transport_data_system_9th,81408787.3197031,single_datapoint,no_comment
4313,2012,06_HKC,turnover_rate,bus,%,road,passenger,bev,all,yearly,national,['manually_inputted_data $ guess'],1,0.42,manually_inputted_data $ guess,0.03,manual,no_comment
4314,2013,06_HKC,new_vehicle_efficiency,bus,km_per_pj,road,passenger,bev,all,yearly,national,['avg_eff_no_outliers $ transport_data_system_9th'],1,1058314235.1561403,avg_eff_no_outliers $ transport_data_system_9th,81408787.3197031,single_datapoint,no_comment
4315,2013,06_HKC,turnover_rate,bus,%,road,passenger,bev,all,yearly,national,['manually_inputted_data $ guess'],1,0.42,manually_inputted_data $ guess,0.03,manual,no_comment
4316,2014,06_HKC,new_vehicle_efficiency,bus,km_per_pj,road,passenger,bev,all,yearly,national,['avg_eff_no_outliers $ transport_data_system_9th'],1,1058314235.1561403,avg_eff_no_outliers $ transport_data_system_9th,81408787.3197031,single_datapoint,no_comment
4317,2014,06_HKC,turnover_rate,bus,%,road,passenger,bev,all,yearly,national,['manually_inputted_data $ guess'],1,0.42,manually_inputted_data $ guess,0.03,manual,no_comment
4318,2015,06_HKC,new_vehicle_efficiency,bus,km_per_pj,road,passenger,bev,all,yearly,national,['avg_eff_no_outliers $ transport_data_system_9th'],1,1058314235.1561403,avg_eff_no_outliers $ transport_data_system_9th,81408787.3197031,single_datapoint,no_comment
4319,2015,06_HKC,turnover_rate,bus,%,road,passenger,bev,all,yearly,national,['manually_inputted_data $ guess'],1,0.42,manually_inputted_data $ guess,0.03,manual,no_comment
4320,2016,06_HKC,new_vehicle_efficiency,bus,km_per_pj,road,passenger,bev,all,yearly,national,['avg_eff_no_outliers $ transport_data_system_9th'],1,1058314235.1561403,avg_eff_no_outliers $ transport_data_system_9th,81408787.3197031,single_datapoint,no_comment
4321,2016,06_HKC,turnover_rate,bus,%,road,passenger,bev,all,yearly,national,['manually_inputted_data $ guess'],1,0.42,manually_inputted_data $ guess,0.03,manual,no_comment
4322,2017,06_HKC,activity,bus,passenger_km_or_freight_tonne_km,road,passenger,bev,all,yearly,national,"['8th_edition_transport_model $ reference', 'estimated $ calculate_energy_and_activity()']",2,37827165.0512524,estimated $ calculate_energy_and_activity(),27000000.0,manual,no_comment
4323,2017,06_HKC,energy,bus,pj,road,passenger,bev,all,yearly,national,"['8th_edition_transport_model $ reference', 'estimated $ calculate_energy_and_activity()']",2,0.008892326821266613,estimated $ calculate_energy_and_activity(),0.0069105896755764125,manual,no_comment
4324,2017,06_HKC,new_vehicle_efficiency,bus,km_per_pj,road,passenger,bev,all,yearly,national,['avg_eff_no_outliers $ transport_data_system_9th'],1,1058314235.1561403,avg_eff_no_outliers $ transport_data_system_9th,81408787.3197031,single_datapoint,no_comment
4325,2017,06_HKC,travel_km,bus,km,road,passenger,bev,all,yearly,national,['estimated $ calculate_energy_and_activity()'],1,1800000.0,estimated $ calculate_energy_and_activity(),1800000.0,single_datapoint,no_comment
4326,2017,06_HKC,turnover_rate,bus,%,road,passenger,bev,all,yearly,national,"['manually_inputted_data $ guess', 'turnover_rate_est']",2,0.42,manually_inputted_data $ guess,0.03,manual,no_comment
4327,2018,06_HKC,new_vehicle_efficiency,bus,km_per_pj,road,passenger,bev,all,yearly,national,['avg_eff_no_outliers $ transport_data_system_9th'],1,1058314235.1561403,avg_eff_no_outliers $ transport_data_system_9th,81408787.3197031,single_datapoint,no_comment
4328,2018,06_HKC,turnover_rate,bus,%,road,passenger,bev,all,yearly,national,['manually_inputted_data $ guess'],1,0.42,manually_inputted_data $ guess,0.03,manual,no_comment
4329,2019,06_HKC,new_vehicle_efficiency,bus,km_per_pj,road,passenger,bev,all,yearly,national,['avg_eff_no_outliers $ transport_data_system_9th'],1,1058314235.1561403,avg_eff_no_outliers $ transport_data_system_9th,81408787.3197031,single_datapoint,no_comment
4330,2019,06_HKC,turnover_rate,bus,%,road,passenger,bev,all,yearly,national,['manually_inputted_data $ guess'],1,0.42,manually_inputted_data $ guess,0.03,manual,no_comment
4331,2020,06_HKC,new_vehicle_efficiency,bus,km_per_pj,road,passenger,bev,all,yearly,national,['avg_eff_no_outliers $ transport_data_system_9th'],1,1058314235.1561403,avg_eff_no_outliers $ transport_data_system_9th,81408787.3197031,single_datapoint,no_comment
4332,2020,06_HKC,turnover_rate,bus,%,road,passenger,bev,all,yearly,national,['manually_inputted_data $ guess'],1,0.42,manually_inputted_data $ guess,0.03,manual,no_comment
4333,2021,06_HKC,new_vehicle_efficiency,bus,km_per_pj,road,passenger,bev,all,yearly,national,['avg_eff_no_outliers $ transport_data_system_9th'],1,1058314235.1561403,avg_eff_no_outliers $ transport_data_system_9th,81408787.3197031,single_datapoint,no_comment
4334,2021,06_HKC,turnover_rate,bus,%,road,passenger,bev,all,yearly,national,['manually_inputted_data $ guess'],1,0.42,manually_inputted_data $ guess,0.03,manual,no_comment
4335,2022,06_HKC,new_vehicle_efficiency,bus,km_per_pj,road,passenger,bev,all,yearly,national,['avg_eff_no_outliers $ transport_data_system_9th'],1,1058314235.1561403,avg_eff_no_outliers $ transport_data_system_9th,81408787.3197031,single_datapoint,no_comment
4336,2022,06_HKC,turnover_rate,bus,%,road,passenger,bev,all,yearly,national,['manually_inputted_data $ guess'],1,0.42,manually_inputted_data $ guess,0.03,manual,no_comment
4337,2010,06_HKC,new_vehicle_efficiency,bus,km_per_pj,road,passenger,cng,all,yearly,national,['avg_eff_no_outliers $ transport_data_system_9th'],1,1813839119.6717222,avg_eff_no_outliers $ transport_data_system_9th,139526086.128594,single_datapoint,no_comment
4338,2010,06_HKC,turnover_rate,bus,%,road,passenger,cng,all,yearly,national,['manually_inputted_data $ guess'],1,0.42,manually_inputted_data $ guess,0.03,manual,no_comment
4339,2011,06_HKC,new_vehicle_efficiency,bus,km_per_pj,road,passenger,cng,all,yearly,national,['avg_eff_no_outliers $ transport_data_system_9th'],1,1813839119.6717222,avg_eff_no_outliers $ transport_data_system_9th,139526086.128594,single_datapoint,no_comment
4340,2011,06_HKC,turnover_rate,bus,%,road,passenger,cng,all,yearly,national,['manually_inputted_data $ guess'],1,0.42,manually_inputted_data $ guess,0.03,manual,no_comment
4341,2012,06_HKC,new_vehicle_efficiency,bus,km_per_pj,road,passenger,cng,all,yearly,national,['avg_eff_no_outliers $ transport_data_system_9th'],1,1813839119.6717222,avg_eff_no_outliers $ transport_data_system_9th,139526086.128594,single_datapoint,no_comment
4342,2012,06_HKC,turnover_rate,bus,%,road,passenger,cng,all,yearly,national,['manually_inputted_data $ guess'],1,0.42,manually_inputted_data $ guess,0.03,manual,no_comment
4343,2013,06_HKC,new_vehicle_efficiency,bus,km_per_pj,road,passenger,cng,all,yearly,national,['avg_eff_no_outliers $ transport_data_system_9th'],1,1813839119.6717222,avg_eff_no_outliers $ transport_data_system_9th,139526086.128594,single_datapoint,no_comment
4344,2013,06_HKC,turnover_rate,bus,%,road,passenger,cng,all,yearly,national,['manually_inputted_data $ guess'],1,0.42,manually_inputted_data $ guess,0.03,manual,no_comment
4345,2014,06_HKC,new_vehicle_efficiency,bus,km_per_pj,road,passenger,cng,all,yearly,national,['avg_eff_no_outliers $ transport_data_system_9th'],1,1813839119.6717222,avg_eff_no_outliers $ transport_data_system_9th,139526086.128594,single_datapoint,no_comment
4346,2014,06_HKC,turnover_rate,bus,%,road,passenger,cng,all,yearly,national,['manually_inputted_data $ guess'],1,0.42,manually_inputted_data $ guess,0.03,manual,no_comment
4347,2015,06_HKC,new_vehicle_efficiency,bus,km_per_pj,road,passenger,cng,all,yearly,national,['avg_eff_no_outliers $ transport_data_system_9th'],1,1813839119.6717222,avg_eff_no_outliers $ transport_data_system_9th,139526086.128594,single_datapoint,no_comment
4348,2015,06_HKC,turnover_rate,bus,%,road,passenger,cng,all,yearly,national,['manually_inputted_data $ guess'],1,0.42,manually_inputted_data $ guess,0.03,manual,no_comment
4349,2016,06_HKC,new_vehicle_efficiency,bus,km_per_pj,road,passenger,cng,all,yearly,national,['avg_eff_no_outliers $ transport_data_system_9th'],1,1813839119.6717222,avg_eff_no_outliers $ transport_data_system_9th,139526086.128594,single_datapoint,no_comment
4350,2016,06_HKC,turnover_rate,bus,%,road,passenger,cng,all,yearly,national,['manually_inputted_data $ guess'],1,0.42,manually_inputted_data $ guess,0.03,manual,no_comment
4351,2017,06_HKC,new_vehicle_efficiency,bus,km_per_pj,road,passenger,cng,all,yearly,national,['avg_eff_no_outliers $ transport_data_system_9th'],1,1813839119.6717222,avg_eff_no_outliers $ transport_data_system_9th,139526086.128594,single_datapoint,no_comment
4352,2017,06_HKC,turnover_rate,bus,%,road,passenger,cng,all,yearly,national,"['manually_inputted_data $ guess', 'turnover_rate_est']",2,0.42,manually_inputted_data $ guess,0.03,manual,no_comment
4353,2018,06_HKC,new_vehicle_efficiency,bus,km_per_pj,road,passenger,cng,all,yearly,national,['avg_eff_no_outliers $ transport_data_system_9th'],1,1813839119.6717222,avg_eff_no_outliers $ transport_data_system_9th,139526086.128594,single_datapoint,no_comment
4354,2018,06_HKC,turnover_rate,bus,%,road,passenger,cng,all,yearly,national,['manually_inputted_data $ guess'],1,0.42,manually_inputted_data $ guess,0.03,manual,no_comment
4355,2019,06_HKC,new_vehicle_efficiency,bus,km_per_pj,road,passenger,cng,all,yearly,national,['avg_eff_no_outliers $ transport_data_system_9th'],1,1813839119.6717222,avg_eff_no_outliers $ transport_data_system_9th,139526086.128594,single_datapoint,no_comment
4356,2019,06_HKC,turnover_rate,bus,%,road,passenger,cng,all,yearly,national,['manually_inputted_data $ guess'],1,0.42,manually_inputted_data $ guess,0.03,manual,no_comment
4357,2020,06_HKC,new_vehicle_efficiency,bus,km_per_pj,road,passenger,cng,all,yearly,national,['avg_eff_no_outliers $ transport_data_system_9th'],1,1813839119.6717222,avg_eff_no_outliers $ transport_data_system_9th,139526086.128594,single_datapoint,no_comment
4358,2020,06_HKC,turnover_rate,bus,%,road,passenger,cng,all,yearly,national,['manually_inputted_data $ guess'],1,0.42,manually_inputted_data $ guess,0.03,manual,no_comment
4359,2021,06_HKC,new_vehicle_efficiency,bus,km_per_pj,road,passenger,cng,all,yearly,national,['avg_eff_no_outliers $ transport_data_system_9th'],1,1813839119.6717222,avg_eff_no_outliers $ transport_data_system_9th,139526086.128594,single_datapoint,no_comment
4360,2021,06_HKC,turnover_rate,bus,%,road,passenger,cng,all,yearly,national,['manually_inputted_data $ guess'],1,0.42,manually_inputted_data $ guess,0.03,manual,no_comment
4361,2022,06_HKC,new_vehicle_efficiency,bus,km_per_pj,road,passenger,cng,all,yearly,national,['avg_eff_no_outliers $ transport_data_system_9th'],1,1813839119.6717222,avg_eff_no_outliers $ transport_data_system_9th,139526086.128594,single_datapoint,no_comment
4362,2022,06_HKC,turnover_rate,bus,%,road,passenger,cng,all,yearly,national,['manually_inputted_data $ guess'],1,0.42,manually_inputted_data $ guess,0.03,manual,no_comment
4363,2017,06_HKC,turnover_rate,bus,%,road,passenger,fcev,all,yearly,national,['turnover_rate_est'],1,0.03,turnover_rate_est,0.03,single_datapoint,no_comment
4364,2010,06_HKC,activity,bus,passenger_km_or_freight_tonne_km,road,passenger,ice,all,yearly,national,['estimated $ calculate_energy_and_activity()'],1,259617375000.0,estimated $ calculate_energy_and_activity(),22285125000.0,single_datapoint,no_comment
4365,2010,06_HKC,energy,bus,pj,road,passenger,ice,all,yearly,national,['estimated $ calculate_energy_and_activity()'],1,232.56970479493975,estimated $ calculate_energy_and_activity(),19.963397837176082,single_datapoint,no_comment
4366,2010,06_HKC,new_vehicle_efficiency,bus,km_per_pj,road,passenger,ice,all,yearly,national,['avg_eff_no_outliers $ transport_data_system_9th'],1,910941040.8338033,avg_eff_no_outliers $ transport_data_system_9th,70072387.7564464,single_datapoint,no_comment
4367,2010,06_HKC,travel_km,bus,km,road,passenger,ice,all,yearly,national,['estimated $ calculate_energy_and_activity()'],1,17307825000.0,estimated $ calculate_energy_and_activity(),1485675000.0,single_datapoint,no_comment
4368,2010,06_HKC,turnover_rate,bus,%,road,passenger,ice,all,yearly,national,['manually_inputted_data $ guess'],1,0.39,manually_inputted_data $ guess,0.03,single_datapoint,no_comment
4369,2011,06_HKC,activity,bus,passenger_km_or_freight_tonne_km,road,passenger,ice,all,yearly,national,['estimated $ calculate_energy_and_activity()'],1,259617375000.0,estimated $ calculate_energy_and_activity(),22451625000.0,single_datapoint,no_comment
4370,2011,06_HKC,energy,bus,pj,road,passenger,ice,all,yearly,national,['estimated $ calculate_energy_and_activity()'],1,232.56970479493975,estimated $ calculate_energy_and_activity(),20.11255139767394,single_datapoint,no_comment
4371,2011,06_HKC,new_vehicle_efficiency,bus,km_per_pj,road,passenger,ice,all,yearly,national,['avg_eff_no_outliers $ transport_data_system_9th'],1,910941040.8338033,avg_eff_no_outliers $ transport_data_system_9th,70072387.7564464,single_datapoint,no_comment
4372,2011,06_HKC,travel_km,bus,km,road,passenger,ice,all,yearly,national,['estimated $ calculate_energy_and_activity()'],1,17307825000.0,estimated $ calculate_energy_and_activity(),1496775000.0,single_datapoint,no_comment
4373,2011,06_HKC,turnover_rate,bus,%,road,passenger,ice,all,yearly,national,['manually_inputted_data $ guess'],1,0.39,manually_inputted_data $ guess,0.03,single_datapoint,no_comment
4374,2012,06_HKC,activity,bus,passenger_km_or_freight_tonne_km,road,passenger,ice,all,yearly,national,['estimated $ calculate_energy_and_activity()'],1,259617375000.0,estimated $ calculate_energy_and_activity(),22740750000.0,single_datapoint,no_comment
4375,2012,06_HKC,energy,bus,pj,road,passenger,ice,all,yearly,national,['estimated $ calculate_energy_and_activity()'],1,232.56970479493975,estimated $ calculate_energy_and_activity(),20.371554539889814,single_datapoint,no_comment
4376,2012,06_HKC,new_vehicle_efficiency,bus,km_per_pj,road,passenger,ice,all,yearly,national,['avg_eff_no_outliers $ transport_data_system_9th'],1,910941040.8338033,avg_eff_no_outliers $ transport_data_system_9th,70072387.7564464,single_datapoint,no_comment
4377,2012,06_HKC,travel_km,bus,km,road,passenger,ice,all,yearly,national,['estimated $ calculate_energy_and_activity()'],1,17307825000.0,estimated $ calculate_energy_and_activity(),1516050000.0,single_datapoint,no_comment
4378,2012,06_HKC,turnover_rate,bus,%,road,passenger,ice,all,yearly,national,['manually_inputted_data $ guess'],1,0.39,manually_inputted_data $ guess,0.03,single_datapoint,no_comment
4379,2013,06_HKC,activity,bus,passenger_km_or_freight_tonne_km,road,passenger,ice,all,yearly,national,['estimated $ calculate_energy_and_activity()'],1,259617375000.0,estimated $ calculate_energy_and_activity(),23206500000.0,single_datapoint,no_comment
4380,2013,06_HKC,energy,bus,pj,road,passenger,ice,all,yearly,national,['estimated $ calculate_energy_and_activity()'],1,232.56970479493975,estimated $ calculate_energy_and_activity(),20.78878139155274,single_datapoint,no_comment
4381,2013,06_HKC,new_vehicle_efficiency,bus,km_per_pj,road,passenger,ice,all,yearly,national,['avg_eff_no_outliers $ transport_data_system_9th'],1,910941040.8338033,avg_eff_no_outliers $ transport_data_system_9th,70072387.7564464,single_datapoint,no_comment
4382,2013,06_HKC,travel_km,bus,km,road,passenger,ice,all,yearly,national,['estimated $ calculate_energy_and_activity()'],1,17307825000.0,estimated $ calculate_energy_and_activity(),1547100000.0,single_datapoint,no_comment
4383,2013,06_HKC,turnover_rate,bus,%,road,passenger,ice,all,yearly,national,['manually_inputted_data $ guess'],1,0.39,manually_inputted_data $ guess,0.03,single_datapoint,no_comment
4384,2014,06_HKC,activity,bus,passenger_km_or_freight_tonne_km,road,passenger,ice,all,yearly,national,['estimated $ calculate_energy_and_activity()'],1,259617375000.0,estimated $ calculate_energy_and_activity(),23468625000.0,single_datapoint,no_comment
4385,2014,06_HKC,energy,bus,pj,road,passenger,ice,all,yearly,national,['estimated $ calculate_energy_and_activity()'],1,232.56970479493975,estimated $ calculate_energy_and_activity(),21.023597469904097,single_datapoint,no_comment
4386,2014,06_HKC,new_vehicle_efficiency,bus,km_per_pj,road,passenger,ice,all,yearly,national,['avg_eff_no_outliers $ transport_data_system_9th'],1,910941040.8338033,avg_eff_no_outliers $ transport_data_system_9th,70072387.7564464,single_datapoint,no_comment
4387,2014,06_HKC,travel_km,bus,km,road,passenger,ice,all,yearly,national,['estimated $ calculate_energy_and_activity()'],1,17307825000.0,estimated $ calculate_energy_and_activity(),1564575000.0,single_datapoint,no_comment
4388,2014,06_HKC,turnover_rate,bus,%,road,passenger,ice,all,yearly,national,['manually_inputted_data $ guess'],1,0.39,manually_inputted_data $ guess,0.03,single_datapoint,no_comment
4389,2015,06_HKC,activity,bus,passenger_km_or_freight_tonne_km,road,passenger,ice,all,yearly,national,['estimated $ calculate_energy_and_activity()'],1,259617375000.0,estimated $ calculate_energy_and_activity(),23647500000.0,single_datapoint,no_comment
4390,2015,06_HKC,energy,bus,pj,road,passenger,ice,all,yearly,national,['estimated $ calculate_energy_and_activity()'],1,232.56970479493975,estimated $ calculate_energy_and_activity(),21.183836768006525,single_datapoint,no_comment
4391,2015,06_HKC,new_vehicle_efficiency,bus,km_per_pj,road,passenger,ice,all,yearly,national,['avg_eff_no_outliers $ transport_data_system_9th'],1,910941040.8338033,avg_eff_no_outliers $ transport_data_system_9th,70072387.7564464,single_datapoint,no_comment
4392,2015,06_HKC,travel_km,bus,km,road,passenger,ice,all,yearly,national,['estimated $ calculate_energy_and_activity()'],1,17307825000.0,estimated $ calculate_energy_and_activity(),1576500000.0,single_datapoint,no_comment
4393,2015,06_HKC,turnover_rate,bus,%,road,passenger,ice,all,yearly,national,['manually_inputted_data $ guess'],1,0.39,manually_inputted_data $ guess,0.03,single_datapoint,no_comment
4394,2016,06_HKC,activity,bus,passenger_km_or_freight_tonne_km,road,passenger,ice,all,yearly,national,['estimated $ calculate_energy_and_activity()'],1,259617375000.0,estimated $ calculate_energy_and_activity(),23796000000.0,single_datapoint,no_comment
4395,2016,06_HKC,energy,bus,pj,road,passenger,ice,all,yearly,national,['estimated $ calculate_energy_and_activity()'],1,232.56970479493975,estimated $ calculate_energy_and_activity(),21.31686561926137,single_datapoint,no_comment
4396,2016,06_HKC,new_vehicle_efficiency,bus,km_per_pj,road,passenger,ice,all,yearly,national,['avg_eff_no_outliers $ transport_data_system_9th'],1,910941040.8338033,avg_eff_no_outliers $ transport_data_system_9th,70072387.7564464,single_datapoint,no_comment
4397,2016,06_HKC,travel_km,bus,km,road,passenger,ice,all,yearly,national,['estimated $ calculate_energy_and_activity()'],1,17307825000.0,estimated $ calculate_energy_and_activity(),1586400000.0,single_datapoint,no_comment
4398,2016,06_HKC,turnover_rate,bus,%,road,passenger,ice,all,yearly,national,['manually_inputted_data $ guess'],1,0.39,manually_inputted_data $ guess,0.03,single_datapoint,no_comment
4399,2017,06_HKC,activity,bus,passenger_km_or_freight_tonne_km,road,passenger,ice,all,yearly,national,['estimated $ calculate_energy_and_activity()'],1,259617375000.0,estimated $ calculate_energy_and_activity(),23823000000.0,single_datapoint,no_comment
4400,2017,06_HKC,energy,bus,pj,road,passenger,ice,all,yearly,national,['estimated $ calculate_energy_and_activity()'],1,232.56970479493975,estimated $ calculate_energy_and_activity(),21.341052683125888,single_datapoint,no_comment
4401,2017,06_HKC,new_vehicle_efficiency,bus,km_per_pj,road,passenger,ice,all,yearly,national,['avg_eff_no_outliers $ transport_data_system_9th'],1,910941040.8338033,avg_eff_no_outliers $ transport_data_system_9th,70072387.7564464,single_datapoint,no_comment
4402,2017,06_HKC,travel_km,bus,km,road,passenger,ice,all,yearly,national,['estimated $ calculate_energy_and_activity()'],1,17307825000.0,estimated $ calculate_energy_and_activity(),1588200000.0,single_datapoint,no_comment
4403,2017,06_HKC,turnover_rate,bus,%,road,passenger,ice,all,yearly,national,['manually_inputted_data $ guess'],1,0.39,manually_inputted_data $ guess,0.03,single_datapoint,no_comment
4404,2018,06_HKC,activity,bus,passenger_km_or_freight_tonne_km,road,passenger,ice,all,yearly,national,['estimated $ calculate_energy_and_activity()'],1,259617375000.0,estimated $ calculate_energy_and_activity(),24549750000.0,single_datapoint,no_comment
4405,2018,06_HKC,energy,bus,pj,road,passenger,ice,all,yearly,national,['estimated $ calculate_energy_and_activity()'],1,232.56970479493975,estimated $ calculate_energy_and_activity(),21.992087818812482,single_datapoint,no_comment
4406,2018,06_HKC,new_vehicle_efficiency,bus,km_per_pj,road,passenger,ice,all,yearly,national,['avg_eff_no_outliers $ transport_data_system_9th'],1,910941040.8338033,avg_eff_no_outliers $ transport_data_system_9th,70072387.7564464,single_datapoint,no_comment
4407,2018,06_HKC,travel_km,bus,km,road,passenger,ice,all,yearly,national,['estimated $ calculate_energy_and_activity()'],1,17307825000.0,estimated $ calculate_energy_and_activity(),1636650000.0,single_datapoint,no_comment
4408,2018,06_HKC,turnover_rate,bus,%,road,passenger,ice,all,yearly,national,['manually_inputted_data $ guess'],1,0.39,manually_inputted_data $ guess,0.03,single_datapoint,no_comment
4409,2019,06_HKC,activity,bus,passenger_km_or_freight_tonne_km,road,passenger,ice,all,yearly,national,['estimated $ calculate_energy_and_activity()'],1,259617375000.0,estimated $ calculate_energy_and_activity(),24895125000.0,single_datapoint,no_comment
4410,2019,06_HKC,energy,bus,pj,road,passenger,ice,all,yearly,national,['estimated $ calculate_energy_and_activity()'],1,232.56970479493975,estimated $ calculate_energy_and_activity(),22.30148067741277,single_datapoint,no_comment
4411,2019,06_HKC,new_vehicle_efficiency,bus,km_per_pj,road,passenger,ice,all,yearly,national,['avg_eff_no_outliers $ transport_data_system_9th'],1,910941040.8338033,avg_eff_no_outliers $ transport_data_system_9th,70072387.7564464,single_datapoint,no_comment
4412,2019,06_HKC,travel_km,bus,km,road,passenger,ice,all,yearly,national,['estimated $ calculate_energy_and_activity()'],1,17307825000.0,estimated $ calculate_energy_and_activity(),1659675000.0,single_datapoint,no_comment
4413,2019,06_HKC,turnover_rate,bus,%,road,passenger,ice,all,yearly,national,['manually_inputted_data $ guess'],1,0.39,manually_inputted_data $ guess,0.03,single_datapoint,no_comment
4414,2020,06_HKC,activity,bus,passenger_km_or_freight_tonne_km,road,passenger,ice,all,yearly,national,['estimated $ calculate_energy_and_activity()'],1,259617375000.0,estimated $ calculate_energy_and_activity(),24753375000.0,single_datapoint,no_comment
4415,2020,06_HKC,energy,bus,pj,road,passenger,ice,all,yearly,national,['estimated $ calculate_energy_and_activity()'],1,232.56970479493975,estimated $ calculate_energy_and_activity(),22.174498592124053,single_datapoint,no_comment
4416,2020,06_HKC,new_vehicle_efficiency,bus,km_per_pj,road,passenger,ice,all,yearly,national,['avg_eff_no_outliers $ transport_data_system_9th'],1,910941040.8338033,avg_eff_no_outliers $ transport_data_system_9th,70072387.7564464,single_datapoint,no_comment
4417,2020,06_HKC,travel_km,bus,km,road,passenger,ice,all,yearly,national,['estimated $ calculate_energy_and_activity()'],1,17307825000.0,estimated $ calculate_energy_and_activity(),1650225000.0,single_datapoint,no_comment
4418,2020,06_HKC,turnover_rate,bus,%,road,passenger,ice,all,yearly,national,['manually_inputted_data $ guess'],1,0.39,manually_inputted_data $ guess,0.03,single_datapoint,no_comment
4419,2021,06_HKC,new_vehicle_efficiency,bus,km_per_pj,road,passenger,ice,all,yearly,national,['avg_eff_no_outliers $ transport_data_system_9th'],1,910941040.8338033,avg_eff_no_outliers $ transport_data_system_9th,70072387.7564464,single_datapoint,no_comment
4420,2021,06_HKC,turnover_rate,bus,%,road,passenger,ice,all,yearly,national,['manually_inputted_data $ guess'],1,0.39,manually_inputted_data $ guess,0.03,single_datapoint,no_comment
4421,2022,06_HKC,new_vehicle_efficiency,bus,km_per_pj,road,passenger,ice,all,yearly,national,['avg_eff_no_outliers $ transport_data_system_9th'],1,910941040.8338033,avg_eff_no_outliers $ transport_data_system_9th,70072387.7564464,single_datapoint,no_comment
4422,2022,06_HKC,turnover_rate,bus,%,road,passenger,ice,all,yearly,national,['manually_inputted_data $ guess'],1,0.39,manually_inputted_data $ guess,0.03,single_datapoint,no_comment
4423,2010,06_HKC,new_vehicle_efficiency,bus,km_per_pj,road,passenger,lpg,all,yearly,national,['avg_eff_no_outliers $ transport_data_system_9th'],1,1295830676.4857378,avg_eff_no_outliers $ transport_data_system_9th,99679282.8065952,single_datapoint,no_comment
4424,2010,06_HKC,turnover_rate,bus,%,road,passenger,lpg,all,yearly,national,['manually_inputted_data $ guess'],1,0.42,manually_inputted_data $ guess,0.03,manual,no_comment
4425,2011,06_HKC,new_vehicle_efficiency,bus,km_per_pj,road,passenger,lpg,all,yearly,national,['avg_eff_no_outliers $ transport_data_system_9th'],1,1295830676.4857378,avg_eff_no_outliers $ transport_data_system_9th,99679282.8065952,single_datapoint,no_comment
4426,2011,06_HKC,turnover_rate,bus,%,road,passenger,lpg,all,yearly,national,['manually_inputted_data $ guess'],1,0.42,manually_inputted_data $ guess,0.03,manual,no_comment
4427,2012,06_HKC,new_vehicle_efficiency,bus,km_per_pj,road,passenger,lpg,all,yearly,national,['avg_eff_no_outliers $ transport_data_system_9th'],1,1295830676.4857378,avg_eff_no_outliers $ transport_data_system_9th,99679282.8065952,single_datapoint,no_comment
4428,2012,06_HKC,turnover_rate,bus,%,road,passenger,lpg,all,yearly,national,['manually_inputted_data $ guess'],1,0.42,manually_inputted_data $ guess,0.03,manual,no_comment
4429,2013,06_HKC,new_vehicle_efficiency,bus,km_per_pj,road,passenger,lpg,all,yearly,national,['avg_eff_no_outliers $ transport_data_system_9th'],1,1295830676.4857378,avg_eff_no_outliers $ transport_data_system_9th,99679282.8065952,single_datapoint,no_comment
4430,2013,06_HKC,turnover_rate,bus,%,road,passenger,lpg,all,yearly,national,['manually_inputted_data $ guess'],1,0.42,manually_inputted_data $ guess,0.03,manual,no_comment
4431,2014,06_HKC,new_vehicle_efficiency,bus,km_per_pj,road,passenger,lpg,all,yearly,national,['avg_eff_no_outliers $ transport_data_system_9th'],1,1295830676.4857378,avg_eff_no_outliers $ transport_data_system_9th,99679282.8065952,single_datapoint,no_comment
4432,2014,06_HKC,turnover_rate,bus,%,road,passenger,lpg,all,yearly,national,['manually_inputted_data $ guess'],1,0.42,manually_inputted_data $ guess,0.03,manual,no_comment
4433,2015,06_HKC,new_vehicle_efficiency,bus,km_per_pj,road,passenger,lpg,all,yearly,national,['avg_eff_no_outliers $ transport_data_system_9th'],1,1295830676.4857378,avg_eff_no_outliers $ transport_data_system_9th,99679282.8065952,single_datapoint,no_comment
4434,2015,06_HKC,turnover_rate,bus,%,road,passenger,lpg,all,yearly,national,['manually_inputted_data $ guess'],1,0.42,manually_inputted_data $ guess,0.03,manual,no_comment
4435,2016,06_HKC,new_vehicle_efficiency,bus,km_per_pj,road,passenger,lpg,all,yearly,national,['avg_eff_no_outliers $ transport_data_system_9th'],1,1295830676.4857378,avg_eff_no_outliers $ transport_data_system_9th,99679282.8065952,single_datapoint,no_comment
4436,2016,06_HKC,turnover_rate,bus,%,road,passenger,lpg,all,yearly,national,['manually_inputted_data $ guess'],1,0.42,manually_inputted_data $ guess,0.03,manual,no_comment
4437,2017,06_HKC,activity,bus,passenger_km_or_freight_tonne_km,road,passenger,lpg,all,yearly,national,"['8th_edition_transport_model $ reference', 'estimated $ calculate_energy_and_activity()']",2,6082917575.627468,estimated $ calculate_energy_and_activity(),4347000000.0,manual,no_comment
4438,2017,06_HKC,energy,bus,pj,road,passenger,lpg,all,yearly,national,"['8th_edition_transport_model $ reference', 'estimated $ calculate_energy_and_activity()']",2,4.481916334151572,estimated $ calculate_energy_and_activity(),3.894117282187308,manual,no_comment
4439,2017,06_HKC,new_vehicle_efficiency,bus,km_per_pj,road,passenger,lpg,all,yearly,national,['avg_eff_no_outliers $ transport_data_system_9th'],1,1295830676.4857378,avg_eff_no_outliers $ transport_data_system_9th,99679282.8065952,single_datapoint,no_comment
4440,2017,06_HKC,travel_km,bus,km,road,passenger,lpg,all,yearly,national,['estimated $ calculate_energy_and_activity()'],1,289800000.0,estimated $ calculate_energy_and_activity(),289800000.0,single_datapoint,no_comment
4441,2017,06_HKC,turnover_rate,bus,%,road,passenger,lpg,all,yearly,national,"['manually_inputted_data $ guess', 'turnover_rate_est']",2,0.42,manually_inputted_data $ guess,0.03,manual,no_comment
4442,2018,06_HKC,new_vehicle_efficiency,bus,km_per_pj,road,passenger,lpg,all,yearly,national,['avg_eff_no_outliers $ transport_data_system_9th'],1,1295830676.4857378,avg_eff_no_outliers $ transport_data_system_9th,99679282.8065952,single_datapoint,no_comment
4443,2018,06_HKC,turnover_rate,bus,%,road,passenger,lpg,all,yearly,national,['manually_inputted_data $ guess'],1,0.42,manually_inputted_data $ guess,0.03,manual,no_comment
4444,2019,06_HKC,new_vehicle_efficiency,bus,km_per_pj,road,passenger,lpg,all,yearly,national,['avg_eff_no_outliers $ transport_data_system_9th'],1,1295830676.4857378,avg_eff_no_outliers $ transport_data_system_9th,99679282.8065952,single_datapoint,no_comment
4445,2019,06_HKC,turnover_rate,bus,%,road,passenger,lpg,all,yearly,national,['manually_inputted_data $ guess'],1,0.42,manually_inputted_data $ guess,0.03,manual,no_comment
4446,2020,06_HKC,new_vehicle_efficiency,bus,km_per_pj,road,passenger,lpg,all,yearly,national,['avg_eff_no_outliers $ transport_data_system_9th'],1,1295830676.4857378,avg_eff_no_outliers $ transport_data_system_9th,99679282.8065952,single_datapoint,no_comment
4447,2020,06_HKC,turnover_rate,bus,%,road,passenger,lpg,all,yearly,national,['manually_inputted_data $ guess'],1,0.42,manually_inputted_data $ guess,0.03,manual,no_comment
4448,2021,06_HKC,new_vehicle_efficiency,bus,km_per_pj,road,passenger,lpg,all,yearly,national,['avg_eff_no_outliers $ transport_data_system_9th'],1,1295830676.4857378,avg_eff_no_outliers $ transport_data_system_9th,99679282.8065952,single_datapoint,no_comment
4449,2021,06_HKC,turnover_rate,bus,%,road,passenger,lpg,all,yearly,national,['manually_inputted_data $ guess'],1,0.42,manually_inputted_data $ guess,0.03,manual,no_comment
4450,2022,06_HKC,new_vehicle_efficiency,bus,km_per_pj,road,passenger,lpg,all,yearly,national,['avg_eff_no_outliers $ transport_data_system_9th'],1,1295830676.4857378,avg_eff_no_outliers $ transport_data_system_9th,99679282.8065952,single_datapoint,no_comment
4451,2022,06_HKC,turnover_rate,bus,%,road,passenger,lpg,all,yearly,national,['manually_inputted_data $ guess'],1,0.42,manually_inputted_data $ guess,0.03,manual,no_comment
4452,2010,06_HKC,new_vehicle_efficiency,bus,km_per_pj,road,passenger,phev,all,yearly,national,['avg_eff_no_outliers $ transport_data_system_9th'],1,1472018422.278209,avg_eff_no_outliers $ transport_data_system_9th,113232186.329093,single_datapoint,no_comment
4453,2010,06_HKC,turnover_rate,bus,%,road,passenger,phev,all,yearly,national,['manually_inputted_data $ guess'],1,0.39,manually_inputted_data $ guess,0.03,single_datapoint,no_comment
4454,2011,06_HKC,new_vehicle_efficiency,bus,km_per_pj,road,passenger,phev,all,yearly,national,['avg_eff_no_outliers $ transport_data_system_9th'],1,1472018422.278209,avg_eff_no_outliers $ transport_data_system_9th,113232186.329093,single_datapoint,no_comment
4455,2011,06_HKC,turnover_rate,bus,%,road,passenger,phev,all,yearly,national,['manually_inputted_data $ guess'],1,0.39,manually_inputted_data $ guess,0.03,single_datapoint,no_comment
4456,2012,06_HKC,new_vehicle_efficiency,bus,km_per_pj,road,passenger,phev,all,yearly,national,['avg_eff_no_outliers $ transport_data_system_9th'],1,1472018422.278209,avg_eff_no_outliers $ transport_data_system_9th,113232186.329093,single_datapoint,no_comment
4457,2012,06_HKC,turnover_rate,bus,%,road,passenger,phev,all,yearly,national,['manually_inputted_data $ guess'],1,0.39,manually_inputted_data $ guess,0.03,single_datapoint,no_comment
4458,2013,06_HKC,new_vehicle_efficiency,bus,km_per_pj,road,passenger,phev,all,yearly,national,['avg_eff_no_outliers $ transport_data_system_9th'],1,1472018422.278209,avg_eff_no_outliers $ transport_data_system_9th,113232186.329093,single_datapoint,no_comment
4459,2013,06_HKC,turnover_rate,bus,%,road,passenger,phev,all,yearly,national,['manually_inputted_data $ guess'],1,0.39,manually_inputted_data $ guess,0.03,single_datapoint,no_comment
4460,2014,06_HKC,new_vehicle_efficiency,bus,km_per_pj,road,passenger,phev,all,yearly,national,['avg_eff_no_outliers $ transport_data_system_9th'],1,1472018422.278209,avg_eff_no_outliers $ transport_data_system_9th,113232186.329093,single_datapoint,no_comment
4461,2014,06_HKC,turnover_rate,bus,%,road,passenger,phev,all,yearly,national,['manually_inputted_data $ guess'],1,0.39,manually_inputted_data $ guess,0.03,single_datapoint,no_comment
4462,2015,06_HKC,new_vehicle_efficiency,bus,km_per_pj,road,passenger,phev,all,yearly,national,['avg_eff_no_outliers $ transport_data_system_9th'],1,1472018422.278209,avg_eff_no_outliers $ transport_data_system_9th,113232186.329093,single_datapoint,no_comment
4463,2015,06_HKC,turnover_rate,bus,%,road,passenger,phev,all,yearly,national,['manually_inputted_data $ guess'],1,0.39,manually_inputted_data $ guess,0.03,single_datapoint,no_comment
4464,2016,06_HKC,new_vehicle_efficiency,bus,km_per_pj,road,passenger,phev,all,yearly,national,['avg_eff_no_outliers $ transport_data_system_9th'],1,1472018422.278209,avg_eff_no_outliers $ transport_data_system_9th,113232186.329093,single_datapoint,no_comment
4465,2016,06_HKC,turnover_rate,bus,%,road,passenger,phev,all,yearly,national,['manually_inputted_data $ guess'],1,0.39,manually_inputted_data $ guess,0.03,single_datapoint,no_comment
4466,2017,06_HKC,new_vehicle_efficiency,bus,km_per_pj,road,passenger,phev,all,yearly,national,['avg_eff_no_outliers $ transport_data_system_9th'],1,1472018422.278209,avg_eff_no_outliers $ transport_data_system_9th,113232186.329093,single_datapoint,no_comment
4467,2017,06_HKC,turnover_rate,bus,%,road,passenger,phev,all,yearly,national,['manually_inputted_data $ guess'],1,0.39,manually_inputted_data $ guess,0.03,single_datapoint,no_comment
4468,2018,06_HKC,new_vehicle_efficiency,bus,km_per_pj,road,passenger,phev,all,yearly,national,['avg_eff_no_outliers $ transport_data_system_9th'],1,1472018422.278209,avg_eff_no_outliers $ transport_data_system_9th,113232186.329093,single_datapoint,no_comment
4469,2018,06_HKC,turnover_rate,bus,%,road,passenger,phev,all,yearly,national,['manually_inputted_data $ guess'],1,0.39,manually_inputted_data $ guess,0.03,single_datapoint,no_comment
4470,2019,06_HKC,new_vehicle_efficiency,bus,km_per_pj,road,passenger,phev,all,yearly,national,['avg_eff_no_outliers $ transport_data_system_9th'],1,1472018422.278209,avg_eff_no_outliers $ transport_data_system_9th,113232186.329093,single_datapoint,no_comment
4471,2019,06_HKC,turnover_rate,bus,%,road,passenger,phev,all,yearly,national,['manually_inputted_data $ guess'],1,0.39,manually_inputted_data $ guess,0.03,single_datapoint,no_comment
4472,2020,06_HKC,new_vehicle_efficiency,bus,km_per_pj,road,passenger,phev,all,yearly,national,['avg_eff_no_outliers $ transport_data_system_9th'],1,1472018422.278209,avg_eff_no_outliers $ transport_data_system_9th,113232186.329093,single_datapoint,no_comment
4473,2020,06_HKC,turnover_rate,bus,%,road,passenger,phev,all,yearly,national,['manually_inputted_data $ guess'],1,0.39,manually_inputted_data $ guess,0.03,single_datapoint,no_comment
4474,2021,06_HKC,new_vehicle_efficiency,bus,km_per_pj,road,passenger,phev,all,yearly,national,['avg_eff_no_outliers $ transport_data_system_9th'],1,1472018422.278209,avg_eff_no_outliers $ transport_data_system_9th,113232186.329093,single_datapoint,no_comment
4475,2021,06_HKC,turnover_rate,bus,%,road,passenger,phev,all,yearly,national,['manually_inputted_data $ guess'],1,0.39,manually_inputted_data $ guess,0.03,single_datapoint,no_comment
4476,2022,06_HKC,new_vehicle_efficiency,bus,km_per_pj,road,passenger,phev,all,yearly,national,['avg_eff_no_outliers $ transport_data_system_9th'],1,1472018422.278209,avg_eff_no_outliers $ transport_data_system_9th,113232186.329093,single_datapoint,no_comment
4477,2022,06_HKC,turnover_rate,bus,%,road,passenger,phev,all,yearly,national,['manually_inputted_data $ guess'],1,0.39,manually_inputted_data $ guess,0.03,single_datapoint,no_comment
4478,2010,06_HKC,new_vehicle_efficiency,ht,km_per_pj,road,freight,bev,all,yearly,national,['avg_eff_no_outliers $ transport_data_system_9th'],1,3249486640.872147,avg_eff_no_outliers $ transport_data_system_9th,249960510.836319,single_datapoint,no_comment
4479,2010,06_HKC,turnover_rate,ht,%,road,freight,bev,all,yearly,national,['manually_inputted_data $ guess'],1,0.42,manually_inputted_data $ guess,0.03,manual,no_comment
4480,2011,06_HKC,new_vehicle_efficiency,ht,km_per_pj,road,freight,bev,all,yearly,national,['avg_eff_no_outliers $ transport_data_system_9th'],1,3249486640.872147,avg_eff_no_outliers $ transport_data_system_9th,249960510.836319,single_datapoint,no_comment
4481,2011,06_HKC,turnover_rate,ht,%,road,freight,bev,all,yearly,national,['manually_inputted_data $ guess'],1,0.42,manually_inputted_data $ guess,0.03,manual,no_comment
4482,2012,06_HKC,new_vehicle_efficiency,ht,km_per_pj,road,freight,bev,all,yearly,national,['avg_eff_no_outliers $ transport_data_system_9th'],1,3249486640.872147,avg_eff_no_outliers $ transport_data_system_9th,249960510.836319,single_datapoint,no_comment
4483,2012,06_HKC,turnover_rate,ht,%,road,freight,bev,all,yearly,national,['manually_inputted_data $ guess'],1,0.42,manually_inputted_data $ guess,0.03,manual,no_comment
4484,2013,06_HKC,new_vehicle_efficiency,ht,km_per_pj,road,freight,bev,all,yearly,national,['avg_eff_no_outliers $ transport_data_system_9th'],1,3249486640.872147,avg_eff_no_outliers $ transport_data_system_9th,249960510.836319,single_datapoint,no_comment
4485,2013,06_HKC,turnover_rate,ht,%,road,freight,bev,all,yearly,national,['manually_inputted_data $ guess'],1,0.42,manually_inputted_data $ guess,0.03,manual,no_comment
4486,2014,06_HKC,new_vehicle_efficiency,ht,km_per_pj,road,freight,bev,all,yearly,national,['avg_eff_no_outliers $ transport_data_system_9th'],1,3249486640.872147,avg_eff_no_outliers $ transport_data_system_9th,249960510.836319,single_datapoint,no_comment
4487,2014,06_HKC,turnover_rate,ht,%,road,freight,bev,all,yearly,national,['manually_inputted_data $ guess'],1,0.42,manually_inputted_data $ guess,0.03,manual,no_comment
4488,2015,06_HKC,new_vehicle_efficiency,ht,km_per_pj,road,freight,bev,all,yearly,national,['avg_eff_no_outliers $ transport_data_system_9th'],1,3249486640.872147,avg_eff_no_outliers $ transport_data_system_9th,249960510.836319,single_datapoint,no_comment
4489,2015,06_HKC,turnover_rate,ht,%,road,freight,bev,all,yearly,national,['manually_inputted_data $ guess'],1,0.42,manually_inputted_data $ guess,0.03,manual,no_comment
4490,2016,06_HKC,new_vehicle_efficiency,ht,km_per_pj,road,freight,bev,all,yearly,national,['avg_eff_no_outliers $ transport_data_system_9th'],1,3249486640.872147,avg_eff_no_outliers $ transport_data_system_9th,249960510.836319,single_datapoint,no_comment
4491,2016,06_HKC,turnover_rate,ht,%,road,freight,bev,all,yearly,national,['manually_inputted_data $ guess'],1,0.42,manually_inputted_data $ guess,0.03,manual,no_comment
4492,2017,06_HKC,new_vehicle_efficiency,ht,km_per_pj,road,freight,bev,all,yearly,national,['avg_eff_no_outliers $ transport_data_system_9th'],1,3249486640.872147,avg_eff_no_outliers $ transport_data_system_9th,249960510.836319,single_datapoint,no_comment
4493,2017,06_HKC,turnover_rate,ht,%,road,freight,bev,all,yearly,national,"['manually_inputted_data $ guess', 'turnover_rate_est']",2,0.42,manually_inputted_data $ guess,0.03,manual,no_comment
4494,2018,06_HKC,new_vehicle_efficiency,ht,km_per_pj,road,freight,bev,all,yearly,national,['avg_eff_no_outliers $ transport_data_system_9th'],1,3249486640.872147,avg_eff_no_outliers $ transport_data_system_9th,249960510.836319,single_datapoint,no_comment
4495,2018,06_HKC,turnover_rate,ht,%,road,freight,bev,all,yearly,national,['manually_inputted_data $ guess'],1,0.42,manually_inputted_data $ guess,0.03,manual,no_comment
4496,2019,06_HKC,new_vehicle_efficiency,ht,km_per_pj,road,freight,bev,all,yearly,national,['avg_eff_no_outliers $ transport_data_system_9th'],1,3249486640.872147,avg_eff_no_outliers $ transport_data_system_9th,249960510.836319,single_datapoint,no_comment
4497,2019,06_HKC,turnover_rate,ht,%,road,freight,bev,all,yearly,national,['manually_inputted_data $ guess'],1,0.42,manually_inputted_data $ guess,0.03,manual,no_comment
4498,2020,06_HKC,new_vehicle_efficiency,ht,km_per_pj,road,freight,bev,all,yearly,national,['avg_eff_no_outliers $ transport_data_system_9th'],1,3249486640.872147,avg_eff_no_outliers $ transport_data_system_9th,249960510.836319,single_datapoint,no_comment
4499,2020,06_HKC,turnover_rate,ht,%,road,freight,bev,all,yearly,national,['manually_inputted_data $ guess'],1,0.42,manually_inputted_data $ guess,0.03,manual,no_comment
4500,2021,06_HKC,new_vehicle_efficiency,ht,km_per_pj,road,freight,bev,all,yearly,national,['avg_eff_no_outliers $ transport_data_system_9th'],1,3249486640.872147,avg_eff_no_outliers $ transport_data_system_9th,249960510.836319,single_datapoint,no_comment
4501,2021,06_HKC,turnover_rate,ht,%,road,freight,bev,all,yearly,national,['manually_inputted_data $ guess'],1,0.42,manually_inputted_data $ guess,0.03,manual,no_comment
4502,2022,06_HKC,new_vehicle_efficiency,ht,km_per_pj,road,freight,bev,all,yearly,national,['avg_eff_no_outliers $ transport_data_system_9th'],1,3249486640.872147,avg_eff_no_outliers $ transport_data_system_9th,249960510.836319,single_datapoint,no_comment
4503,2022,06_HKC,turnover_rate,ht,%,road,freight,bev,all,yearly,national,['manually_inputted_data $ guess'],1,0.42,manually_inputted_data $ guess,0.03,manual,no_comment
4504,2010,06_HKC,new_vehicle_efficiency,ht,km_per_pj,road,freight,cng,all,yearly,national,['avg_eff_no_outliers $ transport_data_system_9th'],1,1775178058.548531,avg_eff_no_outliers $ transport_data_system_9th,136552158.349887,single_datapoint,no_comment
4505,2010,06_HKC,turnover_rate,ht,%,road,freight,cng,all,yearly,national,['manually_inputted_data $ guess'],1,0.42,manually_inputted_data $ guess,0.03,manual,no_comment
4506,2011,06_HKC,new_vehicle_efficiency,ht,km_per_pj,road,freight,cng,all,yearly,national,['avg_eff_no_outliers $ transport_data_system_9th'],1,1775178058.548531,avg_eff_no_outliers $ transport_data_system_9th,136552158.349887,single_datapoint,no_comment
4507,2011,06_HKC,turnover_rate,ht,%,road,freight,cng,all,yearly,national,['manually_inputted_data $ guess'],1,0.42,manually_inputted_data $ guess,0.03,manual,no_comment
4508,2012,06_HKC,new_vehicle_efficiency,ht,km_per_pj,road,freight,cng,all,yearly,national,['avg_eff_no_outliers $ transport_data_system_9th'],1,1775178058.548531,avg_eff_no_outliers $ transport_data_system_9th,136552158.349887,single_datapoint,no_comment
4509,2012,06_HKC,turnover_rate,ht,%,road,freight,cng,all,yearly,national,['manually_inputted_data $ guess'],1,0.42,manually_inputted_data $ guess,0.03,manual,no_comment
4510,2013,06_HKC,new_vehicle_efficiency,ht,km_per_pj,road,freight,cng,all,yearly,national,['avg_eff_no_outliers $ transport_data_system_9th'],1,1775178058.548531,avg_eff_no_outliers $ transport_data_system_9th,136552158.349887,single_datapoint,no_comment
4511,2013,06_HKC,turnover_rate,ht,%,road,freight,cng,all,yearly,national,['manually_inputted_data $ guess'],1,0.42,manually_inputted_data $ guess,0.03,manual,no_comment
4512,2014,06_HKC,new_vehicle_efficiency,ht,km_per_pj,road,freight,cng,all,yearly,national,['avg_eff_no_outliers $ transport_data_system_9th'],1,1775178058.548531,avg_eff_no_outliers $ transport_data_system_9th,136552158.349887,single_datapoint,no_comment
4513,2014,06_HKC,turnover_rate,ht,%,road,freight,cng,all,yearly,national,['manually_inputted_data $ guess'],1,0.42,manually_inputted_data $ guess,0.03,manual,no_comment
4514,2015,06_HKC,new_vehicle_efficiency,ht,km_per_pj,road,freight,cng,all,yearly,national,['avg_eff_no_outliers $ transport_data_system_9th'],1,1775178058.548531,avg_eff_no_outliers $ transport_data_system_9th,136552158.349887,single_datapoint,no_comment
4515,2015,06_HKC,turnover_rate,ht,%,road,freight,cng,all,yearly,national,['manually_inputted_data $ guess'],1,0.42,manually_inputted_data $ guess,0.03,manual,no_comment
4516,2016,06_HKC,new_vehicle_efficiency,ht,km_per_pj,road,freight,cng,all,yearly,national,['avg_eff_no_outliers $ transport_data_system_9th'],1,1775178058.548531,avg_eff_no_outliers $ transport_data_system_9th,136552158.349887,single_datapoint,no_comment
4517,2016,06_HKC,turnover_rate,ht,%,road,freight,cng,all,yearly,national,['manually_inputted_data $ guess'],1,0.42,manually_inputted_data $ guess,0.03,manual,no_comment
4518,2017,06_HKC,new_vehicle_efficiency,ht,km_per_pj,road,freight,cng,all,yearly,national,['avg_eff_no_outliers $ transport_data_system_9th'],1,1775178058.548531,avg_eff_no_outliers $ transport_data_system_9th,136552158.349887,single_datapoint,no_comment
4519,2017,06_HKC,turnover_rate,ht,%,road,freight,cng,all,yearly,national,"['manually_inputted_data $ guess', 'turnover_rate_est']",2,0.42,manually_inputted_data $ guess,0.03,manual,no_comment
4520,2018,06_HKC,new_vehicle_efficiency,ht,km_per_pj,road,freight,cng,all,yearly,national,['avg_eff_no_outliers $ transport_data_system_9th'],1,1775178058.548531,avg_eff_no_outliers $ transport_data_system_9th,136552158.349887,single_datapoint,no_comment
4521,2018,06_HKC,turnover_rate,ht,%,road,freight,cng,all,yearly,national,['manually_inputted_data $ guess'],1,0.42,manually_inputted_data $ guess,0.03,manual,no_comment
4522,2019,06_HKC,new_vehicle_efficiency,ht,km_per_pj,road,freight,cng,all,yearly,national,['avg_eff_no_outliers $ transport_data_system_9th'],1,1775178058.548531,avg_eff_no_outliers $ transport_data_system_9th,136552158.349887,single_datapoint,no_comment
4523,2019,06_HKC,turnover_rate,ht,%,road,freight,cng,all,yearly,national,['manually_inputted_data $ guess'],1,0.42,manually_inputted_data $ guess,0.03,manual,no_comment
4524,2020,06_HKC,new_vehicle_efficiency,ht,km_per_pj,road,freight,cng,all,yearly,national,['avg_eff_no_outliers $ transport_data_system_9th'],1,1775178058.548531,avg_eff_no_outliers $ transport_data_system_9th,136552158.349887,single_datapoint,no_comment
4525,2020,06_HKC,turnover_rate,ht,%,road,freight,cng,all,yearly,national,['manually_inputted_data $ guess'],1,0.42,manually_inputted_data $ guess,0.03,manual,no_comment
4526,2021,06_HKC,new_vehicle_efficiency,ht,km_per_pj,road,freight,cng,all,yearly,national,['avg_eff_no_outliers $ transport_data_system_9th'],1,1775178058.548531,avg_eff_no_outliers $ transport_data_system_9th,136552158.349887,single_datapoint,no_comment
4527,2021,06_HKC,turnover_rate,ht,%,road,freight,cng,all,yearly,national,['manually_inputted_data $ guess'],1,0.42,manually_inputted_data $ guess,0.03,manual,no_comment
4528,2022,06_HKC,new_vehicle_efficiency,ht,km_per_pj,road,freight,cng,all,yearly,national,['avg_eff_no_outliers $ transport_data_system_9th'],1,1775178058.548531,avg_eff_no_outliers $ transport_data_system_9th,136552158.349887,single_datapoint,no_comment
4529,2022,06_HKC,turnover_rate,ht,%,road,freight,cng,all,yearly,national,['manually_inputted_data $ guess'],1,0.42,manually_inputted_data $ guess,0.03,manual,no_comment
4530,2017,06_HKC,turnover_rate,ht,%,road,freight,fcev,all,yearly,national,['turnover_rate_est'],1,0.03,turnover_rate_est,0.03,single_datapoint,no_comment
4531,2010,06_HKC,new_vehicle_efficiency,ht,km_per_pj,road,freight,ice,all,yearly,national,['avg_eff_no_outliers $ transport_data_system_9th'],1,1058551713.3301452,avg_eff_no_outliers $ transport_data_system_9th,81427054.87154964,single_datapoint,no_comment
4532,2010,06_HKC,turnover_rate,ht,%,road,freight,ice,all,yearly,national,['manually_inputted_data $ guess'],1,0.39,manually_inputted_data $ guess,0.03,single_datapoint,no_comment
4533,2011,06_HKC,new_vehicle_efficiency,ht,km_per_pj,road,freight,ice,all,yearly,national,['avg_eff_no_outliers $ transport_data_system_9th'],1,1058551713.3301452,avg_eff_no_outliers $ transport_data_system_9th,81427054.87154964,single_datapoint,no_comment
4534,2011,06_HKC,turnover_rate,ht,%,road,freight,ice,all,yearly,national,['manually_inputted_data $ guess'],1,0.39,manually_inputted_data $ guess,0.03,single_datapoint,no_comment
4535,2012,06_HKC,new_vehicle_efficiency,ht,km_per_pj,road,freight,ice,all,yearly,national,['avg_eff_no_outliers $ transport_data_system_9th'],1,1058551713.3301452,avg_eff_no_outliers $ transport_data_system_9th,81427054.87154964,single_datapoint,no_comment
4536,2012,06_HKC,turnover_rate,ht,%,road,freight,ice,all,yearly,national,['manually_inputted_data $ guess'],1,0.39,manually_inputted_data $ guess,0.03,single_datapoint,no_comment
4537,2013,06_HKC,new_vehicle_efficiency,ht,km_per_pj,road,freight,ice,all,yearly,national,['avg_eff_no_outliers $ transport_data_system_9th'],1,1058551713.3301452,avg_eff_no_outliers $ transport_data_system_9th,81427054.87154964,single_datapoint,no_comment
4538,2013,06_HKC,turnover_rate,ht,%,road,freight,ice,all,yearly,national,['manually_inputted_data $ guess'],1,0.39,manually_inputted_data $ guess,0.03,single_datapoint,no_comment
4539,2014,06_HKC,new_vehicle_efficiency,ht,km_per_pj,road,freight,ice,all,yearly,national,['avg_eff_no_outliers $ transport_data_system_9th'],1,1058551713.3301452,avg_eff_no_outliers $ transport_data_system_9th,81427054.87154964,single_datapoint,no_comment
4540,2014,06_HKC,turnover_rate,ht,%,road,freight,ice,all,yearly,national,['manually_inputted_data $ guess'],1,0.39,manually_inputted_data $ guess,0.03,single_datapoint,no_comment
4541,2015,06_HKC,new_vehicle_efficiency,ht,km_per_pj,road,freight,ice,all,yearly,national,['avg_eff_no_outliers $ transport_data_system_9th'],1,1058551713.3301452,avg_eff_no_outliers $ transport_data_system_9th,81427054.87154964,single_datapoint,no_comment
4542,2015,06_HKC,turnover_rate,ht,%,road,freight,ice,all,yearly,national,['manually_inputted_data $ guess'],1,0.39,manually_inputted_data $ guess,0.03,single_datapoint,no_comment
4543,2016,06_HKC,new_vehicle_efficiency,ht,km_per_pj,road,freight,ice,all,yearly,national,['avg_eff_no_outliers $ transport_data_system_9th'],1,1058551713.3301452,avg_eff_no_outliers $ transport_data_system_9th,81427054.87154964,single_datapoint,no_comment
4544,2016,06_HKC,turnover_rate,ht,%,road,freight,ice,all,yearly,national,['manually_inputted_data $ guess'],1,0.39,manually_inputted_data $ guess,0.03,single_datapoint,no_comment
4545,2017,06_HKC,activity,ht,passenger_km_or_freight_tonne_km,road,freight,ice,all,yearly,national,['estimated $ calculate_energy_and_activity()'],1,30166875000.0,estimated $ calculate_energy_and_activity(),30166875000.0,single_datapoint,no_comment
4546,2017,06_HKC,energy,ht,pj,road,freight,ice,all,yearly,national,['estimated $ calculate_energy_and_activity()'],1,75.99359646553815,estimated $ calculate_energy_and_activity(),75.99359646553815,single_datapoint,no_comment
4547,2017,06_HKC,new_vehicle_efficiency,ht,km_per_pj,road,freight,ice,all,yearly,national,['avg_eff_no_outliers $ transport_data_system_9th'],1,1058551713.3301452,avg_eff_no_outliers $ transport_data_system_9th,81427054.87154964,single_datapoint,no_comment
4548,2017,06_HKC,travel_km,ht,km,road,freight,ice,all,yearly,national,['estimated $ calculate_energy_and_activity()'],1,5363000000.0,estimated $ calculate_energy_and_activity(),5363000000.0,single_datapoint,no_comment
4549,2017,06_HKC,turnover_rate,ht,%,road,freight,ice,all,yearly,national,['manually_inputted_data $ guess'],1,0.39,manually_inputted_data $ guess,0.03,single_datapoint,no_comment
4550,2018,06_HKC,new_vehicle_efficiency,ht,km_per_pj,road,freight,ice,all,yearly,national,['avg_eff_no_outliers $ transport_data_system_9th'],1,1058551713.3301452,avg_eff_no_outliers $ transport_data_system_9th,81427054.87154964,single_datapoint,no_comment
4551,2018,06_HKC,turnover_rate,ht,%,road,freight,ice,all,yearly,national,['manually_inputted_data $ guess'],1,0.39,manually_inputted_data $ guess,0.03,single_datapoint,no_comment
4552,2019,06_HKC,new_vehicle_efficiency,ht,km_per_pj,road,freight,ice,all,yearly,national,['avg_eff_no_outliers $ transport_data_system_9th'],1,1058551713.3301452,avg_eff_no_outliers $ transport_data_system_9th,81427054.87154964,single_datapoint,no_comment
4553,2019,06_HKC,turnover_rate,ht,%,road,freight,ice,all,yearly,national,['manually_inputted_data $ guess'],1,0.39,manually_inputted_data $ guess,0.03,single_datapoint,no_comment
4554,2020,06_HKC,new_vehicle_efficiency,ht,km_per_pj,road,freight,ice,all,yearly,national,['avg_eff_no_outliers $ transport_data_system_9th'],1,1058551713.3301452,avg_eff_no_outliers $ transport_data_system_9th,81427054.87154964,single_datapoint,no_comment
4555,2020,06_HKC,turnover_rate,ht,%,road,freight,ice,all,yearly,national,['manually_inputted_data $ guess'],1,0.39,manually_inputted_data $ guess,0.03,single_datapoint,no_comment
4556,2021,06_HKC,new_vehicle_efficiency,ht,km_per_pj,road,freight,ice,all,yearly,national,['avg_eff_no_outliers $ transport_data_system_9th'],1,1058551713.3301452,avg_eff_no_outliers $ transport_data_system_9th,81427054.87154964,single_datapoint,no_comment
4557,2021,06_HKC,turnover_rate,ht,%,road,freight,ice,all,yearly,national,['manually_inputted_data $ guess'],1,0.39,manually_inputted_data $ guess,0.03,single_datapoint,no_comment
4558,2022,06_HKC,new_vehicle_efficiency,ht,km_per_pj,road,freight,ice,all,yearly,national,['avg_eff_no_outliers $ transport_data_system_9th'],1,1058551713.3301452,avg_eff_no_outliers $ transport_data_system_9th,81427054.87154964,single_datapoint,no_comment
4559,2022,06_HKC,turnover_rate,ht,%,road,freight,ice,all,yearly,national,['manually_inputted_data $ guess'],1,0.39,manually_inputted_data $ guess,0.03,single_datapoint,no_comment
4560,2010,06_HKC,new_vehicle_efficiency,ht,km_per_pj,road,freight,lpg,all,yearly,national,['avg_eff_no_outliers $ transport_data_system_9th'],1,1405649677.815799,avg_eff_no_outliers $ transport_data_system_9th,108126898.293523,single_datapoint,no_comment
4561,2010,06_HKC,turnover_rate,ht,%,road,freight,lpg,all,yearly,national,['manually_inputted_data $ guess'],1,0.42,manually_inputted_data $ guess,0.03,manual,no_comment
4562,2011,06_HKC,new_vehicle_efficiency,ht,km_per_pj,road,freight,lpg,all,yearly,national,['avg_eff_no_outliers $ transport_data_system_9th'],1,1405649677.815799,avg_eff_no_outliers $ transport_data_system_9th,108126898.293523,single_datapoint,no_comment
4563,2011,06_HKC,turnover_rate,ht,%,road,freight,lpg,all,yearly,national,['manually_inputted_data $ guess'],1,0.42,manually_inputted_data $ guess,0.03,manual,no_comment
4564,2012,06_HKC,new_vehicle_efficiency,ht,km_per_pj,road,freight,lpg,all,yearly,national,['avg_eff_no_outliers $ transport_data_system_9th'],1,1405649677.815799,avg_eff_no_outliers $ transport_data_system_9th,108126898.293523,single_datapoint,no_comment
4565,2012,06_HKC,turnover_rate,ht,%,road,freight,lpg,all,yearly,national,['manually_inputted_data $ guess'],1,0.42,manually_inputted_data $ guess,0.03,manual,no_comment
4566,2013,06_HKC,new_vehicle_efficiency,ht,km_per_pj,road,freight,lpg,all,yearly,national,['avg_eff_no_outliers $ transport_data_system_9th'],1,1405649677.815799,avg_eff_no_outliers $ transport_data_system_9th,108126898.293523,single_datapoint,no_comment
4567,2013,06_HKC,turnover_rate,ht,%,road,freight,lpg,all,yearly,national,['manually_inputted_data $ guess'],1,0.42,manually_inputted_data $ guess,0.03,manual,no_comment
4568,2014,06_HKC,new_vehicle_efficiency,ht,km_per_pj,road,freight,lpg,all,yearly,national,['avg_eff_no_outliers $ transport_data_system_9th'],1,1405649677.815799,avg_eff_no_outliers $ transport_data_system_9th,108126898.293523,single_datapoint,no_comment
4569,2014,06_HKC,turnover_rate,ht,%,road,freight,lpg,all,yearly,national,['manually_inputted_data $ guess'],1,0.42,manually_inputted_data $ guess,0.03,manual,no_comment
4570,2015,06_HKC,new_vehicle_efficiency,ht,km_per_pj,road,freight,lpg,all,yearly,national,['avg_eff_no_outliers $ transport_data_system_9th'],1,1405649677.815799,avg_eff_no_outliers $ transport_data_system_9th,108126898.293523,single_datapoint,no_comment
4571,2015,06_HKC,turnover_rate,ht,%,road,freight,lpg,all,yearly,national,['manually_inputted_data $ guess'],1,0.42,manually_inputted_data $ guess,0.03,manual,no_comment
4572,2016,06_HKC,new_vehicle_efficiency,ht,km_per_pj,road,freight,lpg,all,yearly,national,['avg_eff_no_outliers $ transport_data_system_9th'],1,1405649677.815799,avg_eff_no_outliers $ transport_data_system_9th,108126898.293523,single_datapoint,no_comment
4573,2016,06_HKC,turnover_rate,ht,%,road,freight,lpg,all,yearly,national,['manually_inputted_data $ guess'],1,0.42,manually_inputted_data $ guess,0.03,manual,no_comment
4574,2017,06_HKC,activity,ht,passenger_km_or_freight_tonne_km,road,freight,lpg,all,yearly,national,"['8th_edition_transport_model $ reference', 'estimated $ calculate_energy_and_activity()']",2,2394039750.4360285,estimated $ calculate_energy_and_activity(),1996171875.0,manual,no_comment
4575,2017,06_HKC,energy,ht,pj,road,freight,lpg,all,yearly,national,"['8th_edition_transport_model $ reference', 'estimated $ calculate_energy_and_activity()']",2,5.680667641187039,estimated $ calculate_energy_and_activity(),5.02857123731267,manual,no_comment
4576,2017,06_HKC,new_vehicle_efficiency,ht,km_per_pj,road,freight,lpg,all,yearly,national,['avg_eff_no_outliers $ transport_data_system_9th'],1,1405649677.815799,avg_eff_no_outliers $ transport_data_system_9th,108126898.293523,single_datapoint,no_comment
4577,2017,06_HKC,travel_km,ht,km,road,freight,lpg,all,yearly,national,['estimated $ calculate_energy_and_activity()'],1,354875000.0,estimated $ calculate_energy_and_activity(),354875000.0,single_datapoint,no_comment
4578,2017,06_HKC,turnover_rate,ht,%,road,freight,lpg,all,yearly,national,"['manually_inputted_data $ guess', 'turnover_rate_est']",2,0.42,manually_inputted_data $ guess,0.03,manual,no_comment
4579,2018,06_HKC,new_vehicle_efficiency,ht,km_per_pj,road,freight,lpg,all,yearly,national,['avg_eff_no_outliers $ transport_data_system_9th'],1,1405649677.815799,avg_eff_no_outliers $ transport_data_system_9th,108126898.293523,single_datapoint,no_comment
4580,2018,06_HKC,turnover_rate,ht,%,road,freight,lpg,all,yearly,national,['manually_inputted_data $ guess'],1,0.42,manually_inputted_data $ guess,0.03,manual,no_comment
4581,2019,06_HKC,new_vehicle_efficiency,ht,km_per_pj,road,freight,lpg,all,yearly,national,['avg_eff_no_outliers $ transport_data_system_9th'],1,1405649677.815799,avg_eff_no_outliers $ transport_data_system_9th,108126898.293523,single_datapoint,no_comment
4582,2019,06_HKC,turnover_rate,ht,%,road,freight,lpg,all,yearly,national,['manually_inputted_data $ guess'],1,0.42,manually_inputted_data $ guess,0.03,manual,no_comment
4583,2020,06_HKC,new_vehicle_efficiency,ht,km_per_pj,road,freight,lpg,all,yearly,national,['avg_eff_no_outliers $ transport_data_system_9th'],1,1405649677.815799,avg_eff_no_outliers $ transport_data_system_9th,108126898.293523,single_datapoint,no_comment
4584,2020,06_HKC,turnover_rate,ht,%,road,freight,lpg,all,yearly,national,['manually_inputted_data $ guess'],1,0.42,manually_inputted_data $ guess,0.03,manual,no_comment
4585,2021,06_HKC,new_vehicle_efficiency,ht,km_per_pj,road,freight,lpg,all,yearly,national,['avg_eff_no_outliers $ transport_data_system_9th'],1,1405649677.815799,avg_eff_no_outliers $ transport_data_system_9th,108126898.293523,single_datapoint,no_comment
4586,2021,06_HKC,turnover_rate,ht,%,road,freight,lpg,all,yearly,national,['manually_inputted_data $ guess'],1,0.42,manually_inputted_data $ guess,0.03,manual,no_comment
4587,2022,06_HKC,new_vehicle_efficiency,ht,km_per_pj,road,freight,lpg,all,yearly,national,['avg_eff_no_outliers $ transport_data_system_9th'],1,1405649677.815799,avg_eff_no_outliers $ transport_data_system_9th,108126898.293523,single_datapoint,no_comment
4588,2022,06_HKC,turnover_rate,ht,%,road,freight,lpg,all,yearly,national,['manually_inputted_data $ guess'],1,0.42,manually_inputted_data $ guess,0.03,manual,no_comment
4589,2010,06_HKC,new_vehicle_efficiency,ldv,km_per_pj,road,freight,bev,all,yearly,national,['avg_eff_no_outliers $ transport_data_system_9th'],1,7200566335.010296,avg_eff_no_outliers $ transport_data_system_9th,553889718.077715,single_datapoint,no_comment
4590,2010,06_HKC,new_vehicle_efficiency,ldv,km_per_pj,road,passenger,bev,all,yearly,national,['avg_eff_no_outliers $ transport_data_system_9th'],1,9901716082.423439,avg_eff_no_outliers $ transport_data_system_9th,761670467.878726,single_datapoint,no_comment
4591,2010,06_HKC,turnover_rate,ldv,%,road,freight,bev,all,yearly,national,['manually_inputted_data $ guess'],1,0.42,manually_inputted_data $ guess,0.03,manual,no_comment
4592,2010,06_HKC,turnover_rate,ldv,%,road,passenger,bev,all,yearly,national,['manually_inputted_data $ guess'],1,0.42,manually_inputted_data $ guess,0.03,manual,no_comment
4593,2011,06_HKC,new_vehicle_efficiency,ldv,km_per_pj,road,freight,bev,all,yearly,national,['avg_eff_no_outliers $ transport_data_system_9th'],1,7200566335.010296,avg_eff_no_outliers $ transport_data_system_9th,553889718.077715,single_datapoint,no_comment
4594,2011,06_HKC,new_vehicle_efficiency,ldv,km_per_pj,road,passenger,bev,all,yearly,national,['avg_eff_no_outliers $ transport_data_system_9th'],1,9901716082.423439,avg_eff_no_outliers $ transport_data_system_9th,761670467.878726,single_datapoint,no_comment
4595,2011,06_HKC,turnover_rate,ldv,%,road,freight,bev,all,yearly,national,['manually_inputted_data $ guess'],1,0.42,manually_inputted_data $ guess,0.03,manual,no_comment
4596,2011,06_HKC,turnover_rate,ldv,%,road,passenger,bev,all,yearly,national,['manually_inputted_data $ guess'],1,0.42,manually_inputted_data $ guess,0.03,manual,no_comment
4597,2012,06_HKC,new_vehicle_efficiency,ldv,km_per_pj,road,freight,bev,all,yearly,national,['avg_eff_no_outliers $ transport_data_system_9th'],1,7200566335.010296,avg_eff_no_outliers $ transport_data_system_9th,553889718.077715,single_datapoint,no_comment
4598,2012,06_HKC,new_vehicle_efficiency,ldv,km_per_pj,road,passenger,bev,all,yearly,national,['avg_eff_no_outliers $ transport_data_system_9th'],1,9901716082.423439,avg_eff_no_outliers $ transport_data_system_9th,761670467.878726,single_datapoint,no_comment
4599,2012,06_HKC,turnover_rate,ldv,%,road,freight,bev,all,yearly,national,['manually_inputted_data $ guess'],1,0.42,manually_inputted_data $ guess,0.03,manual,no_comment
4600,2012,06_HKC,turnover_rate,ldv,%,road,passenger,bev,all,yearly,national,['manually_inputted_data $ guess'],1,0.42,manually_inputted_data $ guess,0.03,manual,no_comment
4601,2013,06_HKC,new_vehicle_efficiency,ldv,km_per_pj,road,freight,bev,all,yearly,national,['avg_eff_no_outliers $ transport_data_system_9th'],1,7200566335.010296,avg_eff_no_outliers $ transport_data_system_9th,553889718.077715,single_datapoint,no_comment
4602,2013,06_HKC,new_vehicle_efficiency,ldv,km_per_pj,road,passenger,bev,all,yearly,national,['avg_eff_no_outliers $ transport_data_system_9th'],1,9901716082.423439,avg_eff_no_outliers $ transport_data_system_9th,761670467.878726,single_datapoint,no_comment
4603,2013,06_HKC,turnover_rate,ldv,%,road,freight,bev,all,yearly,national,['manually_inputted_data $ guess'],1,0.42,manually_inputted_data $ guess,0.03,manual,no_comment
4604,2013,06_HKC,turnover_rate,ldv,%,road,passenger,bev,all,yearly,national,['manually_inputted_data $ guess'],1,0.42,manually_inputted_data $ guess,0.03,manual,no_comment
4605,2014,06_HKC,new_vehicle_efficiency,ldv,km_per_pj,road,freight,bev,all,yearly,national,['avg_eff_no_outliers $ transport_data_system_9th'],1,7200566335.010296,avg_eff_no_outliers $ transport_data_system_9th,553889718.077715,single_datapoint,no_comment
4606,2014,06_HKC,new_vehicle_efficiency,ldv,km_per_pj,road,passenger,bev,all,yearly,national,['avg_eff_no_outliers $ transport_data_system_9th'],1,9901716082.423439,avg_eff_no_outliers $ transport_data_system_9th,761670467.878726,single_datapoint,no_comment
4607,2014,06_HKC,turnover_rate,ldv,%,road,freight,bev,all,yearly,national,['manually_inputted_data $ guess'],1,0.42,manually_inputted_data $ guess,0.03,manual,no_comment
4608,2014,06_HKC,turnover_rate,ldv,%,road,passenger,bev,all,yearly,national,['manually_inputted_data $ guess'],1,0.42,manually_inputted_data $ guess,0.03,manual,no_comment
4609,2015,06_HKC,new_vehicle_efficiency,ldv,km_per_pj,road,freight,bev,all,yearly,national,['avg_eff_no_outliers $ transport_data_system_9th'],1,7200566335.010296,avg_eff_no_outliers $ transport_data_system_9th,553889718.077715,single_datapoint,no_comment
4610,2015,06_HKC,new_vehicle_efficiency,ldv,km_per_pj,road,passenger,bev,all,yearly,national,['avg_eff_no_outliers $ transport_data_system_9th'],1,9901716082.423439,avg_eff_no_outliers $ transport_data_system_9th,761670467.878726,single_datapoint,no_comment
4611,2015,06_HKC,turnover_rate,ldv,%,road,freight,bev,all,yearly,national,['manually_inputted_data $ guess'],1,0.42,manually_inputted_data $ guess,0.03,manual,no_comment
4612,2015,06_HKC,turnover_rate,ldv,%,road,passenger,bev,all,yearly,national,['manually_inputted_data $ guess'],1,0.42,manually_inputted_data $ guess,0.03,manual,no_comment
4613,2016,06_HKC,new_vehicle_efficiency,ldv,km_per_pj,road,freight,bev,all,yearly,national,['avg_eff_no_outliers $ transport_data_system_9th'],1,7200566335.010296,avg_eff_no_outliers $ transport_data_system_9th,553889718.077715,single_datapoint,no_comment
4614,2016,06_HKC,new_vehicle_efficiency,ldv,km_per_pj,road,passenger,bev,all,yearly,national,['avg_eff_no_outliers $ transport_data_system_9th'],1,9901716082.423439,avg_eff_no_outliers $ transport_data_system_9th,761670467.878726,single_datapoint,no_comment
4615,2016,06_HKC,turnover_rate,ldv,%,road,freight,bev,all,yearly,national,['manually_inputted_data $ guess'],1,0.42,manually_inputted_data $ guess,0.03,manual,no_comment
4616,2016,06_HKC,turnover_rate,ldv,%,road,passenger,bev,all,yearly,national,['manually_inputted_data $ guess'],1,0.42,manually_inputted_data $ guess,0.03,manual,no_comment
4617,2017,06_HKC,activity,ldv,passenger_km_or_freight_tonne_km,road,freight,bev,all,yearly,national,"['8th_edition_transport_model $ reference', 'estimated $ calculate_energy_and_activity()']",2,1094639.3556583002,estimated $ calculate_energy_and_activity(),76650.0,manual,no_comment
4618,2017,06_HKC,activity,ldv,passenger_km_or_freight_tonne_km,road,passenger,bev,all,yearly,national,"['8th_edition_transport_model $ reference', 'estimated $ calculate_energy_and_activity()']",2,186006975.6063256,estimated $ calculate_energy_and_activity(),91822500.0,manual,no_comment
4619,2017,06_HKC,energy,ldv,pj,road,freight,bev,all,yearly,national,"['8th_edition_transport_model $ reference', 'estimated $ calculate_energy_and_activity()']",2,0.02360535194873122,8th_edition_transport_model $ reference,0.0233668329460787,manual,no_comment
4620,2017,06_HKC,energy,ldv,pj,road,passenger,bev,all,yearly,national,"['8th_edition_transport_model $ reference', 'estimated $ calculate_energy_and_activity()']",2,0.0914490978257542,estimated $ calculate_energy_and_activity(),0.0502787215818664,manual,no_comment
4621,2017,06_HKC,new_vehicle_efficiency,ldv,km_per_pj,road,freight,bev,all,yearly,national,['avg_eff_no_outliers $ transport_data_system_9th'],1,7200566335.010296,avg_eff_no_outliers $ transport_data_system_9th,553889718.077715,single_datapoint,no_comment
4622,2017,06_HKC,new_vehicle_efficiency,ldv,km_per_pj,road,passenger,bev,all,yearly,national,['avg_eff_no_outliers $ transport_data_system_9th'],1,9901716082.423439,avg_eff_no_outliers $ transport_data_system_9th,761670467.878726,single_datapoint,no_comment
4623,2017,06_HKC,travel_km,ldv,km,road,freight,bev,all,yearly,national,['estimated $ calculate_energy_and_activity()'],1,210000.0,estimated $ calculate_energy_and_activity(),210000.0,single_datapoint,no_comment
4624,2017,06_HKC,travel_km,ldv,km,road,passenger,bev,all,yearly,national,['estimated $ calculate_energy_and_activity()'],1,61215000.0,estimated $ calculate_energy_and_activity(),61215000.0,single_datapoint,no_comment
4625,2017,06_HKC,turnover_rate,ldv,%,road,freight,bev,all,yearly,national,"['manually_inputted_data $ guess', 'turnover_rate_est']",2,0.42,manually_inputted_data $ guess,0.03,manual,no_comment
4626,2017,06_HKC,turnover_rate,ldv,%,road,passenger,bev,all,yearly,national,"['manually_inputted_data $ guess', 'turnover_rate_est']",2,0.42,manually_inputted_data $ guess,0.03,manual,no_comment
4627,2018,06_HKC,new_vehicle_efficiency,ldv,km_per_pj,road,freight,bev,all,yearly,national,['avg_eff_no_outliers $ transport_data_system_9th'],1,7200566335.010296,avg_eff_no_outliers $ transport_data_system_9th,553889718.077715,single_datapoint,no_comment
4628,2018,06_HKC,new_vehicle_efficiency,ldv,km_per_pj,road,passenger,bev,all,yearly,national,['avg_eff_no_outliers $ transport_data_system_9th'],1,9901716082.423439,avg_eff_no_outliers $ transport_data_system_9th,761670467.878726,single_datapoint,no_comment
4629,2018,06_HKC,turnover_rate,ldv,%,road,freight,bev,all,yearly,national,['manually_inputted_data $ guess'],1,0.42,manually_inputted_data $ guess,0.03,manual,no_comment
4630,2018,06_HKC,turnover_rate,ldv,%,road,passenger,bev,all,yearly,national,['manually_inputted_data $ guess'],1,0.42,manually_inputted_data $ guess,0.03,manual,no_comment
4631,2019,06_HKC,new_vehicle_efficiency,ldv,km_per_pj,road,freight,bev,all,yearly,national,['avg_eff_no_outliers $ transport_data_system_9th'],1,7200566335.010296,avg_eff_no_outliers $ transport_data_system_9th,553889718.077715,single_datapoint,no_comment
4632,2019,06_HKC,new_vehicle_efficiency,ldv,km_per_pj,road,passenger,bev,all,yearly,national,['avg_eff_no_outliers $ transport_data_system_9th'],1,9901716082.423439,avg_eff_no_outliers $ transport_data_system_9th,761670467.878726,single_datapoint,no_comment
4633,2019,06_HKC,turnover_rate,ldv,%,road,freight,bev,all,yearly,national,['manually_inputted_data $ guess'],1,0.42,manually_inputted_data $ guess,0.03,manual,no_comment
4634,2019,06_HKC,turnover_rate,ldv,%,road,passenger,bev,all,yearly,national,['manually_inputted_data $ guess'],1,0.42,manually_inputted_data $ guess,0.03,manual,no_comment
4635,2020,06_HKC,new_vehicle_efficiency,ldv,km_per_pj,road,freight,bev,all,yearly,national,['avg_eff_no_outliers $ transport_data_system_9th'],1,7200566335.010296,avg_eff_no_outliers $ transport_data_system_9th,553889718.077715,single_datapoint,no_comment
4636,2020,06_HKC,new_vehicle_efficiency,ldv,km_per_pj,road,passenger,bev,all,yearly,national,['avg_eff_no_outliers $ transport_data_system_9th'],1,9901716082.423439,avg_eff_no_outliers $ transport_data_system_9th,761670467.878726,single_datapoint,no_comment
4637,2020,06_HKC,turnover_rate,ldv,%,road,freight,bev,all,yearly,national,['manually_inputted_data $ guess'],1,0.42,manually_inputted_data $ guess,0.03,manual,no_comment
4638,2020,06_HKC,turnover_rate,ldv,%,road,passenger,bev,all,yearly,national,['manually_inputted_data $ guess'],1,0.42,manually_inputted_data $ guess,0.03,manual,no_comment
4639,2021,06_HKC,new_vehicle_efficiency,ldv,km_per_pj,road,freight,bev,all,yearly,national,['avg_eff_no_outliers $ transport_data_system_9th'],1,7200566335.010296,avg_eff_no_outliers $ transport_data_system_9th,553889718.077715,single_datapoint,no_comment
4640,2021,06_HKC,new_vehicle_efficiency,ldv,km_per_pj,road,passenger,bev,all,yearly,national,['avg_eff_no_outliers $ transport_data_system_9th'],1,9901716082.423439,avg_eff_no_outliers $ transport_data_system_9th,761670467.878726,single_datapoint,no_comment
4641,2021,06_HKC,turnover_rate,ldv,%,road,freight,bev,all,yearly,national,['manually_inputted_data $ guess'],1,0.42,manually_inputted_data $ guess,0.03,manual,no_comment
4642,2021,06_HKC,turnover_rate,ldv,%,road,passenger,bev,all,yearly,national,['manually_inputted_data $ guess'],1,0.42,manually_inputted_data $ guess,0.03,manual,no_comment
4643,2022,06_HKC,new_vehicle_efficiency,ldv,km_per_pj,road,freight,bev,all,yearly,national,['avg_eff_no_outliers $ transport_data_system_9th'],1,7200566335.010296,avg_eff_no_outliers $ transport_data_system_9th,553889718.077715,single_datapoint,no_comment
4644,2022,06_HKC,new_vehicle_efficiency,ldv,km_per_pj,road,passenger,bev,all,yearly,national,['avg_eff_no_outliers $ transport_data_system_9th'],1,9901716082.423439,avg_eff_no_outliers $ transport_data_system_9th,761670467.878726,single_datapoint,no_comment
4645,2022,06_HKC,turnover_rate,ldv,%,road,freight,bev,all,yearly,national,['manually_inputted_data $ guess'],1,0.42,manually_inputted_data $ guess,0.03,manual,no_comment
4646,2022,06_HKC,turnover_rate,ldv,%,road,passenger,bev,all,yearly,national,['manually_inputted_data $ guess'],1,0.42,manually_inputted_data $ guess,0.03,manual,no_comment
4647,2010,06_HKC,new_vehicle_efficiency,ldv,km_per_pj,road,freight,cng,all,yearly,national,['avg_eff_no_outliers $ transport_data_system_9th'],1,7214767129.708009,avg_eff_no_outliers $ transport_data_system_9th,554982086.900616,single_datapoint,no_comment
4648,2010,06_HKC,new_vehicle_efficiency,ldv,km_per_pj,road,passenger,cng,all,yearly,national,['avg_eff_no_outliers $ transport_data_system_9th'],1,5429169522.90635,avg_eff_no_outliers $ transport_data_system_9th,417628424.83895,single_datapoint,no_comment
4649,2010,06_HKC,turnover_rate,ldv,%,road,freight,cng,all,yearly,national,['manually_inputted_data $ guess'],1,0.42,manually_inputted_data $ guess,0.03,manual,no_comment
4650,2010,06_HKC,turnover_rate,ldv,%,road,passenger,cng,all,yearly,national,['manually_inputted_data $ guess'],1,0.42,manually_inputted_data $ guess,0.03,manual,no_comment
4651,2011,06_HKC,new_vehicle_efficiency,ldv,km_per_pj,road,freight,cng,all,yearly,national,['avg_eff_no_outliers $ transport_data_system_9th'],1,7214767129.708009,avg_eff_no_outliers $ transport_data_system_9th,554982086.900616,single_datapoint,no_comment
4652,2011,06_HKC,new_vehicle_efficiency,ldv,km_per_pj,road,passenger,cng,all,yearly,national,['avg_eff_no_outliers $ transport_data_system_9th'],1,5429169522.90635,avg_eff_no_outliers $ transport_data_system_9th,417628424.83895,single_datapoint,no_comment
4653,2011,06_HKC,turnover_rate,ldv,%,road,freight,cng,all,yearly,national,['manually_inputted_data $ guess'],1,0.42,manually_inputted_data $ guess,0.03,manual,no_comment
4654,2011,06_HKC,turnover_rate,ldv,%,road,passenger,cng,all,yearly,national,['manually_inputted_data $ guess'],1,0.42,manually_inputted_data $ guess,0.03,manual,no_comment
4655,2012,06_HKC,new_vehicle_efficiency,ldv,km_per_pj,road,freight,cng,all,yearly,national,['avg_eff_no_outliers $ transport_data_system_9th'],1,7214767129.708009,avg_eff_no_outliers $ transport_data_system_9th,554982086.900616,single_datapoint,no_comment
4656,2012,06_HKC,new_vehicle_efficiency,ldv,km_per_pj,road,passenger,cng,all,yearly,national,['avg_eff_no_outliers $ transport_data_system_9th'],1,5429169522.90635,avg_eff_no_outliers $ transport_data_system_9th,417628424.83895,single_datapoint,no_comment
4657,2012,06_HKC,turnover_rate,ldv,%,road,freight,cng,all,yearly,national,['manually_inputted_data $ guess'],1,0.42,manually_inputted_data $ guess,0.03,manual,no_comment
4658,2012,06_HKC,turnover_rate,ldv,%,road,passenger,cng,all,yearly,national,['manually_inputted_data $ guess'],1,0.42,manually_inputted_data $ guess,0.03,manual,no_comment
4659,2013,06_HKC,new_vehicle_efficiency,ldv,km_per_pj,road,freight,cng,all,yearly,national,['avg_eff_no_outliers $ transport_data_system_9th'],1,7214767129.708009,avg_eff_no_outliers $ transport_data_system_9th,554982086.900616,single_datapoint,no_comment
4660,2013,06_HKC,new_vehicle_efficiency,ldv,km_per_pj,road,passenger,cng,all,yearly,national,['avg_eff_no_outliers $ transport_data_system_9th'],1,5429169522.90635,avg_eff_no_outliers $ transport_data_system_9th,417628424.83895,single_datapoint,no_comment
4661,2013,06_HKC,turnover_rate,ldv,%,road,freight,cng,all,yearly,national,['manually_inputted_data $ guess'],1,0.42,manually_inputted_data $ guess,0.03,manual,no_comment
4662,2013,06_HKC,turnover_rate,ldv,%,road,passenger,cng,all,yearly,national,['manually_inputted_data $ guess'],1,0.42,manually_inputted_data $ guess,0.03,manual,no_comment
4663,2014,06_HKC,new_vehicle_efficiency,ldv,km_per_pj,road,freight,cng,all,yearly,national,['avg_eff_no_outliers $ transport_data_system_9th'],1,7214767129.708009,avg_eff_no_outliers $ transport_data_system_9th,554982086.900616,single_datapoint,no_comment
4664,2014,06_HKC,new_vehicle_efficiency,ldv,km_per_pj,road,passenger,cng,all,yearly,national,['avg_eff_no_outliers $ transport_data_system_9th'],1,5429169522.90635,avg_eff_no_outliers $ transport_data_system_9th,417628424.83895,single_datapoint,no_comment
4665,2014,06_HKC,turnover_rate,ldv,%,road,freight,cng,all,yearly,national,['manually_inputted_data $ guess'],1,0.42,manually_inputted_data $ guess,0.03,manual,no_comment
4666,2014,06_HKC,turnover_rate,ldv,%,road,passenger,cng,all,yearly,national,['manually_inputted_data $ guess'],1,0.42,manually_inputted_data $ guess,0.03,manual,no_comment
4667,2015,06_HKC,new_vehicle_efficiency,ldv,km_per_pj,road,freight,cng,all,yearly,national,['avg_eff_no_outliers $ transport_data_system_9th'],1,7214767129.708009,avg_eff_no_outliers $ transport_data_system_9th,554982086.900616,single_datapoint,no_comment
4668,2015,06_HKC,new_vehicle_efficiency,ldv,km_per_pj,road,passenger,cng,all,yearly,national,['avg_eff_no_outliers $ transport_data_system_9th'],1,5429169522.90635,avg_eff_no_outliers $ transport_data_system_9th,417628424.83895,single_datapoint,no_comment
4669,2015,06_HKC,turnover_rate,ldv,%,road,freight,cng,all,yearly,national,['manually_inputted_data $ guess'],1,0.42,manually_inputted_data $ guess,0.03,manual,no_comment
4670,2015,06_HKC,turnover_rate,ldv,%,road,passenger,cng,all,yearly,national,['manually_inputted_data $ guess'],1,0.42,manually_inputted_data $ guess,0.03,manual,no_comment
4671,2016,06_HKC,new_vehicle_efficiency,ldv,km_per_pj,road,freight,cng,all,yearly,national,['avg_eff_no_outliers $ transport_data_system_9th'],1,7214767129.708009,avg_eff_no_outliers $ transport_data_system_9th,554982086.900616,single_datapoint,no_comment
4672,2016,06_HKC,new_vehicle_efficiency,ldv,km_per_pj,road,passenger,cng,all,yearly,national,['avg_eff_no_outliers $ transport_data_system_9th'],1,5429169522.90635,avg_eff_no_outliers $ transport_data_system_9th,417628424.83895,single_datapoint,no_comment
4673,2016,06_HKC,turnover_rate,ldv,%,road,freight,cng,all,yearly,national,['manually_inputted_data $ guess'],1,0.42,manually_inputted_data $ guess,0.03,manual,no_comment
4674,2016,06_HKC,turnover_rate,ldv,%,road,passenger,cng,all,yearly,national,['manually_inputted_data $ guess'],1,0.42,manually_inputted_data $ guess,0.03,manual,no_comment
4675,2017,06_HKC,new_vehicle_efficiency,ldv,km_per_pj,road,freight,cng,all,yearly,national,['avg_eff_no_outliers $ transport_data_system_9th'],1,7214767129.708009,avg_eff_no_outliers $ transport_data_system_9th,554982086.900616,single_datapoint,no_comment
4676,2017,06_HKC,new_vehicle_efficiency,ldv,km_per_pj,road,passenger,cng,all,yearly,national,['avg_eff_no_outliers $ transport_data_system_9th'],1,5429169522.90635,avg_eff_no_outliers $ transport_data_system_9th,417628424.83895,single_datapoint,no_comment
4677,2017,06_HKC,turnover_rate,ldv,%,road,freight,cng,all,yearly,national,"['manually_inputted_data $ guess', 'turnover_rate_est']",2,0.42,manually_inputted_data $ guess,0.03,manual,no_comment
4678,2017,06_HKC,turnover_rate,ldv,%,road,passenger,cng,all,yearly,national,"['manually_inputted_data $ guess', 'turnover_rate_est']",2,0.42,manually_inputted_data $ guess,0.03,manual,no_comment
4679,2018,06_HKC,new_vehicle_efficiency,ldv,km_per_pj,road,freight,cng,all,yearly,national,['avg_eff_no_outliers $ transport_data_system_9th'],1,7214767129.708009,avg_eff_no_outliers $ transport_data_system_9th,554982086.900616,single_datapoint,no_comment
4680,2018,06_HKC,new_vehicle_efficiency,ldv,km_per_pj,road,passenger,cng,all,yearly,national,['avg_eff_no_outliers $ transport_data_system_9th'],1,5429169522.90635,avg_eff_no_outliers $ transport_data_system_9th,417628424.83895,single_datapoint,no_comment
4681,2018,06_HKC,turnover_rate,ldv,%,road,freight,cng,all,yearly,national,['manually_inputted_data $ guess'],1,0.42,manually_inputted_data $ guess,0.03,manual,no_comment
4682,2018,06_HKC,turnover_rate,ldv,%,road,passenger,cng,all,yearly,national,['manually_inputted_data $ guess'],1,0.42,manually_inputted_data $ guess,0.03,manual,no_comment
4683,2019,06_HKC,new_vehicle_efficiency,ldv,km_per_pj,road,freight,cng,all,yearly,national,['avg_eff_no_outliers $ transport_data_system_9th'],1,7214767129.708009,avg_eff_no_outliers $ transport_data_system_9th,554982086.900616,single_datapoint,no_comment
4684,2019,06_HKC,new_vehicle_efficiency,ldv,km_per_pj,road,passenger,cng,all,yearly,national,['avg_eff_no_outliers $ transport_data_system_9th'],1,5429169522.90635,avg_eff_no_outliers $ transport_data_system_9th,417628424.83895,single_datapoint,no_comment
4685,2019,06_HKC,turnover_rate,ldv,%,road,freight,cng,all,yearly,national,['manually_inputted_data $ guess'],1,0.42,manually_inputted_data $ guess,0.03,manual,no_comment
4686,2019,06_HKC,turnover_rate,ldv,%,road,passenger,cng,all,yearly,national,['manually_inputted_data $ guess'],1,0.42,manually_inputted_data $ guess,0.03,manual,no_comment
4687,2020,06_HKC,new_vehicle_efficiency,ldv,km_per_pj,road,freight,cng,all,yearly,national,['avg_eff_no_outliers $ transport_data_system_9th'],1,7214767129.708009,avg_eff_no_outliers $ transport_data_system_9th,554982086.900616,single_datapoint,no_comment
4688,2020,06_HKC,new_vehicle_efficiency,ldv,km_per_pj,road,passenger,cng,all,yearly,national,['avg_eff_no_outliers $ transport_data_system_9th'],1,5429169522.90635,avg_eff_no_outliers $ transport_data_system_9th,417628424.83895,single_datapoint,no_comment
4689,2020,06_HKC,turnover_rate,ldv,%,road,freight,cng,all,yearly,national,['manually_inputted_data $ guess'],1,0.42,manually_inputted_data $ guess,0.03,manual,no_comment
4690,2020,06_HKC,turnover_rate,ldv,%,road,passenger,cng,all,yearly,national,['manually_inputted_data $ guess'],1,0.42,manually_inputted_data $ guess,0.03,manual,no_comment
4691,2021,06_HKC,new_vehicle_efficiency,ldv,km_per_pj,road,freight,cng,all,yearly,national,['avg_eff_no_outliers $ transport_data_system_9th'],1,7214767129.708009,avg_eff_no_outliers $ transport_data_system_9th,554982086.900616,single_datapoint,no_comment
4692,2021,06_HKC,new_vehicle_efficiency,ldv,km_per_pj,road,passenger,cng,all,yearly,national,['avg_eff_no_outliers $ transport_data_system_9th'],1,5429169522.90635,avg_eff_no_outliers $ transport_data_system_9th,417628424.83895,single_datapoint,no_comment
4693,2021,06_HKC,turnover_rate,ldv,%,road,freight,cng,all,yearly,national,['manually_inputted_data $ guess'],1,0.42,manually_inputted_data $ guess,0.03,manual,no_comment
4694,2021,06_HKC,turnover_rate,ldv,%,road,passenger,cng,all,yearly,national,['manually_inputted_data $ guess'],1,0.42,manually_inputted_data $ guess,0.03,manual,no_comment
4695,2022,06_HKC,new_vehicle_efficiency,ldv,km_per_pj,road,freight,cng,all,yearly,national,['avg_eff_no_outliers $ transport_data_system_9th'],1,7214767129.708009,avg_eff_no_outliers $ transport_data_system_9th,554982086.900616,single_datapoint,no_comment
4696,2022,06_HKC,new_vehicle_efficiency,ldv,km_per_pj,road,passenger,cng,all,yearly,national,['avg_eff_no_outliers $ transport_data_system_9th'],1,5429169522.90635,avg_eff_no_outliers $ transport_data_system_9th,417628424.83895,single_datapoint,no_comment
4697,2022,06_HKC,turnover_rate,ldv,%,road,freight,cng,all,yearly,national,['manually_inputted_data $ guess'],1,0.42,manually_inputted_data $ guess,0.03,manual,no_comment
4698,2022,06_HKC,turnover_rate,ldv,%,road,passenger,cng,all,yearly,national,['manually_inputted_data $ guess'],1,0.42,manually_inputted_data $ guess,0.03,manual,no_comment
4699,2010,06_HKC,new_vehicle_efficiency,ldv,km_per_pj,road,passenger,fcev,all,yearly,national,['avg_eff_no_outliers $ transport_data_system_9th'],1,1469603353.601357,avg_eff_no_outliers $ transport_data_system_9th,113046411.815489,single_datapoint,no_comment
4700,2010,06_HKC,turnover_rate,ldv,%,road,passenger,fcev,all,yearly,national,['manually_inputted_data $ guess'],1,0.42,manually_inputted_data $ guess,0.03,manual,no_comment
4701,2011,06_HKC,new_vehicle_efficiency,ldv,km_per_pj,road,passenger,fcev,all,yearly,national,['avg_eff_no_outliers $ transport_data_system_9th'],1,1469603353.601357,avg_eff_no_outliers $ transport_data_system_9th,113046411.815489,single_datapoint,no_comment
4702,2011,06_HKC,turnover_rate,ldv,%,road,passenger,fcev,all,yearly,national,['manually_inputted_data $ guess'],1,0.42,manually_inputted_data $ guess,0.03,manual,no_comment
4703,2012,06_HKC,new_vehicle_efficiency,ldv,km_per_pj,road,passenger,fcev,all,yearly,national,['avg_eff_no_outliers $ transport_data_system_9th'],1,1469603353.601357,avg_eff_no_outliers $ transport_data_system_9th,113046411.815489,single_datapoint,no_comment
4704,2012,06_HKC,turnover_rate,ldv,%,road,passenger,fcev,all,yearly,national,['manually_inputted_data $ guess'],1,0.42,manually_inputted_data $ guess,0.03,manual,no_comment
4705,2013,06_HKC,new_vehicle_efficiency,ldv,km_per_pj,road,passenger,fcev,all,yearly,national,['avg_eff_no_outliers $ transport_data_system_9th'],1,1469603353.601357,avg_eff_no_outliers $ transport_data_system_9th,113046411.815489,single_datapoint,no_comment
4706,2013,06_HKC,turnover_rate,ldv,%,road,passenger,fcev,all,yearly,national,['manually_inputted_data $ guess'],1,0.42,manually_inputted_data $ guess,0.03,manual,no_comment
4707,2014,06_HKC,new_vehicle_efficiency,ldv,km_per_pj,road,passenger,fcev,all,yearly,national,['avg_eff_no_outliers $ transport_data_system_9th'],1,1469603353.601357,avg_eff_no_outliers $ transport_data_system_9th,113046411.815489,single_datapoint,no_comment
4708,2014,06_HKC,turnover_rate,ldv,%,road,passenger,fcev,all,yearly,national,['manually_inputted_data $ guess'],1,0.42,manually_inputted_data $ guess,0.03,manual,no_comment
4709,2015,06_HKC,new_vehicle_efficiency,ldv,km_per_pj,road,passenger,fcev,all,yearly,national,['avg_eff_no_outliers $ transport_data_system_9th'],1,1469603353.601357,avg_eff_no_outliers $ transport_data_system_9th,113046411.815489,single_datapoint,no_comment
4710,2015,06_HKC,turnover_rate,ldv,%,road,passenger,fcev,all,yearly,national,['manually_inputted_data $ guess'],1,0.42,manually_inputted_data $ guess,0.03,manual,no_comment
4711,2016,06_HKC,new_vehicle_efficiency,ldv,km_per_pj,road,passenger,fcev,all,yearly,national,['avg_eff_no_outliers $ transport_data_system_9th'],1,1469603353.601357,avg_eff_no_outliers $ transport_data_system_9th,113046411.815489,single_datapoint,no_comment
4712,2016,06_HKC,turnover_rate,ldv,%,road,passenger,fcev,all,yearly,national,['manually_inputted_data $ guess'],1,0.42,manually_inputted_data $ guess,0.03,manual,no_comment
4713,2017,06_HKC,new_vehicle_efficiency,ldv,km_per_pj,road,passenger,fcev,all,yearly,national,['avg_eff_no_outliers $ transport_data_system_9th'],1,1469603353.601357,avg_eff_no_outliers $ transport_data_system_9th,113046411.815489,single_datapoint,no_comment
4714,2017,06_HKC,turnover_rate,ldv,%,road,freight,fcev,all,yearly,national,['turnover_rate_est'],1,0.03,turnover_rate_est,0.03,single_datapoint,no_comment
4715,2017,06_HKC,turnover_rate,ldv,%,road,passenger,fcev,all,yearly,national,"['manually_inputted_data $ guess', 'turnover_rate_est']",2,0.42,manually_inputted_data $ guess,0.03,manual,no_comment
4716,2018,06_HKC,new_vehicle_efficiency,ldv,km_per_pj,road,passenger,fcev,all,yearly,national,['avg_eff_no_outliers $ transport_data_system_9th'],1,1469603353.601357,avg_eff_no_outliers $ transport_data_system_9th,113046411.815489,single_datapoint,no_comment
4717,2018,06_HKC,turnover_rate,ldv,%,road,passenger,fcev,all,yearly,national,['manually_inputted_data $ guess'],1,0.42,manually_inputted_data $ guess,0.03,manual,no_comment
4718,2019,06_HKC,new_vehicle_efficiency,ldv,km_per_pj,road,passenger,fcev,all,yearly,national,['avg_eff_no_outliers $ transport_data_system_9th'],1,1469603353.601357,avg_eff_no_outliers $ transport_data_system_9th,113046411.815489,single_datapoint,no_comment
4719,2019,06_HKC,turnover_rate,ldv,%,road,passenger,fcev,all,yearly,national,['manually_inputted_data $ guess'],1,0.42,manually_inputted_data $ guess,0.03,manual,no_comment
4720,2020,06_HKC,new_vehicle_efficiency,ldv,km_per_pj,road,passenger,fcev,all,yearly,national,['avg_eff_no_outliers $ transport_data_system_9th'],1,1469603353.601357,avg_eff_no_outliers $ transport_data_system_9th,113046411.815489,single_datapoint,no_comment
4721,2020,06_HKC,turnover_rate,ldv,%,road,passenger,fcev,all,yearly,national,['manually_inputted_data $ guess'],1,0.42,manually_inputted_data $ guess,0.03,manual,no_comment
4722,2021,06_HKC,new_vehicle_efficiency,ldv,km_per_pj,road,passenger,fcev,all,yearly,national,['avg_eff_no_outliers $ transport_data_system_9th'],1,1469603353.601357,avg_eff_no_outliers $ transport_data_system_9th,113046411.815489,single_datapoint,no_comment
4723,2021,06_HKC,turnover_rate,ldv,%,road,passenger,fcev,all,yearly,national,['manually_inputted_data $ guess'],1,0.42,manually_inputted_data $ guess,0.03,manual,no_comment
4724,2022,06_HKC,new_vehicle_efficiency,ldv,km_per_pj,road,passenger,fcev,all,yearly,national,['avg_eff_no_outliers $ transport_data_system_9th'],1,1469603353.601357,avg_eff_no_outliers $ transport_data_system_9th,113046411.815489,single_datapoint,no_comment
4725,2022,06_HKC,turnover_rate,ldv,%,road,passenger,fcev,all,yearly,national,['manually_inputted_data $ guess'],1,0.42,manually_inputted_data $ guess,0.03,manual,no_comment
4726,2010,06_HKC,activity,ldv,passenger_km_or_freight_tonne_km,road,passenger,ice,all,yearly,national,['estimated $ calculate_energy_and_activity()'],1,142284577500.0,estimated $ calculate_energy_and_activity(),10519605000.0,single_datapoint,no_comment
4727,2010,06_HKC,energy,ldv,pj,road,passenger,ice,all,yearly,national,['estimated $ calculate_energy_and_activity()'],1,272.684835430379,estimated $ calculate_energy_and_activity(),20.160559975079465,single_datapoint,no_comment
4728,2010,06_HKC,new_vehicle_efficiency,ldv,km_per_pj,road,freight,ice,all,yearly,national,['avg_eff_no_outliers $ transport_data_system_9th'],1,4776513034.843043,avg_eff_no_outliers $ transport_data_system_9th,367424079.603311,single_datapoint,no_comment
4729,2010,06_HKC,new_vehicle_efficiency,ldv,km_per_pj,road,passenger,ice,all,yearly,national,['avg_eff_no_outliers $ transport_data_system_9th'],1,3086802010.889935,avg_eff_no_outliers $ transport_data_system_9th,237446308.529995,single_datapoint,no_comment
4730,2010,06_HKC,travel_km,ldv,km,road,passenger,ice,all,yearly,national,['estimated $ calculate_energy_and_activity()'],1,94856385000.0,estimated $ calculate_energy_and_activity(),7013070000.0,single_datapoint,no_comment
4731,2010,06_HKC,turnover_rate,ldv,%,road,freight,ice,all,yearly,national,['manually_inputted_data $ guess'],1,0.39,manually_inputted_data $ guess,0.03,single_datapoint,no_comment
4732,2010,06_HKC,turnover_rate,ldv,%,road,passenger,ice,all,yearly,national,['manually_inputted_data $ guess'],1,0.39,manually_inputted_data $ guess,0.03,single_datapoint,no_comment
4733,2011,06_HKC,activity,ldv,passenger_km_or_freight_tonne_km,road,passenger,ice,all,yearly,national,['estimated $ calculate_energy_and_activity()'],1,142284577500.0,estimated $ calculate_energy_and_activity(),11021017500.0,single_datapoint,no_comment
4734,2011,06_HKC,energy,ldv,pj,road,passenger,ice,all,yearly,national,['estimated $ calculate_energy_and_activity()'],1,272.684835430379,estimated $ calculate_energy_and_activity(),21.12150449519258,single_datapoint,no_comment
4735,2011,06_HKC,new_vehicle_efficiency,ldv,km_per_pj,road,freight,ice,all,yearly,national,['avg_eff_no_outliers $ transport_data_system_9th'],1,4776513034.843043,avg_eff_no_outliers $ transport_data_system_9th,367424079.603311,single_datapoint,no_comment
4736,2011,06_HKC,new_vehicle_efficiency,ldv,km_per_pj,road,passenger,ice,all,yearly,national,['avg_eff_no_outliers $ transport_data_system_9th'],1,3086802010.889935,avg_eff_no_outliers $ transport_data_system_9th,237446308.529995,single_datapoint,no_comment
4737,2011,06_HKC,travel_km,ldv,km,road,passenger,ice,all,yearly,national,['estimated $ calculate_energy_and_activity()'],1,94856385000.0,estimated $ calculate_energy_and_activity(),7347345000.0,single_datapoint,no_comment
4738,2011,06_HKC,turnover_rate,ldv,%,road,freight,ice,all,yearly,national,['manually_inputted_data $ guess'],1,0.39,manually_inputted_data $ guess,0.03,single_datapoint,no_comment
4739,2011,06_HKC,turnover_rate,ldv,%,road,passenger,ice,all,yearly,national,['manually_inputted_data $ guess'],1,0.39,manually_inputted_data $ guess,0.03,single_datapoint,no_comment
4740,2012,06_HKC,activity,ldv,passenger_km_or_freight_tonne_km,road,passenger,ice,all,yearly,national,['estimated $ calculate_energy_and_activity()'],1,142284577500.0,estimated $ calculate_energy_and_activity(),11537640000.0,single_datapoint,no_comment
4741,2012,06_HKC,energy,ldv,pj,road,passenger,ice,all,yearly,national,['estimated $ calculate_energy_and_activity()'],1,272.684835430379,estimated $ calculate_energy_and_activity(),22.11159860003069,single_datapoint,no_comment
4742,2012,06_HKC,new_vehicle_efficiency,ldv,km_per_pj,road,freight,ice,all,yearly,national,['avg_eff_no_outliers $ transport_data_system_9th'],1,4776513034.843043,avg_eff_no_outliers $ transport_data_system_9th,367424079.603311,single_datapoint,no_comment
4743,2012,06_HKC,new_vehicle_efficiency,ldv,km_per_pj,road,passenger,ice,all,yearly,national,['avg_eff_no_outliers $ transport_data_system_9th'],1,3086802010.889935,avg_eff_no_outliers $ transport_data_system_9th,237446308.529995,single_datapoint,no_comment
4744,2012,06_HKC,travel_km,ldv,km,road,passenger,ice,all,yearly,national,['estimated $ calculate_energy_and_activity()'],1,94856385000.0,estimated $ calculate_energy_and_activity(),7691760000.0,single_datapoint,no_comment
4745,2012,06_HKC,turnover_rate,ldv,%,road,freight,ice,all,yearly,national,['manually_inputted_data $ guess'],1,0.39,manually_inputted_data $ guess,0.03,single_datapoint,no_comment
4746,2012,06_HKC,turnover_rate,ldv,%,road,passenger,ice,all,yearly,national,['manually_inputted_data $ guess'],1,0.39,manually_inputted_data $ guess,0.03,single_datapoint,no_comment
4747,2013,06_HKC,activity,ldv,passenger_km_or_freight_tonne_km,road,passenger,ice,all,yearly,national,['estimated $ calculate_energy_and_activity()'],1,142284577500.0,estimated $ calculate_energy_and_activity(),12063037500.0,single_datapoint,no_comment
4748,2013,06_HKC,energy,ldv,pj,road,passenger,ice,all,yearly,national,['estimated $ calculate_energy_and_activity()'],1,272.684835430379,estimated $ calculate_energy_and_activity(),23.11850977297937,single_datapoint,no_comment
4749,2013,06_HKC,new_vehicle_efficiency,ldv,km_per_pj,road,freight,ice,all,yearly,national,['avg_eff_no_outliers $ transport_data_system_9th'],1,4776513034.843043,avg_eff_no_outliers $ transport_data_system_9th,367424079.603311,single_datapoint,no_comment
4750,2013,06_HKC,new_vehicle_efficiency,ldv,km_per_pj,road,passenger,ice,all,yearly,national,['avg_eff_no_outliers $ transport_data_system_9th'],1,3086802010.889935,avg_eff_no_outliers $ transport_data_system_9th,237446308.529995,single_datapoint,no_comment
4751,2013,06_HKC,travel_km,ldv,km,road,passenger,ice,all,yearly,national,['estimated $ calculate_energy_and_activity()'],1,94856385000.0,estimated $ calculate_energy_and_activity(),8042025000.0,single_datapoint,no_comment
4752,2013,06_HKC,turnover_rate,ldv,%,road,freight,ice,all,yearly,national,['manually_inputted_data $ guess'],1,0.39,manually_inputted_data $ guess,0.03,single_datapoint,no_comment
4753,2013,06_HKC,turnover_rate,ldv,%,road,passenger,ice,all,yearly,national,['manually_inputted_data $ guess'],1,0.39,manually_inputted_data $ guess,0.03,single_datapoint,no_comment
4754,2014,06_HKC,activity,ldv,passenger_km_or_freight_tonne_km,road,passenger,ice,all,yearly,national,['estimated $ calculate_energy_and_activity()'],1,142284577500.0,estimated $ calculate_energy_and_activity(),12597502500.0,single_datapoint,no_comment
4755,2014,06_HKC,energy,ldv,pj,road,passenger,ice,all,yearly,national,['estimated $ calculate_energy_and_activity()'],1,272.684835430379,estimated $ calculate_energy_and_activity(),24.142798582975644,single_datapoint,no_comment
4756,2014,06_HKC,new_vehicle_efficiency,ldv,km_per_pj,road,freight,ice,all,yearly,national,['avg_eff_no_outliers $ transport_data_system_9th'],1,4776513034.843043,avg_eff_no_outliers $ transport_data_system_9th,367424079.603311,single_datapoint,no_comment
4757,2014,06_HKC,new_vehicle_efficiency,ldv,km_per_pj,road,passenger,ice,all,yearly,national,['avg_eff_no_outliers $ transport_data_system_9th'],1,3086802010.889935,avg_eff_no_outliers $ transport_data_system_9th,237446308.529995,single_datapoint,no_comment
4758,2014,06_HKC,travel_km,ldv,km,road,passenger,ice,all,yearly,national,['estimated $ calculate_energy_and_activity()'],1,94856385000.0,estimated $ calculate_energy_and_activity(),8398335000.0,single_datapoint,no_comment
4759,2014,06_HKC,turnover_rate,ldv,%,road,freight,ice,all,yearly,national,['manually_inputted_data $ guess'],1,0.39,manually_inputted_data $ guess,0.03,single_datapoint,no_comment
4760,2014,06_HKC,turnover_rate,ldv,%,road,passenger,ice,all,yearly,national,['manually_inputted_data $ guess'],1,0.39,manually_inputted_data $ guess,0.03,single_datapoint,no_comment
4761,2015,06_HKC,activity,ldv,passenger_km_or_freight_tonne_km,road,passenger,ice,all,yearly,national,['estimated $ calculate_energy_and_activity()'],1,142284577500.0,estimated $ calculate_energy_and_activity(),13185540000.0,single_datapoint,no_comment
4762,2015,06_HKC,energy,ldv,pj,road,passenger,ice,all,yearly,national,['estimated $ calculate_energy_and_activity()'],1,272.684835430379,estimated $ calculate_energy_and_activity(),25.269757749821334,single_datapoint,no_comment
4763,2015,06_HKC,new_vehicle_efficiency,ldv,km_per_pj,road,freight,ice,all,yearly,national,['avg_eff_no_outliers $ transport_data_system_9th'],1,4776513034.843043,avg_eff_no_outliers $ transport_data_system_9th,367424079.603311,single_datapoint,no_comment
4764,2015,06_HKC,new_vehicle_efficiency,ldv,km_per_pj,road,passenger,ice,all,yearly,national,['avg_eff_no_outliers $ transport_data_system_9th'],1,3086802010.889935,avg_eff_no_outliers $ transport_data_system_9th,237446308.529995,single_datapoint,no_comment
4765,2015,06_HKC,travel_km,ldv,km,road,passenger,ice,all,yearly,national,['estimated $ calculate_energy_and_activity()'],1,94856385000.0,estimated $ calculate_energy_and_activity(),8790360000.0,single_datapoint,no_comment
4766,2015,06_HKC,turnover_rate,ldv,%,road,freight,ice,all,yearly,national,['manually_inputted_data $ guess'],1,0.39,manually_inputted_data $ guess,0.03,single_datapoint,no_comment
4767,2015,06_HKC,turnover_rate,ldv,%,road,passenger,ice,all,yearly,national,['manually_inputted_data $ guess'],1,0.39,manually_inputted_data $ guess,0.03,single_datapoint,no_comment
4768,2016,06_HKC,activity,ldv,passenger_km_or_freight_tonne_km,road,passenger,ice,all,yearly,national,['estimated $ calculate_energy_and_activity()'],1,142284577500.0,estimated $ calculate_energy_and_activity(),13527000000.0,single_datapoint,no_comment
4769,2016,06_HKC,energy,ldv,pj,road,passenger,ice,all,yearly,national,['estimated $ calculate_energy_and_activity()'],1,272.684835430379,estimated $ calculate_energy_and_activity(),25.924157302759934,single_datapoint,no_comment
4770,2016,06_HKC,new_vehicle_efficiency,ldv,km_per_pj,road,freight,ice,all,yearly,national,['avg_eff_no_outliers $ transport_data_system_9th'],1,4776513034.843043,avg_eff_no_outliers $ transport_data_system_9th,367424079.603311,single_datapoint,no_comment
4771,2016,06_HKC,new_vehicle_efficiency,ldv,km_per_pj,road,passenger,ice,all,yearly,national,['avg_eff_no_outliers $ transport_data_system_9th'],1,3086802010.889935,avg_eff_no_outliers $ transport_data_system_9th,237446308.529995,single_datapoint,no_comment
4772,2016,06_HKC,travel_km,ldv,km,road,passenger,ice,all,yearly,national,['estimated $ calculate_energy_and_activity()'],1,94856385000.0,estimated $ calculate_energy_and_activity(),9018000000.0,single_datapoint,no_comment
4773,2016,06_HKC,turnover_rate,ldv,%,road,freight,ice,all,yearly,national,['manually_inputted_data $ guess'],1,0.39,manually_inputted_data $ guess,0.03,single_datapoint,no_comment
4774,2016,06_HKC,turnover_rate,ldv,%,road,passenger,ice,all,yearly,national,['manually_inputted_data $ guess'],1,0.39,manually_inputted_data $ guess,0.03,single_datapoint,no_comment
4775,2017,06_HKC,activity,ldv,passenger_km_or_freight_tonne_km,road,freight,ice,all,yearly,national,['estimated $ calculate_energy_and_activity()'],1,44654100.0,estimated $ calculate_energy_and_activity(),44654100.0,single_datapoint,no_comment
4776,2017,06_HKC,activity,ldv,passenger_km_or_freight_tonne_km,road,passenger,ice,all,yearly,national,['estimated $ calculate_energy_and_activity()'],1,142284577500.0,estimated $ calculate_energy_and_activity(),13918635000.0,single_datapoint,no_comment
4777,2017,06_HKC,energy,ldv,pj,road,freight,ice,all,yearly,national,['estimated $ calculate_energy_and_activity()'],1,0.486340246408488,estimated $ calculate_energy_and_activity(),0.486340246408488,single_datapoint,no_comment
4778,2017,06_HKC,energy,ldv,pj,road,passenger,ice,all,yearly,national,['estimated $ calculate_energy_and_activity()'],1,272.684835430379,estimated $ calculate_energy_and_activity(),26.674715988741035,single_datapoint,no_comment
4779,2017,06_HKC,new_vehicle_efficiency,ldv,km_per_pj,road,freight,ice,all,yearly,national,['avg_eff_no_outliers $ transport_data_system_9th'],1,4776513034.843043,avg_eff_no_outliers $ transport_data_system_9th,367424079.603311,single_datapoint,no_comment
4780,2017,06_HKC,new_vehicle_efficiency,ldv,km_per_pj,road,passenger,ice,all,yearly,national,['avg_eff_no_outliers $ transport_data_system_9th'],1,3086802010.889935,avg_eff_no_outliers $ transport_data_system_9th,237446308.529995,single_datapoint,no_comment
4781,2017,06_HKC,travel_km,ldv,km,road,freight,ice,all,yearly,national,['estimated $ calculate_energy_and_activity()'],1,122340000.0,estimated $ calculate_energy_and_activity(),122340000.0,single_datapoint,no_comment
4782,2017,06_HKC,travel_km,ldv,km,road,passenger,ice,all,yearly,national,['estimated $ calculate_energy_and_activity()'],1,94856385000.0,estimated $ calculate_energy_and_activity(),9279090000.0,single_datapoint,no_comment
4783,2017,06_HKC,turnover_rate,ldv,%,road,freight,ice,all,yearly,national,['manually_inputted_data $ guess'],1,0.39,manually_inputted_data $ guess,0.03,single_datapoint,no_comment
4784,2017,06_HKC,turnover_rate,ldv,%,road,passenger,ice,all,yearly,national,['manually_inputted_data $ guess'],1,0.39,manually_inputted_data $ guess,0.03,single_datapoint,no_comment
4785,2018,06_HKC,activity,ldv,passenger_km_or_freight_tonne_km,road,passenger,ice,all,yearly,national,['estimated $ calculate_energy_and_activity()'],1,142284577500.0,estimated $ calculate_energy_and_activity(),14306535000.0,single_datapoint,no_comment
4786,2018,06_HKC,energy,ldv,pj,road,passenger,ice,all,yearly,national,['estimated $ calculate_energy_and_activity()'],1,272.684835430379,estimated $ calculate_energy_and_activity(),27.41811664060328,single_datapoint,no_comment
4787,2018,06_HKC,new_vehicle_efficiency,ldv,km_per_pj,road,freight,ice,all,yearly,national,['avg_eff_no_outliers $ transport_data_system_9th'],1,4776513034.843043,avg_eff_no_outliers $ transport_data_system_9th,367424079.603311,single_datapoint,no_comment
4788,2018,06_HKC,new_vehicle_efficiency,ldv,km_per_pj,road,passenger,ice,all,yearly,national,['avg_eff_no_outliers $ transport_data_system_9th'],1,3086802010.889935,avg_eff_no_outliers $ transport_data_system_9th,237446308.529995,single_datapoint,no_comment
4789,2018,06_HKC,travel_km,ldv,km,road,passenger,ice,all,yearly,national,['estimated $ calculate_energy_and_activity()'],1,94856385000.0,estimated $ calculate_energy_and_activity(),9537690000.0,single_datapoint,no_comment
4790,2018,06_HKC,turnover_rate,ldv,%,road,freight,ice,all,yearly,national,['manually_inputted_data $ guess'],1,0.39,manually_inputted_data $ guess,0.03,single_datapoint,no_comment
4791,2018,06_HKC,turnover_rate,ldv,%,road,passenger,ice,all,yearly,national,['manually_inputted_data $ guess'],1,0.39,manually_inputted_data $ guess,0.03,single_datapoint,no_comment
4792,2019,06_HKC,activity,ldv,passenger_km_or_freight_tonne_km,road,passenger,ice,all,yearly,national,['estimated $ calculate_energy_and_activity()'],1,142284577500.0,estimated $ calculate_energy_and_activity(),14543842500.0,single_datapoint,no_comment
4793,2019,06_HKC,energy,ldv,pj,road,passenger,ice,all,yearly,national,['estimated $ calculate_energy_and_activity()'],1,272.684835430379,estimated $ calculate_energy_and_activity(),27.87291053127562,single_datapoint,no_comment
4794,2019,06_HKC,new_vehicle_efficiency,ldv,km_per_pj,road,freight,ice,all,yearly,national,['avg_eff_no_outliers $ transport_data_system_9th'],1,4776513034.843043,avg_eff_no_outliers $ transport_data_system_9th,367424079.603311,single_datapoint,no_comment
4795,2019,06_HKC,new_vehicle_efficiency,ldv,km_per_pj,road,passenger,ice,all,yearly,national,['avg_eff_no_outliers $ transport_data_system_9th'],1,3086802010.889935,avg_eff_no_outliers $ transport_data_system_9th,237446308.529995,single_datapoint,no_comment
4796,2019,06_HKC,travel_km,ldv,km,road,passenger,ice,all,yearly,national,['estimated $ calculate_energy_and_activity()'],1,94856385000.0,estimated $ calculate_energy_and_activity(),9695895000.0,single_datapoint,no_comment
4797,2019,06_HKC,turnover_rate,ldv,%,road,freight,ice,all,yearly,national,['manually_inputted_data $ guess'],1,0.39,manually_inputted_data $ guess,0.03,single_datapoint,no_comment
4798,2019,06_HKC,turnover_rate,ldv,%,road,passenger,ice,all,yearly,national,['manually_inputted_data $ guess'],1,0.39,manually_inputted_data $ guess,0.03,single_datapoint,no_comment
4799,2020,06_HKC,activity,ldv,passenger_km_or_freight_tonne_km,road,passenger,ice,all,yearly,national,['estimated $ calculate_energy_and_activity()'],1,142284577500.0,estimated $ calculate_energy_and_activity(),15064222500.0,single_datapoint,no_comment
4800,2020,06_HKC,energy,ldv,pj,road,passenger,ice,all,yearly,national,['estimated $ calculate_energy_and_activity()'],1,272.684835430379,estimated $ calculate_energy_and_activity(),28.87020579092005,single_datapoint,no_comment
4801,2020,06_HKC,new_vehicle_efficiency,ldv,km_per_pj,road,freight,ice,all,yearly,national,['avg_eff_no_outliers $ transport_data_system_9th'],1,4776513034.843043,avg_eff_no_outliers $ transport_data_system_9th,367424079.603311,single_datapoint,no_comment
4802,2020,06_HKC,new_vehicle_efficiency,ldv,km_per_pj,road,passenger,ice,all,yearly,national,['avg_eff_no_outliers $ transport_data_system_9th'],1,3086802010.889935,avg_eff_no_outliers $ transport_data_system_9th,237446308.529995,single_datapoint,no_comment
4803,2020,06_HKC,travel_km,ldv,km,road,passenger,ice,all,yearly,national,['estimated $ calculate_energy_and_activity()'],1,94856385000.0,estimated $ calculate_energy_and_activity(),10042815000.0,single_datapoint,no_comment
4804,2020,06_HKC,turnover_rate,ldv,%,road,freight,ice,all,yearly,national,['manually_inputted_data $ guess'],1,0.39,manually_inputted_data $ guess,0.03,single_datapoint,no_comment
4805,2020,06_HKC,turnover_rate,ldv,%,road,passenger,ice,all,yearly,national,['manually_inputted_data $ guess'],1,0.39,manually_inputted_data $ guess,0.03,single_datapoint,no_comment
4806,2021,06_HKC,new_vehicle_efficiency,ldv,km_per_pj,road,freight,ice,all,yearly,national,['avg_eff_no_outliers $ transport_data_system_9th'],1,4776513034.843043,avg_eff_no_outliers $ transport_data_system_9th,367424079.603311,single_datapoint,no_comment
4807,2021,06_HKC,new_vehicle_efficiency,ldv,km_per_pj,road,passenger,ice,all,yearly,national,['avg_eff_no_outliers $ transport_data_system_9th'],1,3086802010.889935,avg_eff_no_outliers $ transport_data_system_9th,237446308.529995,single_datapoint,no_comment
4808,2021,06_HKC,turnover_rate,ldv,%,road,freight,ice,all,yearly,national,['manually_inputted_data $ guess'],1,0.39,manually_inputted_data $ guess,0.03,single_datapoint,no_comment
4809,2021,06_HKC,turnover_rate,ldv,%,road,passenger,ice,all,yearly,national,['manually_inputted_data $ guess'],1,0.39,manually_inputted_data $ guess,0.03,single_datapoint,no_comment
4810,2022,06_HKC,new_vehicle_efficiency,ldv,km_per_pj,road,freight,ice,all,yearly,national,['avg_eff_no_outliers $ transport_data_system_9th'],1,4776513034.843043,avg_eff_no_outliers $ transport_data_system_9th,367424079.603311,single_datapoint,no_comment
4811,2022,06_HKC,new_vehicle_efficiency,ldv,km_per_pj,road,passenger,ice,all,yearly,national,['avg_eff_no_outliers $ transport_data_system_9th'],1,3086802010.889935,avg_eff_no_outliers $ transport_data_system_9th,237446308.529995,single_datapoint,no_comment
4812,2022,06_HKC,turnover_rate,ldv,%,road,freight,ice,all,yearly,national,['manually_inputted_data $ guess'],1,0.39,manually_inputted_data $ guess,0.03,single_datapoint,no_comment
4813,2022,06_HKC,turnover_rate,ldv,%,road,passenger,ice,all,yearly,national,['manually_inputted_data $ guess'],1,0.39,manually_inputted_data $ guess,0.03,single_datapoint,no_comment
4814,2010,06_HKC,new_vehicle_efficiency,ldv,km_per_pj,road,freight,lpg,all,yearly,national,['avg_eff_no_outliers $ transport_data_system_9th'],1,3668778329.1297708,avg_eff_no_outliers $ transport_data_system_9th,282213717.625367,single_datapoint,no_comment
4815,2010,06_HKC,new_vehicle_efficiency,ldv,km_per_pj,road,passenger,lpg,all,yearly,national,['avg_eff_no_outliers $ transport_data_system_9th'],1,4713924488.084526,avg_eff_no_outliers $ transport_data_system_9th,362609576.006502,single_datapoint,no_comment
4816,2010,06_HKC,turnover_rate,ldv,%,road,freight,lpg,all,yearly,national,['manually_inputted_data $ guess'],1,0.42,manually_inputted_data $ guess,0.03,manual,no_comment
4817,2010,06_HKC,turnover_rate,ldv,%,road,passenger,lpg,all,yearly,national,['manually_inputted_data $ guess'],1,0.42,manually_inputted_data $ guess,0.03,manual,no_comment
4818,2011,06_HKC,new_vehicle_efficiency,ldv,km_per_pj,road,freight,lpg,all,yearly,national,['avg_eff_no_outliers $ transport_data_system_9th'],1,3668778329.1297708,avg_eff_no_outliers $ transport_data_system_9th,282213717.625367,single_datapoint,no_comment
4819,2011,06_HKC,new_vehicle_efficiency,ldv,km_per_pj,road,passenger,lpg,all,yearly,national,['avg_eff_no_outliers $ transport_data_system_9th'],1,4713924488.084526,avg_eff_no_outliers $ transport_data_system_9th,362609576.006502,single_datapoint,no_comment
4820,2011,06_HKC,turnover_rate,ldv,%,road,freight,lpg,all,yearly,national,['manually_inputted_data $ guess'],1,0.42,manually_inputted_data $ guess,0.03,manual,no_comment
4821,2011,06_HKC,turnover_rate,ldv,%,road,passenger,lpg,all,yearly,national,['manually_inputted_data $ guess'],1,0.42,manually_inputted_data $ guess,0.03,manual,no_comment
4822,2012,06_HKC,new_vehicle_efficiency,ldv,km_per_pj,road,freight,lpg,all,yearly,national,['avg_eff_no_outliers $ transport_data_system_9th'],1,3668778329.1297708,avg_eff_no_outliers $ transport_data_system_9th,282213717.625367,single_datapoint,no_comment
4823,2012,06_HKC,new_vehicle_efficiency,ldv,km_per_pj,road,passenger,lpg,all,yearly,national,['avg_eff_no_outliers $ transport_data_system_9th'],1,4713924488.084526,avg_eff_no_outliers $ transport_data_system_9th,362609576.006502,single_datapoint,no_comment
4824,2012,06_HKC,turnover_rate,ldv,%,road,freight,lpg,all,yearly,national,['manually_inputted_data $ guess'],1,0.42,manually_inputted_data $ guess,0.03,manual,no_comment
4825,2012,06_HKC,turnover_rate,ldv,%,road,passenger,lpg,all,yearly,national,['manually_inputted_data $ guess'],1,0.42,manually_inputted_data $ guess,0.03,manual,no_comment
4826,2013,06_HKC,new_vehicle_efficiency,ldv,km_per_pj,road,freight,lpg,all,yearly,national,['avg_eff_no_outliers $ transport_data_system_9th'],1,3668778329.1297708,avg_eff_no_outliers $ transport_data_system_9th,282213717.625367,single_datapoint,no_comment
4827,2013,06_HKC,new_vehicle_efficiency,ldv,km_per_pj,road,passenger,lpg,all,yearly,national,['avg_eff_no_outliers $ transport_data_system_9th'],1,4713924488.084526,avg_eff_no_outliers $ transport_data_system_9th,362609576.006502,single_datapoint,no_comment
4828,2013,06_HKC,turnover_rate,ldv,%,road,freight,lpg,all,yearly,national,['manually_inputted_data $ guess'],1,0.42,manually_inputted_data $ guess,0.03,manual,no_comment
4829,2013,06_HKC,turnover_rate,ldv,%,road,passenger,lpg,all,yearly,national,['manually_inputted_data $ guess'],1,0.42,manually_inputted_data $ guess,0.03,manual,no_comment
4830,2014,06_HKC,new_vehicle_efficiency,ldv,km_per_pj,road,freight,lpg,all,yearly,national,['avg_eff_no_outliers $ transport_data_system_9th'],1,3668778329.1297708,avg_eff_no_outliers $ transport_data_system_9th,282213717.625367,single_datapoint,no_comment
4831,2014,06_HKC,new_vehicle_efficiency,ldv,km_per_pj,road,passenger,lpg,all,yearly,national,['avg_eff_no_outliers $ transport_data_system_9th'],1,4713924488.084526,avg_eff_no_outliers $ transport_data_system_9th,362609576.006502,single_datapoint,no_comment
4832,2014,06_HKC,turnover_rate,ldv,%,road,freight,lpg,all,yearly,national,['manually_inputted_data $ guess'],1,0.42,manually_inputted_data $ guess,0.03,manual,no_comment
4833,2014,06_HKC,turnover_rate,ldv,%,road,passenger,lpg,all,yearly,national,['manually_inputted_data $ guess'],1,0.42,manually_inputted_data $ guess,0.03,manual,no_comment
4834,2015,06_HKC,new_vehicle_efficiency,ldv,km_per_pj,road,freight,lpg,all,yearly,national,['avg_eff_no_outliers $ transport_data_system_9th'],1,3668778329.1297708,avg_eff_no_outliers $ transport_data_system_9th,282213717.625367,single_datapoint,no_comment
4835,2015,06_HKC,new_vehicle_efficiency,ldv,km_per_pj,road,passenger,lpg,all,yearly,national,['avg_eff_no_outliers $ transport_data_system_9th'],1,4713924488.084526,avg_eff_no_outliers $ transport_data_system_9th,362609576.006502,single_datapoint,no_comment
4836,2015,06_HKC,turnover_rate,ldv,%,road,freight,lpg,all,yearly,national,['manually_inputted_data $ guess'],1,0.42,manually_inputted_data $ guess,0.03,manual,no_comment
4837,2015,06_HKC,turnover_rate,ldv,%,road,passenger,lpg,all,yearly,national,['manually_inputted_data $ guess'],1,0.42,manually_inputted_data $ guess,0.03,manual,no_comment
4838,2016,06_HKC,new_vehicle_efficiency,ldv,km_per_pj,road,freight,lpg,all,yearly,national,['avg_eff_no_outliers $ transport_data_system_9th'],1,3668778329.1297708,avg_eff_no_outliers $ transport_data_system_9th,282213717.625367,single_datapoint,no_comment
4839,2016,06_HKC,new_vehicle_efficiency,ldv,km_per_pj,road,passenger,lpg,all,yearly,national,['avg_eff_no_outliers $ transport_data_system_9th'],1,4713924488.084526,avg_eff_no_outliers $ transport_data_system_9th,362609576.006502,single_datapoint,no_comment
4840,2016,06_HKC,turnover_rate,ldv,%,road,freight,lpg,all,yearly,national,['manually_inputted_data $ guess'],1,0.42,manually_inputted_data $ guess,0.03,manual,no_comment
4841,2016,06_HKC,turnover_rate,ldv,%,road,passenger,lpg,all,yearly,national,['manually_inputted_data $ guess'],1,0.42,manually_inputted_data $ guess,0.03,manual,no_comment
4842,2017,06_HKC,activity,ldv,passenger_km_or_freight_tonne_km,road,freight,lpg,all,yearly,national,"['8th_edition_transport_model $ reference', 'estimated $ calculate_energy_and_activity()']",2,180482414.8373954,estimated $ calculate_energy_and_activity(),12472050.0,manual,no_comment
4843,2017,06_HKC,activity,ldv,passenger_km_or_freight_tonne_km,road,passenger,lpg,all,yearly,national,"['8th_edition_transport_model $ reference', 'estimated $ calculate_energy_and_activity()']",2,2886760295.051105,8th_edition_transport_model $ reference,1333382795.051105,manual,no_comment
4844,2017,06_HKC,energy,ldv,pj,road,freight,lpg,all,yearly,national,"['8th_edition_transport_model $ reference', 'estimated $ calculate_energy_and_activity()']",2,9.360131175497278,estimated $ calculate_energy_and_activity(),0.13583657201061006,manual,no_comment
4845,2017,06_HKC,energy,ldv,pj,road,passenger,lpg,all,yearly,national,"['8th_edition_transport_model $ reference', 'estimated $ calculate_energy_and_activity()']",2,5.559848410641097,8th_edition_transport_model $ reference,2.582839268882542,manual,no_comment
4846,2017,06_HKC,new_vehicle_efficiency,ldv,km_per_pj,road,freight,lpg,all,yearly,national,['avg_eff_no_outliers $ transport_data_system_9th'],1,3668778329.1297708,avg_eff_no_outliers $ transport_data_system_9th,282213717.625367,single_datapoint,no_comment
4847,2017,06_HKC,new_vehicle_efficiency,ldv,km_per_pj,road,passenger,lpg,all,yearly,national,['avg_eff_no_outliers $ transport_data_system_9th'],1,4713924488.084526,avg_eff_no_outliers $ transport_data_system_9th,362609576.006502,single_datapoint,no_comment
4848,2017,06_HKC,travel_km,ldv,km,road,freight,lpg,all,yearly,national,['estimated $ calculate_energy_and_activity()'],1,34170000.0,estimated $ calculate_energy_and_activity(),34170000.0,single_datapoint,no_comment
4849,2017,06_HKC,travel_km,ldv,km,road,passenger,lpg,all,yearly,national,['estimated $ calculate_energy_and_activity()'],1,1035585000.0,estimated $ calculate_energy_and_activity(),1035585000.0,single_datapoint,no_comment
4850,2017,06_HKC,turnover_rate,ldv,%,road,freight,lpg,all,yearly,national,"['manually_inputted_data $ guess', 'turnover_rate_est']",2,0.42,manually_inputted_data $ guess,0.03,manual,no_comment
4851,2017,06_HKC,turnover_rate,ldv,%,road,passenger,lpg,all,yearly,national,"['manually_inputted_data $ guess', 'turnover_rate_est']",2,0.42,manually_inputted_data $ guess,0.03,manual,no_comment
4852,2018,06_HKC,new_vehicle_efficiency,ldv,km_per_pj,road,freight,lpg,all,yearly,national,['avg_eff_no_outliers $ transport_data_system_9th'],1,3668778329.1297708,avg_eff_no_outliers $ transport_data_system_9th,282213717.625367,single_datapoint,no_comment
4853,2018,06_HKC,new_vehicle_efficiency,ldv,km_per_pj,road,passenger,lpg,all,yearly,national,['avg_eff_no_outliers $ transport_data_system_9th'],1,4713924488.084526,avg_eff_no_outliers $ transport_data_system_9th,362609576.006502,single_datapoint,no_comment
4854,2018,06_HKC,turnover_rate,ldv,%,road,freight,lpg,all,yearly,national,['manually_inputted_data $ guess'],1,0.42,manually_inputted_data $ guess,0.03,manual,no_comment
4855,2018,06_HKC,turnover_rate,ldv,%,road,passenger,lpg,all,yearly,national,['manually_inputted_data $ guess'],1,0.42,manually_inputted_data $ guess,0.03,manual,no_comment
4856,2019,06_HKC,new_vehicle_efficiency,ldv,km_per_pj,road,freight,lpg,all,yearly,national,['avg_eff_no_outliers $ transport_data_system_9th'],1,3668778329.1297708,avg_eff_no_outliers $ transport_data_system_9th,282213717.625367,single_datapoint,no_comment
4857,2019,06_HKC,new_vehicle_efficiency,ldv,km_per_pj,road,passenger,lpg,all,yearly,national,['avg_eff_no_outliers $ transport_data_system_9th'],1,4713924488.084526,avg_eff_no_outliers $ transport_data_system_9th,362609576.006502,single_datapoint,no_comment
4858,2019,06_HKC,turnover_rate,ldv,%,road,freight,lpg,all,yearly,national,['manually_inputted_data $ guess'],1,0.42,manually_inputted_data $ guess,0.03,manual,no_comment
4859,2019,06_HKC,turnover_rate,ldv,%,road,passenger,lpg,all,yearly,national,['manually_inputted_data $ guess'],1,0.42,manually_inputted_data $ guess,0.03,manual,no_comment
4860,2020,06_HKC,new_vehicle_efficiency,ldv,km_per_pj,road,freight,lpg,all,yearly,national,['avg_eff_no_outliers $ transport_data_system_9th'],1,3668778329.1297708,avg_eff_no_outliers $ transport_data_system_9th,282213717.625367,single_datapoint,no_comment
4861,2020,06_HKC,new_vehicle_efficiency,ldv,km_per_pj,road,passenger,lpg,all,yearly,national,['avg_eff_no_outliers $ transport_data_system_9th'],1,4713924488.084526,avg_eff_no_outliers $ transport_data_system_9th,362609576.006502,single_datapoint,no_comment
4862,2020,06_HKC,turnover_rate,ldv,%,road,freight,lpg,all,yearly,national,['manually_inputted_data $ guess'],1,0.42,manually_inputted_data $ guess,0.03,manual,no_comment
4863,2020,06_HKC,turnover_rate,ldv,%,road,passenger,lpg,all,yearly,national,['manually_inputted_data $ guess'],1,0.42,manually_inputted_data $ guess,0.03,manual,no_comment
4864,2021,06_HKC,new_vehicle_efficiency,ldv,km_per_pj,road,freight,lpg,all,yearly,national,['avg_eff_no_outliers $ transport_data_system_9th'],1,3668778329.1297708,avg_eff_no_outliers $ transport_data_system_9th,282213717.625367,single_datapoint,no_comment
4865,2021,06_HKC,new_vehicle_efficiency,ldv,km_per_pj,road,passenger,lpg,all,yearly,national,['avg_eff_no_outliers $ transport_data_system_9th'],1,4713924488.084526,avg_eff_no_outliers $ transport_data_system_9th,362609576.006502,single_datapoint,no_comment
4866,2021,06_HKC,turnover_rate,ldv,%,road,freight,lpg,all,yearly,national,['manually_inputted_data $ guess'],1,0.42,manually_inputted_data $ guess,0.03,manual,no_comment
4867,2021,06_HKC,turnover_rate,ldv,%,road,passenger,lpg,all,yearly,national,['manually_inputted_data $ guess'],1,0.42,manually_inputted_data $ guess,0.03,manual,no_comment
4868,2022,06_HKC,new_vehicle_efficiency,ldv,km_per_pj,road,freight,lpg,all,yearly,national,['avg_eff_no_outliers $ transport_data_system_9th'],1,3668778329.1297708,avg_eff_no_outliers $ transport_data_system_9th,282213717.625367,single_datapoint,no_comment
4869,2022,06_HKC,new_vehicle_efficiency,ldv,km_per_pj,road,passenger,lpg,all,yearly,national,['avg_eff_no_outliers $ transport_data_system_9th'],1,4713924488.084526,avg_eff_no_outliers $ transport_data_system_9th,362609576.006502,single_datapoint,no_comment
4870,2022,06_HKC,turnover_rate,ldv,%,road,freight,lpg,all,yearly,national,['manually_inputted_data $ guess'],1,0.42,manually_inputted_data $ guess,0.03,manual,no_comment
4871,2022,06_HKC,turnover_rate,ldv,%,road,passenger,lpg,all,yearly,national,['manually_inputted_data $ guess'],1,0.42,manually_inputted_data $ guess,0.03,manual,no_comment
4872,2010,06_HKC,new_vehicle_efficiency,ldv,km_per_pj,road,freight,phev,all,yearly,national,['avg_eff_no_outliers $ transport_data_system_9th'],1,8979606259.303562,avg_eff_no_outliers $ transport_data_system_9th,690738943.023351,single_datapoint,no_comment
4873,2010,06_HKC,new_vehicle_efficiency,ldv,km_per_pj,road,passenger,phev,all,yearly,national,['avg_eff_no_outliers $ transport_data_system_9th'],1,5974718100.659283,avg_eff_no_outliers $ transport_data_system_9th,459593700.050714,single_datapoint,no_comment
4874,2010,06_HKC,turnover_rate,ldv,%,road,freight,phev,all,yearly,national,['manually_inputted_data $ guess'],1,0.39,manually_inputted_data $ guess,0.03,single_datapoint,no_comment
4875,2010,06_HKC,turnover_rate,ldv,%,road,passenger,phev,all,yearly,national,['manually_inputted_data $ guess'],1,0.39,manually_inputted_data $ guess,0.03,single_datapoint,no_comment
4876,2011,06_HKC,new_vehicle_efficiency,ldv,km_per_pj,road,freight,phev,all,yearly,national,['avg_eff_no_outliers $ transport_data_system_9th'],1,8979606259.303562,avg_eff_no_outliers $ transport_data_system_9th,690738943.023351,single_datapoint,no_comment
4877,2011,06_HKC,new_vehicle_efficiency,ldv,km_per_pj,road,passenger,phev,all,yearly,national,['avg_eff_no_outliers $ transport_data_system_9th'],1,5974718100.659283,avg_eff_no_outliers $ transport_data_system_9th,459593700.050714,single_datapoint,no_comment
4878,2011,06_HKC,turnover_rate,ldv,%,road,freight,phev,all,yearly,national,['manually_inputted_data $ guess'],1,0.39,manually_inputted_data $ guess,0.03,single_datapoint,no_comment
4879,2011,06_HKC,turnover_rate,ldv,%,road,passenger,phev,all,yearly,national,['manually_inputted_data $ guess'],1,0.39,manually_inputted_data $ guess,0.03,single_datapoint,no_comment
4880,2012,06_HKC,new_vehicle_efficiency,ldv,km_per_pj,road,freight,phev,all,yearly,national,['avg_eff_no_outliers $ transport_data_system_9th'],1,8979606259.303562,avg_eff_no_outliers $ transport_data_system_9th,690738943.023351,single_datapoint,no_comment
4881,2012,06_HKC,new_vehicle_efficiency,ldv,km_per_pj,road,passenger,phev,all,yearly,national,['avg_eff_no_outliers $ transport_data_system_9th'],1,5974718100.659283,avg_eff_no_outliers $ transport_data_system_9th,459593700.050714,single_datapoint,no_comment
4882,2012,06_HKC,turnover_rate,ldv,%,road,freight,phev,all,yearly,national,['manually_inputted_data $ guess'],1,0.39,manually_inputted_data $ guess,0.03,single_datapoint,no_comment
4883,2012,06_HKC,turnover_rate,ldv,%,road,passenger,phev,all,yearly,national,['manually_inputted_data $ guess'],1,0.39,manually_inputted_data $ guess,0.03,single_datapoint,no_comment
4884,2013,06_HKC,new_vehicle_efficiency,ldv,km_per_pj,road,freight,phev,all,yearly,national,['avg_eff_no_outliers $ transport_data_system_9th'],1,8979606259.303562,avg_eff_no_outliers $ transport_data_system_9th,690738943.023351,single_datapoint,no_comment
4885,2013,06_HKC,new_vehicle_efficiency,ldv,km_per_pj,road,passenger,phev,all,yearly,national,['avg_eff_no_outliers $ transport_data_system_9th'],1,5974718100.659283,avg_eff_no_outliers $ transport_data_system_9th,459593700.050714,single_datapoint,no_comment
4886,2013,06_HKC,turnover_rate,ldv,%,road,freight,phev,all,yearly,national,['manually_inputted_data $ guess'],1,0.39,manually_inputted_data $ guess,0.03,single_datapoint,no_comment
4887,2013,06_HKC,turnover_rate,ldv,%,road,passenger,phev,all,yearly,national,['manually_inputted_data $ guess'],1,0.39,manually_inputted_data $ guess,0.03,single_datapoint,no_comment
4888,2014,06_HKC,new_vehicle_efficiency,ldv,km_per_pj,road,freight,phev,all,yearly,national,['avg_eff_no_outliers $ transport_data_system_9th'],1,8979606259.303562,avg_eff_no_outliers $ transport_data_system_9th,690738943.023351,single_datapoint,no_comment
4889,2014,06_HKC,new_vehicle_efficiency,ldv,km_per_pj,road,passenger,phev,all,yearly,national,['avg_eff_no_outliers $ transport_data_system_9th'],1,5974718100.659283,avg_eff_no_outliers $ transport_data_system_9th,459593700.050714,single_datapoint,no_comment
4890,2014,06_HKC,turnover_rate,ldv,%,road,freight,phev,all,yearly,national,['manually_inputted_data $ guess'],1,0.39,manually_inputted_data $ guess,0.03,single_datapoint,no_comment
4891,2014,06_HKC,turnover_rate,ldv,%,road,passenger,phev,all,yearly,national,['manually_inputted_data $ guess'],1,0.39,manually_inputted_data $ guess,0.03,single_datapoint,no_comment
4892,2015,06_HKC,new_vehicle_efficiency,ldv,km_per_pj,road,freight,phev,all,yearly,national,['avg_eff_no_outliers $ transport_data_system_9th'],1,8979606259.303562,avg_eff_no_outliers $ transport_data_system_9th,690738943.023351,single_datapoint,no_comment
4893,2015,06_HKC,new_vehicle_efficiency,ldv,km_per_pj,road,passenger,phev,all,yearly,national,['avg_eff_no_outliers $ transport_data_system_9th'],1,5974718100.659283,avg_eff_no_outliers $ transport_data_system_9th,459593700.050714,single_datapoint,no_comment
4894,2015,06_HKC,turnover_rate,ldv,%,road,freight,phev,all,yearly,national,['manually_inputted_data $ guess'],1,0.39,manually_inputted_data $ guess,0.03,single_datapoint,no_comment
4895,2015,06_HKC,turnover_rate,ldv,%,road,passenger,phev,all,yearly,national,['manually_inputted_data $ guess'],1,0.39,manually_inputted_data $ guess,0.03,single_datapoint,no_comment
4896,2016,06_HKC,new_vehicle_efficiency,ldv,km_per_pj,road,freight,phev,all,yearly,national,['avg_eff_no_outliers $ transport_data_system_9th'],1,8979606259.303562,avg_eff_no_outliers $ transport_data_system_9th,690738943.023351,single_datapoint,no_comment
4897,2016,06_HKC,new_vehicle_efficiency,ldv,km_per_pj,road,passenger,phev,all,yearly,national,['avg_eff_no_outliers $ transport_data_system_9th'],1,5974718100.659283,avg_eff_no_outliers $ transport_data_system_9th,459593700.050714,single_datapoint,no_comment
4898,2016,06_HKC,turnover_rate,ldv,%,road,freight,phev,all,yearly,national,['manually_inputted_data $ guess'],1,0.39,manually_inputted_data $ guess,0.03,single_datapoint,no_comment
4899,2016,06_HKC,turnover_rate,ldv,%,road,passenger,phev,all,yearly,national,['manually_inputted_data $ guess'],1,0.39,manually_inputted_data $ guess,0.03,single_datapoint,no_comment
4900,2017,06_HKC,new_vehicle_efficiency,ldv,km_per_pj,road,freight,phev,all,yearly,national,['avg_eff_no_outliers $ transport_data_system_9th'],1,8979606259.303562,avg_eff_no_outliers $ transport_data_system_9th,690738943.023351,single_datapoint,no_comment
4901,2017,06_HKC,new_vehicle_efficiency,ldv,km_per_pj,road,passenger,phev,all,yearly,national,['avg_eff_no_outliers $ transport_data_system_9th'],1,5974718100.659283,avg_eff_no_outliers $ transport_data_system_9th,459593700.050714,single_datapoint,no_comment
4902,2017,06_HKC,turnover_rate,ldv,%,road,freight,phev,all,yearly,national,['manually_inputted_data $ guess'],1,0.39,manually_inputted_data $ guess,0.03,single_datapoint,no_comment
4903,2017,06_HKC,turnover_rate,ldv,%,road,passenger,phev,all,yearly,national,['manually_inputted_data $ guess'],1,0.39,manually_inputted_data $ guess,0.03,single_datapoint,no_comment
4904,2018,06_HKC,new_vehicle_efficiency,ldv,km_per_pj,road,freight,phev,all,yearly,national,['avg_eff_no_outliers $ transport_data_system_9th'],1,8979606259.303562,avg_eff_no_outliers $ transport_data_system_9th,690738943.023351,single_datapoint,no_comment
4905,2018,06_HKC,new_vehicle_efficiency,ldv,km_per_pj,road,passenger,phev,all,yearly,national,['avg_eff_no_outliers $ transport_data_system_9th'],1,5974718100.659283,avg_eff_no_outliers $ transport_data_system_9th,459593700.050714,single_datapoint,no_comment
4906,2018,06_HKC,turnover_rate,ldv,%,road,freight,phev,all,yearly,national,['manually_inputted_data $ guess'],1,0.39,manually_inputted_data $ guess,0.03,single_datapoint,no_comment
4907,2018,06_HKC,turnover_rate,ldv,%,road,passenger,phev,all,yearly,national,['manually_inputted_data $ guess'],1,0.39,manually_inputted_data $ guess,0.03,single_datapoint,no_comment
4908,2019,06_HKC,new_vehicle_efficiency,ldv,km_per_pj,road,freight,phev,all,yearly,national,['avg_eff_no_outliers $ transport_data_system_9th'],1,8979606259.303562,avg_eff_no_outliers $ transport_data_system_9th,690738943.023351,single_datapoint,no_comment
4909,2019,06_HKC,new_vehicle_efficiency,ldv,km_per_pj,road,passenger,phev,all,yearly,national,['avg_eff_no_outliers $ transport_data_system_9th'],1,5974718100.659283,avg_eff_no_outliers $ transport_data_system_9th,459593700.050714,single_datapoint,no_comment
4910,2019,06_HKC,turnover_rate,ldv,%,road,freight,phev,all,yearly,national,['manually_inputted_data $ guess'],1,0.39,manually_inputted_data $ guess,0.03,single_datapoint,no_comment
4911,2019,06_HKC,turnover_rate,ldv,%,road,passenger,phev,all,yearly,national,['manually_inputted_data $ guess'],1,0.39,manually_inputted_data $ guess,0.03,single_datapoint,no_comment
4912,2020,06_HKC,new_vehicle_efficiency,ldv,km_per_pj,road,freight,phev,all,yearly,national,['avg_eff_no_outliers $ transport_data_system_9th'],1,8979606259.303562,avg_eff_no_outliers $ transport_data_system_9th,690738943.023351,single_datapoint,no_comment
4913,2020,06_HKC,new_vehicle_efficiency,ldv,km_per_pj,road,passenger,phev,all,yearly,national,['avg_eff_no_outliers $ transport_data_system_9th'],1,5974718100.659283,avg_eff_no_outliers $ transport_data_system_9th,459593700.050714,single_datapoint,no_comment
4914,2020,06_HKC,turnover_rate,ldv,%,road,freight,phev,all,yearly,national,['manually_inputted_data $ guess'],1,0.39,manually_inputted_data $ guess,0.03,single_datapoint,no_comment
4915,2020,06_HKC,turnover_rate,ldv,%,road,passenger,phev,all,yearly,national,['manually_inputted_data $ guess'],1,0.39,manually_inputted_data $ guess,0.03,single_datapoint,no_comment
4916,2021,06_HKC,new_vehicle_efficiency,ldv,km_per_pj,road,freight,phev,all,yearly,national,['avg_eff_no_outliers $ transport_data_system_9th'],1,8979606259.303562,avg_eff_no_outliers $ transport_data_system_9th,690738943.023351,single_datapoint,no_comment
4917,2021,06_HKC,new_vehicle_efficiency,ldv,km_per_pj,road,passenger,phev,all,yearly,national,['avg_eff_no_outliers $ transport_data_system_9th'],1,5974718100.659283,avg_eff_no_outliers $ transport_data_system_9th,459593700.050714,single_datapoint,no_comment
4918,2021,06_HKC,turnover_rate,ldv,%,road,freight,phev,all,yearly,national,['manually_inputted_data $ guess'],1,0.39,manually_inputted_data $ guess,0.03,single_datapoint,no_comment
4919,2021,06_HKC,turnover_rate,ldv,%,road,passenger,phev,all,yearly,national,['manually_inputted_data $ guess'],1,0.39,manually_inputted_data $ guess,0.03,single_datapoint,no_comment
4920,2022,06_HKC,new_vehicle_efficiency,ldv,km_per_pj,road,freight,phev,all,yearly,national,['avg_eff_no_outliers $ transport_data_system_9th'],1,8979606259.303562,avg_eff_no_outliers $ transport_data_system_9th,690738943.023351,single_datapoint,no_comment
4921,2022,06_HKC,new_vehicle_efficiency,ldv,km_per_pj,road,passenger,phev,all,yearly,national,['avg_eff_no_outliers $ transport_data_system_9th'],1,5974718100.659283,avg_eff_no_outliers $ transport_data_system_9th,459593700.050714,single_datapoint,no_comment
4922,2022,06_HKC,turnover_rate,ldv,%,road,freight,phev,all,yearly,national,['manually_inputted_data $ guess'],1,0.39,manually_inputted_data $ guess,0.03,single_datapoint,no_comment
4923,2022,06_HKC,turnover_rate,ldv,%,road,passenger,phev,all,yearly,national,['manually_inputted_data $ guess'],1,0.39,manually_inputted_data $ guess,0.03,single_datapoint,no_comment
4924,2010,07_INA,new_vehicle_efficiency,2w,km_per_pj,road,passenger,bev,all,yearly,national,['avg_eff_no_outliers $ transport_data_system_9th'],1,33137029391.83156,avg_eff_no_outliers $ transport_data_system_9th,2549002260.91012,single_datapoint,no_comment
4925,2010,07_INA,turnover_rate,2w,%,road,passenger,bev,all,yearly,national,['manually_inputted_data $ guess'],1,0.42,manually_inputted_data $ guess,0.03,manual,no_comment
4926,2011,07_INA,new_vehicle_efficiency,2w,km_per_pj,road,passenger,bev,all,yearly,national,['avg_eff_no_outliers $ transport_data_system_9th'],1,33137029391.83156,avg_eff_no_outliers $ transport_data_system_9th,2549002260.91012,single_datapoint,no_comment
4927,2011,07_INA,turnover_rate,2w,%,road,passenger,bev,all,yearly,national,['manually_inputted_data $ guess'],1,0.42,manually_inputted_data $ guess,0.03,manual,no_comment
4928,2012,07_INA,new_vehicle_efficiency,2w,km_per_pj,road,passenger,bev,all,yearly,national,['avg_eff_no_outliers $ transport_data_system_9th'],1,33137029391.83156,avg_eff_no_outliers $ transport_data_system_9th,2549002260.91012,single_datapoint,no_comment
4929,2012,07_INA,turnover_rate,2w,%,road,passenger,bev,all,yearly,national,['manually_inputted_data $ guess'],1,0.42,manually_inputted_data $ guess,0.03,manual,no_comment
4930,2013,07_INA,new_vehicle_efficiency,2w,km_per_pj,road,passenger,bev,all,yearly,national,['avg_eff_no_outliers $ transport_data_system_9th'],1,33137029391.83156,avg_eff_no_outliers $ transport_data_system_9th,2549002260.91012,single_datapoint,no_comment
4931,2013,07_INA,turnover_rate,2w,%,road,passenger,bev,all,yearly,national,['manually_inputted_data $ guess'],1,0.42,manually_inputted_data $ guess,0.03,manual,no_comment
4932,2014,07_INA,new_vehicle_efficiency,2w,km_per_pj,road,passenger,bev,all,yearly,national,['avg_eff_no_outliers $ transport_data_system_9th'],1,33137029391.83156,avg_eff_no_outliers $ transport_data_system_9th,2549002260.91012,single_datapoint,no_comment
4933,2014,07_INA,turnover_rate,2w,%,road,passenger,bev,all,yearly,national,['manually_inputted_data $ guess'],1,0.42,manually_inputted_data $ guess,0.03,manual,no_comment
4934,2015,07_INA,new_vehicle_efficiency,2w,km_per_pj,road,passenger,bev,all,yearly,national,['avg_eff_no_outliers $ transport_data_system_9th'],1,33137029391.83156,avg_eff_no_outliers $ transport_data_system_9th,2549002260.91012,single_datapoint,no_comment
4935,2015,07_INA,turnover_rate,2w,%,road,passenger,bev,all,yearly,national,['manually_inputted_data $ guess'],1,0.42,manually_inputted_data $ guess,0.03,manual,no_comment
4936,2016,07_INA,new_vehicle_efficiency,2w,km_per_pj,road,passenger,bev,all,yearly,national,['avg_eff_no_outliers $ transport_data_system_9th'],1,33137029391.83156,avg_eff_no_outliers $ transport_data_system_9th,2549002260.91012,single_datapoint,no_comment
4937,2016,07_INA,turnover_rate,2w,%,road,passenger,bev,all,yearly,national,['manually_inputted_data $ guess'],1,0.42,manually_inputted_data $ guess,0.03,manual,no_comment
4938,2017,07_INA,activity,2w,passenger_km_or_freight_tonne_km,road,passenger,bev,all,yearly,national,"['8th_edition_transport_model $ reference', 'estimated $ calculate_energy_and_activity()']",2,56148060.0,8th_edition_transport_model $ reference,12068310.0,manual,no_comment
4939,2017,07_INA,energy,2w,pj,road,passenger,bev,all,yearly,national,"['8th_edition_transport_model $ reference', 'estimated $ calculate_energy_and_activity()']",2,0.023574080647272372,8th_edition_transport_model $ reference,0.0054717080453915,manual,no_comment
4940,2017,07_INA,new_vehicle_efficiency,2w,km_per_pj,road,passenger,bev,all,yearly,national,['avg_eff_no_outliers $ transport_data_system_9th'],1,33137029391.83156,avg_eff_no_outliers $ transport_data_system_9th,2549002260.91012,single_datapoint,no_comment
4941,2017,07_INA,travel_km,2w,km,road,passenger,bev,all,yearly,national,['estimated $ calculate_energy_and_activity()'],1,40072500.0,estimated $ calculate_energy_and_activity(),40072500.0,single_datapoint,no_comment
4942,2017,07_INA,turnover_rate,2w,%,road,passenger,bev,all,yearly,national,"['manually_inputted_data $ guess', 'turnover_rate_est']",2,0.42,manually_inputted_data $ guess,0.03,manual,no_comment
4943,2018,07_INA,new_vehicle_efficiency,2w,km_per_pj,road,passenger,bev,all,yearly,national,['avg_eff_no_outliers $ transport_data_system_9th'],1,33137029391.83156,avg_eff_no_outliers $ transport_data_system_9th,2549002260.91012,single_datapoint,no_comment
4944,2018,07_INA,turnover_rate,2w,%,road,passenger,bev,all,yearly,national,['manually_inputted_data $ guess'],1,0.42,manually_inputted_data $ guess,0.03,manual,no_comment
4945,2019,07_INA,new_vehicle_efficiency,2w,km_per_pj,road,passenger,bev,all,yearly,national,['avg_eff_no_outliers $ transport_data_system_9th'],1,33137029391.83156,avg_eff_no_outliers $ transport_data_system_9th,2549002260.91012,single_datapoint,no_comment
4946,2019,07_INA,turnover_rate,2w,%,road,passenger,bev,all,yearly,national,['manually_inputted_data $ guess'],1,0.42,manually_inputted_data $ guess,0.03,manual,no_comment
4947,2020,07_INA,new_vehicle_efficiency,2w,km_per_pj,road,passenger,bev,all,yearly,national,['avg_eff_no_outliers $ transport_data_system_9th'],1,33137029391.83156,avg_eff_no_outliers $ transport_data_system_9th,2549002260.91012,single_datapoint,no_comment
4948,2020,07_INA,turnover_rate,2w,%,road,passenger,bev,all,yearly,national,['manually_inputted_data $ guess'],1,0.42,manually_inputted_data $ guess,0.03,manual,no_comment
4949,2021,07_INA,new_vehicle_efficiency,2w,km_per_pj,road,passenger,bev,all,yearly,national,['avg_eff_no_outliers $ transport_data_system_9th'],1,33137029391.83156,avg_eff_no_outliers $ transport_data_system_9th,2549002260.91012,single_datapoint,no_comment
4950,2021,07_INA,turnover_rate,2w,%,road,passenger,bev,all,yearly,national,['manually_inputted_data $ guess'],1,0.42,manually_inputted_data $ guess,0.03,manual,no_comment
4951,2022,07_INA,new_vehicle_efficiency,2w,km_per_pj,road,passenger,bev,all,yearly,national,['avg_eff_no_outliers $ transport_data_system_9th'],1,33137029391.83156,avg_eff_no_outliers $ transport_data_system_9th,2549002260.91012,single_datapoint,no_comment
4952,2022,07_INA,turnover_rate,2w,%,road,passenger,bev,all,yearly,national,['manually_inputted_data $ guess'],1,0.42,manually_inputted_data $ guess,0.03,manual,no_comment
4953,2010,07_INA,activity,2w,passenger_km_or_freight_tonne_km,road,passenger,ice,all,yearly,national,['estimated $ calculate_energy_and_activity()'],1,8553988154250.001,estimated $ calculate_energy_and_activity(),503895051000.00006,single_datapoint,no_comment
4954,2010,07_INA,energy,2w,pj,road,passenger,ice,all,yearly,national,['estimated $ calculate_energy_and_activity()'],1,12295.128325389336,estimated $ calculate_energy_and_activity(),724.2767002775691,single_datapoint,no_comment
4955,2010,07_INA,new_vehicle_efficiency,2w,km_per_pj,road,passenger,ice,all,yearly,national,['avg_eff_no_outliers $ transport_data_system_9th'],1,7669072338.574219,avg_eff_no_outliers $ transport_data_system_9th,589928641.428786,single_datapoint,no_comment
4956,2010,07_INA,travel_km,2w,km,road,passenger,ice,all,yearly,national,['estimated $ calculate_energy_and_activity()'],1,7776352867500.0,estimated $ calculate_energy_and_activity(),458086410000.0,single_datapoint,no_comment
4957,2010,07_INA,turnover_rate,2w,%,road,passenger,ice,all,yearly,national,['manually_inputted_data $ guess'],1,0.39,manually_inputted_data $ guess,0.03,single_datapoint,no_comment
4958,2011,07_INA,activity,2w,passenger_km_or_freight_tonne_km,road,passenger,ice,all,yearly,national,['estimated $ calculate_energy_and_activity()'],1,8553988154250.001,estimated $ calculate_energy_and_activity(),567924563250.0,single_datapoint,no_comment
4959,2011,07_INA,energy,2w,pj,road,passenger,ice,all,yearly,national,['estimated $ calculate_energy_and_activity()'],1,12295.128325389336,estimated $ calculate_energy_and_activity(),816.3099198156038,single_datapoint,no_comment
4960,2011,07_INA,new_vehicle_efficiency,2w,km_per_pj,road,passenger,ice,all,yearly,national,['avg_eff_no_outliers $ transport_data_system_9th'],1,7669072338.574219,avg_eff_no_outliers $ transport_data_system_9th,589928641.428786,single_datapoint,no_comment
4961,2011,07_INA,travel_km,2w,km,road,passenger,ice,all,yearly,national,['estimated $ calculate_energy_and_activity()'],1,7776352867500.0,estimated $ calculate_energy_and_activity(),516295057500.0,single_datapoint,no_comment
4962,2011,07_INA,turnover_rate,2w,%,road,passenger,ice,all,yearly,national,['manually_inputted_data $ guess'],1,0.39,manually_inputted_data $ guess,0.03,single_datapoint,no_comment
4963,2012,07_INA,activity,2w,passenger_km_or_freight_tonne_km,road,passenger,ice,all,yearly,national,['estimated $ calculate_energy_and_activity()'],1,8553988154250.001,estimated $ calculate_energy_and_activity(),641484178500.0,single_datapoint,no_comment
4964,2012,07_INA,energy,2w,pj,road,passenger,ice,all,yearly,national,['estimated $ calculate_energy_and_activity()'],1,12295.128325389336,estimated $ calculate_energy_and_activity(),922.0412924520808,single_datapoint,no_comment
4965,2012,07_INA,new_vehicle_efficiency,2w,km_per_pj,road,passenger,ice,all,yearly,national,['avg_eff_no_outliers $ transport_data_system_9th'],1,7669072338.574219,avg_eff_no_outliers $ transport_data_system_9th,589928641.428786,single_datapoint,no_comment
4966,2012,07_INA,travel_km,2w,km,road,passenger,ice,all,yearly,national,['estimated $ calculate_energy_and_activity()'],1,7776352867500.0,estimated $ calculate_energy_and_activity(),583167435000.0,single_datapoint,no_comment
4967,2012,07_INA,turnover_rate,2w,%,road,passenger,ice,all,yearly,national,['manually_inputted_data $ guess'],1,0.39,manually_inputted_data $ guess,0.03,single_datapoint,no_comment
4968,2013,07_INA,activity,2w,passenger_km_or_freight_tonne_km,road,passenger,ice,all,yearly,national,['estimated $ calculate_energy_and_activity()'],1,8553988154250.001,estimated $ calculate_energy_and_activity(),711589370250.0,single_datapoint,no_comment
4969,2013,07_INA,energy,2w,pj,road,passenger,ice,all,yearly,national,['estimated $ calculate_energy_and_activity()'],1,12295.128325389336,estimated $ calculate_energy_and_activity(),1022.8074278849456,single_datapoint,no_comment
4970,2013,07_INA,new_vehicle_efficiency,2w,km_per_pj,road,passenger,ice,all,yearly,national,['avg_eff_no_outliers $ transport_data_system_9th'],1,7669072338.574219,avg_eff_no_outliers $ transport_data_system_9th,589928641.428786,single_datapoint,no_comment
4971,2013,07_INA,travel_km,2w,km,road,passenger,ice,all,yearly,national,['estimated $ calculate_energy_and_activity()'],1,7776352867500.0,estimated $ calculate_energy_and_activity(),646899427500.0,single_datapoint,no_comment
4972,2013,07_INA,turnover_rate,2w,%,road,passenger,ice,all,yearly,national,['manually_inputted_data $ guess'],1,0.39,manually_inputted_data $ guess,0.03,single_datapoint,no_comment
4973,2014,07_INA,activity,2w,passenger_km_or_freight_tonne_km,road,passenger,ice,all,yearly,national,['estimated $ calculate_energy_and_activity()'],1,8553988154250.001,estimated $ calculate_energy_and_activity(),777505005750.0001,single_datapoint,no_comment
4974,2014,07_INA,energy,2w,pj,road,passenger,ice,all,yearly,national,['estimated $ calculate_energy_and_activity()'],1,12295.128325389336,estimated $ calculate_energy_and_activity(),1117.5516784623123,single_datapoint,no_comment
4975,2014,07_INA,new_vehicle_efficiency,2w,km_per_pj,road,passenger,ice,all,yearly,national,['avg_eff_no_outliers $ transport_data_system_9th'],1,7669072338.574219,avg_eff_no_outliers $ transport_data_system_9th,589928641.428786,single_datapoint,no_comment
4976,2014,07_INA,travel_km,2w,km,road,passenger,ice,all,yearly,national,['estimated $ calculate_energy_and_activity()'],1,7776352867500.0,estimated $ calculate_energy_and_activity(),706822732500.0,single_datapoint,no_comment
4977,2014,07_INA,turnover_rate,2w,%,road,passenger,ice,all,yearly,national,['manually_inputted_data $ guess'],1,0.39,manually_inputted_data $ guess,0.03,single_datapoint,no_comment
4978,2015,07_INA,activity,2w,passenger_km_or_freight_tonne_km,road,passenger,ice,all,yearly,national,['estimated $ calculate_energy_and_activity()'],1,8553988154250.001,estimated $ calculate_energy_and_activity(),828773178750.0001,single_datapoint,no_comment
4979,2015,07_INA,energy,2w,pj,road,passenger,ice,all,yearly,national,['estimated $ calculate_energy_and_activity()'],1,12295.128325389336,estimated $ calculate_energy_and_activity(),1191.242307286725,single_datapoint,no_comment
4980,2015,07_INA,new_vehicle_efficiency,2w,km_per_pj,road,passenger,ice,all,yearly,national,['avg_eff_no_outliers $ transport_data_system_9th'],1,7669072338.574219,avg_eff_no_outliers $ transport_data_system_9th,589928641.428786,single_datapoint,no_comment
4981,2015,07_INA,travel_km,2w,km,road,passenger,ice,all,yearly,national,['estimated $ calculate_energy_and_activity()'],1,7776352867500.0,estimated $ calculate_energy_and_activity(),753430162500.0,single_datapoint,no_comment
4982,2015,07_INA,turnover_rate,2w,%,road,passenger,ice,all,yearly,national,['manually_inputted_data $ guess'],1,0.39,manually_inputted_data $ guess,0.03,single_datapoint,no_comment
4983,2016,07_INA,activity,2w,passenger_km_or_freight_tonne_km,road,passenger,ice,all,yearly,national,['estimated $ calculate_energy_and_activity()'],1,8553988154250.001,estimated $ calculate_energy_and_activity(),878946321000.0001,single_datapoint,no_comment
4984,2016,07_INA,energy,2w,pj,road,passenger,ice,all,yearly,national,['estimated $ calculate_energy_and_activity()'],1,12295.128325389336,estimated $ calculate_energy_and_activity(),1263.3589868200336,single_datapoint,no_comment
4985,2016,07_INA,new_vehicle_efficiency,2w,km_per_pj,road,passenger,ice,all,yearly,national,['avg_eff_no_outliers $ transport_data_system_9th'],1,7669072338.574219,avg_eff_no_outliers $ transport_data_system_9th,589928641.428786,single_datapoint,no_comment
4986,2016,07_INA,travel_km,2w,km,road,passenger,ice,all,yearly,national,['estimated $ calculate_energy_and_activity()'],1,7776352867500.0,estimated $ calculate_energy_and_activity(),799042110000.0,single_datapoint,no_comment
4987,2016,07_INA,turnover_rate,2w,%,road,passenger,ice,all,yearly,national,['manually_inputted_data $ guess'],1,0.39,manually_inputted_data $ guess,0.03,single_datapoint,no_comment
4988,2017,07_INA,activity,2w,passenger_km_or_freight_tonne_km,road,passenger,ice,all,yearly,national,['estimated $ calculate_energy_and_activity()'],1,8553988154250.001,estimated $ calculate_energy_and_activity(),895906374000.0001,single_datapoint,no_comment
4989,2017,07_INA,energy,2w,pj,road,passenger,ice,all,yearly,national,['estimated $ calculate_energy_and_activity()'],1,12295.128325389336,estimated $ calculate_energy_and_activity(),1287.7366249790014,single_datapoint,no_comment
4990,2017,07_INA,new_vehicle_efficiency,2w,km_per_pj,road,passenger,ice,all,yearly,national,['avg_eff_no_outliers $ transport_data_system_9th'],1,7669072338.574219,avg_eff_no_outliers $ transport_data_system_9th,589928641.428786,single_datapoint,no_comment
4991,2017,07_INA,travel_km,2w,km,road,passenger,ice,all,yearly,national,['estimated $ calculate_energy_and_activity()'],1,7776352867500.0,estimated $ calculate_energy_and_activity(),814460340000.0,single_datapoint,no_comment
4992,2017,07_INA,turnover_rate,2w,%,road,passenger,ice,all,yearly,national,['manually_inputted_data $ guess'],1,0.39,manually_inputted_data $ guess,0.03,single_datapoint,no_comment
4993,2018,07_INA,activity,2w,passenger_km_or_freight_tonne_km,road,passenger,ice,all,yearly,national,['estimated $ calculate_energy_and_activity()'],1,8553988154250.001,estimated $ calculate_energy_and_activity(),946981513500.0001,single_datapoint,no_comment
4994,2018,07_INA,energy,2w,pj,road,passenger,ice,all,yearly,national,['estimated $ calculate_energy_and_activity()'],1,12295.128325389336,estimated $ calculate_energy_and_activity(),1361.1497958959678,single_datapoint,no_comment
4995,2018,07_INA,new_vehicle_efficiency,2w,km_per_pj,road,passenger,ice,all,yearly,national,['avg_eff_no_outliers $ transport_data_system_9th'],1,7669072338.574219,avg_eff_no_outliers $ transport_data_system_9th,589928641.428786,single_datapoint,no_comment
4996,2018,07_INA,travel_km,2w,km,road,passenger,ice,all,yearly,national,['estimated $ calculate_energy_and_activity()'],1,7776352867500.0,estimated $ calculate_energy_and_activity(),860892285000.0,single_datapoint,no_comment
4997,2018,07_INA,turnover_rate,2w,%,road,passenger,ice,all,yearly,national,['manually_inputted_data $ guess'],1,0.39,manually_inputted_data $ guess,0.03,single_datapoint,no_comment
4998,2019,07_INA,activity,2w,passenger_km_or_freight_tonne_km,road,passenger,ice,all,yearly,national,['estimated $ calculate_energy_and_activity()'],1,8553988154250.001,estimated $ calculate_energy_and_activity(),879892653750.0001,single_datapoint,no_comment
4999,2019,07_INA,energy,2w,pj,road,passenger,ice,all,yearly,national,['estimated $ calculate_energy_and_activity()'],1,12295.128325389336,estimated $ calculate_energy_and_activity(),1264.7192041116589,single_datapoint,no_comment
5000,2019,07_INA,new_vehicle_efficiency,2w,km_per_pj,road,passenger,ice,all,yearly,national,['avg_eff_no_outliers $ transport_data_system_9th'],1,7669072338.574219,avg_eff_no_outliers $ transport_data_system_9th,589928641.428786,single_datapoint,no_comment
5001,2019,07_INA,travel_km,2w,km,road,passenger,ice,all,yearly,national,['estimated $ calculate_energy_and_activity()'],1,7776352867500.0,estimated $ calculate_energy_and_activity(),799902412500.0,single_datapoint,no_comment
5002,2019,07_INA,turnover_rate,2w,%,road,passenger,ice,all,yearly,national,['manually_inputted_data $ guess'],1,0.39,manually_inputted_data $ guess,0.03,single_datapoint,no_comment
5003,2020,07_INA,activity,2w,passenger_km_or_freight_tonne_km,road,passenger,ice,all,yearly,national,['estimated $ calculate_energy_and_activity()'],1,8553988154250.001,estimated $ calculate_energy_and_activity(),921089944500.0001,single_datapoint,no_comment
5004,2020,07_INA,energy,2w,pj,road,passenger,ice,all,yearly,national,['estimated $ calculate_energy_and_activity()'],1,12295.128325389336,estimated $ calculate_energy_and_activity(),1323.9343874034384,single_datapoint,no_comment
5005,2020,07_INA,new_vehicle_efficiency,2w,km_per_pj,road,passenger,ice,all,yearly,national,['avg_eff_no_outliers $ transport_data_system_9th'],1,7669072338.574219,avg_eff_no_outliers $ transport_data_system_9th,589928641.428786,single_datapoint,no_comment
5006,2020,07_INA,travel_km,2w,km,road,passenger,ice,all,yearly,national,['estimated $ calculate_energy_and_activity()'],1,7776352867500.0,estimated $ calculate_energy_and_activity(),837354495000.0,single_datapoint,no_comment
5007,2020,07_INA,turnover_rate,2w,%,road,passenger,ice,all,yearly,national,['manually_inputted_data $ guess'],1,0.39,manually_inputted_data $ guess,0.03,single_datapoint,no_comment
5008,2021,07_INA,new_vehicle_efficiency,2w,km_per_pj,road,passenger,ice,all,yearly,national,['avg_eff_no_outliers $ transport_data_system_9th'],1,7669072338.574219,avg_eff_no_outliers $ transport_data_system_9th,589928641.428786,single_datapoint,no_comment
5009,2021,07_INA,turnover_rate,2w,%,road,passenger,ice,all,yearly,national,['manually_inputted_data $ guess'],1,0.39,manually_inputted_data $ guess,0.03,single_datapoint,no_comment
5010,2022,07_INA,new_vehicle_efficiency,2w,km_per_pj,road,passenger,ice,all,yearly,national,['avg_eff_no_outliers $ transport_data_system_9th'],1,7669072338.574219,avg_eff_no_outliers $ transport_data_system_9th,589928641.428786,single_datapoint,no_comment
5011,2022,07_INA,turnover_rate,2w,%,road,passenger,ice,all,yearly,national,['manually_inputted_data $ guess'],1,0.39,manually_inputted_data $ guess,0.03,single_datapoint,no_comment
5012,2010,07_INA,intensity,all,pj_per_passenger_or_freight_tonne_km,air,freight,all,all,yearly,national,['manually_inputted_data $ energy-intensity-of-passenger-transport-modes-2018'],1,4.0300000000000004e-08,manually_inputted_data $ energy-intensity-of-passenger-transport-modes-2018,3.1e-09,single_datapoint,assumed_to_be_same_as_passenger_air_because_of_lack_of_data
5013,2010,07_INA,intensity,all,pj_per_passenger_or_freight_tonne_km,rail,freight,all,all,yearly,national,['manually_inputted_data $ iea_howtocalculatetheindicatorsforthetransportsectors.pdf'],1,2.86e-09,manually_inputted_data $ iea_howtocalculatetheindicatorsforthetransportsectors.pdf,2.2e-10,single_datapoint,from_how_to_calculate_the_indicators_for_the_transport_sector
5014,2010,07_INA,intensity,all,pj_per_passenger_or_freight_tonne_km,ship,freight,all,all,yearly,national,['manually_inputted_data $ iea_howtocalculatetheindicatorsforthetransportsectors.pdf'],1,7.02e-09,manually_inputted_data $ iea_howtocalculatetheindicatorsforthetransportsectors.pdf,5.4e-10,single_datapoint,from_how_to_calculate_the_indicators_for_the_transport_sector
5015,2010,07_INA,intensity,all,pj_per_passenger_or_freight_tonne_km,air,passenger,all,all,yearly,national,['manually_inputted_data $ energy-intensity-of-passenger-transport-modes-2018'],1,4.0300000000000004e-08,manually_inputted_data $ energy-intensity-of-passenger-transport-modes-2018,3.1e-09,single_datapoint,no_comment
5016,2010,07_INA,intensity,all,pj_per_passenger_or_freight_tonne_km,rail,passenger,all,all,yearly,national,['manually_inputted_data $ energy-intensity-of-passenger-transport-modes-2018'],1,2.6e-09,manually_inputted_data $ energy-intensity-of-passenger-transport-modes-2018,2e-10,single_datapoint,no_comment
5017,2010,07_INA,intensity,all,pj_per_passenger_or_freight_tonne_km,ship,passenger,all,all,yearly,national,['manually_inputted_data $ iea_howtocalculatetheindicatorsforthetransportsectors.pdf'],1,7.02e-09,manually_inputted_data $ iea_howtocalculatetheindicatorsforthetransportsectors.pdf,5.4e-10,single_datapoint,assumed_to_be_the_same_as_ship_freight_from_iea_how_to
5018,2011,07_INA,intensity,all,pj_per_passenger_or_freight_tonne_km,air,freight,all,all,yearly,national,['manually_inputted_data $ energy-intensity-of-passenger-transport-modes-2018'],1,4.0300000000000004e-08,manually_inputted_data $ energy-intensity-of-passenger-transport-modes-2018,3.1e-09,single_datapoint,assumed_to_be_same_as_passenger_air_because_of_lack_of_data
5019,2011,07_INA,intensity,all,pj_per_passenger_or_freight_tonne_km,rail,freight,all,all,yearly,national,['manually_inputted_data $ iea_howtocalculatetheindicatorsforthetransportsectors.pdf'],1,2.86e-09,manually_inputted_data $ iea_howtocalculatetheindicatorsforthetransportsectors.pdf,2.2e-10,single_datapoint,from_how_to_calculate_the_indicators_for_the_transport_sector
5020,2011,07_INA,intensity,all,pj_per_passenger_or_freight_tonne_km,ship,freight,all,all,yearly,national,['manually_inputted_data $ iea_howtocalculatetheindicatorsforthetransportsectors.pdf'],1,7.02e-09,manually_inputted_data $ iea_howtocalculatetheindicatorsforthetransportsectors.pdf,5.4e-10,single_datapoint,from_how_to_calculate_the_indicators_for_the_transport_sector
5021,2011,07_INA,intensity,all,pj_per_passenger_or_freight_tonne_km,air,passenger,all,all,yearly,national,['manually_inputted_data $ energy-intensity-of-passenger-transport-modes-2018'],1,4.0300000000000004e-08,manually_inputted_data $ energy-intensity-of-passenger-transport-modes-2018,3.1e-09,single_datapoint,no_comment
5022,2011,07_INA,intensity,all,pj_per_passenger_or_freight_tonne_km,rail,passenger,all,all,yearly,national,['manually_inputted_data $ energy-intensity-of-passenger-transport-modes-2018'],1,2.6e-09,manually_inputted_data $ energy-intensity-of-passenger-transport-modes-2018,2e-10,single_datapoint,no_comment
5023,2011,07_INA,intensity,all,pj_per_passenger_or_freight_tonne_km,ship,passenger,all,all,yearly,national,['manually_inputted_data $ iea_howtocalculatetheindicatorsforthetransportsectors.pdf'],1,7.02e-09,manually_inputted_data $ iea_howtocalculatetheindicatorsforthetransportsectors.pdf,5.4e-10,single_datapoint,assumed_to_be_the_same_as_ship_freight_from_iea_how_to
5024,2012,07_INA,intensity,all,pj_per_passenger_or_freight_tonne_km,air,freight,all,all,yearly,national,['manually_inputted_data $ energy-intensity-of-passenger-transport-modes-2018'],1,4.0300000000000004e-08,manually_inputted_data $ energy-intensity-of-passenger-transport-modes-2018,3.1e-09,single_datapoint,assumed_to_be_same_as_passenger_air_because_of_lack_of_data
5025,2012,07_INA,intensity,all,pj_per_passenger_or_freight_tonne_km,rail,freight,all,all,yearly,national,['manually_inputted_data $ iea_howtocalculatetheindicatorsforthetransportsectors.pdf'],1,2.86e-09,manually_inputted_data $ iea_howtocalculatetheindicatorsforthetransportsectors.pdf,2.2e-10,single_datapoint,from_how_to_calculate_the_indicators_for_the_transport_sector
5026,2012,07_INA,intensity,all,pj_per_passenger_or_freight_tonne_km,ship,freight,all,all,yearly,national,['manually_inputted_data $ iea_howtocalculatetheindicatorsforthetransportsectors.pdf'],1,7.02e-09,manually_inputted_data $ iea_howtocalculatetheindicatorsforthetransportsectors.pdf,5.4e-10,single_datapoint,from_how_to_calculate_the_indicators_for_the_transport_sector
5027,2012,07_INA,intensity,all,pj_per_passenger_or_freight_tonne_km,air,passenger,all,all,yearly,national,['manually_inputted_data $ energy-intensity-of-passenger-transport-modes-2018'],1,4.0300000000000004e-08,manually_inputted_data $ energy-intensity-of-passenger-transport-modes-2018,3.1e-09,single_datapoint,no_comment
5028,2012,07_INA,intensity,all,pj_per_passenger_or_freight_tonne_km,rail,passenger,all,all,yearly,national,['manually_inputted_data $ energy-intensity-of-passenger-transport-modes-2018'],1,2.6e-09,manually_inputted_data $ energy-intensity-of-passenger-transport-modes-2018,2e-10,single_datapoint,no_comment
5029,2012,07_INA,intensity,all,pj_per_passenger_or_freight_tonne_km,ship,passenger,all,all,yearly,national,['manually_inputted_data $ iea_howtocalculatetheindicatorsforthetransportsectors.pdf'],1,7.02e-09,manually_inputted_data $ iea_howtocalculatetheindicatorsforthetransportsectors.pdf,5.4e-10,single_datapoint,assumed_to_be_the_same_as_ship_freight_from_iea_how_to
5030,2013,07_INA,intensity,all,pj_per_passenger_or_freight_tonne_km,air,freight,all,all,yearly,national,['manually_inputted_data $ energy-intensity-of-passenger-transport-modes-2018'],1,4.0300000000000004e-08,manually_inputted_data $ energy-intensity-of-passenger-transport-modes-2018,3.1e-09,single_datapoint,assumed_to_be_same_as_passenger_air_because_of_lack_of_data
5031,2013,07_INA,intensity,all,pj_per_passenger_or_freight_tonne_km,rail,freight,all,all,yearly,national,['manually_inputted_data $ iea_howtocalculatetheindicatorsforthetransportsectors.pdf'],1,2.86e-09,manually_inputted_data $ iea_howtocalculatetheindicatorsforthetransportsectors.pdf,2.2e-10,single_datapoint,from_how_to_calculate_the_indicators_for_the_transport_sector
5032,2013,07_INA,intensity,all,pj_per_passenger_or_freight_tonne_km,ship,freight,all,all,yearly,national,['manually_inputted_data $ iea_howtocalculatetheindicatorsforthetransportsectors.pdf'],1,7.02e-09,manually_inputted_data $ iea_howtocalculatetheindicatorsforthetransportsectors.pdf,5.4e-10,single_datapoint,from_how_to_calculate_the_indicators_for_the_transport_sector
5033,2013,07_INA,intensity,all,pj_per_passenger_or_freight_tonne_km,air,passenger,all,all,yearly,national,['manually_inputted_data $ energy-intensity-of-passenger-transport-modes-2018'],1,4.0300000000000004e-08,manually_inputted_data $ energy-intensity-of-passenger-transport-modes-2018,3.1e-09,single_datapoint,no_comment
5034,2013,07_INA,intensity,all,pj_per_passenger_or_freight_tonne_km,rail,passenger,all,all,yearly,national,['manually_inputted_data $ energy-intensity-of-passenger-transport-modes-2018'],1,2.6e-09,manually_inputted_data $ energy-intensity-of-passenger-transport-modes-2018,2e-10,single_datapoint,no_comment
5035,2013,07_INA,intensity,all,pj_per_passenger_or_freight_tonne_km,ship,passenger,all,all,yearly,national,['manually_inputted_data $ iea_howtocalculatetheindicatorsforthetransportsectors.pdf'],1,7.02e-09,manually_inputted_data $ iea_howtocalculatetheindicatorsforthetransportsectors.pdf,5.4e-10,single_datapoint,assumed_to_be_the_same_as_ship_freight_from_iea_how_to
5036,2014,07_INA,intensity,all,pj_per_passenger_or_freight_tonne_km,air,freight,all,all,yearly,national,['manually_inputted_data $ energy-intensity-of-passenger-transport-modes-2018'],1,4.0300000000000004e-08,manually_inputted_data $ energy-intensity-of-passenger-transport-modes-2018,3.1e-09,single_datapoint,assumed_to_be_same_as_passenger_air_because_of_lack_of_data
5037,2014,07_INA,intensity,all,pj_per_passenger_or_freight_tonne_km,rail,freight,all,all,yearly,national,['manually_inputted_data $ iea_howtocalculatetheindicatorsforthetransportsectors.pdf'],1,2.86e-09,manually_inputted_data $ iea_howtocalculatetheindicatorsforthetransportsectors.pdf,2.2e-10,single_datapoint,from_how_to_calculate_the_indicators_for_the_transport_sector
5038,2014,07_INA,intensity,all,pj_per_passenger_or_freight_tonne_km,ship,freight,all,all,yearly,national,['manually_inputted_data $ iea_howtocalculatetheindicatorsforthetransportsectors.pdf'],1,7.02e-09,manually_inputted_data $ iea_howtocalculatetheindicatorsforthetransportsectors.pdf,5.4e-10,single_datapoint,from_how_to_calculate_the_indicators_for_the_transport_sector
5039,2014,07_INA,intensity,all,pj_per_passenger_or_freight_tonne_km,air,passenger,all,all,yearly,national,['manually_inputted_data $ energy-intensity-of-passenger-transport-modes-2018'],1,4.0300000000000004e-08,manually_inputted_data $ energy-intensity-of-passenger-transport-modes-2018,3.1e-09,single_datapoint,no_comment
5040,2014,07_INA,intensity,all,pj_per_passenger_or_freight_tonne_km,rail,passenger,all,all,yearly,national,['manually_inputted_data $ energy-intensity-of-passenger-transport-modes-2018'],1,2.6e-09,manually_inputted_data $ energy-intensity-of-passenger-transport-modes-2018,2e-10,single_datapoint,no_comment
5041,2014,07_INA,intensity,all,pj_per_passenger_or_freight_tonne_km,ship,passenger,all,all,yearly,national,['manually_inputted_data $ iea_howtocalculatetheindicatorsforthetransportsectors.pdf'],1,7.02e-09,manually_inputted_data $ iea_howtocalculatetheindicatorsforthetransportsectors.pdf,5.4e-10,single_datapoint,assumed_to_be_the_same_as_ship_freight_from_iea_how_to
5042,2015,07_INA,intensity,all,pj_per_passenger_or_freight_tonne_km,air,freight,all,all,yearly,national,['manually_inputted_data $ energy-intensity-of-passenger-transport-modes-2018'],1,4.0300000000000004e-08,manually_inputted_data $ energy-intensity-of-passenger-transport-modes-2018,3.1e-09,single_datapoint,assumed_to_be_same_as_passenger_air_because_of_lack_of_data
5043,2015,07_INA,intensity,all,pj_per_passenger_or_freight_tonne_km,rail,freight,all,all,yearly,national,['manually_inputted_data $ iea_howtocalculatetheindicatorsforthetransportsectors.pdf'],1,2.86e-09,manually_inputted_data $ iea_howtocalculatetheindicatorsforthetransportsectors.pdf,2.2e-10,single_datapoint,from_how_to_calculate_the_indicators_for_the_transport_sector
5044,2015,07_INA,intensity,all,pj_per_passenger_or_freight_tonne_km,ship,freight,all,all,yearly,national,['manually_inputted_data $ iea_howtocalculatetheindicatorsforthetransportsectors.pdf'],1,7.02e-09,manually_inputted_data $ iea_howtocalculatetheindicatorsforthetransportsectors.pdf,5.4e-10,single_datapoint,from_how_to_calculate_the_indicators_for_the_transport_sector
5045,2015,07_INA,intensity,all,pj_per_passenger_or_freight_tonne_km,air,passenger,all,all,yearly,national,['manually_inputted_data $ energy-intensity-of-passenger-transport-modes-2018'],1,4.0300000000000004e-08,manually_inputted_data $ energy-intensity-of-passenger-transport-modes-2018,3.1e-09,single_datapoint,no_comment
5046,2015,07_INA,intensity,all,pj_per_passenger_or_freight_tonne_km,rail,passenger,all,all,yearly,national,['manually_inputted_data $ energy-intensity-of-passenger-transport-modes-2018'],1,2.6e-09,manually_inputted_data $ energy-intensity-of-passenger-transport-modes-2018,2e-10,single_datapoint,no_comment
5047,2015,07_INA,intensity,all,pj_per_passenger_or_freight_tonne_km,ship,passenger,all,all,yearly,national,['manually_inputted_data $ iea_howtocalculatetheindicatorsforthetransportsectors.pdf'],1,7.02e-09,manually_inputted_data $ iea_howtocalculatetheindicatorsforthetransportsectors.pdf,5.4e-10,single_datapoint,assumed_to_be_the_same_as_ship_freight_from_iea_how_to
5048,2016,07_INA,intensity,all,pj_per_passenger_or_freight_tonne_km,air,freight,all,all,yearly,national,['manually_inputted_data $ energy-intensity-of-passenger-transport-modes-2018'],1,4.0300000000000004e-08,manually_inputted_data $ energy-intensity-of-passenger-transport-modes-2018,3.1e-09,single_datapoint,assumed_to_be_same_as_passenger_air_because_of_lack_of_data
5049,2016,07_INA,intensity,all,pj_per_passenger_or_freight_tonne_km,rail,freight,all,all,yearly,national,['manually_inputted_data $ iea_howtocalculatetheindicatorsforthetransportsectors.pdf'],1,2.86e-09,manually_inputted_data $ iea_howtocalculatetheindicatorsforthetransportsectors.pdf,2.2e-10,single_datapoint,from_how_to_calculate_the_indicators_for_the_transport_sector
5050,2016,07_INA,intensity,all,pj_per_passenger_or_freight_tonne_km,ship,freight,all,all,yearly,national,['manually_inputted_data $ iea_howtocalculatetheindicatorsforthetransportsectors.pdf'],1,7.02e-09,manually_inputted_data $ iea_howtocalculatetheindicatorsforthetransportsectors.pdf,5.4e-10,single_datapoint,from_how_to_calculate_the_indicators_for_the_transport_sector
5051,2016,07_INA,intensity,all,pj_per_passenger_or_freight_tonne_km,air,passenger,all,all,yearly,national,['manually_inputted_data $ energy-intensity-of-passenger-transport-modes-2018'],1,4.0300000000000004e-08,manually_inputted_data $ energy-intensity-of-passenger-transport-modes-2018,3.1e-09,single_datapoint,no_comment
5052,2016,07_INA,intensity,all,pj_per_passenger_or_freight_tonne_km,rail,passenger,all,all,yearly,national,['manually_inputted_data $ energy-intensity-of-passenger-transport-modes-2018'],1,2.6e-09,manually_inputted_data $ energy-intensity-of-passenger-transport-modes-2018,2e-10,single_datapoint,no_comment
5053,2016,07_INA,intensity,all,pj_per_passenger_or_freight_tonne_km,ship,passenger,all,all,yearly,national,['manually_inputted_data $ iea_howtocalculatetheindicatorsforthetransportsectors.pdf'],1,7.02e-09,manually_inputted_data $ iea_howtocalculatetheindicatorsforthetransportsectors.pdf,5.4e-10,single_datapoint,assumed_to_be_the_same_as_ship_freight_from_iea_how_to
5054,2017,07_INA,intensity,all,pj_per_passenger_or_freight_tonne_km,air,freight,all,all,yearly,national,['manually_inputted_data $ energy-intensity-of-passenger-transport-modes-2018'],1,4.0300000000000004e-08,manually_inputted_data $ energy-intensity-of-passenger-transport-modes-2018,3.1e-09,single_datapoint,assumed_to_be_same_as_passenger_air_because_of_lack_of_data
5055,2017,07_INA,intensity,all,pj_per_passenger_or_freight_tonne_km,rail,freight,all,all,yearly,national,['manually_inputted_data $ iea_howtocalculatetheindicatorsforthetransportsectors.pdf'],1,2.86e-09,manually_inputted_data $ iea_howtocalculatetheindicatorsforthetransportsectors.pdf,2.2e-10,single_datapoint,from_how_to_calculate_the_indicators_for_the_transport_sector
5056,2017,07_INA,intensity,all,pj_per_passenger_or_freight_tonne_km,ship,freight,all,all,yearly,national,['manually_inputted_data $ iea_howtocalculatetheindicatorsforthetransportsectors.pdf'],1,7.02e-09,manually_inputted_data $ iea_howtocalculatetheindicatorsforthetransportsectors.pdf,5.4e-10,single_datapoint,from_how_to_calculate_the_indicators_for_the_transport_sector
5057,2017,07_INA,intensity,all,pj_per_passenger_or_freight_tonne_km,air,passenger,all,all,yearly,national,['manually_inputted_data $ energy-intensity-of-passenger-transport-modes-2018'],1,4.0300000000000004e-08,manually_inputted_data $ energy-intensity-of-passenger-transport-modes-2018,3.1e-09,single_datapoint,no_comment
5058,2017,07_INA,intensity,all,pj_per_passenger_or_freight_tonne_km,rail,passenger,all,all,yearly,national,['manually_inputted_data $ energy-intensity-of-passenger-transport-modes-2018'],1,2.6e-09,manually_inputted_data $ energy-intensity-of-passenger-transport-modes-2018,2e-10,single_datapoint,no_comment
5059,2017,07_INA,intensity,all,pj_per_passenger_or_freight_tonne_km,ship,passenger,all,all,yearly,national,['manually_inputted_data $ iea_howtocalculatetheindicatorsforthetransportsectors.pdf'],1,7.02e-09,manually_inputted_data $ iea_howtocalculatetheindicatorsforthetransportsectors.pdf,5.4e-10,single_datapoint,assumed_to_be_the_same_as_ship_freight_from_iea_how_to
5060,2018,07_INA,intensity,all,pj_per_passenger_or_freight_tonne_km,air,freight,all,all,yearly,national,['manually_inputted_data $ energy-intensity-of-passenger-transport-modes-2018'],1,4.0300000000000004e-08,manually_inputted_data $ energy-intensity-of-passenger-transport-modes-2018,3.1e-09,single_datapoint,assumed_to_be_same_as_passenger_air_because_of_lack_of_data
5061,2018,07_INA,intensity,all,pj_per_passenger_or_freight_tonne_km,rail,freight,all,all,yearly,national,['manually_inputted_data $ iea_howtocalculatetheindicatorsforthetransportsectors.pdf'],1,2.86e-09,manually_inputted_data $ iea_howtocalculatetheindicatorsforthetransportsectors.pdf,2.2e-10,single_datapoint,from_how_to_calculate_the_indicators_for_the_transport_sector
5062,2018,07_INA,intensity,all,pj_per_passenger_or_freight_tonne_km,ship,freight,all,all,yearly,national,['manually_inputted_data $ iea_howtocalculatetheindicatorsforthetransportsectors.pdf'],1,7.02e-09,manually_inputted_data $ iea_howtocalculatetheindicatorsforthetransportsectors.pdf,5.4e-10,single_datapoint,from_how_to_calculate_the_indicators_for_the_transport_sector
5063,2018,07_INA,intensity,all,pj_per_passenger_or_freight_tonne_km,air,passenger,all,all,yearly,national,['manually_inputted_data $ energy-intensity-of-passenger-transport-modes-2018'],1,4.0300000000000004e-08,manually_inputted_data $ energy-intensity-of-passenger-transport-modes-2018,3.1e-09,single_datapoint,no_comment
5064,2018,07_INA,intensity,all,pj_per_passenger_or_freight_tonne_km,rail,passenger,all,all,yearly,national,['manually_inputted_data $ energy-intensity-of-passenger-transport-modes-2018'],1,2.6e-09,manually_inputted_data $ energy-intensity-of-passenger-transport-modes-2018,2e-10,single_datapoint,no_comment
5065,2018,07_INA,intensity,all,pj_per_passenger_or_freight_tonne_km,ship,passenger,all,all,yearly,national,['manually_inputted_data $ iea_howtocalculatetheindicatorsforthetransportsectors.pdf'],1,7.02e-09,manually_inputted_data $ iea_howtocalculatetheindicatorsforthetransportsectors.pdf,5.4e-10,single_datapoint,assumed_to_be_the_same_as_ship_freight_from_iea_how_to
5066,2019,07_INA,intensity,all,pj_per_passenger_or_freight_tonne_km,air,freight,all,all,yearly,national,['manually_inputted_data $ energy-intensity-of-passenger-transport-modes-2018'],1,4.0300000000000004e-08,manually_inputted_data $ energy-intensity-of-passenger-transport-modes-2018,3.1e-09,single_datapoint,assumed_to_be_same_as_passenger_air_because_of_lack_of_data
5067,2019,07_INA,intensity,all,pj_per_passenger_or_freight_tonne_km,rail,freight,all,all,yearly,national,['manually_inputted_data $ iea_howtocalculatetheindicatorsforthetransportsectors.pdf'],1,2.86e-09,manually_inputted_data $ iea_howtocalculatetheindicatorsforthetransportsectors.pdf,2.2e-10,single_datapoint,from_how_to_calculate_the_indicators_for_the_transport_sector
5068,2019,07_INA,intensity,all,pj_per_passenger_or_freight_tonne_km,ship,freight,all,all,yearly,national,['manually_inputted_data $ iea_howtocalculatetheindicatorsforthetransportsectors.pdf'],1,7.02e-09,manually_inputted_data $ iea_howtocalculatetheindicatorsforthetransportsectors.pdf,5.4e-10,single_datapoint,from_how_to_calculate_the_indicators_for_the_transport_sector
5069,2019,07_INA,intensity,all,pj_per_passenger_or_freight_tonne_km,air,passenger,all,all,yearly,national,['manually_inputted_data $ energy-intensity-of-passenger-transport-modes-2018'],1,4.0300000000000004e-08,manually_inputted_data $ energy-intensity-of-passenger-transport-modes-2018,3.1e-09,single_datapoint,no_comment
5070,2019,07_INA,intensity,all,pj_per_passenger_or_freight_tonne_km,rail,passenger,all,all,yearly,national,['manually_inputted_data $ energy-intensity-of-passenger-transport-modes-2018'],1,2.6e-09,manually_inputted_data $ energy-intensity-of-passenger-transport-modes-2018,2e-10,single_datapoint,no_comment
5071,2019,07_INA,intensity,all,pj_per_passenger_or_freight_tonne_km,ship,passenger,all,all,yearly,national,['manually_inputted_data $ iea_howtocalculatetheindicatorsforthetransportsectors.pdf'],1,7.02e-09,manually_inputted_data $ iea_howtocalculatetheindicatorsforthetransportsectors.pdf,5.4e-10,single_datapoint,assumed_to_be_the_same_as_ship_freight_from_iea_how_to
5072,2020,07_INA,intensity,all,pj_per_passenger_or_freight_tonne_km,air,freight,all,all,yearly,national,['manually_inputted_data $ energy-intensity-of-passenger-transport-modes-2018'],1,4.0300000000000004e-08,manually_inputted_data $ energy-intensity-of-passenger-transport-modes-2018,3.1e-09,single_datapoint,assumed_to_be_same_as_passenger_air_because_of_lack_of_data
5073,2020,07_INA,intensity,all,pj_per_passenger_or_freight_tonne_km,rail,freight,all,all,yearly,national,['manually_inputted_data $ iea_howtocalculatetheindicatorsforthetransportsectors.pdf'],1,2.86e-09,manually_inputted_data $ iea_howtocalculatetheindicatorsforthetransportsectors.pdf,2.2e-10,single_datapoint,from_how_to_calculate_the_indicators_for_the_transport_sector
5074,2020,07_INA,intensity,all,pj_per_passenger_or_freight_tonne_km,ship,freight,all,all,yearly,national,['manually_inputted_data $ iea_howtocalculatetheindicatorsforthetransportsectors.pdf'],1,7.02e-09,manually_inputted_data $ iea_howtocalculatetheindicatorsforthetransportsectors.pdf,5.4e-10,single_datapoint,from_how_to_calculate_the_indicators_for_the_transport_sector
5075,2020,07_INA,intensity,all,pj_per_passenger_or_freight_tonne_km,air,passenger,all,all,yearly,national,['manually_inputted_data $ energy-intensity-of-passenger-transport-modes-2018'],1,4.0300000000000004e-08,manually_inputted_data $ energy-intensity-of-passenger-transport-modes-2018,3.1e-09,single_datapoint,no_comment
5076,2020,07_INA,intensity,all,pj_per_passenger_or_freight_tonne_km,rail,passenger,all,all,yearly,national,['manually_inputted_data $ energy-intensity-of-passenger-transport-modes-2018'],1,2.6e-09,manually_inputted_data $ energy-intensity-of-passenger-transport-modes-2018,2e-10,single_datapoint,no_comment
5077,2020,07_INA,intensity,all,pj_per_passenger_or_freight_tonne_km,ship,passenger,all,all,yearly,national,['manually_inputted_data $ iea_howtocalculatetheindicatorsforthetransportsectors.pdf'],1,7.02e-09,manually_inputted_data $ iea_howtocalculatetheindicatorsforthetransportsectors.pdf,5.4e-10,single_datapoint,assumed_to_be_the_same_as_ship_freight_from_iea_how_to
5078,2021,07_INA,intensity,all,pj_per_passenger_or_freight_tonne_km,air,freight,all,all,yearly,national,['manually_inputted_data $ energy-intensity-of-passenger-transport-modes-2018'],1,4.0300000000000004e-08,manually_inputted_data $ energy-intensity-of-passenger-transport-modes-2018,3.1e-09,single_datapoint,assumed_to_be_same_as_passenger_air_because_of_lack_of_data
5079,2021,07_INA,intensity,all,pj_per_passenger_or_freight_tonne_km,rail,freight,all,all,yearly,national,['manually_inputted_data $ iea_howtocalculatetheindicatorsforthetransportsectors.pdf'],1,2.86e-09,manually_inputted_data $ iea_howtocalculatetheindicatorsforthetransportsectors.pdf,2.2e-10,single_datapoint,from_how_to_calculate_the_indicators_for_the_transport_sector
5080,2021,07_INA,intensity,all,pj_per_passenger_or_freight_tonne_km,ship,freight,all,all,yearly,national,['manually_inputted_data $ iea_howtocalculatetheindicatorsforthetransportsectors.pdf'],1,7.02e-09,manually_inputted_data $ iea_howtocalculatetheindicatorsforthetransportsectors.pdf,5.4e-10,single_datapoint,from_how_to_calculate_the_indicators_for_the_transport_sector
5081,2021,07_INA,intensity,all,pj_per_passenger_or_freight_tonne_km,air,passenger,all,all,yearly,national,['manually_inputted_data $ energy-intensity-of-passenger-transport-modes-2018'],1,4.0300000000000004e-08,manually_inputted_data $ energy-intensity-of-passenger-transport-modes-2018,3.1e-09,single_datapoint,no_comment
5082,2021,07_INA,intensity,all,pj_per_passenger_or_freight_tonne_km,rail,passenger,all,all,yearly,national,['manually_inputted_data $ energy-intensity-of-passenger-transport-modes-2018'],1,2.6e-09,manually_inputted_data $ energy-intensity-of-passenger-transport-modes-2018,2e-10,single_datapoint,no_comment
5083,2021,07_INA,intensity,all,pj_per_passenger_or_freight_tonne_km,ship,passenger,all,all,yearly,national,['manually_inputted_data $ iea_howtocalculatetheindicatorsforthetransportsectors.pdf'],1,7.02e-09,manually_inputted_data $ iea_howtocalculatetheindicatorsforthetransportsectors.pdf,5.4e-10,single_datapoint,assumed_to_be_the_same_as_ship_freight_from_iea_how_to
5084,2022,07_INA,intensity,all,pj_per_passenger_or_freight_tonne_km,air,freight,all,all,yearly,national,['manually_inputted_data $ energy-intensity-of-passenger-transport-modes-2018'],1,4.0300000000000004e-08,manually_inputted_data $ energy-intensity-of-passenger-transport-modes-2018,3.1e-09,single_datapoint,assumed_to_be_same_as_passenger_air_because_of_lack_of_data
5085,2022,07_INA,intensity,all,pj_per_passenger_or_freight_tonne_km,rail,freight,all,all,yearly,national,['manually_inputted_data $ iea_howtocalculatetheindicatorsforthetransportsectors.pdf'],1,2.86e-09,manually_inputted_data $ iea_howtocalculatetheindicatorsforthetransportsectors.pdf,2.2e-10,single_datapoint,from_how_to_calculate_the_indicators_for_the_transport_sector
5086,2022,07_INA,intensity,all,pj_per_passenger_or_freight_tonne_km,ship,freight,all,all,yearly,national,['manually_inputted_data $ iea_howtocalculatetheindicatorsforthetransportsectors.pdf'],1,7.02e-09,manually_inputted_data $ iea_howtocalculatetheindicatorsforthetransportsectors.pdf,5.4e-10,single_datapoint,from_how_to_calculate_the_indicators_for_the_transport_sector
5087,2022,07_INA,intensity,all,pj_per_passenger_or_freight_tonne_km,air,passenger,all,all,yearly,national,['manually_inputted_data $ energy-intensity-of-passenger-transport-modes-2018'],1,4.0300000000000004e-08,manually_inputted_data $ energy-intensity-of-passenger-transport-modes-2018,3.1e-09,single_datapoint,no_comment
5088,2022,07_INA,intensity,all,pj_per_passenger_or_freight_tonne_km,rail,passenger,all,all,yearly,national,['manually_inputted_data $ energy-intensity-of-passenger-transport-modes-2018'],1,2.6e-09,manually_inputted_data $ energy-intensity-of-passenger-transport-modes-2018,2e-10,single_datapoint,no_comment
5089,2022,07_INA,intensity,all,pj_per_passenger_or_freight_tonne_km,ship,passenger,all,all,yearly,national,['manually_inputted_data $ iea_howtocalculatetheindicatorsforthetransportsectors.pdf'],1,7.02e-09,manually_inputted_data $ iea_howtocalculatetheindicatorsforthetransportsectors.pdf,5.4e-10,single_datapoint,assumed_to_be_the_same_as_ship_freight_from_iea_how_to
5090,2010,07_INA,new_vehicle_efficiency,bus,km_per_pj,road,passenger,bev,all,yearly,national,['avg_eff_no_outliers $ transport_data_system_9th'],1,1058314235.1561403,avg_eff_no_outliers $ transport_data_system_9th,81408787.3197031,single_datapoint,no_comment
5091,2010,07_INA,turnover_rate,bus,%,road,passenger,bev,all,yearly,national,['manually_inputted_data $ guess'],1,0.42,manually_inputted_data $ guess,0.03,manual,no_comment
5092,2011,07_INA,new_vehicle_efficiency,bus,km_per_pj,road,passenger,bev,all,yearly,national,['avg_eff_no_outliers $ transport_data_system_9th'],1,1058314235.1561403,avg_eff_no_outliers $ transport_data_system_9th,81408787.3197031,single_datapoint,no_comment
5093,2011,07_INA,turnover_rate,bus,%,road,passenger,bev,all,yearly,national,['manually_inputted_data $ guess'],1,0.42,manually_inputted_data $ guess,0.03,manual,no_comment
5094,2012,07_INA,new_vehicle_efficiency,bus,km_per_pj,road,passenger,bev,all,yearly,national,['avg_eff_no_outliers $ transport_data_system_9th'],1,1058314235.1561403,avg_eff_no_outliers $ transport_data_system_9th,81408787.3197031,single_datapoint,no_comment
5095,2012,07_INA,turnover_rate,bus,%,road,passenger,bev,all,yearly,national,['manually_inputted_data $ guess'],1,0.42,manually_inputted_data $ guess,0.03,manual,no_comment
5096,2013,07_INA,new_vehicle_efficiency,bus,km_per_pj,road,passenger,bev,all,yearly,national,['avg_eff_no_outliers $ transport_data_system_9th'],1,1058314235.1561403,avg_eff_no_outliers $ transport_data_system_9th,81408787.3197031,single_datapoint,no_comment
5097,2013,07_INA,turnover_rate,bus,%,road,passenger,bev,all,yearly,national,['manually_inputted_data $ guess'],1,0.42,manually_inputted_data $ guess,0.03,manual,no_comment
5098,2014,07_INA,new_vehicle_efficiency,bus,km_per_pj,road,passenger,bev,all,yearly,national,['avg_eff_no_outliers $ transport_data_system_9th'],1,1058314235.1561403,avg_eff_no_outliers $ transport_data_system_9th,81408787.3197031,single_datapoint,no_comment
5099,2014,07_INA,turnover_rate,bus,%,road,passenger,bev,all,yearly,national,['manually_inputted_data $ guess'],1,0.42,manually_inputted_data $ guess,0.03,manual,no_comment
5100,2015,07_INA,new_vehicle_efficiency,bus,km_per_pj,road,passenger,bev,all,yearly,national,['avg_eff_no_outliers $ transport_data_system_9th'],1,1058314235.1561403,avg_eff_no_outliers $ transport_data_system_9th,81408787.3197031,single_datapoint,no_comment
5101,2015,07_INA,turnover_rate,bus,%,road,passenger,bev,all,yearly,national,['manually_inputted_data $ guess'],1,0.42,manually_inputted_data $ guess,0.03,manual,no_comment
5102,2016,07_INA,new_vehicle_efficiency,bus,km_per_pj,road,passenger,bev,all,yearly,national,['avg_eff_no_outliers $ transport_data_system_9th'],1,1058314235.1561403,avg_eff_no_outliers $ transport_data_system_9th,81408787.3197031,single_datapoint,no_comment
5103,2016,07_INA,turnover_rate,bus,%,road,passenger,bev,all,yearly,national,['manually_inputted_data $ guess'],1,0.42,manually_inputted_data $ guess,0.03,manual,no_comment
5104,2017,07_INA,new_vehicle_efficiency,bus,km_per_pj,road,passenger,bev,all,yearly,national,['avg_eff_no_outliers $ transport_data_system_9th'],1,1058314235.1561403,avg_eff_no_outliers $ transport_data_system_9th,81408787.3197031,single_datapoint,no_comment
5105,2017,07_INA,turnover_rate,bus,%,road,passenger,bev,all,yearly,national,"['manually_inputted_data $ guess', 'turnover_rate_est']",2,0.42,manually_inputted_data $ guess,0.03,manual,no_comment
5106,2018,07_INA,new_vehicle_efficiency,bus,km_per_pj,road,passenger,bev,all,yearly,national,['avg_eff_no_outliers $ transport_data_system_9th'],1,1058314235.1561403,avg_eff_no_outliers $ transport_data_system_9th,81408787.3197031,single_datapoint,no_comment
5107,2018,07_INA,turnover_rate,bus,%,road,passenger,bev,all,yearly,national,['manually_inputted_data $ guess'],1,0.42,manually_inputted_data $ guess,0.03,manual,no_comment
5108,2019,07_INA,new_vehicle_efficiency,bus,km_per_pj,road,passenger,bev,all,yearly,national,['avg_eff_no_outliers $ transport_data_system_9th'],1,1058314235.1561403,avg_eff_no_outliers $ transport_data_system_9th,81408787.3197031,single_datapoint,no_comment
5109,2019,07_INA,turnover_rate,bus,%,road,passenger,bev,all,yearly,national,['manually_inputted_data $ guess'],1,0.42,manually_inputted_data $ guess,0.03,manual,no_comment
5110,2020,07_INA,new_vehicle_efficiency,bus,km_per_pj,road,passenger,bev,all,yearly,national,['avg_eff_no_outliers $ transport_data_system_9th'],1,1058314235.1561403,avg_eff_no_outliers $ transport_data_system_9th,81408787.3197031,single_datapoint,no_comment
5111,2020,07_INA,turnover_rate,bus,%,road,passenger,bev,all,yearly,national,['manually_inputted_data $ guess'],1,0.42,manually_inputted_data $ guess,0.03,manual,no_comment
5112,2021,07_INA,new_vehicle_efficiency,bus,km_per_pj,road,passenger,bev,all,yearly,national,['avg_eff_no_outliers $ transport_data_system_9th'],1,1058314235.1561403,avg_eff_no_outliers $ transport_data_system_9th,81408787.3197031,single_datapoint,no_comment
5113,2021,07_INA,turnover_rate,bus,%,road,passenger,bev,all,yearly,national,['manually_inputted_data $ guess'],1,0.42,manually_inputted_data $ guess,0.03,manual,no_comment
5114,2022,07_INA,new_vehicle_efficiency,bus,km_per_pj,road,passenger,bev,all,yearly,national,['avg_eff_no_outliers $ transport_data_system_9th'],1,1058314235.1561403,avg_eff_no_outliers $ transport_data_system_9th,81408787.3197031,single_datapoint,no_comment
5115,2022,07_INA,turnover_rate,bus,%,road,passenger,bev,all,yearly,national,['manually_inputted_data $ guess'],1,0.42,manually_inputted_data $ guess,0.03,manual,no_comment
5116,2010,07_INA,new_vehicle_efficiency,bus,km_per_pj,road,passenger,cng,all,yearly,national,['avg_eff_no_outliers $ transport_data_system_9th'],1,1813839119.6717222,avg_eff_no_outliers $ transport_data_system_9th,139526086.128594,single_datapoint,no_comment
5117,2010,07_INA,turnover_rate,bus,%,road,passenger,cng,all,yearly,national,['manually_inputted_data $ guess'],1,0.42,manually_inputted_data $ guess,0.03,manual,no_comment
5118,2011,07_INA,new_vehicle_efficiency,bus,km_per_pj,road,passenger,cng,all,yearly,national,['avg_eff_no_outliers $ transport_data_system_9th'],1,1813839119.6717222,avg_eff_no_outliers $ transport_data_system_9th,139526086.128594,single_datapoint,no_comment
5119,2011,07_INA,turnover_rate,bus,%,road,passenger,cng,all,yearly,national,['manually_inputted_data $ guess'],1,0.42,manually_inputted_data $ guess,0.03,manual,no_comment
5120,2012,07_INA,new_vehicle_efficiency,bus,km_per_pj,road,passenger,cng,all,yearly,national,['avg_eff_no_outliers $ transport_data_system_9th'],1,1813839119.6717222,avg_eff_no_outliers $ transport_data_system_9th,139526086.128594,single_datapoint,no_comment
5121,2012,07_INA,turnover_rate,bus,%,road,passenger,cng,all,yearly,national,['manually_inputted_data $ guess'],1,0.42,manually_inputted_data $ guess,0.03,manual,no_comment
5122,2013,07_INA,new_vehicle_efficiency,bus,km_per_pj,road,passenger,cng,all,yearly,national,['avg_eff_no_outliers $ transport_data_system_9th'],1,1813839119.6717222,avg_eff_no_outliers $ transport_data_system_9th,139526086.128594,single_datapoint,no_comment
5123,2013,07_INA,turnover_rate,bus,%,road,passenger,cng,all,yearly,national,['manually_inputted_data $ guess'],1,0.42,manually_inputted_data $ guess,0.03,manual,no_comment
5124,2014,07_INA,new_vehicle_efficiency,bus,km_per_pj,road,passenger,cng,all,yearly,national,['avg_eff_no_outliers $ transport_data_system_9th'],1,1813839119.6717222,avg_eff_no_outliers $ transport_data_system_9th,139526086.128594,single_datapoint,no_comment
5125,2014,07_INA,turnover_rate,bus,%,road,passenger,cng,all,yearly,national,['manually_inputted_data $ guess'],1,0.42,manually_inputted_data $ guess,0.03,manual,no_comment
5126,2015,07_INA,new_vehicle_efficiency,bus,km_per_pj,road,passenger,cng,all,yearly,national,['avg_eff_no_outliers $ transport_data_system_9th'],1,1813839119.6717222,avg_eff_no_outliers $ transport_data_system_9th,139526086.128594,single_datapoint,no_comment
5127,2015,07_INA,turnover_rate,bus,%,road,passenger,cng,all,yearly,national,['manually_inputted_data $ guess'],1,0.42,manually_inputted_data $ guess,0.03,manual,no_comment
5128,2016,07_INA,new_vehicle_efficiency,bus,km_per_pj,road,passenger,cng,all,yearly,national,['avg_eff_no_outliers $ transport_data_system_9th'],1,1813839119.6717222,avg_eff_no_outliers $ transport_data_system_9th,139526086.128594,single_datapoint,no_comment
5129,2016,07_INA,turnover_rate,bus,%,road,passenger,cng,all,yearly,national,['manually_inputted_data $ guess'],1,0.42,manually_inputted_data $ guess,0.03,manual,no_comment
5130,2017,07_INA,activity,bus,passenger_km_or_freight_tonne_km,road,passenger,cng,all,yearly,national,"['8th_edition_transport_model $ reference', 'estimated $ calculate_energy_and_activity()']",2,3943179337.0,estimated $ calculate_energy_and_activity(),3825000000.0,manual,no_comment
5131,2017,07_INA,energy,bus,pj,road,passenger,cng,all,yearly,national,"['8th_edition_transport_model $ reference', 'estimated $ calculate_energy_and_activity()']",2,3.4265869590565265,estimated $ calculate_energy_and_activity(),3.4265007141399706,manual,no_comment
5132,2017,07_INA,new_vehicle_efficiency,bus,km_per_pj,road,passenger,cng,all,yearly,national,['avg_eff_no_outliers $ transport_data_system_9th'],1,1813839119.6717222,avg_eff_no_outliers $ transport_data_system_9th,139526086.128594,single_datapoint,no_comment
5133,2017,07_INA,travel_km,bus,km,road,passenger,cng,all,yearly,national,['estimated $ calculate_energy_and_activity()'],1,255000000.0,estimated $ calculate_energy_and_activity(),255000000.0,single_datapoint,no_comment
5134,2017,07_INA,turnover_rate,bus,%,road,passenger,cng,all,yearly,national,"['manually_inputted_data $ guess', 'turnover_rate_est']",2,0.42,manually_inputted_data $ guess,0.03,manual,no_comment
5135,2018,07_INA,new_vehicle_efficiency,bus,km_per_pj,road,passenger,cng,all,yearly,national,['avg_eff_no_outliers $ transport_data_system_9th'],1,1813839119.6717222,avg_eff_no_outliers $ transport_data_system_9th,139526086.128594,single_datapoint,no_comment
5136,2018,07_INA,turnover_rate,bus,%,road,passenger,cng,all,yearly,national,['manually_inputted_data $ guess'],1,0.42,manually_inputted_data $ guess,0.03,manual,no_comment
5137,2019,07_INA,new_vehicle_efficiency,bus,km_per_pj,road,passenger,cng,all,yearly,national,['avg_eff_no_outliers $ transport_data_system_9th'],1,1813839119.6717222,avg_eff_no_outliers $ transport_data_system_9th,139526086.128594,single_datapoint,no_comment
5138,2019,07_INA,turnover_rate,bus,%,road,passenger,cng,all,yearly,national,['manually_inputted_data $ guess'],1,0.42,manually_inputted_data $ guess,0.03,manual,no_comment
5139,2020,07_INA,new_vehicle_efficiency,bus,km_per_pj,road,passenger,cng,all,yearly,national,['avg_eff_no_outliers $ transport_data_system_9th'],1,1813839119.6717222,avg_eff_no_outliers $ transport_data_system_9th,139526086.128594,single_datapoint,no_comment
5140,2020,07_INA,turnover_rate,bus,%,road,passenger,cng,all,yearly,national,['manually_inputted_data $ guess'],1,0.42,manually_inputted_data $ guess,0.03,manual,no_comment
5141,2021,07_INA,new_vehicle_efficiency,bus,km_per_pj,road,passenger,cng,all,yearly,national,['avg_eff_no_outliers $ transport_data_system_9th'],1,1813839119.6717222,avg_eff_no_outliers $ transport_data_system_9th,139526086.128594,single_datapoint,no_comment
5142,2021,07_INA,turnover_rate,bus,%,road,passenger,cng,all,yearly,national,['manually_inputted_data $ guess'],1,0.42,manually_inputted_data $ guess,0.03,manual,no_comment
5143,2022,07_INA,new_vehicle_efficiency,bus,km_per_pj,road,passenger,cng,all,yearly,national,['avg_eff_no_outliers $ transport_data_system_9th'],1,1813839119.6717222,avg_eff_no_outliers $ transport_data_system_9th,139526086.128594,single_datapoint,no_comment
5144,2022,07_INA,turnover_rate,bus,%,road,passenger,cng,all,yearly,national,['manually_inputted_data $ guess'],1,0.42,manually_inputted_data $ guess,0.03,manual,no_comment
5145,2017,07_INA,turnover_rate,bus,%,road,passenger,fcev,all,yearly,national,['turnover_rate_est'],1,0.03,turnover_rate_est,0.03,single_datapoint,no_comment
5146,2010,07_INA,activity,bus,passenger_km_or_freight_tonne_km,road,passenger,ice,all,yearly,national,['estimated $ calculate_energy_and_activity()'],1,20748308625000.0,estimated $ calculate_energy_and_activity(),2531372625000.0,single_datapoint,no_comment
5147,2010,07_INA,energy,bus,pj,road,passenger,ice,all,yearly,national,['estimated $ calculate_energy_and_activity()'],1,18586.691325688633,estimated $ calculate_energy_and_activity(),2267.647086880228,single_datapoint,no_comment
5148,2010,07_INA,new_vehicle_efficiency,bus,km_per_pj,road,passenger,ice,all,yearly,national,['avg_eff_no_outliers $ transport_data_system_9th'],1,910941040.8338033,avg_eff_no_outliers $ transport_data_system_9th,70072387.7564464,single_datapoint,no_comment
5149,2010,07_INA,travel_km,bus,km,road,passenger,ice,all,yearly,national,['estimated $ calculate_energy_and_activity()'],1,1383220575000.0,estimated $ calculate_energy_and_activity(),168758175000.0,single_datapoint,no_comment
5150,2010,07_INA,turnover_rate,bus,%,road,passenger,ice,all,yearly,national,['manually_inputted_data $ guess'],1,0.39,manually_inputted_data $ guess,0.03,single_datapoint,no_comment
5151,2011,07_INA,activity,bus,passenger_km_or_freight_tonne_km,road,passenger,ice,all,yearly,national,['estimated $ calculate_energy_and_activity()'],1,20748308625000.0,estimated $ calculate_energy_and_activity(),2536206750000.0,single_datapoint,no_comment
5152,2011,07_INA,energy,bus,pj,road,passenger,ice,all,yearly,national,['estimated $ calculate_energy_and_activity()'],1,18586.691325688633,estimated $ calculate_energy_and_activity(),2271.9775791063043,single_datapoint,no_comment
5153,2011,07_INA,new_vehicle_efficiency,bus,km_per_pj,road,passenger,ice,all,yearly,national,['avg_eff_no_outliers $ transport_data_system_9th'],1,910941040.8338033,avg_eff_no_outliers $ transport_data_system_9th,70072387.7564464,single_datapoint,no_comment
5154,2011,07_INA,travel_km,bus,km,road,passenger,ice,all,yearly,national,['estimated $ calculate_energy_and_activity()'],1,1383220575000.0,estimated $ calculate_energy_and_activity(),169080450000.0,single_datapoint,no_comment
5155,2011,07_INA,turnover_rate,bus,%,road,passenger,ice,all,yearly,national,['manually_inputted_data $ guess'],1,0.39,manually_inputted_data $ guess,0.03,single_datapoint,no_comment
5156,2012,07_INA,activity,bus,passenger_km_or_freight_tonne_km,road,passenger,ice,all,yearly,national,['estimated $ calculate_energy_and_activity()'],1,20748308625000.0,estimated $ calculate_energy_and_activity(),2188449000000.0,single_datapoint,no_comment
5157,2012,07_INA,energy,bus,pj,road,passenger,ice,all,yearly,national,['estimated $ calculate_energy_and_activity()'],1,18586.691325688633,estimated $ calculate_energy_and_activity(),1960.450212119975,single_datapoint,no_comment
5158,2012,07_INA,new_vehicle_efficiency,bus,km_per_pj,road,passenger,ice,all,yearly,national,['avg_eff_no_outliers $ transport_data_system_9th'],1,910941040.8338033,avg_eff_no_outliers $ transport_data_system_9th,70072387.7564464,single_datapoint,no_comment
5159,2012,07_INA,travel_km,bus,km,road,passenger,ice,all,yearly,national,['estimated $ calculate_energy_and_activity()'],1,1383220575000.0,estimated $ calculate_energy_and_activity(),145896600000.0,single_datapoint,no_comment
5160,2012,07_INA,turnover_rate,bus,%,road,passenger,ice,all,yearly,national,['manually_inputted_data $ guess'],1,0.39,manually_inputted_data $ guess,0.03,single_datapoint,no_comment
5161,2013,07_INA,activity,bus,passenger_km_or_freight_tonne_km,road,passenger,ice,all,yearly,national,['estimated $ calculate_energy_and_activity()'],1,20748308625000.0,estimated $ calculate_energy_and_activity(),2208286125000.0,single_datapoint,no_comment
5162,2013,07_INA,energy,bus,pj,road,passenger,ice,all,yearly,national,['estimated $ calculate_energy_and_activity()'],1,18586.691325688633,estimated $ calculate_energy_and_activity(),1978.2206495001017,single_datapoint,no_comment
5163,2013,07_INA,new_vehicle_efficiency,bus,km_per_pj,road,passenger,ice,all,yearly,national,['avg_eff_no_outliers $ transport_data_system_9th'],1,910941040.8338033,avg_eff_no_outliers $ transport_data_system_9th,70072387.7564464,single_datapoint,no_comment
5164,2013,07_INA,travel_km,bus,km,road,passenger,ice,all,yearly,national,['estimated $ calculate_energy_and_activity()'],1,1383220575000.0,estimated $ calculate_energy_and_activity(),147219075000.0,single_datapoint,no_comment
5165,2013,07_INA,turnover_rate,bus,%,road,passenger,ice,all,yearly,national,['manually_inputted_data $ guess'],1,0.39,manually_inputted_data $ guess,0.03,single_datapoint,no_comment
5166,2014,07_INA,activity,bus,passenger_km_or_freight_tonne_km,road,passenger,ice,all,yearly,national,['estimated $ calculate_energy_and_activity()'],1,20748308625000.0,estimated $ calculate_energy_and_activity(),2227329000000.0,single_datapoint,no_comment
5167,2014,07_INA,energy,bus,pj,road,passenger,ice,all,yearly,national,['estimated $ calculate_energy_and_activity()'],1,18586.691325688633,estimated $ calculate_energy_and_activity(),1995.2795840848803,single_datapoint,no_comment
5168,2014,07_INA,new_vehicle_efficiency,bus,km_per_pj,road,passenger,ice,all,yearly,national,['avg_eff_no_outliers $ transport_data_system_9th'],1,910941040.8338033,avg_eff_no_outliers $ transport_data_system_9th,70072387.7564464,single_datapoint,no_comment
5169,2014,07_INA,travel_km,bus,km,road,passenger,ice,all,yearly,national,['estimated $ calculate_energy_and_activity()'],1,1383220575000.0,estimated $ calculate_energy_and_activity(),148488600000.0,single_datapoint,no_comment
5170,2014,07_INA,turnover_rate,bus,%,road,passenger,ice,all,yearly,national,['manually_inputted_data $ guess'],1,0.39,manually_inputted_data $ guess,0.03,single_datapoint,no_comment
5171,2015,07_INA,activity,bus,passenger_km_or_freight_tonne_km,road,passenger,ice,all,yearly,national,['estimated $ calculate_energy_and_activity()'],1,20748308625000.0,estimated $ calculate_energy_and_activity(),2247786000000.0,single_datapoint,no_comment
5172,2015,07_INA,energy,bus,pj,road,passenger,ice,all,yearly,national,['estimated $ calculate_energy_and_activity()'],1,18586.691325688633,estimated $ calculate_energy_and_activity(),2013.605316139563,single_datapoint,no_comment
5173,2015,07_INA,new_vehicle_efficiency,bus,km_per_pj,road,passenger,ice,all,yearly,national,['avg_eff_no_outliers $ transport_data_system_9th'],1,910941040.8338033,avg_eff_no_outliers $ transport_data_system_9th,70072387.7564464,single_datapoint,no_comment
5174,2015,07_INA,travel_km,bus,km,road,passenger,ice,all,yearly,national,['estimated $ calculate_energy_and_activity()'],1,1383220575000.0,estimated $ calculate_energy_and_activity(),149852400000.0,single_datapoint,no_comment
5175,2015,07_INA,turnover_rate,bus,%,road,passenger,ice,all,yearly,national,['manually_inputted_data $ guess'],1,0.39,manually_inputted_data $ guess,0.03,single_datapoint,no_comment
5176,2016,07_INA,activity,bus,passenger_km_or_freight_tonne_km,road,passenger,ice,all,yearly,national,['estimated $ calculate_energy_and_activity()'],1,20748308625000.0,estimated $ calculate_energy_and_activity(),2253585375000.0,single_datapoint,no_comment
5177,2016,07_INA,energy,bus,pj,road,passenger,ice,all,yearly,national,['estimated $ calculate_energy_and_activity()'],1,18586.691325688633,estimated $ calculate_energy_and_activity(),2018.8004958987958,single_datapoint,no_comment
5178,2016,07_INA,new_vehicle_efficiency,bus,km_per_pj,road,passenger,ice,all,yearly,national,['avg_eff_no_outliers $ transport_data_system_9th'],1,910941040.8338033,avg_eff_no_outliers $ transport_data_system_9th,70072387.7564464,single_datapoint,no_comment
5179,2016,07_INA,travel_km,bus,km,road,passenger,ice,all,yearly,national,['estimated $ calculate_energy_and_activity()'],1,1383220575000.0,estimated $ calculate_energy_and_activity(),150239025000.0,single_datapoint,no_comment
5180,2016,07_INA,turnover_rate,bus,%,road,passenger,ice,all,yearly,national,['manually_inputted_data $ guess'],1,0.39,manually_inputted_data $ guess,0.03,single_datapoint,no_comment
5181,2017,07_INA,activity,bus,passenger_km_or_freight_tonne_km,road,passenger,ice,all,yearly,national,['estimated $ calculate_energy_and_activity()'],1,20748308625000.0,estimated $ calculate_energy_and_activity(),2261377125000.0,single_datapoint,no_comment
5182,2017,07_INA,energy,bus,pj,road,passenger,ice,all,yearly,national,['estimated $ calculate_energy_and_activity()'],1,18586.691325688633,estimated $ calculate_energy_and_activity(),2025.7804794123645,single_datapoint,no_comment
5183,2017,07_INA,new_vehicle_efficiency,bus,km_per_pj,road,passenger,ice,all,yearly,national,['avg_eff_no_outliers $ transport_data_system_9th'],1,910941040.8338033,avg_eff_no_outliers $ transport_data_system_9th,70072387.7564464,single_datapoint,no_comment
5184,2017,07_INA,travel_km,bus,km,road,passenger,ice,all,yearly,national,['estimated $ calculate_energy_and_activity()'],1,1383220575000.0,estimated $ calculate_energy_and_activity(),150758475000.0,single_datapoint,no_comment
5185,2017,07_INA,turnover_rate,bus,%,road,passenger,ice,all,yearly,national,['manually_inputted_data $ guess'],1,0.39,manually_inputted_data $ guess,0.03,single_datapoint,no_comment
5186,2018,07_INA,activity,bus,passenger_km_or_freight_tonne_km,road,passenger,ice,all,yearly,national,['estimated $ calculate_energy_and_activity()'],1,20748308625000.0,estimated $ calculate_energy_and_activity(),2293916625000.0,single_datapoint,no_comment
5187,2018,07_INA,energy,bus,pj,road,passenger,ice,all,yearly,national,['estimated $ calculate_energy_and_activity()'],1,18586.691325688633,estimated $ calculate_energy_and_activity(),2054.9299225464188,single_datapoint,no_comment
5188,2018,07_INA,new_vehicle_efficiency,bus,km_per_pj,road,passenger,ice,all,yearly,national,['avg_eff_no_outliers $ transport_data_system_9th'],1,910941040.8338033,avg_eff_no_outliers $ transport_data_system_9th,70072387.7564464,single_datapoint,no_comment
5189,2018,07_INA,travel_km,bus,km,road,passenger,ice,all,yearly,national,['estimated $ calculate_energy_and_activity()'],1,1383220575000.0,estimated $ calculate_energy_and_activity(),152927775000.0,single_datapoint,no_comment
5190,2018,07_INA,turnover_rate,bus,%,road,passenger,ice,all,yearly,national,['manually_inputted_data $ guess'],1,0.39,manually_inputted_data $ guess,0.03,single_datapoint,no_comment
5191,2019,07_INA,new_vehicle_efficiency,bus,km_per_pj,road,passenger,ice,all,yearly,national,['avg_eff_no_outliers $ transport_data_system_9th'],1,910941040.8338033,avg_eff_no_outliers $ transport_data_system_9th,70072387.7564464,single_datapoint,no_comment
5192,2019,07_INA,turnover_rate,bus,%,road,passenger,ice,all,yearly,national,['manually_inputted_data $ guess'],1,0.39,manually_inputted_data $ guess,0.03,single_datapoint,no_comment
5193,2020,07_INA,new_vehicle_efficiency,bus,km_per_pj,road,passenger,ice,all,yearly,national,['avg_eff_no_outliers $ transport_data_system_9th'],1,910941040.8338033,avg_eff_no_outliers $ transport_data_system_9th,70072387.7564464,single_datapoint,no_comment
5194,2020,07_INA,turnover_rate,bus,%,road,passenger,ice,all,yearly,national,['manually_inputted_data $ guess'],1,0.39,manually_inputted_data $ guess,0.03,single_datapoint,no_comment
5195,2021,07_INA,new_vehicle_efficiency,bus,km_per_pj,road,passenger,ice,all,yearly,national,['avg_eff_no_outliers $ transport_data_system_9th'],1,910941040.8338033,avg_eff_no_outliers $ transport_data_system_9th,70072387.7564464,single_datapoint,no_comment
5196,2021,07_INA,turnover_rate,bus,%,road,passenger,ice,all,yearly,national,['manually_inputted_data $ guess'],1,0.39,manually_inputted_data $ guess,0.03,single_datapoint,no_comment
5197,2022,07_INA,new_vehicle_efficiency,bus,km_per_pj,road,passenger,ice,all,yearly,national,['avg_eff_no_outliers $ transport_data_system_9th'],1,910941040.8338033,avg_eff_no_outliers $ transport_data_system_9th,70072387.7564464,single_datapoint,no_comment
5198,2022,07_INA,turnover_rate,bus,%,road,passenger,ice,all,yearly,national,['manually_inputted_data $ guess'],1,0.39,manually_inputted_data $ guess,0.03,single_datapoint,no_comment
5199,2010,07_INA,new_vehicle_efficiency,bus,km_per_pj,road,passenger,lpg,all,yearly,national,['avg_eff_no_outliers $ transport_data_system_9th'],1,1295830676.4857378,avg_eff_no_outliers $ transport_data_system_9th,99679282.8065952,single_datapoint,no_comment
5200,2010,07_INA,turnover_rate,bus,%,road,passenger,lpg,all,yearly,national,['manually_inputted_data $ guess'],1,0.42,manually_inputted_data $ guess,0.03,manual,no_comment
5201,2011,07_INA,new_vehicle_efficiency,bus,km_per_pj,road,passenger,lpg,all,yearly,national,['avg_eff_no_outliers $ transport_data_system_9th'],1,1295830676.4857378,avg_eff_no_outliers $ transport_data_system_9th,99679282.8065952,single_datapoint,no_comment
5202,2011,07_INA,turnover_rate,bus,%,road,passenger,lpg,all,yearly,national,['manually_inputted_data $ guess'],1,0.42,manually_inputted_data $ guess,0.03,manual,no_comment
5203,2012,07_INA,new_vehicle_efficiency,bus,km_per_pj,road,passenger,lpg,all,yearly,national,['avg_eff_no_outliers $ transport_data_system_9th'],1,1295830676.4857378,avg_eff_no_outliers $ transport_data_system_9th,99679282.8065952,single_datapoint,no_comment
5204,2012,07_INA,turnover_rate,bus,%,road,passenger,lpg,all,yearly,national,['manually_inputted_data $ guess'],1,0.42,manually_inputted_data $ guess,0.03,manual,no_comment
5205,2013,07_INA,new_vehicle_efficiency,bus,km_per_pj,road,passenger,lpg,all,yearly,national,['avg_eff_no_outliers $ transport_data_system_9th'],1,1295830676.4857378,avg_eff_no_outliers $ transport_data_system_9th,99679282.8065952,single_datapoint,no_comment
5206,2013,07_INA,turnover_rate,bus,%,road,passenger,lpg,all,yearly,national,['manually_inputted_data $ guess'],1,0.42,manually_inputted_data $ guess,0.03,manual,no_comment
5207,2014,07_INA,new_vehicle_efficiency,bus,km_per_pj,road,passenger,lpg,all,yearly,national,['avg_eff_no_outliers $ transport_data_system_9th'],1,1295830676.4857378,avg_eff_no_outliers $ transport_data_system_9th,99679282.8065952,single_datapoint,no_comment
5208,2014,07_INA,turnover_rate,bus,%,road,passenger,lpg,all,yearly,national,['manually_inputted_data $ guess'],1,0.42,manually_inputted_data $ guess,0.03,manual,no_comment
5209,2015,07_INA,new_vehicle_efficiency,bus,km_per_pj,road,passenger,lpg,all,yearly,national,['avg_eff_no_outliers $ transport_data_system_9th'],1,1295830676.4857378,avg_eff_no_outliers $ transport_data_system_9th,99679282.8065952,single_datapoint,no_comment
5210,2015,07_INA,turnover_rate,bus,%,road,passenger,lpg,all,yearly,national,['manually_inputted_data $ guess'],1,0.42,manually_inputted_data $ guess,0.03,manual,no_comment
5211,2016,07_INA,new_vehicle_efficiency,bus,km_per_pj,road,passenger,lpg,all,yearly,national,['avg_eff_no_outliers $ transport_data_system_9th'],1,1295830676.4857378,avg_eff_no_outliers $ transport_data_system_9th,99679282.8065952,single_datapoint,no_comment
5212,2016,07_INA,turnover_rate,bus,%,road,passenger,lpg,all,yearly,national,['manually_inputted_data $ guess'],1,0.42,manually_inputted_data $ guess,0.03,manual,no_comment
5213,2017,07_INA,new_vehicle_efficiency,bus,km_per_pj,road,passenger,lpg,all,yearly,national,['avg_eff_no_outliers $ transport_data_system_9th'],1,1295830676.4857378,avg_eff_no_outliers $ transport_data_system_9th,99679282.8065952,single_datapoint,no_comment
5214,2017,07_INA,turnover_rate,bus,%,road,passenger,lpg,all,yearly,national,"['manually_inputted_data $ guess', 'turnover_rate_est']",2,0.42,manually_inputted_data $ guess,0.03,manual,no_comment
5215,2018,07_INA,new_vehicle_efficiency,bus,km_per_pj,road,passenger,lpg,all,yearly,national,['avg_eff_no_outliers $ transport_data_system_9th'],1,1295830676.4857378,avg_eff_no_outliers $ transport_data_system_9th,99679282.8065952,single_datapoint,no_comment
5216,2018,07_INA,turnover_rate,bus,%,road,passenger,lpg,all,yearly,national,['manually_inputted_data $ guess'],1,0.42,manually_inputted_data $ guess,0.03,manual,no_comment
5217,2019,07_INA,new_vehicle_efficiency,bus,km_per_pj,road,passenger,lpg,all,yearly,national,['avg_eff_no_outliers $ transport_data_system_9th'],1,1295830676.4857378,avg_eff_no_outliers $ transport_data_system_9th,99679282.8065952,single_datapoint,no_comment
5218,2019,07_INA,turnover_rate,bus,%,road,passenger,lpg,all,yearly,national,['manually_inputted_data $ guess'],1,0.42,manually_inputted_data $ guess,0.03,manual,no_comment
5219,2020,07_INA,new_vehicle_efficiency,bus,km_per_pj,road,passenger,lpg,all,yearly,national,['avg_eff_no_outliers $ transport_data_system_9th'],1,1295830676.4857378,avg_eff_no_outliers $ transport_data_system_9th,99679282.8065952,single_datapoint,no_comment
5220,2020,07_INA,turnover_rate,bus,%,road,passenger,lpg,all,yearly,national,['manually_inputted_data $ guess'],1,0.42,manually_inputted_data $ guess,0.03,manual,no_comment
5221,2021,07_INA,new_vehicle_efficiency,bus,km_per_pj,road,passenger,lpg,all,yearly,national,['avg_eff_no_outliers $ transport_data_system_9th'],1,1295830676.4857378,avg_eff_no_outliers $ transport_data_system_9th,99679282.8065952,single_datapoint,no_comment
5222,2021,07_INA,turnover_rate,bus,%,road,passenger,lpg,all,yearly,national,['manually_inputted_data $ guess'],1,0.42,manually_inputted_data $ guess,0.03,manual,no_comment
5223,2022,07_INA,new_vehicle_efficiency,bus,km_per_pj,road,passenger,lpg,all,yearly,national,['avg_eff_no_outliers $ transport_data_system_9th'],1,1295830676.4857378,avg_eff_no_outliers $ transport_data_system_9th,99679282.8065952,single_datapoint,no_comment
5224,2022,07_INA,turnover_rate,bus,%,road,passenger,lpg,all,yearly,national,['manually_inputted_data $ guess'],1,0.42,manually_inputted_data $ guess,0.03,manual,no_comment
5225,2010,07_INA,new_vehicle_efficiency,bus,km_per_pj,road,passenger,phev,all,yearly,national,['avg_eff_no_outliers $ transport_data_system_9th'],1,1472018422.278209,avg_eff_no_outliers $ transport_data_system_9th,113232186.329093,single_datapoint,no_comment
5226,2010,07_INA,turnover_rate,bus,%,road,passenger,phev,all,yearly,national,['manually_inputted_data $ guess'],1,0.39,manually_inputted_data $ guess,0.03,single_datapoint,no_comment
5227,2011,07_INA,new_vehicle_efficiency,bus,km_per_pj,road,passenger,phev,all,yearly,national,['avg_eff_no_outliers $ transport_data_system_9th'],1,1472018422.278209,avg_eff_no_outliers $ transport_data_system_9th,113232186.329093,single_datapoint,no_comment
5228,2011,07_INA,turnover_rate,bus,%,road,passenger,phev,all,yearly,national,['manually_inputted_data $ guess'],1,0.39,manually_inputted_data $ guess,0.03,single_datapoint,no_comment
5229,2012,07_INA,new_vehicle_efficiency,bus,km_per_pj,road,passenger,phev,all,yearly,national,['avg_eff_no_outliers $ transport_data_system_9th'],1,1472018422.278209,avg_eff_no_outliers $ transport_data_system_9th,113232186.329093,single_datapoint,no_comment
5230,2012,07_INA,turnover_rate,bus,%,road,passenger,phev,all,yearly,national,['manually_inputted_data $ guess'],1,0.39,manually_inputted_data $ guess,0.03,single_datapoint,no_comment
5231,2013,07_INA,new_vehicle_efficiency,bus,km_per_pj,road,passenger,phev,all,yearly,national,['avg_eff_no_outliers $ transport_data_system_9th'],1,1472018422.278209,avg_eff_no_outliers $ transport_data_system_9th,113232186.329093,single_datapoint,no_comment
5232,2013,07_INA,turnover_rate,bus,%,road,passenger,phev,all,yearly,national,['manually_inputted_data $ guess'],1,0.39,manually_inputted_data $ guess,0.03,single_datapoint,no_comment
5233,2014,07_INA,new_vehicle_efficiency,bus,km_per_pj,road,passenger,phev,all,yearly,national,['avg_eff_no_outliers $ transport_data_system_9th'],1,1472018422.278209,avg_eff_no_outliers $ transport_data_system_9th,113232186.329093,single_datapoint,no_comment
5234,2014,07_INA,turnover_rate,bus,%,road,passenger,phev,all,yearly,national,['manually_inputted_data $ guess'],1,0.39,manually_inputted_data $ guess,0.03,single_datapoint,no_comment
5235,2015,07_INA,new_vehicle_efficiency,bus,km_per_pj,road,passenger,phev,all,yearly,national,['avg_eff_no_outliers $ transport_data_system_9th'],1,1472018422.278209,avg_eff_no_outliers $ transport_data_system_9th,113232186.329093,single_datapoint,no_comment
5236,2015,07_INA,turnover_rate,bus,%,road,passenger,phev,all,yearly,national,['manually_inputted_data $ guess'],1,0.39,manually_inputted_data $ guess,0.03,single_datapoint,no_comment
5237,2016,07_INA,new_vehicle_efficiency,bus,km_per_pj,road,passenger,phev,all,yearly,national,['avg_eff_no_outliers $ transport_data_system_9th'],1,1472018422.278209,avg_eff_no_outliers $ transport_data_system_9th,113232186.329093,single_datapoint,no_comment
5238,2016,07_INA,turnover_rate,bus,%,road,passenger,phev,all,yearly,national,['manually_inputted_data $ guess'],1,0.39,manually_inputted_data $ guess,0.03,single_datapoint,no_comment
5239,2017,07_INA,new_vehicle_efficiency,bus,km_per_pj,road,passenger,phev,all,yearly,national,['avg_eff_no_outliers $ transport_data_system_9th'],1,1472018422.278209,avg_eff_no_outliers $ transport_data_system_9th,113232186.329093,single_datapoint,no_comment
5240,2017,07_INA,turnover_rate,bus,%,road,passenger,phev,all,yearly,national,['manually_inputted_data $ guess'],1,0.39,manually_inputted_data $ guess,0.03,single_datapoint,no_comment
5241,2018,07_INA,new_vehicle_efficiency,bus,km_per_pj,road,passenger,phev,all,yearly,national,['avg_eff_no_outliers $ transport_data_system_9th'],1,1472018422.278209,avg_eff_no_outliers $ transport_data_system_9th,113232186.329093,single_datapoint,no_comment
5242,2018,07_INA,turnover_rate,bus,%,road,passenger,phev,all,yearly,national,['manually_inputted_data $ guess'],1,0.39,manually_inputted_data $ guess,0.03,single_datapoint,no_comment
5243,2019,07_INA,new_vehicle_efficiency,bus,km_per_pj,road,passenger,phev,all,yearly,national,['avg_eff_no_outliers $ transport_data_system_9th'],1,1472018422.278209,avg_eff_no_outliers $ transport_data_system_9th,113232186.329093,single_datapoint,no_comment
5244,2019,07_INA,turnover_rate,bus,%,road,passenger,phev,all,yearly,national,['manually_inputted_data $ guess'],1,0.39,manually_inputted_data $ guess,0.03,single_datapoint,no_comment
5245,2020,07_INA,new_vehicle_efficiency,bus,km_per_pj,road,passenger,phev,all,yearly,national,['avg_eff_no_outliers $ transport_data_system_9th'],1,1472018422.278209,avg_eff_no_outliers $ transport_data_system_9th,113232186.329093,single_datapoint,no_comment
5246,2020,07_INA,turnover_rate,bus,%,road,passenger,phev,all,yearly,national,['manually_inputted_data $ guess'],1,0.39,manually_inputted_data $ guess,0.03,single_datapoint,no_comment
5247,2021,07_INA,new_vehicle_efficiency,bus,km_per_pj,road,passenger,phev,all,yearly,national,['avg_eff_no_outliers $ transport_data_system_9th'],1,1472018422.278209,avg_eff_no_outliers $ transport_data_system_9th,113232186.329093,single_datapoint,no_comment
5248,2021,07_INA,turnover_rate,bus,%,road,passenger,phev,all,yearly,national,['manually_inputted_data $ guess'],1,0.39,manually_inputted_data $ guess,0.03,single_datapoint,no_comment
5249,2022,07_INA,new_vehicle_efficiency,bus,km_per_pj,road,passenger,phev,all,yearly,national,['avg_eff_no_outliers $ transport_data_system_9th'],1,1472018422.278209,avg_eff_no_outliers $ transport_data_system_9th,113232186.329093,single_datapoint,no_comment
5250,2022,07_INA,turnover_rate,bus,%,road,passenger,phev,all,yearly,national,['manually_inputted_data $ guess'],1,0.39,manually_inputted_data $ guess,0.03,single_datapoint,no_comment
5251,2010,07_INA,new_vehicle_efficiency,ht,km_per_pj,road,freight,bev,all,yearly,national,['avg_eff_no_outliers $ transport_data_system_9th'],1,3249486640.872147,avg_eff_no_outliers $ transport_data_system_9th,249960510.836319,single_datapoint,no_comment
5252,2010,07_INA,turnover_rate,ht,%,road,freight,bev,all,yearly,national,['manually_inputted_data $ guess'],1,0.42,manually_inputted_data $ guess,0.03,manual,no_comment
5253,2011,07_INA,new_vehicle_efficiency,ht,km_per_pj,road,freight,bev,all,yearly,national,['avg_eff_no_outliers $ transport_data_system_9th'],1,3249486640.872147,avg_eff_no_outliers $ transport_data_system_9th,249960510.836319,single_datapoint,no_comment
5254,2011,07_INA,turnover_rate,ht,%,road,freight,bev,all,yearly,national,['manually_inputted_data $ guess'],1,0.42,manually_inputted_data $ guess,0.03,manual,no_comment
5255,2012,07_INA,new_vehicle_efficiency,ht,km_per_pj,road,freight,bev,all,yearly,national,['avg_eff_no_outliers $ transport_data_system_9th'],1,3249486640.872147,avg_eff_no_outliers $ transport_data_system_9th,249960510.836319,single_datapoint,no_comment
5256,2012,07_INA,turnover_rate,ht,%,road,freight,bev,all,yearly,national,['manually_inputted_data $ guess'],1,0.42,manually_inputted_data $ guess,0.03,manual,no_comment
5257,2013,07_INA,new_vehicle_efficiency,ht,km_per_pj,road,freight,bev,all,yearly,national,['avg_eff_no_outliers $ transport_data_system_9th'],1,3249486640.872147,avg_eff_no_outliers $ transport_data_system_9th,249960510.836319,single_datapoint,no_comment
5258,2013,07_INA,turnover_rate,ht,%,road,freight,bev,all,yearly,national,['manually_inputted_data $ guess'],1,0.42,manually_inputted_data $ guess,0.03,manual,no_comment
5259,2014,07_INA,new_vehicle_efficiency,ht,km_per_pj,road,freight,bev,all,yearly,national,['avg_eff_no_outliers $ transport_data_system_9th'],1,3249486640.872147,avg_eff_no_outliers $ transport_data_system_9th,249960510.836319,single_datapoint,no_comment
5260,2014,07_INA,turnover_rate,ht,%,road,freight,bev,all,yearly,national,['manually_inputted_data $ guess'],1,0.42,manually_inputted_data $ guess,0.03,manual,no_comment
5261,2015,07_INA,new_vehicle_efficiency,ht,km_per_pj,road,freight,bev,all,yearly,national,['avg_eff_no_outliers $ transport_data_system_9th'],1,3249486640.872147,avg_eff_no_outliers $ transport_data_system_9th,249960510.836319,single_datapoint,no_comment
5262,2015,07_INA,turnover_rate,ht,%,road,freight,bev,all,yearly,national,['manually_inputted_data $ guess'],1,0.42,manually_inputted_data $ guess,0.03,manual,no_comment
5263,2016,07_INA,new_vehicle_efficiency,ht,km_per_pj,road,freight,bev,all,yearly,national,['avg_eff_no_outliers $ transport_data_system_9th'],1,3249486640.872147,avg_eff_no_outliers $ transport_data_system_9th,249960510.836319,single_datapoint,no_comment
5264,2016,07_INA,turnover_rate,ht,%,road,freight,bev,all,yearly,national,['manually_inputted_data $ guess'],1,0.42,manually_inputted_data $ guess,0.03,manual,no_comment
5265,2017,07_INA,new_vehicle_efficiency,ht,km_per_pj,road,freight,bev,all,yearly,national,['avg_eff_no_outliers $ transport_data_system_9th'],1,3249486640.872147,avg_eff_no_outliers $ transport_data_system_9th,249960510.836319,single_datapoint,no_comment
5266,2017,07_INA,turnover_rate,ht,%,road,freight,bev,all,yearly,national,"['manually_inputted_data $ guess', 'turnover_rate_est']",2,0.42,manually_inputted_data $ guess,0.03,manual,no_comment
5267,2018,07_INA,new_vehicle_efficiency,ht,km_per_pj,road,freight,bev,all,yearly,national,['avg_eff_no_outliers $ transport_data_system_9th'],1,3249486640.872147,avg_eff_no_outliers $ transport_data_system_9th,249960510.836319,single_datapoint,no_comment
5268,2018,07_INA,turnover_rate,ht,%,road,freight,bev,all,yearly,national,['manually_inputted_data $ guess'],1,0.42,manually_inputted_data $ guess,0.03,manual,no_comment
5269,2019,07_INA,new_vehicle_efficiency,ht,km_per_pj,road,freight,bev,all,yearly,national,['avg_eff_no_outliers $ transport_data_system_9th'],1,3249486640.872147,avg_eff_no_outliers $ transport_data_system_9th,249960510.836319,single_datapoint,no_comment
5270,2019,07_INA,turnover_rate,ht,%,road,freight,bev,all,yearly,national,['manually_inputted_data $ guess'],1,0.42,manually_inputted_data $ guess,0.03,manual,no_comment
5271,2020,07_INA,new_vehicle_efficiency,ht,km_per_pj,road,freight,bev,all,yearly,national,['avg_eff_no_outliers $ transport_data_system_9th'],1,3249486640.872147,avg_eff_no_outliers $ transport_data_system_9th,249960510.836319,single_datapoint,no_comment
5272,2020,07_INA,turnover_rate,ht,%,road,freight,bev,all,yearly,national,['manually_inputted_data $ guess'],1,0.42,manually_inputted_data $ guess,0.03,manual,no_comment
5273,2021,07_INA,new_vehicle_efficiency,ht,km_per_pj,road,freight,bev,all,yearly,national,['avg_eff_no_outliers $ transport_data_system_9th'],1,3249486640.872147,avg_eff_no_outliers $ transport_data_system_9th,249960510.836319,single_datapoint,no_comment
5274,2021,07_INA,turnover_rate,ht,%,road,freight,bev,all,yearly,national,['manually_inputted_data $ guess'],1,0.42,manually_inputted_data $ guess,0.03,manual,no_comment
5275,2022,07_INA,new_vehicle_efficiency,ht,km_per_pj,road,freight,bev,all,yearly,national,['avg_eff_no_outliers $ transport_data_system_9th'],1,3249486640.872147,avg_eff_no_outliers $ transport_data_system_9th,249960510.836319,single_datapoint,no_comment
5276,2022,07_INA,turnover_rate,ht,%,road,freight,bev,all,yearly,national,['manually_inputted_data $ guess'],1,0.42,manually_inputted_data $ guess,0.03,manual,no_comment
5277,2010,07_INA,new_vehicle_efficiency,ht,km_per_pj,road,freight,cng,all,yearly,national,['avg_eff_no_outliers $ transport_data_system_9th'],1,1775178058.548531,avg_eff_no_outliers $ transport_data_system_9th,136552158.349887,single_datapoint,no_comment
5278,2010,07_INA,turnover_rate,ht,%,road,freight,cng,all,yearly,national,['manually_inputted_data $ guess'],1,0.42,manually_inputted_data $ guess,0.03,manual,no_comment
5279,2011,07_INA,new_vehicle_efficiency,ht,km_per_pj,road,freight,cng,all,yearly,national,['avg_eff_no_outliers $ transport_data_system_9th'],1,1775178058.548531,avg_eff_no_outliers $ transport_data_system_9th,136552158.349887,single_datapoint,no_comment
5280,2011,07_INA,turnover_rate,ht,%,road,freight,cng,all,yearly,national,['manually_inputted_data $ guess'],1,0.42,manually_inputted_data $ guess,0.03,manual,no_comment
5281,2012,07_INA,new_vehicle_efficiency,ht,km_per_pj,road,freight,cng,all,yearly,national,['avg_eff_no_outliers $ transport_data_system_9th'],1,1775178058.548531,avg_eff_no_outliers $ transport_data_system_9th,136552158.349887,single_datapoint,no_comment
5282,2012,07_INA,turnover_rate,ht,%,road,freight,cng,all,yearly,national,['manually_inputted_data $ guess'],1,0.42,manually_inputted_data $ guess,0.03,manual,no_comment
5283,2013,07_INA,new_vehicle_efficiency,ht,km_per_pj,road,freight,cng,all,yearly,national,['avg_eff_no_outliers $ transport_data_system_9th'],1,1775178058.548531,avg_eff_no_outliers $ transport_data_system_9th,136552158.349887,single_datapoint,no_comment
5284,2013,07_INA,turnover_rate,ht,%,road,freight,cng,all,yearly,national,['manually_inputted_data $ guess'],1,0.42,manually_inputted_data $ guess,0.03,manual,no_comment
5285,2014,07_INA,new_vehicle_efficiency,ht,km_per_pj,road,freight,cng,all,yearly,national,['avg_eff_no_outliers $ transport_data_system_9th'],1,1775178058.548531,avg_eff_no_outliers $ transport_data_system_9th,136552158.349887,single_datapoint,no_comment
5286,2014,07_INA,turnover_rate,ht,%,road,freight,cng,all,yearly,national,['manually_inputted_data $ guess'],1,0.42,manually_inputted_data $ guess,0.03,manual,no_comment
5287,2015,07_INA,new_vehicle_efficiency,ht,km_per_pj,road,freight,cng,all,yearly,national,['avg_eff_no_outliers $ transport_data_system_9th'],1,1775178058.548531,avg_eff_no_outliers $ transport_data_system_9th,136552158.349887,single_datapoint,no_comment
5288,2015,07_INA,turnover_rate,ht,%,road,freight,cng,all,yearly,national,['manually_inputted_data $ guess'],1,0.42,manually_inputted_data $ guess,0.03,manual,no_comment
5289,2016,07_INA,new_vehicle_efficiency,ht,km_per_pj,road,freight,cng,all,yearly,national,['avg_eff_no_outliers $ transport_data_system_9th'],1,1775178058.548531,avg_eff_no_outliers $ transport_data_system_9th,136552158.349887,single_datapoint,no_comment
5290,2016,07_INA,turnover_rate,ht,%,road,freight,cng,all,yearly,national,['manually_inputted_data $ guess'],1,0.42,manually_inputted_data $ guess,0.03,manual,no_comment
5291,2017,07_INA,activity,ht,passenger_km_or_freight_tonne_km,road,freight,cng,all,yearly,national,"['8th_edition_transport_model $ reference', 'estimated $ calculate_energy_and_activity()']",2,2770418504.0,estimated $ calculate_energy_and_activity(),2484140625.0,manual,no_comment
5292,2017,07_INA,energy,ht,pj,road,freight,cng,all,yearly,national,"['8th_edition_transport_model $ reference', 'estimated $ calculate_energy_and_activity()']",2,6.2579619057179,8th_edition_transport_model $ reference,0.0001450048987153,manual,no_comment
5293,2017,07_INA,new_vehicle_efficiency,ht,km_per_pj,road,freight,cng,all,yearly,national,['avg_eff_no_outliers $ transport_data_system_9th'],1,1775178058.548531,avg_eff_no_outliers $ transport_data_system_9th,136552158.349887,single_datapoint,no_comment
5294,2017,07_INA,travel_km,ht,km,road,freight,cng,all,yearly,national,['estimated $ calculate_energy_and_activity()'],1,441625000.0,estimated $ calculate_energy_and_activity(),441625000.0,single_datapoint,no_comment
5295,2017,07_INA,turnover_rate,ht,%,road,freight,cng,all,yearly,national,"['manually_inputted_data $ guess', 'turnover_rate_est']",2,0.42,manually_inputted_data $ guess,0.03,manual,no_comment
5296,2018,07_INA,new_vehicle_efficiency,ht,km_per_pj,road,freight,cng,all,yearly,national,['avg_eff_no_outliers $ transport_data_system_9th'],1,1775178058.548531,avg_eff_no_outliers $ transport_data_system_9th,136552158.349887,single_datapoint,no_comment
5297,2018,07_INA,turnover_rate,ht,%,road,freight,cng,all,yearly,national,['manually_inputted_data $ guess'],1,0.42,manually_inputted_data $ guess,0.03,manual,no_comment
5298,2019,07_INA,new_vehicle_efficiency,ht,km_per_pj,road,freight,cng,all,yearly,national,['avg_eff_no_outliers $ transport_data_system_9th'],1,1775178058.548531,avg_eff_no_outliers $ transport_data_system_9th,136552158.349887,single_datapoint,no_comment
5299,2019,07_INA,turnover_rate,ht,%,road,freight,cng,all,yearly,national,['manually_inputted_data $ guess'],1,0.42,manually_inputted_data $ guess,0.03,manual,no_comment
5300,2020,07_INA,new_vehicle_efficiency,ht,km_per_pj,road,freight,cng,all,yearly,national,['avg_eff_no_outliers $ transport_data_system_9th'],1,1775178058.548531,avg_eff_no_outliers $ transport_data_system_9th,136552158.349887,single_datapoint,no_comment
5301,2020,07_INA,turnover_rate,ht,%,road,freight,cng,all,yearly,national,['manually_inputted_data $ guess'],1,0.42,manually_inputted_data $ guess,0.03,manual,no_comment
5302,2021,07_INA,new_vehicle_efficiency,ht,km_per_pj,road,freight,cng,all,yearly,national,['avg_eff_no_outliers $ transport_data_system_9th'],1,1775178058.548531,avg_eff_no_outliers $ transport_data_system_9th,136552158.349887,single_datapoint,no_comment
5303,2021,07_INA,turnover_rate,ht,%,road,freight,cng,all,yearly,national,['manually_inputted_data $ guess'],1,0.42,manually_inputted_data $ guess,0.03,manual,no_comment
5304,2022,07_INA,new_vehicle_efficiency,ht,km_per_pj,road,freight,cng,all,yearly,national,['avg_eff_no_outliers $ transport_data_system_9th'],1,1775178058.548531,avg_eff_no_outliers $ transport_data_system_9th,136552158.349887,single_datapoint,no_comment
5305,2022,07_INA,turnover_rate,ht,%,road,freight,cng,all,yearly,national,['manually_inputted_data $ guess'],1,0.42,manually_inputted_data $ guess,0.03,manual,no_comment
5306,2017,07_INA,turnover_rate,ht,%,road,freight,fcev,all,yearly,national,['turnover_rate_est'],1,0.03,turnover_rate_est,0.03,single_datapoint,no_comment
5307,2010,07_INA,new_vehicle_efficiency,ht,km_per_pj,road,freight,ice,all,yearly,national,['avg_eff_no_outliers $ transport_data_system_9th'],1,1058551713.3301452,avg_eff_no_outliers $ transport_data_system_9th,81427054.87154964,single_datapoint,no_comment
5308,2010,07_INA,turnover_rate,ht,%,road,freight,ice,all,yearly,national,['manually_inputted_data $ guess'],1,0.39,manually_inputted_data $ guess,0.03,single_datapoint,no_comment
5309,2011,07_INA,new_vehicle_efficiency,ht,km_per_pj,road,freight,ice,all,yearly,national,['avg_eff_no_outliers $ transport_data_system_9th'],1,1058551713.3301452,avg_eff_no_outliers $ transport_data_system_9th,81427054.87154964,single_datapoint,no_comment
5310,2011,07_INA,turnover_rate,ht,%,road,freight,ice,all,yearly,national,['manually_inputted_data $ guess'],1,0.39,manually_inputted_data $ guess,0.03,single_datapoint,no_comment
5311,2012,07_INA,new_vehicle_efficiency,ht,km_per_pj,road,freight,ice,all,yearly,national,['avg_eff_no_outliers $ transport_data_system_9th'],1,1058551713.3301452,avg_eff_no_outliers $ transport_data_system_9th,81427054.87154964,single_datapoint,no_comment
5312,2012,07_INA,turnover_rate,ht,%,road,freight,ice,all,yearly,national,['manually_inputted_data $ guess'],1,0.39,manually_inputted_data $ guess,0.03,single_datapoint,no_comment
5313,2013,07_INA,new_vehicle_efficiency,ht,km_per_pj,road,freight,ice,all,yearly,national,['avg_eff_no_outliers $ transport_data_system_9th'],1,1058551713.3301452,avg_eff_no_outliers $ transport_data_system_9th,81427054.87154964,single_datapoint,no_comment
5314,2013,07_INA,turnover_rate,ht,%,road,freight,ice,all,yearly,national,['manually_inputted_data $ guess'],1,0.39,manually_inputted_data $ guess,0.03,single_datapoint,no_comment
5315,2014,07_INA,new_vehicle_efficiency,ht,km_per_pj,road,freight,ice,all,yearly,national,['avg_eff_no_outliers $ transport_data_system_9th'],1,1058551713.3301452,avg_eff_no_outliers $ transport_data_system_9th,81427054.87154964,single_datapoint,no_comment
5316,2014,07_INA,turnover_rate,ht,%,road,freight,ice,all,yearly,national,['manually_inputted_data $ guess'],1,0.39,manually_inputted_data $ guess,0.03,single_datapoint,no_comment
5317,2015,07_INA,new_vehicle_efficiency,ht,km_per_pj,road,freight,ice,all,yearly,national,['avg_eff_no_outliers $ transport_data_system_9th'],1,1058551713.3301452,avg_eff_no_outliers $ transport_data_system_9th,81427054.87154964,single_datapoint,no_comment
5318,2015,07_INA,turnover_rate,ht,%,road,freight,ice,all,yearly,national,['manually_inputted_data $ guess'],1,0.39,manually_inputted_data $ guess,0.03,single_datapoint,no_comment
5319,2016,07_INA,new_vehicle_efficiency,ht,km_per_pj,road,freight,ice,all,yearly,national,['avg_eff_no_outliers $ transport_data_system_9th'],1,1058551713.3301452,avg_eff_no_outliers $ transport_data_system_9th,81427054.87154964,single_datapoint,no_comment
5320,2016,07_INA,turnover_rate,ht,%,road,freight,ice,all,yearly,national,['manually_inputted_data $ guess'],1,0.39,manually_inputted_data $ guess,0.03,single_datapoint,no_comment
5321,2017,07_INA,activity,ht,passenger_km_or_freight_tonne_km,road,freight,ice,all,yearly,national,['estimated $ calculate_energy_and_activity()'],1,1656221484375.0,estimated $ calculate_energy_and_activity(),1656221484375.0,single_datapoint,no_comment
5322,2017,07_INA,energy,ht,pj,road,freight,ice,all,yearly,national,['estimated $ calculate_energy_and_activity()'],1,4172.199710482055,estimated $ calculate_energy_and_activity(),4172.199710482055,single_datapoint,no_comment
5323,2017,07_INA,new_vehicle_efficiency,ht,km_per_pj,road,freight,ice,all,yearly,national,['avg_eff_no_outliers $ transport_data_system_9th'],1,1058551713.3301452,avg_eff_no_outliers $ transport_data_system_9th,81427054.87154964,single_datapoint,no_comment
5324,2017,07_INA,travel_km,ht,km,road,freight,ice,all,yearly,national,['estimated $ calculate_energy_and_activity()'],1,294439375000.0,estimated $ calculate_energy_and_activity(),294439375000.0,single_datapoint,no_comment
5325,2017,07_INA,turnover_rate,ht,%,road,freight,ice,all,yearly,national,['manually_inputted_data $ guess'],1,0.39,manually_inputted_data $ guess,0.03,single_datapoint,no_comment
5326,2018,07_INA,new_vehicle_efficiency,ht,km_per_pj,road,freight,ice,all,yearly,national,['avg_eff_no_outliers $ transport_data_system_9th'],1,1058551713.3301452,avg_eff_no_outliers $ transport_data_system_9th,81427054.87154964,single_datapoint,no_comment
5327,2018,07_INA,turnover_rate,ht,%,road,freight,ice,all,yearly,national,['manually_inputted_data $ guess'],1,0.39,manually_inputted_data $ guess,0.03,single_datapoint,no_comment
5328,2019,07_INA,new_vehicle_efficiency,ht,km_per_pj,road,freight,ice,all,yearly,national,['avg_eff_no_outliers $ transport_data_system_9th'],1,1058551713.3301452,avg_eff_no_outliers $ transport_data_system_9th,81427054.87154964,single_datapoint,no_comment
5329,2019,07_INA,turnover_rate,ht,%,road,freight,ice,all,yearly,national,['manually_inputted_data $ guess'],1,0.39,manually_inputted_data $ guess,0.03,single_datapoint,no_comment
5330,2020,07_INA,new_vehicle_efficiency,ht,km_per_pj,road,freight,ice,all,yearly,national,['avg_eff_no_outliers $ transport_data_system_9th'],1,1058551713.3301452,avg_eff_no_outliers $ transport_data_system_9th,81427054.87154964,single_datapoint,no_comment
5331,2020,07_INA,turnover_rate,ht,%,road,freight,ice,all,yearly,national,['manually_inputted_data $ guess'],1,0.39,manually_inputted_data $ guess,0.03,single_datapoint,no_comment
5332,2021,07_INA,new_vehicle_efficiency,ht,km_per_pj,road,freight,ice,all,yearly,national,['avg_eff_no_outliers $ transport_data_system_9th'],1,1058551713.3301452,avg_eff_no_outliers $ transport_data_system_9th,81427054.87154964,single_datapoint,no_comment
5333,2021,07_INA,turnover_rate,ht,%,road,freight,ice,all,yearly,national,['manually_inputted_data $ guess'],1,0.39,manually_inputted_data $ guess,0.03,single_datapoint,no_comment
5334,2022,07_INA,new_vehicle_efficiency,ht,km_per_pj,road,freight,ice,all,yearly,national,['avg_eff_no_outliers $ transport_data_system_9th'],1,1058551713.3301452,avg_eff_no_outliers $ transport_data_system_9th,81427054.87154964,single_datapoint,no_comment
5335,2022,07_INA,turnover_rate,ht,%,road,freight,ice,all,yearly,national,['manually_inputted_data $ guess'],1,0.39,manually_inputted_data $ guess,0.03,single_datapoint,no_comment
5336,2010,07_INA,new_vehicle_efficiency,ht,km_per_pj,road,freight,lpg,all,yearly,national,['avg_eff_no_outliers $ transport_data_system_9th'],1,1405649677.815799,avg_eff_no_outliers $ transport_data_system_9th,108126898.293523,single_datapoint,no_comment
5337,2010,07_INA,turnover_rate,ht,%,road,freight,lpg,all,yearly,national,['manually_inputted_data $ guess'],1,0.42,manually_inputted_data $ guess,0.03,manual,no_comment
5338,2011,07_INA,new_vehicle_efficiency,ht,km_per_pj,road,freight,lpg,all,yearly,national,['avg_eff_no_outliers $ transport_data_system_9th'],1,1405649677.815799,avg_eff_no_outliers $ transport_data_system_9th,108126898.293523,single_datapoint,no_comment
5339,2011,07_INA,turnover_rate,ht,%,road,freight,lpg,all,yearly,national,['manually_inputted_data $ guess'],1,0.42,manually_inputted_data $ guess,0.03,manual,no_comment
5340,2012,07_INA,new_vehicle_efficiency,ht,km_per_pj,road,freight,lpg,all,yearly,national,['avg_eff_no_outliers $ transport_data_system_9th'],1,1405649677.815799,avg_eff_no_outliers $ transport_data_system_9th,108126898.293523,single_datapoint,no_comment
5341,2012,07_INA,turnover_rate,ht,%,road,freight,lpg,all,yearly,national,['manually_inputted_data $ guess'],1,0.42,manually_inputted_data $ guess,0.03,manual,no_comment
5342,2013,07_INA,new_vehicle_efficiency,ht,km_per_pj,road,freight,lpg,all,yearly,national,['avg_eff_no_outliers $ transport_data_system_9th'],1,1405649677.815799,avg_eff_no_outliers $ transport_data_system_9th,108126898.293523,single_datapoint,no_comment
5343,2013,07_INA,turnover_rate,ht,%,road,freight,lpg,all,yearly,national,['manually_inputted_data $ guess'],1,0.42,manually_inputted_data $ guess,0.03,manual,no_comment
5344,2014,07_INA,new_vehicle_efficiency,ht,km_per_pj,road,freight,lpg,all,yearly,national,['avg_eff_no_outliers $ transport_data_system_9th'],1,1405649677.815799,avg_eff_no_outliers $ transport_data_system_9th,108126898.293523,single_datapoint,no_comment
5345,2014,07_INA,turnover_rate,ht,%,road,freight,lpg,all,yearly,national,['manually_inputted_data $ guess'],1,0.42,manually_inputted_data $ guess,0.03,manual,no_comment
5346,2015,07_INA,new_vehicle_efficiency,ht,km_per_pj,road,freight,lpg,all,yearly,national,['avg_eff_no_outliers $ transport_data_system_9th'],1,1405649677.815799,avg_eff_no_outliers $ transport_data_system_9th,108126898.293523,single_datapoint,no_comment
5347,2015,07_INA,turnover_rate,ht,%,road,freight,lpg,all,yearly,national,['manually_inputted_data $ guess'],1,0.42,manually_inputted_data $ guess,0.03,manual,no_comment
5348,2016,07_INA,new_vehicle_efficiency,ht,km_per_pj,road,freight,lpg,all,yearly,national,['avg_eff_no_outliers $ transport_data_system_9th'],1,1405649677.815799,avg_eff_no_outliers $ transport_data_system_9th,108126898.293523,single_datapoint,no_comment
5349,2016,07_INA,turnover_rate,ht,%,road,freight,lpg,all,yearly,national,['manually_inputted_data $ guess'],1,0.42,manually_inputted_data $ guess,0.03,manual,no_comment
5350,2017,07_INA,new_vehicle_efficiency,ht,km_per_pj,road,freight,lpg,all,yearly,national,['avg_eff_no_outliers $ transport_data_system_9th'],1,1405649677.815799,avg_eff_no_outliers $ transport_data_system_9th,108126898.293523,single_datapoint,no_comment
5351,2017,07_INA,turnover_rate,ht,%,road,freight,lpg,all,yearly,national,"['manually_inputted_data $ guess', 'turnover_rate_est']",2,0.42,manually_inputted_data $ guess,0.03,manual,no_comment
5352,2018,07_INA,new_vehicle_efficiency,ht,km_per_pj,road,freight,lpg,all,yearly,national,['avg_eff_no_outliers $ transport_data_system_9th'],1,1405649677.815799,avg_eff_no_outliers $ transport_data_system_9th,108126898.293523,single_datapoint,no_comment
5353,2018,07_INA,turnover_rate,ht,%,road,freight,lpg,all,yearly,national,['manually_inputted_data $ guess'],1,0.42,manually_inputted_data $ guess,0.03,manual,no_comment
5354,2019,07_INA,new_vehicle_efficiency,ht,km_per_pj,road,freight,lpg,all,yearly,national,['avg_eff_no_outliers $ transport_data_system_9th'],1,1405649677.815799,avg_eff_no_outliers $ transport_data_system_9th,108126898.293523,single_datapoint,no_comment
5355,2019,07_INA,turnover_rate,ht,%,road,freight,lpg,all,yearly,national,['manually_inputted_data $ guess'],1,0.42,manually_inputted_data $ guess,0.03,manual,no_comment
5356,2020,07_INA,new_vehicle_efficiency,ht,km_per_pj,road,freight,lpg,all,yearly,national,['avg_eff_no_outliers $ transport_data_system_9th'],1,1405649677.815799,avg_eff_no_outliers $ transport_data_system_9th,108126898.293523,single_datapoint,no_comment
5357,2020,07_INA,turnover_rate,ht,%,road,freight,lpg,all,yearly,national,['manually_inputted_data $ guess'],1,0.42,manually_inputted_data $ guess,0.03,manual,no_comment
5358,2021,07_INA,new_vehicle_efficiency,ht,km_per_pj,road,freight,lpg,all,yearly,national,['avg_eff_no_outliers $ transport_data_system_9th'],1,1405649677.815799,avg_eff_no_outliers $ transport_data_system_9th,108126898.293523,single_datapoint,no_comment
5359,2021,07_INA,turnover_rate,ht,%,road,freight,lpg,all,yearly,national,['manually_inputted_data $ guess'],1,0.42,manually_inputted_data $ guess,0.03,manual,no_comment
5360,2022,07_INA,new_vehicle_efficiency,ht,km_per_pj,road,freight,lpg,all,yearly,national,['avg_eff_no_outliers $ transport_data_system_9th'],1,1405649677.815799,avg_eff_no_outliers $ transport_data_system_9th,108126898.293523,single_datapoint,no_comment
5361,2022,07_INA,turnover_rate,ht,%,road,freight,lpg,all,yearly,national,['manually_inputted_data $ guess'],1,0.42,manually_inputted_data $ guess,0.03,manual,no_comment
5362,2010,07_INA,new_vehicle_efficiency,ldv,km_per_pj,road,freight,bev,all,yearly,national,['avg_eff_no_outliers $ transport_data_system_9th'],1,7200566335.010296,avg_eff_no_outliers $ transport_data_system_9th,553889718.077715,single_datapoint,no_comment
5363,2010,07_INA,new_vehicle_efficiency,ldv,km_per_pj,road,passenger,bev,all,yearly,national,['avg_eff_no_outliers $ transport_data_system_9th'],1,9901716082.423439,avg_eff_no_outliers $ transport_data_system_9th,761670467.878726,single_datapoint,no_comment
5364,2010,07_INA,turnover_rate,ldv,%,road,freight,bev,all,yearly,national,['manually_inputted_data $ guess'],1,0.42,manually_inputted_data $ guess,0.03,manual,no_comment
5365,2010,07_INA,turnover_rate,ldv,%,road,passenger,bev,all,yearly,national,['manually_inputted_data $ guess'],1,0.42,manually_inputted_data $ guess,0.03,manual,no_comment
5366,2011,07_INA,new_vehicle_efficiency,ldv,km_per_pj,road,freight,bev,all,yearly,national,['avg_eff_no_outliers $ transport_data_system_9th'],1,7200566335.010296,avg_eff_no_outliers $ transport_data_system_9th,553889718.077715,single_datapoint,no_comment
5367,2011,07_INA,new_vehicle_efficiency,ldv,km_per_pj,road,passenger,bev,all,yearly,national,['avg_eff_no_outliers $ transport_data_system_9th'],1,9901716082.423439,avg_eff_no_outliers $ transport_data_system_9th,761670467.878726,single_datapoint,no_comment
5368,2011,07_INA,turnover_rate,ldv,%,road,freight,bev,all,yearly,national,['manually_inputted_data $ guess'],1,0.42,manually_inputted_data $ guess,0.03,manual,no_comment
5369,2011,07_INA,turnover_rate,ldv,%,road,passenger,bev,all,yearly,national,['manually_inputted_data $ guess'],1,0.42,manually_inputted_data $ guess,0.03,manual,no_comment
5370,2012,07_INA,new_vehicle_efficiency,ldv,km_per_pj,road,freight,bev,all,yearly,national,['avg_eff_no_outliers $ transport_data_system_9th'],1,7200566335.010296,avg_eff_no_outliers $ transport_data_system_9th,553889718.077715,single_datapoint,no_comment
5371,2012,07_INA,new_vehicle_efficiency,ldv,km_per_pj,road,passenger,bev,all,yearly,national,['avg_eff_no_outliers $ transport_data_system_9th'],1,9901716082.423439,avg_eff_no_outliers $ transport_data_system_9th,761670467.878726,single_datapoint,no_comment
5372,2012,07_INA,turnover_rate,ldv,%,road,freight,bev,all,yearly,national,['manually_inputted_data $ guess'],1,0.42,manually_inputted_data $ guess,0.03,manual,no_comment
5373,2012,07_INA,turnover_rate,ldv,%,road,passenger,bev,all,yearly,national,['manually_inputted_data $ guess'],1,0.42,manually_inputted_data $ guess,0.03,manual,no_comment
5374,2013,07_INA,new_vehicle_efficiency,ldv,km_per_pj,road,freight,bev,all,yearly,national,['avg_eff_no_outliers $ transport_data_system_9th'],1,7200566335.010296,avg_eff_no_outliers $ transport_data_system_9th,553889718.077715,single_datapoint,no_comment
5375,2013,07_INA,new_vehicle_efficiency,ldv,km_per_pj,road,passenger,bev,all,yearly,national,['avg_eff_no_outliers $ transport_data_system_9th'],1,9901716082.423439,avg_eff_no_outliers $ transport_data_system_9th,761670467.878726,single_datapoint,no_comment
5376,2013,07_INA,turnover_rate,ldv,%,road,freight,bev,all,yearly,national,['manually_inputted_data $ guess'],1,0.42,manually_inputted_data $ guess,0.03,manual,no_comment
5377,2013,07_INA,turnover_rate,ldv,%,road,passenger,bev,all,yearly,national,['manually_inputted_data $ guess'],1,0.42,manually_inputted_data $ guess,0.03,manual,no_comment
5378,2014,07_INA,new_vehicle_efficiency,ldv,km_per_pj,road,freight,bev,all,yearly,national,['avg_eff_no_outliers $ transport_data_system_9th'],1,7200566335.010296,avg_eff_no_outliers $ transport_data_system_9th,553889718.077715,single_datapoint,no_comment
5379,2014,07_INA,new_vehicle_efficiency,ldv,km_per_pj,road,passenger,bev,all,yearly,national,['avg_eff_no_outliers $ transport_data_system_9th'],1,9901716082.423439,avg_eff_no_outliers $ transport_data_system_9th,761670467.878726,single_datapoint,no_comment
5380,2014,07_INA,turnover_rate,ldv,%,road,freight,bev,all,yearly,national,['manually_inputted_data $ guess'],1,0.42,manually_inputted_data $ guess,0.03,manual,no_comment
5381,2014,07_INA,turnover_rate,ldv,%,road,passenger,bev,all,yearly,national,['manually_inputted_data $ guess'],1,0.42,manually_inputted_data $ guess,0.03,manual,no_comment
5382,2015,07_INA,new_vehicle_efficiency,ldv,km_per_pj,road,freight,bev,all,yearly,national,['avg_eff_no_outliers $ transport_data_system_9th'],1,7200566335.010296,avg_eff_no_outliers $ transport_data_system_9th,553889718.077715,single_datapoint,no_comment
5383,2015,07_INA,new_vehicle_efficiency,ldv,km_per_pj,road,passenger,bev,all,yearly,national,['avg_eff_no_outliers $ transport_data_system_9th'],1,9901716082.423439,avg_eff_no_outliers $ transport_data_system_9th,761670467.878726,single_datapoint,no_comment
5384,2015,07_INA,turnover_rate,ldv,%,road,freight,bev,all,yearly,national,['manually_inputted_data $ guess'],1,0.42,manually_inputted_data $ guess,0.03,manual,no_comment
5385,2015,07_INA,turnover_rate,ldv,%,road,passenger,bev,all,yearly,national,['manually_inputted_data $ guess'],1,0.42,manually_inputted_data $ guess,0.03,manual,no_comment
5386,2016,07_INA,new_vehicle_efficiency,ldv,km_per_pj,road,freight,bev,all,yearly,national,['avg_eff_no_outliers $ transport_data_system_9th'],1,7200566335.010296,avg_eff_no_outliers $ transport_data_system_9th,553889718.077715,single_datapoint,no_comment
5387,2016,07_INA,new_vehicle_efficiency,ldv,km_per_pj,road,passenger,bev,all,yearly,national,['avg_eff_no_outliers $ transport_data_system_9th'],1,9901716082.423439,avg_eff_no_outliers $ transport_data_system_9th,761670467.878726,single_datapoint,no_comment
5388,2016,07_INA,turnover_rate,ldv,%,road,freight,bev,all,yearly,national,['manually_inputted_data $ guess'],1,0.42,manually_inputted_data $ guess,0.03,manual,no_comment
5389,2016,07_INA,turnover_rate,ldv,%,road,passenger,bev,all,yearly,national,['manually_inputted_data $ guess'],1,0.42,manually_inputted_data $ guess,0.03,manual,no_comment
5390,2017,07_INA,new_vehicle_efficiency,ldv,km_per_pj,road,freight,bev,all,yearly,national,['avg_eff_no_outliers $ transport_data_system_9th'],1,7200566335.010296,avg_eff_no_outliers $ transport_data_system_9th,553889718.077715,single_datapoint,no_comment
5391,2017,07_INA,new_vehicle_efficiency,ldv,km_per_pj,road,passenger,bev,all,yearly,national,['avg_eff_no_outliers $ transport_data_system_9th'],1,9901716082.423439,avg_eff_no_outliers $ transport_data_system_9th,761670467.878726,single_datapoint,no_comment
5392,2017,07_INA,turnover_rate,ldv,%,road,freight,bev,all,yearly,national,"['manually_inputted_data $ guess', 'turnover_rate_est']",2,0.42,manually_inputted_data $ guess,0.03,manual,no_comment
5393,2017,07_INA,turnover_rate,ldv,%,road,passenger,bev,all,yearly,national,"['manually_inputted_data $ guess', 'turnover_rate_est']",2,0.42,manually_inputted_data $ guess,0.03,manual,no_comment
5394,2018,07_INA,new_vehicle_efficiency,ldv,km_per_pj,road,freight,bev,all,yearly,national,['avg_eff_no_outliers $ transport_data_system_9th'],1,7200566335.010296,avg_eff_no_outliers $ transport_data_system_9th,553889718.077715,single_datapoint,no_comment
5395,2018,07_INA,new_vehicle_efficiency,ldv,km_per_pj,road,passenger,bev,all,yearly,national,['avg_eff_no_outliers $ transport_data_system_9th'],1,9901716082.423439,avg_eff_no_outliers $ transport_data_system_9th,761670467.878726,single_datapoint,no_comment
5396,2018,07_INA,turnover_rate,ldv,%,road,freight,bev,all,yearly,national,['manually_inputted_data $ guess'],1,0.42,manually_inputted_data $ guess,0.03,manual,no_comment
5397,2018,07_INA,turnover_rate,ldv,%,road,passenger,bev,all,yearly,national,['manually_inputted_data $ guess'],1,0.42,manually_inputted_data $ guess,0.03,manual,no_comment
5398,2019,07_INA,new_vehicle_efficiency,ldv,km_per_pj,road,freight,bev,all,yearly,national,['avg_eff_no_outliers $ transport_data_system_9th'],1,7200566335.010296,avg_eff_no_outliers $ transport_data_system_9th,553889718.077715,single_datapoint,no_comment
5399,2019,07_INA,new_vehicle_efficiency,ldv,km_per_pj,road,passenger,bev,all,yearly,national,['avg_eff_no_outliers $ transport_data_system_9th'],1,9901716082.423439,avg_eff_no_outliers $ transport_data_system_9th,761670467.878726,single_datapoint,no_comment
5400,2019,07_INA,turnover_rate,ldv,%,road,freight,bev,all,yearly,national,['manually_inputted_data $ guess'],1,0.42,manually_inputted_data $ guess,0.03,manual,no_comment
5401,2019,07_INA,turnover_rate,ldv,%,road,passenger,bev,all,yearly,national,['manually_inputted_data $ guess'],1,0.42,manually_inputted_data $ guess,0.03,manual,no_comment
5402,2020,07_INA,new_vehicle_efficiency,ldv,km_per_pj,road,freight,bev,all,yearly,national,['avg_eff_no_outliers $ transport_data_system_9th'],1,7200566335.010296,avg_eff_no_outliers $ transport_data_system_9th,553889718.077715,single_datapoint,no_comment
5403,2020,07_INA,new_vehicle_efficiency,ldv,km_per_pj,road,passenger,bev,all,yearly,national,['avg_eff_no_outliers $ transport_data_system_9th'],1,9901716082.423439,avg_eff_no_outliers $ transport_data_system_9th,761670467.878726,single_datapoint,no_comment
5404,2020,07_INA,turnover_rate,ldv,%,road,freight,bev,all,yearly,national,['manually_inputted_data $ guess'],1,0.42,manually_inputted_data $ guess,0.03,manual,no_comment
5405,2020,07_INA,turnover_rate,ldv,%,road,passenger,bev,all,yearly,national,['manually_inputted_data $ guess'],1,0.42,manually_inputted_data $ guess,0.03,manual,no_comment
5406,2021,07_INA,new_vehicle_efficiency,ldv,km_per_pj,road,freight,bev,all,yearly,national,['avg_eff_no_outliers $ transport_data_system_9th'],1,7200566335.010296,avg_eff_no_outliers $ transport_data_system_9th,553889718.077715,single_datapoint,no_comment
5407,2021,07_INA,new_vehicle_efficiency,ldv,km_per_pj,road,passenger,bev,all,yearly,national,['avg_eff_no_outliers $ transport_data_system_9th'],1,9901716082.423439,avg_eff_no_outliers $ transport_data_system_9th,761670467.878726,single_datapoint,no_comment
5408,2021,07_INA,turnover_rate,ldv,%,road,freight,bev,all,yearly,national,['manually_inputted_data $ guess'],1,0.42,manually_inputted_data $ guess,0.03,manual,no_comment
5409,2021,07_INA,turnover_rate,ldv,%,road,passenger,bev,all,yearly,national,['manually_inputted_data $ guess'],1,0.42,manually_inputted_data $ guess,0.03,manual,no_comment
5410,2022,07_INA,new_vehicle_efficiency,ldv,km_per_pj,road,freight,bev,all,yearly,national,['avg_eff_no_outliers $ transport_data_system_9th'],1,7200566335.010296,avg_eff_no_outliers $ transport_data_system_9th,553889718.077715,single_datapoint,no_comment
5411,2022,07_INA,new_vehicle_efficiency,ldv,km_per_pj,road,passenger,bev,all,yearly,national,['avg_eff_no_outliers $ transport_data_system_9th'],1,9901716082.423439,avg_eff_no_outliers $ transport_data_system_9th,761670467.878726,single_datapoint,no_comment
5412,2022,07_INA,turnover_rate,ldv,%,road,freight,bev,all,yearly,national,['manually_inputted_data $ guess'],1,0.42,manually_inputted_data $ guess,0.03,manual,no_comment
5413,2022,07_INA,turnover_rate,ldv,%,road,passenger,bev,all,yearly,national,['manually_inputted_data $ guess'],1,0.42,manually_inputted_data $ guess,0.03,manual,no_comment
5414,2010,07_INA,new_vehicle_efficiency,ldv,km_per_pj,road,freight,cng,all,yearly,national,['avg_eff_no_outliers $ transport_data_system_9th'],1,7214767129.708009,avg_eff_no_outliers $ transport_data_system_9th,554982086.900616,single_datapoint,no_comment
5415,2010,07_INA,new_vehicle_efficiency,ldv,km_per_pj,road,passenger,cng,all,yearly,national,['avg_eff_no_outliers $ transport_data_system_9th'],1,5429169522.90635,avg_eff_no_outliers $ transport_data_system_9th,417628424.83895,single_datapoint,no_comment
5416,2010,07_INA,turnover_rate,ldv,%,road,freight,cng,all,yearly,national,['manually_inputted_data $ guess'],1,0.42,manually_inputted_data $ guess,0.03,manual,no_comment
5417,2010,07_INA,turnover_rate,ldv,%,road,passenger,cng,all,yearly,national,['manually_inputted_data $ guess'],1,0.42,manually_inputted_data $ guess,0.03,manual,no_comment
5418,2011,07_INA,new_vehicle_efficiency,ldv,km_per_pj,road,freight,cng,all,yearly,national,['avg_eff_no_outliers $ transport_data_system_9th'],1,7214767129.708009,avg_eff_no_outliers $ transport_data_system_9th,554982086.900616,single_datapoint,no_comment
5419,2011,07_INA,new_vehicle_efficiency,ldv,km_per_pj,road,passenger,cng,all,yearly,national,['avg_eff_no_outliers $ transport_data_system_9th'],1,5429169522.90635,avg_eff_no_outliers $ transport_data_system_9th,417628424.83895,single_datapoint,no_comment
5420,2011,07_INA,turnover_rate,ldv,%,road,freight,cng,all,yearly,national,['manually_inputted_data $ guess'],1,0.42,manually_inputted_data $ guess,0.03,manual,no_comment
5421,2011,07_INA,turnover_rate,ldv,%,road,passenger,cng,all,yearly,national,['manually_inputted_data $ guess'],1,0.42,manually_inputted_data $ guess,0.03,manual,no_comment
5422,2012,07_INA,new_vehicle_efficiency,ldv,km_per_pj,road,freight,cng,all,yearly,national,['avg_eff_no_outliers $ transport_data_system_9th'],1,7214767129.708009,avg_eff_no_outliers $ transport_data_system_9th,554982086.900616,single_datapoint,no_comment
5423,2012,07_INA,new_vehicle_efficiency,ldv,km_per_pj,road,passenger,cng,all,yearly,national,['avg_eff_no_outliers $ transport_data_system_9th'],1,5429169522.90635,avg_eff_no_outliers $ transport_data_system_9th,417628424.83895,single_datapoint,no_comment
5424,2012,07_INA,turnover_rate,ldv,%,road,freight,cng,all,yearly,national,['manually_inputted_data $ guess'],1,0.42,manually_inputted_data $ guess,0.03,manual,no_comment
5425,2012,07_INA,turnover_rate,ldv,%,road,passenger,cng,all,yearly,national,['manually_inputted_data $ guess'],1,0.42,manually_inputted_data $ guess,0.03,manual,no_comment
5426,2013,07_INA,new_vehicle_efficiency,ldv,km_per_pj,road,freight,cng,all,yearly,national,['avg_eff_no_outliers $ transport_data_system_9th'],1,7214767129.708009,avg_eff_no_outliers $ transport_data_system_9th,554982086.900616,single_datapoint,no_comment
5427,2013,07_INA,new_vehicle_efficiency,ldv,km_per_pj,road,passenger,cng,all,yearly,national,['avg_eff_no_outliers $ transport_data_system_9th'],1,5429169522.90635,avg_eff_no_outliers $ transport_data_system_9th,417628424.83895,single_datapoint,no_comment
5428,2013,07_INA,turnover_rate,ldv,%,road,freight,cng,all,yearly,national,['manually_inputted_data $ guess'],1,0.42,manually_inputted_data $ guess,0.03,manual,no_comment
5429,2013,07_INA,turnover_rate,ldv,%,road,passenger,cng,all,yearly,national,['manually_inputted_data $ guess'],1,0.42,manually_inputted_data $ guess,0.03,manual,no_comment
5430,2014,07_INA,new_vehicle_efficiency,ldv,km_per_pj,road,freight,cng,all,yearly,national,['avg_eff_no_outliers $ transport_data_system_9th'],1,7214767129.708009,avg_eff_no_outliers $ transport_data_system_9th,554982086.900616,single_datapoint,no_comment
5431,2014,07_INA,new_vehicle_efficiency,ldv,km_per_pj,road,passenger,cng,all,yearly,national,['avg_eff_no_outliers $ transport_data_system_9th'],1,5429169522.90635,avg_eff_no_outliers $ transport_data_system_9th,417628424.83895,single_datapoint,no_comment
5432,2014,07_INA,turnover_rate,ldv,%,road,freight,cng,all,yearly,national,['manually_inputted_data $ guess'],1,0.42,manually_inputted_data $ guess,0.03,manual,no_comment
5433,2014,07_INA,turnover_rate,ldv,%,road,passenger,cng,all,yearly,national,['manually_inputted_data $ guess'],1,0.42,manually_inputted_data $ guess,0.03,manual,no_comment
5434,2015,07_INA,new_vehicle_efficiency,ldv,km_per_pj,road,freight,cng,all,yearly,national,['avg_eff_no_outliers $ transport_data_system_9th'],1,7214767129.708009,avg_eff_no_outliers $ transport_data_system_9th,554982086.900616,single_datapoint,no_comment
5435,2015,07_INA,new_vehicle_efficiency,ldv,km_per_pj,road,passenger,cng,all,yearly,national,['avg_eff_no_outliers $ transport_data_system_9th'],1,5429169522.90635,avg_eff_no_outliers $ transport_data_system_9th,417628424.83895,single_datapoint,no_comment
5436,2015,07_INA,turnover_rate,ldv,%,road,freight,cng,all,yearly,national,['manually_inputted_data $ guess'],1,0.42,manually_inputted_data $ guess,0.03,manual,no_comment
5437,2015,07_INA,turnover_rate,ldv,%,road,passenger,cng,all,yearly,national,['manually_inputted_data $ guess'],1,0.42,manually_inputted_data $ guess,0.03,manual,no_comment
5438,2016,07_INA,new_vehicle_efficiency,ldv,km_per_pj,road,freight,cng,all,yearly,national,['avg_eff_no_outliers $ transport_data_system_9th'],1,7214767129.708009,avg_eff_no_outliers $ transport_data_system_9th,554982086.900616,single_datapoint,no_comment
5439,2016,07_INA,new_vehicle_efficiency,ldv,km_per_pj,road,passenger,cng,all,yearly,national,['avg_eff_no_outliers $ transport_data_system_9th'],1,5429169522.90635,avg_eff_no_outliers $ transport_data_system_9th,417628424.83895,single_datapoint,no_comment
5440,2016,07_INA,turnover_rate,ldv,%,road,freight,cng,all,yearly,national,['manually_inputted_data $ guess'],1,0.42,manually_inputted_data $ guess,0.03,manual,no_comment
5441,2016,07_INA,turnover_rate,ldv,%,road,passenger,cng,all,yearly,national,['manually_inputted_data $ guess'],1,0.42,manually_inputted_data $ guess,0.03,manual,no_comment
5442,2017,07_INA,activity,ldv,passenger_km_or_freight_tonne_km,road,freight,cng,all,yearly,national,"['8th_edition_transport_model $ reference', 'estimated $ calculate_energy_and_activity()']",2,17768564.0,estimated $ calculate_energy_and_activity(),3766800.0,manual,no_comment
5443,2017,07_INA,activity,ldv,passenger_km_or_freight_tonne_km,road,passenger,cng,all,yearly,national,"['8th_edition_transport_model $ reference', 'estimated $ calculate_energy_and_activity()']",2,1097584753.0,estimated $ calculate_energy_and_activity(),626782500.0,manual,no_comment
5444,2017,07_INA,energy,ldv,pj,road,freight,cng,all,yearly,national,"['8th_edition_transport_model $ reference', 'estimated $ calculate_energy_and_activity()']",2,0.04103920731030777,estimated $ calculate_energy_and_activity(),0.041025268456233416,manual,no_comment
5445,2017,07_INA,energy,ldv,pj,road,passenger,cng,all,yearly,national,"['8th_edition_transport_model $ reference', 'estimated $ calculate_energy_and_activity()']",2,1.201490439189034,8th_edition_transport_model $ reference,0.0002774485320423,manual,no_comment
5446,2017,07_INA,new_vehicle_efficiency,ldv,km_per_pj,road,freight,cng,all,yearly,national,['avg_eff_no_outliers $ transport_data_system_9th'],1,7214767129.708009,avg_eff_no_outliers $ transport_data_system_9th,554982086.900616,single_datapoint,no_comment
5447,2017,07_INA,new_vehicle_efficiency,ldv,km_per_pj,road,passenger,cng,all,yearly,national,['avg_eff_no_outliers $ transport_data_system_9th'],1,5429169522.90635,avg_eff_no_outliers $ transport_data_system_9th,417628424.83895,single_datapoint,no_comment
5448,2017,07_INA,travel_km,ldv,km,road,freight,cng,all,yearly,national,['estimated $ calculate_energy_and_activity()'],1,10320000.0,estimated $ calculate_energy_and_activity(),10320000.0,single_datapoint,no_comment
5449,2017,07_INA,travel_km,ldv,km,road,passenger,cng,all,yearly,national,['estimated $ calculate_energy_and_activity()'],1,417855000.0,estimated $ calculate_energy_and_activity(),417855000.0,single_datapoint,no_comment
5450,2017,07_INA,turnover_rate,ldv,%,road,freight,cng,all,yearly,national,"['manually_inputted_data $ guess', 'turnover_rate_est']",2,0.42,manually_inputted_data $ guess,0.03,manual,no_comment
5451,2017,07_INA,turnover_rate,ldv,%,road,passenger,cng,all,yearly,national,"['manually_inputted_data $ guess', 'turnover_rate_est']",2,0.42,manually_inputted_data $ guess,0.03,manual,no_comment
5452,2018,07_INA,new_vehicle_efficiency,ldv,km_per_pj,road,freight,cng,all,yearly,national,['avg_eff_no_outliers $ transport_data_system_9th'],1,7214767129.708009,avg_eff_no_outliers $ transport_data_system_9th,554982086.900616,single_datapoint,no_comment
5453,2018,07_INA,new_vehicle_efficiency,ldv,km_per_pj,road,passenger,cng,all,yearly,national,['avg_eff_no_outliers $ transport_data_system_9th'],1,5429169522.90635,avg_eff_no_outliers $ transport_data_system_9th,417628424.83895,single_datapoint,no_comment
5454,2018,07_INA,turnover_rate,ldv,%,road,freight,cng,all,yearly,national,['manually_inputted_data $ guess'],1,0.42,manually_inputted_data $ guess,0.03,manual,no_comment
5455,2018,07_INA,turnover_rate,ldv,%,road,passenger,cng,all,yearly,national,['manually_inputted_data $ guess'],1,0.42,manually_inputted_data $ guess,0.03,manual,no_comment
5456,2019,07_INA,new_vehicle_efficiency,ldv,km_per_pj,road,freight,cng,all,yearly,national,['avg_eff_no_outliers $ transport_data_system_9th'],1,7214767129.708009,avg_eff_no_outliers $ transport_data_system_9th,554982086.900616,single_datapoint,no_comment
5457,2019,07_INA,new_vehicle_efficiency,ldv,km_per_pj,road,passenger,cng,all,yearly,national,['avg_eff_no_outliers $ transport_data_system_9th'],1,5429169522.90635,avg_eff_no_outliers $ transport_data_system_9th,417628424.83895,single_datapoint,no_comment
5458,2019,07_INA,turnover_rate,ldv,%,road,freight,cng,all,yearly,national,['manually_inputted_data $ guess'],1,0.42,manually_inputted_data $ guess,0.03,manual,no_comment
5459,2019,07_INA,turnover_rate,ldv,%,road,passenger,cng,all,yearly,national,['manually_inputted_data $ guess'],1,0.42,manually_inputted_data $ guess,0.03,manual,no_comment
5460,2020,07_INA,new_vehicle_efficiency,ldv,km_per_pj,road,freight,cng,all,yearly,national,['avg_eff_no_outliers $ transport_data_system_9th'],1,7214767129.708009,avg_eff_no_outliers $ transport_data_system_9th,554982086.900616,single_datapoint,no_comment
5461,2020,07_INA,new_vehicle_efficiency,ldv,km_per_pj,road,passenger,cng,all,yearly,national,['avg_eff_no_outliers $ transport_data_system_9th'],1,5429169522.90635,avg_eff_no_outliers $ transport_data_system_9th,417628424.83895,single_datapoint,no_comment
5462,2020,07_INA,turnover_rate,ldv,%,road,freight,cng,all,yearly,national,['manually_inputted_data $ guess'],1,0.42,manually_inputted_data $ guess,0.03,manual,no_comment
5463,2020,07_INA,turnover_rate,ldv,%,road,passenger,cng,all,yearly,national,['manually_inputted_data $ guess'],1,0.42,manually_inputted_data $ guess,0.03,manual,no_comment
5464,2021,07_INA,new_vehicle_efficiency,ldv,km_per_pj,road,freight,cng,all,yearly,national,['avg_eff_no_outliers $ transport_data_system_9th'],1,7214767129.708009,avg_eff_no_outliers $ transport_data_system_9th,554982086.900616,single_datapoint,no_comment
5465,2021,07_INA,new_vehicle_efficiency,ldv,km_per_pj,road,passenger,cng,all,yearly,national,['avg_eff_no_outliers $ transport_data_system_9th'],1,5429169522.90635,avg_eff_no_outliers $ transport_data_system_9th,417628424.83895,single_datapoint,no_comment
5466,2021,07_INA,turnover_rate,ldv,%,road,freight,cng,all,yearly,national,['manually_inputted_data $ guess'],1,0.42,manually_inputted_data $ guess,0.03,manual,no_comment
5467,2021,07_INA,turnover_rate,ldv,%,road,passenger,cng,all,yearly,national,['manually_inputted_data $ guess'],1,0.42,manually_inputted_data $ guess,0.03,manual,no_comment
5468,2022,07_INA,new_vehicle_efficiency,ldv,km_per_pj,road,freight,cng,all,yearly,national,['avg_eff_no_outliers $ transport_data_system_9th'],1,7214767129.708009,avg_eff_no_outliers $ transport_data_system_9th,554982086.900616,single_datapoint,no_comment
5469,2022,07_INA,new_vehicle_efficiency,ldv,km_per_pj,road,passenger,cng,all,yearly,national,['avg_eff_no_outliers $ transport_data_system_9th'],1,5429169522.90635,avg_eff_no_outliers $ transport_data_system_9th,417628424.83895,single_datapoint,no_comment
5470,2022,07_INA,turnover_rate,ldv,%,road,freight,cng,all,yearly,national,['manually_inputted_data $ guess'],1,0.42,manually_inputted_data $ guess,0.03,manual,no_comment
5471,2022,07_INA,turnover_rate,ldv,%,road,passenger,cng,all,yearly,national,['manually_inputted_data $ guess'],1,0.42,manually_inputted_data $ guess,0.03,manual,no_comment
5472,2010,07_INA,new_vehicle_efficiency,ldv,km_per_pj,road,passenger,fcev,all,yearly,national,['avg_eff_no_outliers $ transport_data_system_9th'],1,1469603353.601357,avg_eff_no_outliers $ transport_data_system_9th,113046411.815489,single_datapoint,no_comment
5473,2010,07_INA,turnover_rate,ldv,%,road,passenger,fcev,all,yearly,national,['manually_inputted_data $ guess'],1,0.42,manually_inputted_data $ guess,0.03,manual,no_comment
5474,2011,07_INA,new_vehicle_efficiency,ldv,km_per_pj,road,passenger,fcev,all,yearly,national,['avg_eff_no_outliers $ transport_data_system_9th'],1,1469603353.601357,avg_eff_no_outliers $ transport_data_system_9th,113046411.815489,single_datapoint,no_comment
5475,2011,07_INA,turnover_rate,ldv,%,road,passenger,fcev,all,yearly,national,['manually_inputted_data $ guess'],1,0.42,manually_inputted_data $ guess,0.03,manual,no_comment
5476,2012,07_INA,new_vehicle_efficiency,ldv,km_per_pj,road,passenger,fcev,all,yearly,national,['avg_eff_no_outliers $ transport_data_system_9th'],1,1469603353.601357,avg_eff_no_outliers $ transport_data_system_9th,113046411.815489,single_datapoint,no_comment
5477,2012,07_INA,turnover_rate,ldv,%,road,passenger,fcev,all,yearly,national,['manually_inputted_data $ guess'],1,0.42,manually_inputted_data $ guess,0.03,manual,no_comment
5478,2013,07_INA,new_vehicle_efficiency,ldv,km_per_pj,road,passenger,fcev,all,yearly,national,['avg_eff_no_outliers $ transport_data_system_9th'],1,1469603353.601357,avg_eff_no_outliers $ transport_data_system_9th,113046411.815489,single_datapoint,no_comment
5479,2013,07_INA,turnover_rate,ldv,%,road,passenger,fcev,all,yearly,national,['manually_inputted_data $ guess'],1,0.42,manually_inputted_data $ guess,0.03,manual,no_comment
5480,2014,07_INA,new_vehicle_efficiency,ldv,km_per_pj,road,passenger,fcev,all,yearly,national,['avg_eff_no_outliers $ transport_data_system_9th'],1,1469603353.601357,avg_eff_no_outliers $ transport_data_system_9th,113046411.815489,single_datapoint,no_comment
5481,2014,07_INA,turnover_rate,ldv,%,road,passenger,fcev,all,yearly,national,['manually_inputted_data $ guess'],1,0.42,manually_inputted_data $ guess,0.03,manual,no_comment
5482,2015,07_INA,new_vehicle_efficiency,ldv,km_per_pj,road,passenger,fcev,all,yearly,national,['avg_eff_no_outliers $ transport_data_system_9th'],1,1469603353.601357,avg_eff_no_outliers $ transport_data_system_9th,113046411.815489,single_datapoint,no_comment
5483,2015,07_INA,turnover_rate,ldv,%,road,passenger,fcev,all,yearly,national,['manually_inputted_data $ guess'],1,0.42,manually_inputted_data $ guess,0.03,manual,no_comment
5484,2016,07_INA,new_vehicle_efficiency,ldv,km_per_pj,road,passenger,fcev,all,yearly,national,['avg_eff_no_outliers $ transport_data_system_9th'],1,1469603353.601357,avg_eff_no_outliers $ transport_data_system_9th,113046411.815489,single_datapoint,no_comment
5485,2016,07_INA,turnover_rate,ldv,%,road,passenger,fcev,all,yearly,national,['manually_inputted_data $ guess'],1,0.42,manually_inputted_data $ guess,0.03,manual,no_comment
5486,2017,07_INA,new_vehicle_efficiency,ldv,km_per_pj,road,passenger,fcev,all,yearly,national,['avg_eff_no_outliers $ transport_data_system_9th'],1,1469603353.601357,avg_eff_no_outliers $ transport_data_system_9th,113046411.815489,single_datapoint,no_comment
5487,2017,07_INA,turnover_rate,ldv,%,road,freight,fcev,all,yearly,national,['turnover_rate_est'],1,0.03,turnover_rate_est,0.03,single_datapoint,no_comment
5488,2017,07_INA,turnover_rate,ldv,%,road,passenger,fcev,all,yearly,national,"['manually_inputted_data $ guess', 'turnover_rate_est']",2,0.42,manually_inputted_data $ guess,0.03,manual,no_comment
5489,2018,07_INA,new_vehicle_efficiency,ldv,km_per_pj,road,passenger,fcev,all,yearly,national,['avg_eff_no_outliers $ transport_data_system_9th'],1,1469603353.601357,avg_eff_no_outliers $ transport_data_system_9th,113046411.815489,single_datapoint,no_comment
5490,2018,07_INA,turnover_rate,ldv,%,road,passenger,fcev,all,yearly,national,['manually_inputted_data $ guess'],1,0.42,manually_inputted_data $ guess,0.03,manual,no_comment
5491,2019,07_INA,new_vehicle_efficiency,ldv,km_per_pj,road,passenger,fcev,all,yearly,national,['avg_eff_no_outliers $ transport_data_system_9th'],1,1469603353.601357,avg_eff_no_outliers $ transport_data_system_9th,113046411.815489,single_datapoint,no_comment
5492,2019,07_INA,turnover_rate,ldv,%,road,passenger,fcev,all,yearly,national,['manually_inputted_data $ guess'],1,0.42,manually_inputted_data $ guess,0.03,manual,no_comment
5493,2020,07_INA,new_vehicle_efficiency,ldv,km_per_pj,road,passenger,fcev,all,yearly,national,['avg_eff_no_outliers $ transport_data_system_9th'],1,1469603353.601357,avg_eff_no_outliers $ transport_data_system_9th,113046411.815489,single_datapoint,no_comment
5494,2020,07_INA,turnover_rate,ldv,%,road,passenger,fcev,all,yearly,national,['manually_inputted_data $ guess'],1,0.42,manually_inputted_data $ guess,0.03,manual,no_comment
5495,2021,07_INA,new_vehicle_efficiency,ldv,km_per_pj,road,passenger,fcev,all,yearly,national,['avg_eff_no_outliers $ transport_data_system_9th'],1,1469603353.601357,avg_eff_no_outliers $ transport_data_system_9th,113046411.815489,single_datapoint,no_comment
5496,2021,07_INA,turnover_rate,ldv,%,road,passenger,fcev,all,yearly,national,['manually_inputted_data $ guess'],1,0.42,manually_inputted_data $ guess,0.03,manual,no_comment
5497,2022,07_INA,new_vehicle_efficiency,ldv,km_per_pj,road,passenger,fcev,all,yearly,national,['avg_eff_no_outliers $ transport_data_system_9th'],1,1469603353.601357,avg_eff_no_outliers $ transport_data_system_9th,113046411.815489,single_datapoint,no_comment
5498,2022,07_INA,turnover_rate,ldv,%,road,passenger,fcev,all,yearly,national,['manually_inputted_data $ guess'],1,0.42,manually_inputted_data $ guess,0.03,manual,no_comment
5499,2010,07_INA,activity,ldv,passenger_km_or_freight_tonne_km,road,passenger,ice,all,yearly,national,['estimated $ calculate_energy_and_activity()'],1,3086765190000.0,estimated $ calculate_energy_and_activity(),200048422500.0,single_datapoint,no_comment
5500,2010,07_INA,energy,ldv,pj,road,passenger,ice,all,yearly,national,['estimated $ calculate_energy_and_activity()'],1,5915.708312430225,estimated $ calculate_energy_and_activity(),383.38780018178306,single_datapoint,no_comment
5501,2010,07_INA,new_vehicle_efficiency,ldv,km_per_pj,road,freight,ice,all,yearly,national,['avg_eff_no_outliers $ transport_data_system_9th'],1,4776513034.843043,avg_eff_no_outliers $ transport_data_system_9th,367424079.603311,single_datapoint,no_comment
5502,2010,07_INA,new_vehicle_efficiency,ldv,km_per_pj,road,passenger,ice,all,yearly,national,['avg_eff_no_outliers $ transport_data_system_9th'],1,3086802010.889935,avg_eff_no_outliers $ transport_data_system_9th,237446308.529995,single_datapoint,no_comment
5503,2010,07_INA,travel_km,ldv,km,road,passenger,ice,all,yearly,national,['estimated $ calculate_energy_and_activity()'],1,2057843460000.0,estimated $ calculate_energy_and_activity(),133365615000.0,single_datapoint,no_comment
5504,2010,07_INA,turnover_rate,ldv,%,road,freight,ice,all,yearly,national,['manually_inputted_data $ guess'],1,0.39,manually_inputted_data $ guess,0.03,single_datapoint,no_comment
5505,2010,07_INA,turnover_rate,ldv,%,road,passenger,ice,all,yearly,national,['manually_inputted_data $ guess'],1,0.39,manually_inputted_data $ guess,0.03,single_datapoint,no_comment
5506,2011,07_INA,activity,ldv,passenger_km_or_freight_tonne_km,road,passenger,ice,all,yearly,national,['estimated $ calculate_energy_and_activity()'],1,3086765190000.0,estimated $ calculate_energy_and_activity(),214849485000.0,single_datapoint,no_comment
5507,2011,07_INA,energy,ldv,pj,road,passenger,ice,all,yearly,national,['estimated $ calculate_energy_and_activity()'],1,5915.708312430225,estimated $ calculate_energy_and_activity(),411.7536664121358,single_datapoint,no_comment
5508,2011,07_INA,new_vehicle_efficiency,ldv,km_per_pj,road,freight,ice,all,yearly,national,['avg_eff_no_outliers $ transport_data_system_9th'],1,4776513034.843043,avg_eff_no_outliers $ transport_data_system_9th,367424079.603311,single_datapoint,no_comment
5509,2011,07_INA,new_vehicle_efficiency,ldv,km_per_pj,road,passenger,ice,all,yearly,national,['avg_eff_no_outliers $ transport_data_system_9th'],1,3086802010.889935,avg_eff_no_outliers $ transport_data_system_9th,237446308.529995,single_datapoint,no_comment
5510,2011,07_INA,travel_km,ldv,km,road,passenger,ice,all,yearly,national,['estimated $ calculate_energy_and_activity()'],1,2057843460000.0,estimated $ calculate_energy_and_activity(),143232990000.0,single_datapoint,no_comment
5511,2011,07_INA,turnover_rate,ldv,%,road,freight,ice,all,yearly,national,['manually_inputted_data $ guess'],1,0.39,manually_inputted_data $ guess,0.03,single_datapoint,no_comment
5512,2011,07_INA,turnover_rate,ldv,%,road,passenger,ice,all,yearly,national,['manually_inputted_data $ guess'],1,0.39,manually_inputted_data $ guess,0.03,single_datapoint,no_comment
5513,2012,07_INA,activity,ldv,passenger_km_or_freight_tonne_km,road,passenger,ice,all,yearly,national,['estimated $ calculate_energy_and_activity()'],1,3086765190000.0,estimated $ calculate_energy_and_activity(),214304985000.0,single_datapoint,no_comment
5514,2012,07_INA,energy,ldv,pj,road,passenger,ice,all,yearly,national,['estimated $ calculate_energy_and_activity()'],1,5915.708312430225,estimated $ calculate_energy_and_activity(),410.71014577553103,single_datapoint,no_comment
5515,2012,07_INA,new_vehicle_efficiency,ldv,km_per_pj,road,freight,ice,all,yearly,national,['avg_eff_no_outliers $ transport_data_system_9th'],1,4776513034.843043,avg_eff_no_outliers $ transport_data_system_9th,367424079.603311,single_datapoint,no_comment
5516,2012,07_INA,new_vehicle_efficiency,ldv,km_per_pj,road,passenger,ice,all,yearly,national,['avg_eff_no_outliers $ transport_data_system_9th'],1,3086802010.889935,avg_eff_no_outliers $ transport_data_system_9th,237446308.529995,single_datapoint,no_comment
5517,2012,07_INA,travel_km,ldv,km,road,passenger,ice,all,yearly,national,['estimated $ calculate_energy_and_activity()'],1,2057843460000.0,estimated $ calculate_energy_and_activity(),142869990000.0,single_datapoint,no_comment
5518,2012,07_INA,turnover_rate,ldv,%,road,freight,ice,all,yearly,national,['manually_inputted_data $ guess'],1,0.39,manually_inputted_data $ guess,0.03,single_datapoint,no_comment
5519,2012,07_INA,turnover_rate,ldv,%,road,passenger,ice,all,yearly,national,['manually_inputted_data $ guess'],1,0.39,manually_inputted_data $ guess,0.03,single_datapoint,no_comment
5520,2013,07_INA,activity,ldv,passenger_km_or_freight_tonne_km,road,passenger,ice,all,yearly,national,['estimated $ calculate_energy_and_activity()'],1,3086765190000.0,estimated $ calculate_energy_and_activity(),237171060000.0,single_datapoint,no_comment
5521,2013,07_INA,energy,ldv,pj,road,passenger,ice,all,yearly,national,['estimated $ calculate_energy_and_activity()'],1,5915.708312430225,estimated $ calculate_energy_and_activity(),454.53240682356136,single_datapoint,no_comment
5522,2013,07_INA,new_vehicle_efficiency,ldv,km_per_pj,road,freight,ice,all,yearly,national,['avg_eff_no_outliers $ transport_data_system_9th'],1,4776513034.843043,avg_eff_no_outliers $ transport_data_system_9th,367424079.603311,single_datapoint,no_comment
5523,2013,07_INA,new_vehicle_efficiency,ldv,km_per_pj,road,passenger,ice,all,yearly,national,['avg_eff_no_outliers $ transport_data_system_9th'],1,3086802010.889935,avg_eff_no_outliers $ transport_data_system_9th,237446308.529995,single_datapoint,no_comment
5524,2013,07_INA,travel_km,ldv,km,road,passenger,ice,all,yearly,national,['estimated $ calculate_energy_and_activity()'],1,2057843460000.0,estimated $ calculate_energy_and_activity(),158114040000.0,single_datapoint,no_comment
5525,2013,07_INA,turnover_rate,ldv,%,road,freight,ice,all,yearly,national,['manually_inputted_data $ guess'],1,0.39,manually_inputted_data $ guess,0.03,single_datapoint,no_comment
5526,2013,07_INA,turnover_rate,ldv,%,road,passenger,ice,all,yearly,national,['manually_inputted_data $ guess'],1,0.39,manually_inputted_data $ guess,0.03,single_datapoint,no_comment
5527,2014,07_INA,activity,ldv,passenger_km_or_freight_tonne_km,road,passenger,ice,all,yearly,national,['estimated $ calculate_energy_and_activity()'],1,3086765190000.0,estimated $ calculate_energy_and_activity(),260125267500.0,single_datapoint,no_comment
5528,2014,07_INA,energy,ldv,pj,road,passenger,ice,all,yearly,national,['estimated $ calculate_energy_and_activity()'],1,5915.708312430225,estimated $ calculate_energy_and_activity(),498.5235716043843,single_datapoint,no_comment
5529,2014,07_INA,new_vehicle_efficiency,ldv,km_per_pj,road,freight,ice,all,yearly,national,['avg_eff_no_outliers $ transport_data_system_9th'],1,4776513034.843043,avg_eff_no_outliers $ transport_data_system_9th,367424079.603311,single_datapoint,no_comment
5530,2014,07_INA,new_vehicle_efficiency,ldv,km_per_pj,road,passenger,ice,all,yearly,national,['avg_eff_no_outliers $ transport_data_system_9th'],1,3086802010.889935,avg_eff_no_outliers $ transport_data_system_9th,237446308.529995,single_datapoint,no_comment
5531,2014,07_INA,travel_km,ldv,km,road,passenger,ice,all,yearly,national,['estimated $ calculate_energy_and_activity()'],1,2057843460000.0,estimated $ calculate_energy_and_activity(),173416845000.0,single_datapoint,no_comment
5532,2014,07_INA,turnover_rate,ldv,%,road,freight,ice,all,yearly,national,['manually_inputted_data $ guess'],1,0.39,manually_inputted_data $ guess,0.03,single_datapoint,no_comment
5533,2014,07_INA,turnover_rate,ldv,%,road,passenger,ice,all,yearly,national,['manually_inputted_data $ guess'],1,0.39,manually_inputted_data $ guess,0.03,single_datapoint,no_comment
5534,2015,07_INA,activity,ldv,passenger_km_or_freight_tonne_km,road,passenger,ice,all,yearly,national,['estimated $ calculate_energy_and_activity()'],1,3086765190000.0,estimated $ calculate_energy_and_activity(),279548055000.0,single_datapoint,no_comment
5535,2015,07_INA,energy,ldv,pj,road,passenger,ice,all,yearly,national,['estimated $ calculate_energy_and_activity()'],1,5915.708312430225,estimated $ calculate_energy_and_activity(),535.7468582465133,single_datapoint,no_comment
5536,2015,07_INA,new_vehicle_efficiency,ldv,km_per_pj,road,freight,ice,all,yearly,national,['avg_eff_no_outliers $ transport_data_system_9th'],1,4776513034.843043,avg_eff_no_outliers $ transport_data_system_9th,367424079.603311,single_datapoint,no_comment
5537,2015,07_INA,new_vehicle_efficiency,ldv,km_per_pj,road,passenger,ice,all,yearly,national,['avg_eff_no_outliers $ transport_data_system_9th'],1,3086802010.889935,avg_eff_no_outliers $ transport_data_system_9th,237446308.529995,single_datapoint,no_comment
5538,2015,07_INA,travel_km,ldv,km,road,passenger,ice,all,yearly,national,['estimated $ calculate_energy_and_activity()'],1,2057843460000.0,estimated $ calculate_energy_and_activity(),186365370000.0,single_datapoint,no_comment
5539,2015,07_INA,turnover_rate,ldv,%,road,freight,ice,all,yearly,national,['manually_inputted_data $ guess'],1,0.39,manually_inputted_data $ guess,0.03,single_datapoint,no_comment
5540,2015,07_INA,turnover_rate,ldv,%,road,passenger,ice,all,yearly,national,['manually_inputted_data $ guess'],1,0.39,manually_inputted_data $ guess,0.03,single_datapoint,no_comment
5541,2016,07_INA,activity,ldv,passenger_km_or_freight_tonne_km,road,passenger,ice,all,yearly,national,['estimated $ calculate_energy_and_activity()'],1,3086765190000.0,estimated $ calculate_energy_and_activity(),298759432500.0,single_datapoint,no_comment
5542,2016,07_INA,energy,ldv,pj,road,passenger,ice,all,yearly,national,['estimated $ calculate_energy_and_activity()'],1,5915.708312430225,estimated $ calculate_energy_and_activity(),572.5649829092399,single_datapoint,no_comment
5543,2016,07_INA,new_vehicle_efficiency,ldv,km_per_pj,road,freight,ice,all,yearly,national,['avg_eff_no_outliers $ transport_data_system_9th'],1,4776513034.843043,avg_eff_no_outliers $ transport_data_system_9th,367424079.603311,single_datapoint,no_comment
5544,2016,07_INA,new_vehicle_efficiency,ldv,km_per_pj,road,passenger,ice,all,yearly,national,['avg_eff_no_outliers $ transport_data_system_9th'],1,3086802010.889935,avg_eff_no_outliers $ transport_data_system_9th,237446308.529995,single_datapoint,no_comment
5545,2016,07_INA,travel_km,ldv,km,road,passenger,ice,all,yearly,national,['estimated $ calculate_energy_and_activity()'],1,2057843460000.0,estimated $ calculate_energy_and_activity(),199172955000.0,single_datapoint,no_comment
5546,2016,07_INA,turnover_rate,ldv,%,road,freight,ice,all,yearly,national,['manually_inputted_data $ guess'],1,0.39,manually_inputted_data $ guess,0.03,single_datapoint,no_comment
5547,2016,07_INA,turnover_rate,ldv,%,road,passenger,ice,all,yearly,national,['manually_inputted_data $ guess'],1,0.39,manually_inputted_data $ guess,0.03,single_datapoint,no_comment
5548,2017,07_INA,activity,ldv,passenger_km_or_freight_tonne_km,road,freight,ice,all,yearly,national,['estimated $ calculate_energy_and_activity()'],1,2510818575.0,estimated $ calculate_energy_and_activity(),2510818575.0,single_datapoint,no_comment
5549,2017,07_INA,activity,ldv,passenger_km_or_freight_tonne_km,road,passenger,ice,all,yearly,national,['estimated $ calculate_energy_and_activity()'],1,3086765190000.0,estimated $ calculate_energy_and_activity(),305759880000.0,single_datapoint,no_comment
5550,2017,07_INA,energy,ldv,pj,road,freight,ice,all,yearly,national,['estimated $ calculate_energy_and_activity()'],1,27.346024764859415,estimated $ calculate_energy_and_activity(),27.346024764859415,single_datapoint,no_comment
5551,2017,07_INA,energy,ldv,pj,road,passenger,ice,all,yearly,national,['estimated $ calculate_energy_and_activity()'],1,5915.708312430225,estimated $ calculate_energy_and_activity(),585.9811655202928,single_datapoint,no_comment
5552,2017,07_INA,new_vehicle_efficiency,ldv,km_per_pj,road,freight,ice,all,yearly,national,['avg_eff_no_outliers $ transport_data_system_9th'],1,4776513034.843043,avg_eff_no_outliers $ transport_data_system_9th,367424079.603311,single_datapoint,no_comment
5553,2017,07_INA,new_vehicle_efficiency,ldv,km_per_pj,road,passenger,ice,all,yearly,national,['avg_eff_no_outliers $ transport_data_system_9th'],1,3086802010.889935,avg_eff_no_outliers $ transport_data_system_9th,237446308.529995,single_datapoint,no_comment
5554,2017,07_INA,travel_km,ldv,km,road,freight,ice,all,yearly,national,['estimated $ calculate_energy_and_activity()'],1,6878955000.0,estimated $ calculate_energy_and_activity(),6878955000.0,single_datapoint,no_comment
5555,2017,07_INA,travel_km,ldv,km,road,passenger,ice,all,yearly,national,['estimated $ calculate_energy_and_activity()'],1,2057843460000.0,estimated $ calculate_energy_and_activity(),203839920000.0,single_datapoint,no_comment
5556,2017,07_INA,turnover_rate,ldv,%,road,freight,ice,all,yearly,national,['manually_inputted_data $ guess'],1,0.39,manually_inputted_data $ guess,0.03,single_datapoint,no_comment
5557,2017,07_INA,turnover_rate,ldv,%,road,passenger,ice,all,yearly,national,['manually_inputted_data $ guess'],1,0.39,manually_inputted_data $ guess,0.03,single_datapoint,no_comment
5558,2018,07_INA,activity,ldv,passenger_km_or_freight_tonne_km,road,passenger,ice,all,yearly,national,['estimated $ calculate_energy_and_activity()'],1,3086765190000.0,estimated $ calculate_energy_and_activity(),384128055000.0,single_datapoint,no_comment
5559,2018,07_INA,energy,ldv,pj,road,passenger,ice,all,yearly,national,['estimated $ calculate_energy_and_activity()'],1,5915.708312430225,estimated $ calculate_energy_and_activity(),736.1718135745708,single_datapoint,no_comment
5560,2018,07_INA,new_vehicle_efficiency,ldv,km_per_pj,road,freight,ice,all,yearly,national,['avg_eff_no_outliers $ transport_data_system_9th'],1,4776513034.843043,avg_eff_no_outliers $ transport_data_system_9th,367424079.603311,single_datapoint,no_comment
5561,2018,07_INA,new_vehicle_efficiency,ldv,km_per_pj,road,passenger,ice,all,yearly,national,['avg_eff_no_outliers $ transport_data_system_9th'],1,3086802010.889935,avg_eff_no_outliers $ transport_data_system_9th,237446308.529995,single_datapoint,no_comment
5562,2018,07_INA,travel_km,ldv,km,road,passenger,ice,all,yearly,national,['estimated $ calculate_energy_and_activity()'],1,2057843460000.0,estimated $ calculate_energy_and_activity(),256085370000.0,single_datapoint,no_comment
5563,2018,07_INA,turnover_rate,ldv,%,road,freight,ice,all,yearly,national,['manually_inputted_data $ guess'],1,0.39,manually_inputted_data $ guess,0.03,single_datapoint,no_comment
5564,2018,07_INA,turnover_rate,ldv,%,road,passenger,ice,all,yearly,national,['manually_inputted_data $ guess'],1,0.39,manually_inputted_data $ guess,0.03,single_datapoint,no_comment
5565,2019,07_INA,activity,ldv,passenger_km_or_freight_tonne_km,road,passenger,ice,all,yearly,national,['estimated $ calculate_energy_and_activity()'],1,3086765190000.0,estimated $ calculate_energy_and_activity(),334099192500.0,single_datapoint,no_comment
5566,2019,07_INA,energy,ldv,pj,road,passenger,ice,all,yearly,national,['estimated $ calculate_energy_and_activity()'],1,5915.708312430225,estimated $ calculate_energy_and_activity(),640.292749397137,single_datapoint,no_comment
5567,2019,07_INA,new_vehicle_efficiency,ldv,km_per_pj,road,freight,ice,all,yearly,national,['avg_eff_no_outliers $ transport_data_system_9th'],1,4776513034.843043,avg_eff_no_outliers $ transport_data_system_9th,367424079.603311,single_datapoint,no_comment
5568,2019,07_INA,new_vehicle_efficiency,ldv,km_per_pj,road,passenger,ice,all,yearly,national,['avg_eff_no_outliers $ transport_data_system_9th'],1,3086802010.889935,avg_eff_no_outliers $ transport_data_system_9th,237446308.529995,single_datapoint,no_comment
5569,2019,07_INA,travel_km,ldv,km,road,passenger,ice,all,yearly,national,['estimated $ calculate_energy_and_activity()'],1,2057843460000.0,estimated $ calculate_energy_and_activity(),222732795000.0,single_datapoint,no_comment
5570,2019,07_INA,turnover_rate,ldv,%,road,freight,ice,all,yearly,national,['manually_inputted_data $ guess'],1,0.39,manually_inputted_data $ guess,0.03,single_datapoint,no_comment
5571,2019,07_INA,turnover_rate,ldv,%,road,passenger,ice,all,yearly,national,['manually_inputted_data $ guess'],1,0.39,manually_inputted_data $ guess,0.03,single_datapoint,no_comment
5572,2020,07_INA,activity,ldv,passenger_km_or_freight_tonne_km,road,passenger,ice,all,yearly,national,['estimated $ calculate_energy_and_activity()'],1,3086765190000.0,estimated $ calculate_energy_and_activity(),357971355000.0,single_datapoint,no_comment
5573,2020,07_INA,energy,ldv,pj,road,passenger,ice,all,yearly,national,['estimated $ calculate_energy_and_activity()'],1,5915.708312430225,estimated $ calculate_energy_and_activity(),686.0431519850756,single_datapoint,no_comment
5574,2020,07_INA,new_vehicle_efficiency,ldv,km_per_pj,road,freight,ice,all,yearly,national,['avg_eff_no_outliers $ transport_data_system_9th'],1,4776513034.843043,avg_eff_no_outliers $ transport_data_system_9th,367424079.603311,single_datapoint,no_comment
5575,2020,07_INA,new_vehicle_efficiency,ldv,km_per_pj,road,passenger,ice,all,yearly,national,['avg_eff_no_outliers $ transport_data_system_9th'],1,3086802010.889935,avg_eff_no_outliers $ transport_data_system_9th,237446308.529995,single_datapoint,no_comment
5576,2020,07_INA,travel_km,ldv,km,road,passenger,ice,all,yearly,national,['estimated $ calculate_energy_and_activity()'],1,2057843460000.0,estimated $ calculate_energy_and_activity(),238647570000.0,single_datapoint,no_comment
5577,2020,07_INA,turnover_rate,ldv,%,road,freight,ice,all,yearly,national,['manually_inputted_data $ guess'],1,0.39,manually_inputted_data $ guess,0.03,single_datapoint,no_comment
5578,2020,07_INA,turnover_rate,ldv,%,road,passenger,ice,all,yearly,national,['manually_inputted_data $ guess'],1,0.39,manually_inputted_data $ guess,0.03,single_datapoint,no_comment
5579,2021,07_INA,new_vehicle_efficiency,ldv,km_per_pj,road,freight,ice,all,yearly,national,['avg_eff_no_outliers $ transport_data_system_9th'],1,4776513034.843043,avg_eff_no_outliers $ transport_data_system_9th,367424079.603311,single_datapoint,no_comment
5580,2021,07_INA,new_vehicle_efficiency,ldv,km_per_pj,road,passenger,ice,all,yearly,national,['avg_eff_no_outliers $ transport_data_system_9th'],1,3086802010.889935,avg_eff_no_outliers $ transport_data_system_9th,237446308.529995,single_datapoint,no_comment
5581,2021,07_INA,turnover_rate,ldv,%,road,freight,ice,all,yearly,national,['manually_inputted_data $ guess'],1,0.39,manually_inputted_data $ guess,0.03,single_datapoint,no_comment
5582,2021,07_INA,turnover_rate,ldv,%,road,passenger,ice,all,yearly,national,['manually_inputted_data $ guess'],1,0.39,manually_inputted_data $ guess,0.03,single_datapoint,no_comment
5583,2022,07_INA,new_vehicle_efficiency,ldv,km_per_pj,road,freight,ice,all,yearly,national,['avg_eff_no_outliers $ transport_data_system_9th'],1,4776513034.843043,avg_eff_no_outliers $ transport_data_system_9th,367424079.603311,single_datapoint,no_comment
5584,2022,07_INA,new_vehicle_efficiency,ldv,km_per_pj,road,passenger,ice,all,yearly,national,['avg_eff_no_outliers $ transport_data_system_9th'],1,3086802010.889935,avg_eff_no_outliers $ transport_data_system_9th,237446308.529995,single_datapoint,no_comment
5585,2022,07_INA,turnover_rate,ldv,%,road,freight,ice,all,yearly,national,['manually_inputted_data $ guess'],1,0.39,manually_inputted_data $ guess,0.03,single_datapoint,no_comment
5586,2022,07_INA,turnover_rate,ldv,%,road,passenger,ice,all,yearly,national,['manually_inputted_data $ guess'],1,0.39,manually_inputted_data $ guess,0.03,single_datapoint,no_comment
5587,2010,07_INA,new_vehicle_efficiency,ldv,km_per_pj,road,freight,lpg,all,yearly,national,['avg_eff_no_outliers $ transport_data_system_9th'],1,3668778329.1297708,avg_eff_no_outliers $ transport_data_system_9th,282213717.625367,single_datapoint,no_comment
5588,2010,07_INA,new_vehicle_efficiency,ldv,km_per_pj,road,passenger,lpg,all,yearly,national,['avg_eff_no_outliers $ transport_data_system_9th'],1,4713924488.084526,avg_eff_no_outliers $ transport_data_system_9th,362609576.006502,single_datapoint,no_comment
5589,2010,07_INA,turnover_rate,ldv,%,road,freight,lpg,all,yearly,national,['manually_inputted_data $ guess'],1,0.42,manually_inputted_data $ guess,0.03,manual,no_comment
5590,2010,07_INA,turnover_rate,ldv,%,road,passenger,lpg,all,yearly,national,['manually_inputted_data $ guess'],1,0.42,manually_inputted_data $ guess,0.03,manual,no_comment
5591,2011,07_INA,new_vehicle_efficiency,ldv,km_per_pj,road,freight,lpg,all,yearly,national,['avg_eff_no_outliers $ transport_data_system_9th'],1,3668778329.1297708,avg_eff_no_outliers $ transport_data_system_9th,282213717.625367,single_datapoint,no_comment
5592,2011,07_INA,new_vehicle_efficiency,ldv,km_per_pj,road,passenger,lpg,all,yearly,national,['avg_eff_no_outliers $ transport_data_system_9th'],1,4713924488.084526,avg_eff_no_outliers $ transport_data_system_9th,362609576.006502,single_datapoint,no_comment
5593,2011,07_INA,turnover_rate,ldv,%,road,freight,lpg,all,yearly,national,['manually_inputted_data $ guess'],1,0.42,manually_inputted_data $ guess,0.03,manual,no_comment
5594,2011,07_INA,turnover_rate,ldv,%,road,passenger,lpg,all,yearly,national,['manually_inputted_data $ guess'],1,0.42,manually_inputted_data $ guess,0.03,manual,no_comment
5595,2012,07_INA,new_vehicle_efficiency,ldv,km_per_pj,road,freight,lpg,all,yearly,national,['avg_eff_no_outliers $ transport_data_system_9th'],1,3668778329.1297708,avg_eff_no_outliers $ transport_data_system_9th,282213717.625367,single_datapoint,no_comment
5596,2012,07_INA,new_vehicle_efficiency,ldv,km_per_pj,road,passenger,lpg,all,yearly,national,['avg_eff_no_outliers $ transport_data_system_9th'],1,4713924488.084526,avg_eff_no_outliers $ transport_data_system_9th,362609576.006502,single_datapoint,no_comment
5597,2012,07_INA,turnover_rate,ldv,%,road,freight,lpg,all,yearly,national,['manually_inputted_data $ guess'],1,0.42,manually_inputted_data $ guess,0.03,manual,no_comment
5598,2012,07_INA,turnover_rate,ldv,%,road,passenger,lpg,all,yearly,national,['manually_inputted_data $ guess'],1,0.42,manually_inputted_data $ guess,0.03,manual,no_comment
5599,2013,07_INA,new_vehicle_efficiency,ldv,km_per_pj,road,freight,lpg,all,yearly,national,['avg_eff_no_outliers $ transport_data_system_9th'],1,3668778329.1297708,avg_eff_no_outliers $ transport_data_system_9th,282213717.625367,single_datapoint,no_comment
5600,2013,07_INA,new_vehicle_efficiency,ldv,km_per_pj,road,passenger,lpg,all,yearly,national,['avg_eff_no_outliers $ transport_data_system_9th'],1,4713924488.084526,avg_eff_no_outliers $ transport_data_system_9th,362609576.006502,single_datapoint,no_comment
5601,2013,07_INA,turnover_rate,ldv,%,road,freight,lpg,all,yearly,national,['manually_inputted_data $ guess'],1,0.42,manually_inputted_data $ guess,0.03,manual,no_comment
5602,2013,07_INA,turnover_rate,ldv,%,road,passenger,lpg,all,yearly,national,['manually_inputted_data $ guess'],1,0.42,manually_inputted_data $ guess,0.03,manual,no_comment
5603,2014,07_INA,new_vehicle_efficiency,ldv,km_per_pj,road,freight,lpg,all,yearly,national,['avg_eff_no_outliers $ transport_data_system_9th'],1,3668778329.1297708,avg_eff_no_outliers $ transport_data_system_9th,282213717.625367,single_datapoint,no_comment
5604,2014,07_INA,new_vehicle_efficiency,ldv,km_per_pj,road,passenger,lpg,all,yearly,national,['avg_eff_no_outliers $ transport_data_system_9th'],1,4713924488.084526,avg_eff_no_outliers $ transport_data_system_9th,362609576.006502,single_datapoint,no_comment
5605,2014,07_INA,turnover_rate,ldv,%,road,freight,lpg,all,yearly,national,['manually_inputted_data $ guess'],1,0.42,manually_inputted_data $ guess,0.03,manual,no_comment
5606,2014,07_INA,turnover_rate,ldv,%,road,passenger,lpg,all,yearly,national,['manually_inputted_data $ guess'],1,0.42,manually_inputted_data $ guess,0.03,manual,no_comment
5607,2015,07_INA,new_vehicle_efficiency,ldv,km_per_pj,road,freight,lpg,all,yearly,national,['avg_eff_no_outliers $ transport_data_system_9th'],1,3668778329.1297708,avg_eff_no_outliers $ transport_data_system_9th,282213717.625367,single_datapoint,no_comment
5608,2015,07_INA,new_vehicle_efficiency,ldv,km_per_pj,road,passenger,lpg,all,yearly,national,['avg_eff_no_outliers $ transport_data_system_9th'],1,4713924488.084526,avg_eff_no_outliers $ transport_data_system_9th,362609576.006502,single_datapoint,no_comment
5609,2015,07_INA,turnover_rate,ldv,%,road,freight,lpg,all,yearly,national,['manually_inputted_data $ guess'],1,0.42,manually_inputted_data $ guess,0.03,manual,no_comment
5610,2015,07_INA,turnover_rate,ldv,%,road,passenger,lpg,all,yearly,national,['manually_inputted_data $ guess'],1,0.42,manually_inputted_data $ guess,0.03,manual,no_comment
5611,2016,07_INA,new_vehicle_efficiency,ldv,km_per_pj,road,freight,lpg,all,yearly,national,['avg_eff_no_outliers $ transport_data_system_9th'],1,3668778329.1297708,avg_eff_no_outliers $ transport_data_system_9th,282213717.625367,single_datapoint,no_comment
5612,2016,07_INA,new_vehicle_efficiency,ldv,km_per_pj,road,passenger,lpg,all,yearly,national,['avg_eff_no_outliers $ transport_data_system_9th'],1,4713924488.084526,avg_eff_no_outliers $ transport_data_system_9th,362609576.006502,single_datapoint,no_comment
5613,2016,07_INA,turnover_rate,ldv,%,road,freight,lpg,all,yearly,national,['manually_inputted_data $ guess'],1,0.42,manually_inputted_data $ guess,0.03,manual,no_comment
5614,2016,07_INA,turnover_rate,ldv,%,road,passenger,lpg,all,yearly,national,['manually_inputted_data $ guess'],1,0.42,manually_inputted_data $ guess,0.03,manual,no_comment
5615,2017,07_INA,new_vehicle_efficiency,ldv,km_per_pj,road,freight,lpg,all,yearly,national,['avg_eff_no_outliers $ transport_data_system_9th'],1,3668778329.1297708,avg_eff_no_outliers $ transport_data_system_9th,282213717.625367,single_datapoint,no_comment
5616,2017,07_INA,new_vehicle_efficiency,ldv,km_per_pj,road,passenger,lpg,all,yearly,national,['avg_eff_no_outliers $ transport_data_system_9th'],1,4713924488.084526,avg_eff_no_outliers $ transport_data_system_9th,362609576.006502,single_datapoint,no_comment
5617,2017,07_INA,turnover_rate,ldv,%,road,freight,lpg,all,yearly,national,"['manually_inputted_data $ guess', 'turnover_rate_est']",2,0.42,manually_inputted_data $ guess,0.03,manual,no_comment
5618,2017,07_INA,turnover_rate,ldv,%,road,passenger,lpg,all,yearly,national,"['manually_inputted_data $ guess', 'turnover_rate_est']",2,0.42,manually_inputted_data $ guess,0.03,manual,no_comment
5619,2018,07_INA,new_vehicle_efficiency,ldv,km_per_pj,road,freight,lpg,all,yearly,national,['avg_eff_no_outliers $ transport_data_system_9th'],1,3668778329.1297708,avg_eff_no_outliers $ transport_data_system_9th,282213717.625367,single_datapoint,no_comment
5620,2018,07_INA,new_vehicle_efficiency,ldv,km_per_pj,road,passenger,lpg,all,yearly,national,['avg_eff_no_outliers $ transport_data_system_9th'],1,4713924488.084526,avg_eff_no_outliers $ transport_data_system_9th,362609576.006502,single_datapoint,no_comment
5621,2018,07_INA,turnover_rate,ldv,%,road,freight,lpg,all,yearly,national,['manually_inputted_data $ guess'],1,0.42,manually_inputted_data $ guess,0.03,manual,no_comment
5622,2018,07_INA,turnover_rate,ldv,%,road,passenger,lpg,all,yearly,national,['manually_inputted_data $ guess'],1,0.42,manually_inputted_data $ guess,0.03,manual,no_comment
5623,2019,07_INA,new_vehicle_efficiency,ldv,km_per_pj,road,freight,lpg,all,yearly,national,['avg_eff_no_outliers $ transport_data_system_9th'],1,3668778329.1297708,avg_eff_no_outliers $ transport_data_system_9th,282213717.625367,single_datapoint,no_comment
5624,2019,07_INA,new_vehicle_efficiency,ldv,km_per_pj,road,passenger,lpg,all,yearly,national,['avg_eff_no_outliers $ transport_data_system_9th'],1,4713924488.084526,avg_eff_no_outliers $ transport_data_system_9th,362609576.006502,single_datapoint,no_comment
5625,2019,07_INA,turnover_rate,ldv,%,road,freight,lpg,all,yearly,national,['manually_inputted_data $ guess'],1,0.42,manually_inputted_data $ guess,0.03,manual,no_comment
5626,2019,07_INA,turnover_rate,ldv,%,road,passenger,lpg,all,yearly,national,['manually_inputted_data $ guess'],1,0.42,manually_inputted_data $ guess,0.03,manual,no_comment
5627,2020,07_INA,new_vehicle_efficiency,ldv,km_per_pj,road,freight,lpg,all,yearly,national,['avg_eff_no_outliers $ transport_data_system_9th'],1,3668778329.1297708,avg_eff_no_outliers $ transport_data_system_9th,282213717.625367,single_datapoint,no_comment
5628,2020,07_INA,new_vehicle_efficiency,ldv,km_per_pj,road,passenger,lpg,all,yearly,national,['avg_eff_no_outliers $ transport_data_system_9th'],1,4713924488.084526,avg_eff_no_outliers $ transport_data_system_9th,362609576.006502,single_datapoint,no_comment
5629,2020,07_INA,turnover_rate,ldv,%,road,freight,lpg,all,yearly,national,['manually_inputted_data $ guess'],1,0.42,manually_inputted_data $ guess,0.03,manual,no_comment
5630,2020,07_INA,turnover_rate,ldv,%,road,passenger,lpg,all,yearly,national,['manually_inputted_data $ guess'],1,0.42,manually_inputted_data $ guess,0.03,manual,no_comment
5631,2021,07_INA,new_vehicle_efficiency,ldv,km_per_pj,road,freight,lpg,all,yearly,national,['avg_eff_no_outliers $ transport_data_system_9th'],1,3668778329.1297708,avg_eff_no_outliers $ transport_data_system_9th,282213717.625367,single_datapoint,no_comment
5632,2021,07_INA,new_vehicle_efficiency,ldv,km_per_pj,road,passenger,lpg,all,yearly,national,['avg_eff_no_outliers $ transport_data_system_9th'],1,4713924488.084526,avg_eff_no_outliers $ transport_data_system_9th,362609576.006502,single_datapoint,no_comment
5633,2021,07_INA,turnover_rate,ldv,%,road,freight,lpg,all,yearly,national,['manually_inputted_data $ guess'],1,0.42,manually_inputted_data $ guess,0.03,manual,no_comment
5634,2021,07_INA,turnover_rate,ldv,%,road,passenger,lpg,all,yearly,national,['manually_inputted_data $ guess'],1,0.42,manually_inputted_data $ guess,0.03,manual,no_comment
5635,2022,07_INA,new_vehicle_efficiency,ldv,km_per_pj,road,freight,lpg,all,yearly,national,['avg_eff_no_outliers $ transport_data_system_9th'],1,3668778329.1297708,avg_eff_no_outliers $ transport_data_system_9th,282213717.625367,single_datapoint,no_comment
5636,2022,07_INA,new_vehicle_efficiency,ldv,km_per_pj,road,passenger,lpg,all,yearly,national,['avg_eff_no_outliers $ transport_data_system_9th'],1,4713924488.084526,avg_eff_no_outliers $ transport_data_system_9th,362609576.006502,single_datapoint,no_comment
5637,2022,07_INA,turnover_rate,ldv,%,road,freight,lpg,all,yearly,national,['manually_inputted_data $ guess'],1,0.42,manually_inputted_data $ guess,0.03,manual,no_comment
5638,2022,07_INA,turnover_rate,ldv,%,road,passenger,lpg,all,yearly,national,['manually_inputted_data $ guess'],1,0.42,manually_inputted_data $ guess,0.03,manual,no_comment
5639,2010,07_INA,new_vehicle_efficiency,ldv,km_per_pj,road,freight,phev,all,yearly,national,['avg_eff_no_outliers $ transport_data_system_9th'],1,8979606259.303562,avg_eff_no_outliers $ transport_data_system_9th,690738943.023351,single_datapoint,no_comment
5640,2010,07_INA,new_vehicle_efficiency,ldv,km_per_pj,road,passenger,phev,all,yearly,national,['avg_eff_no_outliers $ transport_data_system_9th'],1,5974718100.659283,avg_eff_no_outliers $ transport_data_system_9th,459593700.050714,single_datapoint,no_comment
5641,2010,07_INA,turnover_rate,ldv,%,road,freight,phev,all,yearly,national,['manually_inputted_data $ guess'],1,0.39,manually_inputted_data $ guess,0.03,single_datapoint,no_comment
5642,2010,07_INA,turnover_rate,ldv,%,road,passenger,phev,all,yearly,national,['manually_inputted_data $ guess'],1,0.39,manually_inputted_data $ guess,0.03,single_datapoint,no_comment
5643,2011,07_INA,new_vehicle_efficiency,ldv,km_per_pj,road,freight,phev,all,yearly,national,['avg_eff_no_outliers $ transport_data_system_9th'],1,8979606259.303562,avg_eff_no_outliers $ transport_data_system_9th,690738943.023351,single_datapoint,no_comment
5644,2011,07_INA,new_vehicle_efficiency,ldv,km_per_pj,road,passenger,phev,all,yearly,national,['avg_eff_no_outliers $ transport_data_system_9th'],1,5974718100.659283,avg_eff_no_outliers $ transport_data_system_9th,459593700.050714,single_datapoint,no_comment
5645,2011,07_INA,turnover_rate,ldv,%,road,freight,phev,all,yearly,national,['manually_inputted_data $ guess'],1,0.39,manually_inputted_data $ guess,0.03,single_datapoint,no_comment
5646,2011,07_INA,turnover_rate,ldv,%,road,passenger,phev,all,yearly,national,['manually_inputted_data $ guess'],1,0.39,manually_inputted_data $ guess,0.03,single_datapoint,no_comment
5647,2012,07_INA,new_vehicle_efficiency,ldv,km_per_pj,road,freight,phev,all,yearly,national,['avg_eff_no_outliers $ transport_data_system_9th'],1,8979606259.303562,avg_eff_no_outliers $ transport_data_system_9th,690738943.023351,single_datapoint,no_comment
5648,2012,07_INA,new_vehicle_efficiency,ldv,km_per_pj,road,passenger,phev,all,yearly,national,['avg_eff_no_outliers $ transport_data_system_9th'],1,5974718100.659283,avg_eff_no_outliers $ transport_data_system_9th,459593700.050714,single_datapoint,no_comment
5649,2012,07_INA,turnover_rate,ldv,%,road,freight,phev,all,yearly,national,['manually_inputted_data $ guess'],1,0.39,manually_inputted_data $ guess,0.03,single_datapoint,no_comment
5650,2012,07_INA,turnover_rate,ldv,%,road,passenger,phev,all,yearly,national,['manually_inputted_data $ guess'],1,0.39,manually_inputted_data $ guess,0.03,single_datapoint,no_comment
5651,2013,07_INA,new_vehicle_efficiency,ldv,km_per_pj,road,freight,phev,all,yearly,national,['avg_eff_no_outliers $ transport_data_system_9th'],1,8979606259.303562,avg_eff_no_outliers $ transport_data_system_9th,690738943.023351,single_datapoint,no_comment
5652,2013,07_INA,new_vehicle_efficiency,ldv,km_per_pj,road,passenger,phev,all,yearly,national,['avg_eff_no_outliers $ transport_data_system_9th'],1,5974718100.659283,avg_eff_no_outliers $ transport_data_system_9th,459593700.050714,single_datapoint,no_comment
5653,2013,07_INA,turnover_rate,ldv,%,road,freight,phev,all,yearly,national,['manually_inputted_data $ guess'],1,0.39,manually_inputted_data $ guess,0.03,single_datapoint,no_comment
5654,2013,07_INA,turnover_rate,ldv,%,road,passenger,phev,all,yearly,national,['manually_inputted_data $ guess'],1,0.39,manually_inputted_data $ guess,0.03,single_datapoint,no_comment
5655,2014,07_INA,new_vehicle_efficiency,ldv,km_per_pj,road,freight,phev,all,yearly,national,['avg_eff_no_outliers $ transport_data_system_9th'],1,8979606259.303562,avg_eff_no_outliers $ transport_data_system_9th,690738943.023351,single_datapoint,no_comment
5656,2014,07_INA,new_vehicle_efficiency,ldv,km_per_pj,road,passenger,phev,all,yearly,national,['avg_eff_no_outliers $ transport_data_system_9th'],1,5974718100.659283,avg_eff_no_outliers $ transport_data_system_9th,459593700.050714,single_datapoint,no_comment
5657,2014,07_INA,turnover_rate,ldv,%,road,freight,phev,all,yearly,national,['manually_inputted_data $ guess'],1,0.39,manually_inputted_data $ guess,0.03,single_datapoint,no_comment
5658,2014,07_INA,turnover_rate,ldv,%,road,passenger,phev,all,yearly,national,['manually_inputted_data $ guess'],1,0.39,manually_inputted_data $ guess,0.03,single_datapoint,no_comment
5659,2015,07_INA,new_vehicle_efficiency,ldv,km_per_pj,road,freight,phev,all,yearly,national,['avg_eff_no_outliers $ transport_data_system_9th'],1,8979606259.303562,avg_eff_no_outliers $ transport_data_system_9th,690738943.023351,single_datapoint,no_comment
5660,2015,07_INA,new_vehicle_efficiency,ldv,km_per_pj,road,passenger,phev,all,yearly,national,['avg_eff_no_outliers $ transport_data_system_9th'],1,5974718100.659283,avg_eff_no_outliers $ transport_data_system_9th,459593700.050714,single_datapoint,no_comment
5661,2015,07_INA,turnover_rate,ldv,%,road,freight,phev,all,yearly,national,['manually_inputted_data $ guess'],1,0.39,manually_inputted_data $ guess,0.03,single_datapoint,no_comment
5662,2015,07_INA,turnover_rate,ldv,%,road,passenger,phev,all,yearly,national,['manually_inputted_data $ guess'],1,0.39,manually_inputted_data $ guess,0.03,single_datapoint,no_comment
5663,2016,07_INA,new_vehicle_efficiency,ldv,km_per_pj,road,freight,phev,all,yearly,national,['avg_eff_no_outliers $ transport_data_system_9th'],1,8979606259.303562,avg_eff_no_outliers $ transport_data_system_9th,690738943.023351,single_datapoint,no_comment
5664,2016,07_INA,new_vehicle_efficiency,ldv,km_per_pj,road,passenger,phev,all,yearly,national,['avg_eff_no_outliers $ transport_data_system_9th'],1,5974718100.659283,avg_eff_no_outliers $ transport_data_system_9th,459593700.050714,single_datapoint,no_comment
5665,2016,07_INA,turnover_rate,ldv,%,road,freight,phev,all,yearly,national,['manually_inputted_data $ guess'],1,0.39,manually_inputted_data $ guess,0.03,single_datapoint,no_comment
5666,2016,07_INA,turnover_rate,ldv,%,road,passenger,phev,all,yearly,national,['manually_inputted_data $ guess'],1,0.39,manually_inputted_data $ guess,0.03,single_datapoint,no_comment
5667,2017,07_INA,new_vehicle_efficiency,ldv,km_per_pj,road,freight,phev,all,yearly,national,['avg_eff_no_outliers $ transport_data_system_9th'],1,8979606259.303562,avg_eff_no_outliers $ transport_data_system_9th,690738943.023351,single_datapoint,no_comment
5668,2017,07_INA,new_vehicle_efficiency,ldv,km_per_pj,road,passenger,phev,all,yearly,national,['avg_eff_no_outliers $ transport_data_system_9th'],1,5974718100.659283,avg_eff_no_outliers $ transport_data_system_9th,459593700.050714,single_datapoint,no_comment
5669,2017,07_INA,turnover_rate,ldv,%,road,freight,phev,all,yearly,national,['manually_inputted_data $ guess'],1,0.39,manually_inputted_data $ guess,0.03,single_datapoint,no_comment
5670,2017,07_INA,turnover_rate,ldv,%,road,passenger,phev,all,yearly,national,['manually_inputted_data $ guess'],1,0.39,manually_inputted_data $ guess,0.03,single_datapoint,no_comment
5671,2018,07_INA,new_vehicle_efficiency,ldv,km_per_pj,road,freight,phev,all,yearly,national,['avg_eff_no_outliers $ transport_data_system_9th'],1,8979606259.303562,avg_eff_no_outliers $ transport_data_system_9th,690738943.023351,single_datapoint,no_comment
5672,2018,07_INA,new_vehicle_efficiency,ldv,km_per_pj,road,passenger,phev,all,yearly,national,['avg_eff_no_outliers $ transport_data_system_9th'],1,5974718100.659283,avg_eff_no_outliers $ transport_data_system_9th,459593700.050714,single_datapoint,no_comment
5673,2018,07_INA,turnover_rate,ldv,%,road,freight,phev,all,yearly,national,['manually_inputted_data $ guess'],1,0.39,manually_inputted_data $ guess,0.03,single_datapoint,no_comment
5674,2018,07_INA,turnover_rate,ldv,%,road,passenger,phev,all,yearly,national,['manually_inputted_data $ guess'],1,0.39,manually_inputted_data $ guess,0.03,single_datapoint,no_comment
5675,2019,07_INA,new_vehicle_efficiency,ldv,km_per_pj,road,freight,phev,all,yearly,national,['avg_eff_no_outliers $ transport_data_system_9th'],1,8979606259.303562,avg_eff_no_outliers $ transport_data_system_9th,690738943.023351,single_datapoint,no_comment
5676,2019,07_INA,new_vehicle_efficiency,ldv,km_per_pj,road,passenger,phev,all,yearly,national,['avg_eff_no_outliers $ transport_data_system_9th'],1,5974718100.659283,avg_eff_no_outliers $ transport_data_system_9th,459593700.050714,single_datapoint,no_comment
5677,2019,07_INA,turnover_rate,ldv,%,road,freight,phev,all,yearly,national,['manually_inputted_data $ guess'],1,0.39,manually_inputted_data $ guess,0.03,single_datapoint,no_comment
5678,2019,07_INA,turnover_rate,ldv,%,road,passenger,phev,all,yearly,national,['manually_inputted_data $ guess'],1,0.39,manually_inputted_data $ guess,0.03,single_datapoint,no_comment
5679,2020,07_INA,new_vehicle_efficiency,ldv,km_per_pj,road,freight,phev,all,yearly,national,['avg_eff_no_outliers $ transport_data_system_9th'],1,8979606259.303562,avg_eff_no_outliers $ transport_data_system_9th,690738943.023351,single_datapoint,no_comment
5680,2020,07_INA,new_vehicle_efficiency,ldv,km_per_pj,road,passenger,phev,all,yearly,national,['avg_eff_no_outliers $ transport_data_system_9th'],1,5974718100.659283,avg_eff_no_outliers $ transport_data_system_9th,459593700.050714,single_datapoint,no_comment
5681,2020,07_INA,turnover_rate,ldv,%,road,freight,phev,all,yearly,national,['manually_inputted_data $ guess'],1,0.39,manually_inputted_data $ guess,0.03,single_datapoint,no_comment
5682,2020,07_INA,turnover_rate,ldv,%,road,passenger,phev,all,yearly,national,['manually_inputted_data $ guess'],1,0.39,manually_inputted_data $ guess,0.03,single_datapoint,no_comment
5683,2021,07_INA,new_vehicle_efficiency,ldv,km_per_pj,road,freight,phev,all,yearly,national,['avg_eff_no_outliers $ transport_data_system_9th'],1,8979606259.303562,avg_eff_no_outliers $ transport_data_system_9th,690738943.023351,single_datapoint,no_comment
5684,2021,07_INA,new_vehicle_efficiency,ldv,km_per_pj,road,passenger,phev,all,yearly,national,['avg_eff_no_outliers $ transport_data_system_9th'],1,5974718100.659283,avg_eff_no_outliers $ transport_data_system_9th,459593700.050714,single_datapoint,no_comment
5685,2021,07_INA,turnover_rate,ldv,%,road,freight,phev,all,yearly,national,['manually_inputted_data $ guess'],1,0.39,manually_inputted_data $ guess,0.03,single_datapoint,no_comment
5686,2021,07_INA,turnover_rate,ldv,%,road,passenger,phev,all,yearly,national,['manually_inputted_data $ guess'],1,0.39,manually_inputted_data $ guess,0.03,single_datapoint,no_comment
5687,2022,07_INA,new_vehicle_efficiency,ldv,km_per_pj,road,freight,phev,all,yearly,national,['avg_eff_no_outliers $ transport_data_system_9th'],1,8979606259.303562,avg_eff_no_outliers $ transport_data_system_9th,690738943.023351,single_datapoint,no_comment
5688,2022,07_INA,new_vehicle_efficiency,ldv,km_per_pj,road,passenger,phev,all,yearly,national,['avg_eff_no_outliers $ transport_data_system_9th'],1,5974718100.659283,avg_eff_no_outliers $ transport_data_system_9th,459593700.050714,single_datapoint,no_comment
5689,2022,07_INA,turnover_rate,ldv,%,road,freight,phev,all,yearly,national,['manually_inputted_data $ guess'],1,0.39,manually_inputted_data $ guess,0.03,single_datapoint,no_comment
5690,2022,07_INA,turnover_rate,ldv,%,road,passenger,phev,all,yearly,national,['manually_inputted_data $ guess'],1,0.39,manually_inputted_data $ guess,0.03,single_datapoint,no_comment
5691,2010,08_JPN,new_vehicle_efficiency,2w,km_per_pj,road,passenger,bev,all,yearly,national,['avg_eff_no_outliers $ transport_data_system_9th'],1,33137029391.83156,avg_eff_no_outliers $ transport_data_system_9th,2549002260.91012,single_datapoint,no_comment
5692,2010,08_JPN,turnover_rate,2w,%,road,passenger,bev,all,yearly,national,['manually_inputted_data $ guess'],1,0.42,manually_inputted_data $ guess,0.03,manual,no_comment
5693,2011,08_JPN,new_vehicle_efficiency,2w,km_per_pj,road,passenger,bev,all,yearly,national,['avg_eff_no_outliers $ transport_data_system_9th'],1,33137029391.83156,avg_eff_no_outliers $ transport_data_system_9th,2549002260.91012,single_datapoint,no_comment
5694,2011,08_JPN,turnover_rate,2w,%,road,passenger,bev,all,yearly,national,['manually_inputted_data $ guess'],1,0.42,manually_inputted_data $ guess,0.03,manual,no_comment
5695,2012,08_JPN,new_vehicle_efficiency,2w,km_per_pj,road,passenger,bev,all,yearly,national,['avg_eff_no_outliers $ transport_data_system_9th'],1,33137029391.83156,avg_eff_no_outliers $ transport_data_system_9th,2549002260.91012,single_datapoint,no_comment
5696,2012,08_JPN,turnover_rate,2w,%,road,passenger,bev,all,yearly,national,['manually_inputted_data $ guess'],1,0.42,manually_inputted_data $ guess,0.03,manual,no_comment
5697,2013,08_JPN,new_vehicle_efficiency,2w,km_per_pj,road,passenger,bev,all,yearly,national,['avg_eff_no_outliers $ transport_data_system_9th'],1,33137029391.83156,avg_eff_no_outliers $ transport_data_system_9th,2549002260.91012,single_datapoint,no_comment
5698,2013,08_JPN,turnover_rate,2w,%,road,passenger,bev,all,yearly,national,['manually_inputted_data $ guess'],1,0.42,manually_inputted_data $ guess,0.03,manual,no_comment
5699,2014,08_JPN,new_vehicle_efficiency,2w,km_per_pj,road,passenger,bev,all,yearly,national,['avg_eff_no_outliers $ transport_data_system_9th'],1,33137029391.83156,avg_eff_no_outliers $ transport_data_system_9th,2549002260.91012,single_datapoint,no_comment
5700,2014,08_JPN,turnover_rate,2w,%,road,passenger,bev,all,yearly,national,['manually_inputted_data $ guess'],1,0.42,manually_inputted_data $ guess,0.03,manual,no_comment
5701,2015,08_JPN,new_vehicle_efficiency,2w,km_per_pj,road,passenger,bev,all,yearly,national,['avg_eff_no_outliers $ transport_data_system_9th'],1,33137029391.83156,avg_eff_no_outliers $ transport_data_system_9th,2549002260.91012,single_datapoint,no_comment
5702,2015,08_JPN,turnover_rate,2w,%,road,passenger,bev,all,yearly,national,['manually_inputted_data $ guess'],1,0.42,manually_inputted_data $ guess,0.03,manual,no_comment
5703,2016,08_JPN,new_vehicle_efficiency,2w,km_per_pj,road,passenger,bev,all,yearly,national,['avg_eff_no_outliers $ transport_data_system_9th'],1,33137029391.83156,avg_eff_no_outliers $ transport_data_system_9th,2549002260.91012,single_datapoint,no_comment
5704,2016,08_JPN,turnover_rate,2w,%,road,passenger,bev,all,yearly,national,['manually_inputted_data $ guess'],1,0.42,manually_inputted_data $ guess,0.03,manual,no_comment
5705,2017,08_JPN,new_vehicle_efficiency,2w,km_per_pj,road,passenger,bev,all,yearly,national,['avg_eff_no_outliers $ transport_data_system_9th'],1,33137029391.83156,avg_eff_no_outliers $ transport_data_system_9th,2549002260.91012,single_datapoint,no_comment
5706,2017,08_JPN,turnover_rate,2w,%,road,passenger,bev,all,yearly,national,"['manually_inputted_data $ guess', 'turnover_rate_est']",2,0.42,manually_inputted_data $ guess,0.03,manual,no_comment
5707,2018,08_JPN,new_vehicle_efficiency,2w,km_per_pj,road,passenger,bev,all,yearly,national,['avg_eff_no_outliers $ transport_data_system_9th'],1,33137029391.83156,avg_eff_no_outliers $ transport_data_system_9th,2549002260.91012,single_datapoint,no_comment
5708,2018,08_JPN,turnover_rate,2w,%,road,passenger,bev,all,yearly,national,['manually_inputted_data $ guess'],1,0.42,manually_inputted_data $ guess,0.03,manual,no_comment
5709,2019,08_JPN,new_vehicle_efficiency,2w,km_per_pj,road,passenger,bev,all,yearly,national,['avg_eff_no_outliers $ transport_data_system_9th'],1,33137029391.83156,avg_eff_no_outliers $ transport_data_system_9th,2549002260.91012,single_datapoint,no_comment
5710,2019,08_JPN,turnover_rate,2w,%,road,passenger,bev,all,yearly,national,['manually_inputted_data $ guess'],1,0.42,manually_inputted_data $ guess,0.03,manual,no_comment
5711,2020,08_JPN,new_vehicle_efficiency,2w,km_per_pj,road,passenger,bev,all,yearly,national,['avg_eff_no_outliers $ transport_data_system_9th'],1,33137029391.83156,avg_eff_no_outliers $ transport_data_system_9th,2549002260.91012,single_datapoint,no_comment
5712,2020,08_JPN,turnover_rate,2w,%,road,passenger,bev,all,yearly,national,['manually_inputted_data $ guess'],1,0.42,manually_inputted_data $ guess,0.03,manual,no_comment
5713,2021,08_JPN,new_vehicle_efficiency,2w,km_per_pj,road,passenger,bev,all,yearly,national,['avg_eff_no_outliers $ transport_data_system_9th'],1,33137029391.83156,avg_eff_no_outliers $ transport_data_system_9th,2549002260.91012,single_datapoint,no_comment
5714,2021,08_JPN,turnover_rate,2w,%,road,passenger,bev,all,yearly,national,['manually_inputted_data $ guess'],1,0.42,manually_inputted_data $ guess,0.03,manual,no_comment
5715,2022,08_JPN,new_vehicle_efficiency,2w,km_per_pj,road,passenger,bev,all,yearly,national,['avg_eff_no_outliers $ transport_data_system_9th'],1,33137029391.83156,avg_eff_no_outliers $ transport_data_system_9th,2549002260.91012,single_datapoint,no_comment
5716,2022,08_JPN,turnover_rate,2w,%,road,passenger,bev,all,yearly,national,['manually_inputted_data $ guess'],1,0.42,manually_inputted_data $ guess,0.03,manual,no_comment
5717,2010,08_JPN,activity,2w,passenger_km_or_freight_tonne_km,road,passenger,ice,all,yearly,national,['estimated $ calculate_energy_and_activity()'],1,355853058000.00006,estimated $ calculate_energy_and_activity(),28903066500.000004,single_datapoint,no_comment
5718,2010,08_JPN,energy,2w,pj,road,passenger,ice,all,yearly,national,['estimated $ calculate_energy_and_activity()'],1,511.4876165591125,estimated $ calculate_energy_and_activity(),41.54400324230045,single_datapoint,no_comment
5719,2010,08_JPN,new_vehicle_efficiency,2w,km_per_pj,road,passenger,ice,all,yearly,national,['avg_eff_no_outliers $ transport_data_system_9th'],1,7669072338.574219,avg_eff_no_outliers $ transport_data_system_9th,589928641.428786,single_datapoint,no_comment
5720,2010,08_JPN,travel_km,2w,km,road,passenger,ice,all,yearly,national,['estimated $ calculate_energy_and_activity()'],1,323502780000.0,estimated $ calculate_energy_and_activity(),26275515000.0,single_datapoint,no_comment
5721,2010,08_JPN,turnover_rate,2w,%,road,passenger,ice,all,yearly,national,['manually_inputted_data $ guess'],1,0.39,manually_inputted_data $ guess,0.03,single_datapoint,no_comment
5722,2011,08_JPN,activity,2w,passenger_km_or_freight_tonne_km,road,passenger,ice,all,yearly,national,['estimated $ calculate_energy_and_activity()'],1,355853058000.00006,estimated $ calculate_energy_and_activity(),28964133000.000004,single_datapoint,no_comment
5723,2011,08_JPN,energy,2w,pj,road,passenger,ice,all,yearly,national,['estimated $ calculate_energy_and_activity()'],1,511.4876165591125,estimated $ calculate_energy_and_activity(),41.63177755766577,single_datapoint,no_comment
5724,2011,08_JPN,new_vehicle_efficiency,2w,km_per_pj,road,passenger,ice,all,yearly,national,['avg_eff_no_outliers $ transport_data_system_9th'],1,7669072338.574219,avg_eff_no_outliers $ transport_data_system_9th,589928641.428786,single_datapoint,no_comment
5725,2011,08_JPN,travel_km,2w,km,road,passenger,ice,all,yearly,national,['estimated $ calculate_energy_and_activity()'],1,323502780000.0,estimated $ calculate_energy_and_activity(),26331030000.0,single_datapoint,no_comment
5726,2011,08_JPN,turnover_rate,2w,%,road,passenger,ice,all,yearly,national,['manually_inputted_data $ guess'],1,0.39,manually_inputted_data $ guess,0.03,single_datapoint,no_comment
5727,2012,08_JPN,activity,2w,passenger_km_or_freight_tonne_km,road,passenger,ice,all,yearly,national,['estimated $ calculate_energy_and_activity()'],1,355853058000.00006,estimated $ calculate_energy_and_activity(),28897283250.000004,single_datapoint,no_comment
5728,2012,08_JPN,energy,2w,pj,road,passenger,ice,all,yearly,national,['estimated $ calculate_energy_and_activity()'],1,511.4876165591125,estimated $ calculate_energy_and_activity(),41.53569065177477,single_datapoint,no_comment
5729,2012,08_JPN,new_vehicle_efficiency,2w,km_per_pj,road,passenger,ice,all,yearly,national,['avg_eff_no_outliers $ transport_data_system_9th'],1,7669072338.574219,avg_eff_no_outliers $ transport_data_system_9th,589928641.428786,single_datapoint,no_comment
5730,2012,08_JPN,travel_km,2w,km,road,passenger,ice,all,yearly,national,['estimated $ calculate_energy_and_activity()'],1,323502780000.0,estimated $ calculate_energy_and_activity(),26270257500.0,single_datapoint,no_comment
5731,2012,08_JPN,turnover_rate,2w,%,road,passenger,ice,all,yearly,national,['manually_inputted_data $ guess'],1,0.39,manually_inputted_data $ guess,0.03,single_datapoint,no_comment
5732,2013,08_JPN,activity,2w,passenger_km_or_freight_tonne_km,road,passenger,ice,all,yearly,national,['estimated $ calculate_energy_and_activity()'],1,355853058000.00006,estimated $ calculate_energy_and_activity(),29168106000.000004,single_datapoint,no_comment
5733,2013,08_JPN,energy,2w,pj,road,passenger,ice,all,yearly,national,['estimated $ calculate_energy_and_activity()'],1,511.4876165591125,estimated $ calculate_energy_and_activity(),41.92495942379551,single_datapoint,no_comment
5734,2013,08_JPN,new_vehicle_efficiency,2w,km_per_pj,road,passenger,ice,all,yearly,national,['avg_eff_no_outliers $ transport_data_system_9th'],1,7669072338.574219,avg_eff_no_outliers $ transport_data_system_9th,589928641.428786,single_datapoint,no_comment
5735,2013,08_JPN,travel_km,2w,km,road,passenger,ice,all,yearly,national,['estimated $ calculate_energy_and_activity()'],1,323502780000.0,estimated $ calculate_energy_and_activity(),26516460000.0,single_datapoint,no_comment
5736,2013,08_JPN,turnover_rate,2w,%,road,passenger,ice,all,yearly,national,['manually_inputted_data $ guess'],1,0.39,manually_inputted_data $ guess,0.03,single_datapoint,no_comment
5737,2014,08_JPN,activity,2w,passenger_km_or_freight_tonne_km,road,passenger,ice,all,yearly,national,['estimated $ calculate_energy_and_activity()'],1,355853058000.00006,estimated $ calculate_energy_and_activity(),29499904500.000004,single_datapoint,no_comment
5738,2014,08_JPN,energy,2w,pj,road,passenger,ice,all,yearly,national,['estimated $ calculate_energy_and_activity()'],1,511.4876165591125,estimated $ calculate_energy_and_activity(),42.40187207110199,single_datapoint,no_comment
5739,2014,08_JPN,new_vehicle_efficiency,2w,km_per_pj,road,passenger,ice,all,yearly,national,['avg_eff_no_outliers $ transport_data_system_9th'],1,7669072338.574219,avg_eff_no_outliers $ transport_data_system_9th,589928641.428786,single_datapoint,no_comment
5740,2014,08_JPN,travel_km,2w,km,road,passenger,ice,all,yearly,national,['estimated $ calculate_energy_and_activity()'],1,323502780000.0,estimated $ calculate_energy_and_activity(),26818095000.0,single_datapoint,no_comment
5741,2014,08_JPN,turnover_rate,2w,%,road,passenger,ice,all,yearly,national,['manually_inputted_data $ guess'],1,0.39,manually_inputted_data $ guess,0.03,single_datapoint,no_comment
5742,2015,08_JPN,activity,2w,passenger_km_or_freight_tonne_km,road,passenger,ice,all,yearly,national,['estimated $ calculate_energy_and_activity()'],1,355853058000.00006,estimated $ calculate_energy_and_activity(),29624174250.000004,single_datapoint,no_comment
5743,2015,08_JPN,energy,2w,pj,road,passenger,ice,all,yearly,national,['estimated $ calculate_energy_and_activity()'],1,511.4876165591125,estimated $ calculate_energy_and_activity(),42.5804919727972,single_datapoint,no_comment
5744,2015,08_JPN,new_vehicle_efficiency,2w,km_per_pj,road,passenger,ice,all,yearly,national,['avg_eff_no_outliers $ transport_data_system_9th'],1,7669072338.574219,avg_eff_no_outliers $ transport_data_system_9th,589928641.428786,single_datapoint,no_comment
5745,2015,08_JPN,travel_km,2w,km,road,passenger,ice,all,yearly,national,['estimated $ calculate_energy_and_activity()'],1,323502780000.0,estimated $ calculate_energy_and_activity(),26931067500.0,single_datapoint,no_comment
5746,2015,08_JPN,turnover_rate,2w,%,road,passenger,ice,all,yearly,national,['manually_inputted_data $ guess'],1,0.39,manually_inputted_data $ guess,0.03,single_datapoint,no_comment
5747,2016,08_JPN,activity,2w,passenger_km_or_freight_tonne_km,road,passenger,ice,all,yearly,national,['estimated $ calculate_energy_and_activity()'],1,355853058000.00006,estimated $ calculate_energy_and_activity(),29691189000.000004,single_datapoint,no_comment
5748,2016,08_JPN,energy,2w,pj,road,passenger,ice,all,yearly,national,['estimated $ calculate_energy_and_activity()'],1,511.4876165591125,estimated $ calculate_energy_and_activity(),42.67681604246925,single_datapoint,no_comment
5749,2016,08_JPN,new_vehicle_efficiency,2w,km_per_pj,road,passenger,ice,all,yearly,national,['avg_eff_no_outliers $ transport_data_system_9th'],1,7669072338.574219,avg_eff_no_outliers $ transport_data_system_9th,589928641.428786,single_datapoint,no_comment
5750,2016,08_JPN,travel_km,2w,km,road,passenger,ice,all,yearly,national,['estimated $ calculate_energy_and_activity()'],1,323502780000.0,estimated $ calculate_energy_and_activity(),26991990000.0,single_datapoint,no_comment
5751,2016,08_JPN,turnover_rate,2w,%,road,passenger,ice,all,yearly,national,['manually_inputted_data $ guess'],1,0.39,manually_inputted_data $ guess,0.03,single_datapoint,no_comment
5752,2017,08_JPN,activity,2w,passenger_km_or_freight_tonne_km,road,passenger,ice,all,yearly,national,['estimated $ calculate_energy_and_activity()'],1,355853058000.00006,estimated $ calculate_energy_and_activity(),29722184250.000004,single_datapoint,no_comment
5753,2017,08_JPN,energy,2w,pj,road,passenger,ice,all,yearly,national,['estimated $ calculate_energy_and_activity()'],1,511.4876165591125,estimated $ calculate_energy_and_activity(),42.72136725873884,single_datapoint,no_comment
5754,2017,08_JPN,new_vehicle_efficiency,2w,km_per_pj,road,passenger,ice,all,yearly,national,['avg_eff_no_outliers $ transport_data_system_9th'],1,7669072338.574219,avg_eff_no_outliers $ transport_data_system_9th,589928641.428786,single_datapoint,no_comment
5755,2017,08_JPN,travel_km,2w,km,road,passenger,ice,all,yearly,national,['estimated $ calculate_energy_and_activity()'],1,323502780000.0,estimated $ calculate_energy_and_activity(),27020167500.0,single_datapoint,no_comment
5756,2017,08_JPN,turnover_rate,2w,%,road,passenger,ice,all,yearly,national,['manually_inputted_data $ guess'],1,0.39,manually_inputted_data $ guess,0.03,single_datapoint,no_comment
5757,2018,08_JPN,activity,2w,passenger_km_or_freight_tonne_km,road,passenger,ice,all,yearly,national,['estimated $ calculate_energy_and_activity()'],1,355853058000.00006,estimated $ calculate_energy_and_activity(),29902834500.000004,single_datapoint,no_comment
5758,2018,08_JPN,energy,2w,pj,road,passenger,ice,all,yearly,national,['estimated $ calculate_energy_and_activity()'],1,511.4876165591125,estimated $ calculate_energy_and_activity(),42.981026024417645,single_datapoint,no_comment
5759,2018,08_JPN,new_vehicle_efficiency,2w,km_per_pj,road,passenger,ice,all,yearly,national,['avg_eff_no_outliers $ transport_data_system_9th'],1,7669072338.574219,avg_eff_no_outliers $ transport_data_system_9th,589928641.428786,single_datapoint,no_comment
5760,2018,08_JPN,travel_km,2w,km,road,passenger,ice,all,yearly,national,['estimated $ calculate_energy_and_activity()'],1,323502780000.0,estimated $ calculate_energy_and_activity(),27184395000.0,single_datapoint,no_comment
5761,2018,08_JPN,turnover_rate,2w,%,road,passenger,ice,all,yearly,national,['manually_inputted_data $ guess'],1,0.39,manually_inputted_data $ guess,0.03,single_datapoint,no_comment
5762,2019,08_JPN,activity,2w,passenger_km_or_freight_tonne_km,road,passenger,ice,all,yearly,national,['estimated $ calculate_energy_and_activity()'],1,355853058000.00006,estimated $ calculate_energy_and_activity(),30106898250.000004,single_datapoint,no_comment
5763,2019,08_JPN,energy,2w,pj,road,passenger,ice,all,yearly,national,['estimated $ calculate_energy_and_activity()'],1,511.4876165591125,estimated $ calculate_energy_and_activity(),43.274338330626954,single_datapoint,no_comment
5764,2019,08_JPN,new_vehicle_efficiency,2w,km_per_pj,road,passenger,ice,all,yearly,national,['avg_eff_no_outliers $ transport_data_system_9th'],1,7669072338.574219,avg_eff_no_outliers $ transport_data_system_9th,589928641.428786,single_datapoint,no_comment
5765,2019,08_JPN,travel_km,2w,km,road,passenger,ice,all,yearly,national,['estimated $ calculate_energy_and_activity()'],1,323502780000.0,estimated $ calculate_energy_and_activity(),27369907500.0,single_datapoint,no_comment
5766,2019,08_JPN,turnover_rate,2w,%,road,passenger,ice,all,yearly,national,['manually_inputted_data $ guess'],1,0.39,manually_inputted_data $ guess,0.03,single_datapoint,no_comment
5767,2020,08_JPN,activity,2w,passenger_km_or_freight_tonne_km,road,passenger,ice,all,yearly,national,['estimated $ calculate_energy_and_activity()'],1,355853058000.00006,estimated $ calculate_energy_and_activity(),30334499250.000004,single_datapoint,no_comment
5768,2020,08_JPN,energy,2w,pj,road,passenger,ice,all,yearly,national,['estimated $ calculate_energy_and_activity()'],1,511.4876165591125,estimated $ calculate_energy_and_activity(),43.60148205020255,single_datapoint,no_comment
5769,2020,08_JPN,new_vehicle_efficiency,2w,km_per_pj,road,passenger,ice,all,yearly,national,['avg_eff_no_outliers $ transport_data_system_9th'],1,7669072338.574219,avg_eff_no_outliers $ transport_data_system_9th,589928641.428786,single_datapoint,no_comment
5770,2020,08_JPN,travel_km,2w,km,road,passenger,ice,all,yearly,national,['estimated $ calculate_energy_and_activity()'],1,323502780000.0,estimated $ calculate_energy_and_activity(),27576817500.0,single_datapoint,no_comment
5771,2020,08_JPN,turnover_rate,2w,%,road,passenger,ice,all,yearly,national,['manually_inputted_data $ guess'],1,0.39,manually_inputted_data $ guess,0.03,single_datapoint,no_comment
5772,2021,08_JPN,activity,2w,passenger_km_or_freight_tonne_km,road,passenger,ice,all,yearly,national,['estimated $ calculate_energy_and_activity()'],1,355853058000.00006,estimated $ calculate_energy_and_activity(),31038785250.000004,single_datapoint,no_comment
5773,2021,08_JPN,energy,2w,pj,road,passenger,ice,all,yearly,national,['estimated $ calculate_energy_and_activity()'],1,511.4876165591125,estimated $ calculate_energy_and_activity(),44.6137919332216,single_datapoint,no_comment
5774,2021,08_JPN,new_vehicle_efficiency,2w,km_per_pj,road,passenger,ice,all,yearly,national,['avg_eff_no_outliers $ transport_data_system_9th'],1,7669072338.574219,avg_eff_no_outliers $ transport_data_system_9th,589928641.428786,single_datapoint,no_comment
5775,2021,08_JPN,travel_km,2w,km,road,passenger,ice,all,yearly,national,['estimated $ calculate_energy_and_activity()'],1,323502780000.0,estimated $ calculate_energy_and_activity(),28217077500.0,single_datapoint,no_comment
5776,2021,08_JPN,turnover_rate,2w,%,road,passenger,ice,all,yearly,national,['manually_inputted_data $ guess'],1,0.39,manually_inputted_data $ guess,0.03,single_datapoint,no_comment
5777,2022,08_JPN,new_vehicle_efficiency,2w,km_per_pj,road,passenger,ice,all,yearly,national,['avg_eff_no_outliers $ transport_data_system_9th'],1,7669072338.574219,avg_eff_no_outliers $ transport_data_system_9th,589928641.428786,single_datapoint,no_comment
5778,2022,08_JPN,turnover_rate,2w,%,road,passenger,ice,all,yearly,national,['manually_inputted_data $ guess'],1,0.39,manually_inputted_data $ guess,0.03,single_datapoint,no_comment
5779,2010,08_JPN,intensity,all,pj_per_passenger_or_freight_tonne_km,air,freight,all,all,yearly,national,['manually_inputted_data $ energy-intensity-of-passenger-transport-modes-2018'],1,4.0300000000000004e-08,manually_inputted_data $ energy-intensity-of-passenger-transport-modes-2018,3.1e-09,single_datapoint,assumed_to_be_same_as_passenger_air_because_of_lack_of_data
5780,2010,08_JPN,intensity,all,pj_per_passenger_or_freight_tonne_km,rail,freight,all,all,yearly,national,['manually_inputted_data $ iea_howtocalculatetheindicatorsforthetransportsectors.pdf'],1,2.86e-09,manually_inputted_data $ iea_howtocalculatetheindicatorsforthetransportsectors.pdf,2.2e-10,single_datapoint,from_how_to_calculate_the_indicators_for_the_transport_sector
5781,2010,08_JPN,intensity,all,pj_per_passenger_or_freight_tonne_km,ship,freight,all,all,yearly,national,['manually_inputted_data $ iea_howtocalculatetheindicatorsforthetransportsectors.pdf'],1,7.02e-09,manually_inputted_data $ iea_howtocalculatetheindicatorsforthetransportsectors.pdf,5.4e-10,single_datapoint,from_how_to_calculate_the_indicators_for_the_transport_sector
5782,2010,08_JPN,intensity,all,pj_per_passenger_or_freight_tonne_km,air,passenger,all,all,yearly,national,['manually_inputted_data $ energy-intensity-of-passenger-transport-modes-2018'],1,4.0300000000000004e-08,manually_inputted_data $ energy-intensity-of-passenger-transport-modes-2018,3.1e-09,single_datapoint,no_comment
5783,2010,08_JPN,intensity,all,pj_per_passenger_or_freight_tonne_km,rail,passenger,all,all,yearly,national,['manually_inputted_data $ energy-intensity-of-passenger-transport-modes-2018'],1,2.6e-09,manually_inputted_data $ energy-intensity-of-passenger-transport-modes-2018,2e-10,single_datapoint,no_comment
5784,2010,08_JPN,intensity,all,pj_per_passenger_or_freight_tonne_km,ship,passenger,all,all,yearly,national,['manually_inputted_data $ iea_howtocalculatetheindicatorsforthetransportsectors.pdf'],1,7.02e-09,manually_inputted_data $ iea_howtocalculatetheindicatorsforthetransportsectors.pdf,5.4e-10,single_datapoint,assumed_to_be_the_same_as_ship_freight_from_iea_how_to
5785,2011,08_JPN,intensity,all,pj_per_passenger_or_freight_tonne_km,air,freight,all,all,yearly,national,['manually_inputted_data $ energy-intensity-of-passenger-transport-modes-2018'],1,4.0300000000000004e-08,manually_inputted_data $ energy-intensity-of-passenger-transport-modes-2018,3.1e-09,single_datapoint,assumed_to_be_same_as_passenger_air_because_of_lack_of_data
5786,2011,08_JPN,intensity,all,pj_per_passenger_or_freight_tonne_km,rail,freight,all,all,yearly,national,['manually_inputted_data $ iea_howtocalculatetheindicatorsforthetransportsectors.pdf'],1,2.86e-09,manually_inputted_data $ iea_howtocalculatetheindicatorsforthetransportsectors.pdf,2.2e-10,single_datapoint,from_how_to_calculate_the_indicators_for_the_transport_sector
5787,2011,08_JPN,intensity,all,pj_per_passenger_or_freight_tonne_km,ship,freight,all,all,yearly,national,['manually_inputted_data $ iea_howtocalculatetheindicatorsforthetransportsectors.pdf'],1,7.02e-09,manually_inputted_data $ iea_howtocalculatetheindicatorsforthetransportsectors.pdf,5.4e-10,single_datapoint,from_how_to_calculate_the_indicators_for_the_transport_sector
5788,2011,08_JPN,intensity,all,pj_per_passenger_or_freight_tonne_km,air,passenger,all,all,yearly,national,['manually_inputted_data $ energy-intensity-of-passenger-transport-modes-2018'],1,4.0300000000000004e-08,manually_inputted_data $ energy-intensity-of-passenger-transport-modes-2018,3.1e-09,single_datapoint,no_comment
5789,2011,08_JPN,intensity,all,pj_per_passenger_or_freight_tonne_km,rail,passenger,all,all,yearly,national,['manually_inputted_data $ energy-intensity-of-passenger-transport-modes-2018'],1,2.6e-09,manually_inputted_data $ energy-intensity-of-passenger-transport-modes-2018,2e-10,single_datapoint,no_comment
5790,2011,08_JPN,intensity,all,pj_per_passenger_or_freight_tonne_km,ship,passenger,all,all,yearly,national,['manually_inputted_data $ iea_howtocalculatetheindicatorsforthetransportsectors.pdf'],1,7.02e-09,manually_inputted_data $ iea_howtocalculatetheindicatorsforthetransportsectors.pdf,5.4e-10,single_datapoint,assumed_to_be_the_same_as_ship_freight_from_iea_how_to
5791,2012,08_JPN,intensity,all,pj_per_passenger_or_freight_tonne_km,air,freight,all,all,yearly,national,['manually_inputted_data $ energy-intensity-of-passenger-transport-modes-2018'],1,4.0300000000000004e-08,manually_inputted_data $ energy-intensity-of-passenger-transport-modes-2018,3.1e-09,single_datapoint,assumed_to_be_same_as_passenger_air_because_of_lack_of_data
5792,2012,08_JPN,intensity,all,pj_per_passenger_or_freight_tonne_km,rail,freight,all,all,yearly,national,['manually_inputted_data $ iea_howtocalculatetheindicatorsforthetransportsectors.pdf'],1,2.86e-09,manually_inputted_data $ iea_howtocalculatetheindicatorsforthetransportsectors.pdf,2.2e-10,single_datapoint,from_how_to_calculate_the_indicators_for_the_transport_sector
5793,2012,08_JPN,intensity,all,pj_per_passenger_or_freight_tonne_km,ship,freight,all,all,yearly,national,['manually_inputted_data $ iea_howtocalculatetheindicatorsforthetransportsectors.pdf'],1,7.02e-09,manually_inputted_data $ iea_howtocalculatetheindicatorsforthetransportsectors.pdf,5.4e-10,single_datapoint,from_how_to_calculate_the_indicators_for_the_transport_sector
5794,2012,08_JPN,intensity,all,pj_per_passenger_or_freight_tonne_km,air,passenger,all,all,yearly,national,['manually_inputted_data $ energy-intensity-of-passenger-transport-modes-2018'],1,4.0300000000000004e-08,manually_inputted_data $ energy-intensity-of-passenger-transport-modes-2018,3.1e-09,single_datapoint,no_comment
5795,2012,08_JPN,intensity,all,pj_per_passenger_or_freight_tonne_km,rail,passenger,all,all,yearly,national,['manually_inputted_data $ energy-intensity-of-passenger-transport-modes-2018'],1,2.6e-09,manually_inputted_data $ energy-intensity-of-passenger-transport-modes-2018,2e-10,single_datapoint,no_comment
5796,2012,08_JPN,intensity,all,pj_per_passenger_or_freight_tonne_km,ship,passenger,all,all,yearly,national,['manually_inputted_data $ iea_howtocalculatetheindicatorsforthetransportsectors.pdf'],1,7.02e-09,manually_inputted_data $ iea_howtocalculatetheindicatorsforthetransportsectors.pdf,5.4e-10,single_datapoint,assumed_to_be_the_same_as_ship_freight_from_iea_how_to
5797,2013,08_JPN,intensity,all,pj_per_passenger_or_freight_tonne_km,air,freight,all,all,yearly,national,['manually_inputted_data $ energy-intensity-of-passenger-transport-modes-2018'],1,4.0300000000000004e-08,manually_inputted_data $ energy-intensity-of-passenger-transport-modes-2018,3.1e-09,single_datapoint,assumed_to_be_same_as_passenger_air_because_of_lack_of_data
5798,2013,08_JPN,intensity,all,pj_per_passenger_or_freight_tonne_km,rail,freight,all,all,yearly,national,['manually_inputted_data $ iea_howtocalculatetheindicatorsforthetransportsectors.pdf'],1,2.86e-09,manually_inputted_data $ iea_howtocalculatetheindicatorsforthetransportsectors.pdf,2.2e-10,single_datapoint,from_how_to_calculate_the_indicators_for_the_transport_sector
5799,2013,08_JPN,intensity,all,pj_per_passenger_or_freight_tonne_km,ship,freight,all,all,yearly,national,['manually_inputted_data $ iea_howtocalculatetheindicatorsforthetransportsectors.pdf'],1,7.02e-09,manually_inputted_data $ iea_howtocalculatetheindicatorsforthetransportsectors.pdf,5.4e-10,single_datapoint,from_how_to_calculate_the_indicators_for_the_transport_sector
5800,2013,08_JPN,intensity,all,pj_per_passenger_or_freight_tonne_km,air,passenger,all,all,yearly,national,['manually_inputted_data $ energy-intensity-of-passenger-transport-modes-2018'],1,4.0300000000000004e-08,manually_inputted_data $ energy-intensity-of-passenger-transport-modes-2018,3.1e-09,single_datapoint,no_comment
5801,2013,08_JPN,intensity,all,pj_per_passenger_or_freight_tonne_km,rail,passenger,all,all,yearly,national,['manually_inputted_data $ energy-intensity-of-passenger-transport-modes-2018'],1,2.6e-09,manually_inputted_data $ energy-intensity-of-passenger-transport-modes-2018,2e-10,single_datapoint,no_comment
5802,2013,08_JPN,intensity,all,pj_per_passenger_or_freight_tonne_km,ship,passenger,all,all,yearly,national,['manually_inputted_data $ iea_howtocalculatetheindicatorsforthetransportsectors.pdf'],1,7.02e-09,manually_inputted_data $ iea_howtocalculatetheindicatorsforthetransportsectors.pdf,5.4e-10,single_datapoint,assumed_to_be_the_same_as_ship_freight_from_iea_how_to
5803,2014,08_JPN,intensity,all,pj_per_passenger_or_freight_tonne_km,air,freight,all,all,yearly,national,['manually_inputted_data $ energy-intensity-of-passenger-transport-modes-2018'],1,4.0300000000000004e-08,manually_inputted_data $ energy-intensity-of-passenger-transport-modes-2018,3.1e-09,single_datapoint,assumed_to_be_same_as_passenger_air_because_of_lack_of_data
5804,2014,08_JPN,intensity,all,pj_per_passenger_or_freight_tonne_km,rail,freight,all,all,yearly,national,['manually_inputted_data $ iea_howtocalculatetheindicatorsforthetransportsectors.pdf'],1,2.86e-09,manually_inputted_data $ iea_howtocalculatetheindicatorsforthetransportsectors.pdf,2.2e-10,single_datapoint,from_how_to_calculate_the_indicators_for_the_transport_sector
5805,2014,08_JPN,intensity,all,pj_per_passenger_or_freight_tonne_km,ship,freight,all,all,yearly,national,['manually_inputted_data $ iea_howtocalculatetheindicatorsforthetransportsectors.pdf'],1,7.02e-09,manually_inputted_data $ iea_howtocalculatetheindicatorsforthetransportsectors.pdf,5.4e-10,single_datapoint,from_how_to_calculate_the_indicators_for_the_transport_sector
5806,2014,08_JPN,intensity,all,pj_per_passenger_or_freight_tonne_km,air,passenger,all,all,yearly,national,['manually_inputted_data $ energy-intensity-of-passenger-transport-modes-2018'],1,4.0300000000000004e-08,manually_inputted_data $ energy-intensity-of-passenger-transport-modes-2018,3.1e-09,single_datapoint,no_comment
5807,2014,08_JPN,intensity,all,pj_per_passenger_or_freight_tonne_km,rail,passenger,all,all,yearly,national,['manually_inputted_data $ energy-intensity-of-passenger-transport-modes-2018'],1,2.6e-09,manually_inputted_data $ energy-intensity-of-passenger-transport-modes-2018,2e-10,single_datapoint,no_comment
5808,2014,08_JPN,intensity,all,pj_per_passenger_or_freight_tonne_km,ship,passenger,all,all,yearly,national,['manually_inputted_data $ iea_howtocalculatetheindicatorsforthetransportsectors.pdf'],1,7.02e-09,manually_inputted_data $ iea_howtocalculatetheindicatorsforthetransportsectors.pdf,5.4e-10,single_datapoint,assumed_to_be_the_same_as_ship_freight_from_iea_how_to
5809,2015,08_JPN,intensity,all,pj_per_passenger_or_freight_tonne_km,air,freight,all,all,yearly,national,['manually_inputted_data $ energy-intensity-of-passenger-transport-modes-2018'],1,4.0300000000000004e-08,manually_inputted_data $ energy-intensity-of-passenger-transport-modes-2018,3.1e-09,single_datapoint,assumed_to_be_same_as_passenger_air_because_of_lack_of_data
5810,2015,08_JPN,intensity,all,pj_per_passenger_or_freight_tonne_km,rail,freight,all,all,yearly,national,['manually_inputted_data $ iea_howtocalculatetheindicatorsforthetransportsectors.pdf'],1,2.86e-09,manually_inputted_data $ iea_howtocalculatetheindicatorsforthetransportsectors.pdf,2.2e-10,single_datapoint,from_how_to_calculate_the_indicators_for_the_transport_sector
5811,2015,08_JPN,intensity,all,pj_per_passenger_or_freight_tonne_km,ship,freight,all,all,yearly,national,['manually_inputted_data $ iea_howtocalculatetheindicatorsforthetransportsectors.pdf'],1,7.02e-09,manually_inputted_data $ iea_howtocalculatetheindicatorsforthetransportsectors.pdf,5.4e-10,single_datapoint,from_how_to_calculate_the_indicators_for_the_transport_sector
5812,2015,08_JPN,intensity,all,pj_per_passenger_or_freight_tonne_km,air,passenger,all,all,yearly,national,['manually_inputted_data $ energy-intensity-of-passenger-transport-modes-2018'],1,4.0300000000000004e-08,manually_inputted_data $ energy-intensity-of-passenger-transport-modes-2018,3.1e-09,single_datapoint,no_comment
5813,2015,08_JPN,intensity,all,pj_per_passenger_or_freight_tonne_km,rail,passenger,all,all,yearly,national,['manually_inputted_data $ energy-intensity-of-passenger-transport-modes-2018'],1,2.6e-09,manually_inputted_data $ energy-intensity-of-passenger-transport-modes-2018,2e-10,single_datapoint,no_comment
5814,2015,08_JPN,intensity,all,pj_per_passenger_or_freight_tonne_km,ship,passenger,all,all,yearly,national,['manually_inputted_data $ iea_howtocalculatetheindicatorsforthetransportsectors.pdf'],1,7.02e-09,manually_inputted_data $ iea_howtocalculatetheindicatorsforthetransportsectors.pdf,5.4e-10,single_datapoint,assumed_to_be_the_same_as_ship_freight_from_iea_how_to
5815,2016,08_JPN,intensity,all,pj_per_passenger_or_freight_tonne_km,air,freight,all,all,yearly,national,['manually_inputted_data $ energy-intensity-of-passenger-transport-modes-2018'],1,4.0300000000000004e-08,manually_inputted_data $ energy-intensity-of-passenger-transport-modes-2018,3.1e-09,single_datapoint,assumed_to_be_same_as_passenger_air_because_of_lack_of_data
5816,2016,08_JPN,intensity,all,pj_per_passenger_or_freight_tonne_km,rail,freight,all,all,yearly,national,['manually_inputted_data $ iea_howtocalculatetheindicatorsforthetransportsectors.pdf'],1,2.86e-09,manually_inputted_data $ iea_howtocalculatetheindicatorsforthetransportsectors.pdf,2.2e-10,single_datapoint,from_how_to_calculate_the_indicators_for_the_transport_sector
5817,2016,08_JPN,intensity,all,pj_per_passenger_or_freight_tonne_km,ship,freight,all,all,yearly,national,['manually_inputted_data $ iea_howtocalculatetheindicatorsforthetransportsectors.pdf'],1,7.02e-09,manually_inputted_data $ iea_howtocalculatetheindicatorsforthetransportsectors.pdf,5.4e-10,single_datapoint,from_how_to_calculate_the_indicators_for_the_transport_sector
5818,2016,08_JPN,intensity,all,pj_per_passenger_or_freight_tonne_km,air,passenger,all,all,yearly,national,['manually_inputted_data $ energy-intensity-of-passenger-transport-modes-2018'],1,4.0300000000000004e-08,manually_inputted_data $ energy-intensity-of-passenger-transport-modes-2018,3.1e-09,single_datapoint,no_comment
5819,2016,08_JPN,intensity,all,pj_per_passenger_or_freight_tonne_km,rail,passenger,all,all,yearly,national,['manually_inputted_data $ energy-intensity-of-passenger-transport-modes-2018'],1,2.6e-09,manually_inputted_data $ energy-intensity-of-passenger-transport-modes-2018,2e-10,single_datapoint,no_comment
5820,2016,08_JPN,intensity,all,pj_per_passenger_or_freight_tonne_km,ship,passenger,all,all,yearly,national,['manually_inputted_data $ iea_howtocalculatetheindicatorsforthetransportsectors.pdf'],1,7.02e-09,manually_inputted_data $ iea_howtocalculatetheindicatorsforthetransportsectors.pdf,5.4e-10,single_datapoint,assumed_to_be_the_same_as_ship_freight_from_iea_how_to
5821,2017,08_JPN,intensity,all,pj_per_passenger_or_freight_tonne_km,air,freight,all,all,yearly,national,['manually_inputted_data $ energy-intensity-of-passenger-transport-modes-2018'],1,4.0300000000000004e-08,manually_inputted_data $ energy-intensity-of-passenger-transport-modes-2018,3.1e-09,single_datapoint,assumed_to_be_same_as_passenger_air_because_of_lack_of_data
5822,2017,08_JPN,intensity,all,pj_per_passenger_or_freight_tonne_km,rail,freight,all,all,yearly,national,['manually_inputted_data $ iea_howtocalculatetheindicatorsforthetransportsectors.pdf'],1,2.86e-09,manually_inputted_data $ iea_howtocalculatetheindicatorsforthetransportsectors.pdf,2.2e-10,single_datapoint,from_how_to_calculate_the_indicators_for_the_transport_sector
5823,2017,08_JPN,intensity,all,pj_per_passenger_or_freight_tonne_km,ship,freight,all,all,yearly,national,['manually_inputted_data $ iea_howtocalculatetheindicatorsforthetransportsectors.pdf'],1,7.02e-09,manually_inputted_data $ iea_howtocalculatetheindicatorsforthetransportsectors.pdf,5.4e-10,single_datapoint,from_how_to_calculate_the_indicators_for_the_transport_sector
5824,2017,08_JPN,intensity,all,pj_per_passenger_or_freight_tonne_km,air,passenger,all,all,yearly,national,['manually_inputted_data $ energy-intensity-of-passenger-transport-modes-2018'],1,4.0300000000000004e-08,manually_inputted_data $ energy-intensity-of-passenger-transport-modes-2018,3.1e-09,single_datapoint,no_comment
5825,2017,08_JPN,intensity,all,pj_per_passenger_or_freight_tonne_km,rail,passenger,all,all,yearly,national,['manually_inputted_data $ energy-intensity-of-passenger-transport-modes-2018'],1,2.6e-09,manually_inputted_data $ energy-intensity-of-passenger-transport-modes-2018,2e-10,single_datapoint,no_comment
5826,2017,08_JPN,intensity,all,pj_per_passenger_or_freight_tonne_km,ship,passenger,all,all,yearly,national,['manually_inputted_data $ iea_howtocalculatetheindicatorsforthetransportsectors.pdf'],1,7.02e-09,manually_inputted_data $ iea_howtocalculatetheindicatorsforthetransportsectors.pdf,5.4e-10,single_datapoint,assumed_to_be_the_same_as_ship_freight_from_iea_how_to
5827,2018,08_JPN,intensity,all,pj_per_passenger_or_freight_tonne_km,air,freight,all,all,yearly,national,['manually_inputted_data $ energy-intensity-of-passenger-transport-modes-2018'],1,4.0300000000000004e-08,manually_inputted_data $ energy-intensity-of-passenger-transport-modes-2018,3.1e-09,single_datapoint,assumed_to_be_same_as_passenger_air_because_of_lack_of_data
5828,2018,08_JPN,intensity,all,pj_per_passenger_or_freight_tonne_km,rail,freight,all,all,yearly,national,['manually_inputted_data $ iea_howtocalculatetheindicatorsforthetransportsectors.pdf'],1,2.86e-09,manually_inputted_data $ iea_howtocalculatetheindicatorsforthetransportsectors.pdf,2.2e-10,single_datapoint,from_how_to_calculate_the_indicators_for_the_transport_sector
5829,2018,08_JPN,intensity,all,pj_per_passenger_or_freight_tonne_km,ship,freight,all,all,yearly,national,['manually_inputted_data $ iea_howtocalculatetheindicatorsforthetransportsectors.pdf'],1,7.02e-09,manually_inputted_data $ iea_howtocalculatetheindicatorsforthetransportsectors.pdf,5.4e-10,single_datapoint,from_how_to_calculate_the_indicators_for_the_transport_sector
5830,2018,08_JPN,intensity,all,pj_per_passenger_or_freight_tonne_km,air,passenger,all,all,yearly,national,['manually_inputted_data $ energy-intensity-of-passenger-transport-modes-2018'],1,4.0300000000000004e-08,manually_inputted_data $ energy-intensity-of-passenger-transport-modes-2018,3.1e-09,single_datapoint,no_comment
5831,2018,08_JPN,intensity,all,pj_per_passenger_or_freight_tonne_km,rail,passenger,all,all,yearly,national,['manually_inputted_data $ energy-intensity-of-passenger-transport-modes-2018'],1,2.6e-09,manually_inputted_data $ energy-intensity-of-passenger-transport-modes-2018,2e-10,single_datapoint,no_comment
5832,2018,08_JPN,intensity,all,pj_per_passenger_or_freight_tonne_km,ship,passenger,all,all,yearly,national,['manually_inputted_data $ iea_howtocalculatetheindicatorsforthetransportsectors.pdf'],1,7.02e-09,manually_inputted_data $ iea_howtocalculatetheindicatorsforthetransportsectors.pdf,5.4e-10,single_datapoint,assumed_to_be_the_same_as_ship_freight_from_iea_how_to
5833,2019,08_JPN,intensity,all,pj_per_passenger_or_freight_tonne_km,air,freight,all,all,yearly,national,['manually_inputted_data $ energy-intensity-of-passenger-transport-modes-2018'],1,4.0300000000000004e-08,manually_inputted_data $ energy-intensity-of-passenger-transport-modes-2018,3.1e-09,single_datapoint,assumed_to_be_same_as_passenger_air_because_of_lack_of_data
5834,2019,08_JPN,intensity,all,pj_per_passenger_or_freight_tonne_km,rail,freight,all,all,yearly,national,['manually_inputted_data $ iea_howtocalculatetheindicatorsforthetransportsectors.pdf'],1,2.86e-09,manually_inputted_data $ iea_howtocalculatetheindicatorsforthetransportsectors.pdf,2.2e-10,single_datapoint,from_how_to_calculate_the_indicators_for_the_transport_sector
5835,2019,08_JPN,intensity,all,pj_per_passenger_or_freight_tonne_km,ship,freight,all,all,yearly,national,['manually_inputted_data $ iea_howtocalculatetheindicatorsforthetransportsectors.pdf'],1,7.02e-09,manually_inputted_data $ iea_howtocalculatetheindicatorsforthetransportsectors.pdf,5.4e-10,single_datapoint,from_how_to_calculate_the_indicators_for_the_transport_sector
5836,2019,08_JPN,intensity,all,pj_per_passenger_or_freight_tonne_km,air,passenger,all,all,yearly,national,['manually_inputted_data $ energy-intensity-of-passenger-transport-modes-2018'],1,4.0300000000000004e-08,manually_inputted_data $ energy-intensity-of-passenger-transport-modes-2018,3.1e-09,single_datapoint,no_comment
5837,2019,08_JPN,intensity,all,pj_per_passenger_or_freight_tonne_km,rail,passenger,all,all,yearly,national,['manually_inputted_data $ energy-intensity-of-passenger-transport-modes-2018'],1,2.6e-09,manually_inputted_data $ energy-intensity-of-passenger-transport-modes-2018,2e-10,single_datapoint,no_comment
5838,2019,08_JPN,intensity,all,pj_per_passenger_or_freight_tonne_km,ship,passenger,all,all,yearly,national,['manually_inputted_data $ iea_howtocalculatetheindicatorsforthetransportsectors.pdf'],1,7.02e-09,manually_inputted_data $ iea_howtocalculatetheindicatorsforthetransportsectors.pdf,5.4e-10,single_datapoint,assumed_to_be_the_same_as_ship_freight_from_iea_how_to
5839,2020,08_JPN,intensity,all,pj_per_passenger_or_freight_tonne_km,air,freight,all,all,yearly,national,['manually_inputted_data $ energy-intensity-of-passenger-transport-modes-2018'],1,4.0300000000000004e-08,manually_inputted_data $ energy-intensity-of-passenger-transport-modes-2018,3.1e-09,single_datapoint,assumed_to_be_same_as_passenger_air_because_of_lack_of_data
5840,2020,08_JPN,intensity,all,pj_per_passenger_or_freight_tonne_km,rail,freight,all,all,yearly,national,['manually_inputted_data $ iea_howtocalculatetheindicatorsforthetransportsectors.pdf'],1,2.86e-09,manually_inputted_data $ iea_howtocalculatetheindicatorsforthetransportsectors.pdf,2.2e-10,single_datapoint,from_how_to_calculate_the_indicators_for_the_transport_sector
5841,2020,08_JPN,intensity,all,pj_per_passenger_or_freight_tonne_km,ship,freight,all,all,yearly,national,['manually_inputted_data $ iea_howtocalculatetheindicatorsforthetransportsectors.pdf'],1,7.02e-09,manually_inputted_data $ iea_howtocalculatetheindicatorsforthetransportsectors.pdf,5.4e-10,single_datapoint,from_how_to_calculate_the_indicators_for_the_transport_sector
5842,2020,08_JPN,intensity,all,pj_per_passenger_or_freight_tonne_km,air,passenger,all,all,yearly,national,['manually_inputted_data $ energy-intensity-of-passenger-transport-modes-2018'],1,4.0300000000000004e-08,manually_inputted_data $ energy-intensity-of-passenger-transport-modes-2018,3.1e-09,single_datapoint,no_comment
5843,2020,08_JPN,intensity,all,pj_per_passenger_or_freight_tonne_km,rail,passenger,all,all,yearly,national,['manually_inputted_data $ energy-intensity-of-passenger-transport-modes-2018'],1,2.6e-09,manually_inputted_data $ energy-intensity-of-passenger-transport-modes-2018,2e-10,single_datapoint,no_comment
5844,2020,08_JPN,intensity,all,pj_per_passenger_or_freight_tonne_km,ship,passenger,all,all,yearly,national,['manually_inputted_data $ iea_howtocalculatetheindicatorsforthetransportsectors.pdf'],1,7.02e-09,manually_inputted_data $ iea_howtocalculatetheindicatorsforthetransportsectors.pdf,5.4e-10,single_datapoint,assumed_to_be_the_same_as_ship_freight_from_iea_how_to
5845,2021,08_JPN,intensity,all,pj_per_passenger_or_freight_tonne_km,air,freight,all,all,yearly,national,['manually_inputted_data $ energy-intensity-of-passenger-transport-modes-2018'],1,4.0300000000000004e-08,manually_inputted_data $ energy-intensity-of-passenger-transport-modes-2018,3.1e-09,single_datapoint,assumed_to_be_same_as_passenger_air_because_of_lack_of_data
5846,2021,08_JPN,intensity,all,pj_per_passenger_or_freight_tonne_km,rail,freight,all,all,yearly,national,['manually_inputted_data $ iea_howtocalculatetheindicatorsforthetransportsectors.pdf'],1,2.86e-09,manually_inputted_data $ iea_howtocalculatetheindicatorsforthetransportsectors.pdf,2.2e-10,single_datapoint,from_how_to_calculate_the_indicators_for_the_transport_sector
5847,2021,08_JPN,intensity,all,pj_per_passenger_or_freight_tonne_km,ship,freight,all,all,yearly,national,['manually_inputted_data $ iea_howtocalculatetheindicatorsforthetransportsectors.pdf'],1,7.02e-09,manually_inputted_data $ iea_howtocalculatetheindicatorsforthetransportsectors.pdf,5.4e-10,single_datapoint,from_how_to_calculate_the_indicators_for_the_transport_sector
5848,2021,08_JPN,intensity,all,pj_per_passenger_or_freight_tonne_km,air,passenger,all,all,yearly,national,['manually_inputted_data $ energy-intensity-of-passenger-transport-modes-2018'],1,4.0300000000000004e-08,manually_inputted_data $ energy-intensity-of-passenger-transport-modes-2018,3.1e-09,single_datapoint,no_comment
5849,2021,08_JPN,intensity,all,pj_per_passenger_or_freight_tonne_km,rail,passenger,all,all,yearly,national,['manually_inputted_data $ energy-intensity-of-passenger-transport-modes-2018'],1,2.6e-09,manually_inputted_data $ energy-intensity-of-passenger-transport-modes-2018,2e-10,single_datapoint,no_comment
5850,2021,08_JPN,intensity,all,pj_per_passenger_or_freight_tonne_km,ship,passenger,all,all,yearly,national,['manually_inputted_data $ iea_howtocalculatetheindicatorsforthetransportsectors.pdf'],1,7.02e-09,manually_inputted_data $ iea_howtocalculatetheindicatorsforthetransportsectors.pdf,5.4e-10,single_datapoint,assumed_to_be_the_same_as_ship_freight_from_iea_how_to
5851,2022,08_JPN,intensity,all,pj_per_passenger_or_freight_tonne_km,air,freight,all,all,yearly,national,['manually_inputted_data $ energy-intensity-of-passenger-transport-modes-2018'],1,4.0300000000000004e-08,manually_inputted_data $ energy-intensity-of-passenger-transport-modes-2018,3.1e-09,single_datapoint,assumed_to_be_same_as_passenger_air_because_of_lack_of_data
5852,2022,08_JPN,intensity,all,pj_per_passenger_or_freight_tonne_km,rail,freight,all,all,yearly,national,['manually_inputted_data $ iea_howtocalculatetheindicatorsforthetransportsectors.pdf'],1,2.86e-09,manually_inputted_data $ iea_howtocalculatetheindicatorsforthetransportsectors.pdf,2.2e-10,single_datapoint,from_how_to_calculate_the_indicators_for_the_transport_sector
5853,2022,08_JPN,intensity,all,pj_per_passenger_or_freight_tonne_km,ship,freight,all,all,yearly,national,['manually_inputted_data $ iea_howtocalculatetheindicatorsforthetransportsectors.pdf'],1,7.02e-09,manually_inputted_data $ iea_howtocalculatetheindicatorsforthetransportsectors.pdf,5.4e-10,single_datapoint,from_how_to_calculate_the_indicators_for_the_transport_sector
5854,2022,08_JPN,intensity,all,pj_per_passenger_or_freight_tonne_km,air,passenger,all,all,yearly,national,['manually_inputted_data $ energy-intensity-of-passenger-transport-modes-2018'],1,4.0300000000000004e-08,manually_inputted_data $ energy-intensity-of-passenger-transport-modes-2018,3.1e-09,single_datapoint,no_comment
5855,2022,08_JPN,intensity,all,pj_per_passenger_or_freight_tonne_km,rail,passenger,all,all,yearly,national,['manually_inputted_data $ energy-intensity-of-passenger-transport-modes-2018'],1,2.6e-09,manually_inputted_data $ energy-intensity-of-passenger-transport-modes-2018,2e-10,single_datapoint,no_comment
5856,2022,08_JPN,intensity,all,pj_per_passenger_or_freight_tonne_km,ship,passenger,all,all,yearly,national,['manually_inputted_data $ iea_howtocalculatetheindicatorsforthetransportsectors.pdf'],1,7.02e-09,manually_inputted_data $ iea_howtocalculatetheindicatorsforthetransportsectors.pdf,5.4e-10,single_datapoint,assumed_to_be_the_same_as_ship_freight_from_iea_how_to
5857,2010,08_JPN,new_vehicle_efficiency,bus,km_per_pj,road,passenger,bev,all,yearly,national,['avg_eff_no_outliers $ transport_data_system_9th'],1,1058314235.1561403,avg_eff_no_outliers $ transport_data_system_9th,81408787.3197031,single_datapoint,no_comment
5858,2010,08_JPN,turnover_rate,bus,%,road,passenger,bev,all,yearly,national,['manually_inputted_data $ guess'],1,0.42,manually_inputted_data $ guess,0.03,manual,no_comment
5859,2011,08_JPN,activity,bus,passenger_km_or_freight_tonne_km,road,passenger,bev,all,yearly,national,['estimated $ calculate_energy_and_activity()'],1,445500000.0,estimated $ calculate_energy_and_activity(),2250000.0,single_datapoint,no_comment
5860,2011,08_JPN,energy,bus,pj,road,passenger,bev,all,yearly,national,['estimated $ calculate_energy_and_activity()'],1,0.11402472964701081,estimated $ calculate_energy_and_activity(),0.000575882472964701,single_datapoint,no_comment
5861,2011,08_JPN,new_vehicle_efficiency,bus,km_per_pj,road,passenger,bev,all,yearly,national,['avg_eff_no_outliers $ transport_data_system_9th'],1,1058314235.1561403,avg_eff_no_outliers $ transport_data_system_9th,81408787.3197031,single_datapoint,no_comment
5862,2011,08_JPN,travel_km,bus,km,road,passenger,bev,all,yearly,national,['estimated $ calculate_energy_and_activity()'],1,29700000.0,estimated $ calculate_energy_and_activity(),150000.0,single_datapoint,no_comment
5863,2011,08_JPN,turnover_rate,bus,%,road,passenger,bev,all,yearly,national,['manually_inputted_data $ guess'],1,0.42,manually_inputted_data $ guess,0.03,manual,no_comment
5864,2012,08_JPN,activity,bus,passenger_km_or_freight_tonne_km,road,passenger,bev,all,yearly,national,['estimated $ calculate_energy_and_activity()'],1,445500000.0,estimated $ calculate_energy_and_activity(),6750000.0,single_datapoint,no_comment
5865,2012,08_JPN,energy,bus,pj,road,passenger,bev,all,yearly,national,['estimated $ calculate_energy_and_activity()'],1,0.11402472964701081,estimated $ calculate_energy_and_activity(),0.0017276474188941031,single_datapoint,no_comment
5866,2012,08_JPN,new_vehicle_efficiency,bus,km_per_pj,road,passenger,bev,all,yearly,national,['avg_eff_no_outliers $ transport_data_system_9th'],1,1058314235.1561403,avg_eff_no_outliers $ transport_data_system_9th,81408787.3197031,single_datapoint,no_comment
5867,2012,08_JPN,travel_km,bus,km,road,passenger,bev,all,yearly,national,['estimated $ calculate_energy_and_activity()'],1,29700000.0,estimated $ calculate_energy_and_activity(),450000.0,single_datapoint,no_comment
5868,2012,08_JPN,turnover_rate,bus,%,road,passenger,bev,all,yearly,national,['manually_inputted_data $ guess'],1,0.42,manually_inputted_data $ guess,0.03,manual,no_comment
5869,2013,08_JPN,activity,bus,passenger_km_or_freight_tonne_km,road,passenger,bev,all,yearly,national,['estimated $ calculate_energy_and_activity()'],1,445500000.0,estimated $ calculate_energy_and_activity(),14625000.0,single_datapoint,no_comment
5870,2013,08_JPN,energy,bus,pj,road,passenger,bev,all,yearly,national,['estimated $ calculate_energy_and_activity()'],1,0.11402472964701081,estimated $ calculate_energy_and_activity(),0.0037432360742705568,single_datapoint,no_comment
5871,2013,08_JPN,new_vehicle_efficiency,bus,km_per_pj,road,passenger,bev,all,yearly,national,['avg_eff_no_outliers $ transport_data_system_9th'],1,1058314235.1561403,avg_eff_no_outliers $ transport_data_system_9th,81408787.3197031,single_datapoint,no_comment
5872,2013,08_JPN,travel_km,bus,km,road,passenger,bev,all,yearly,national,['estimated $ calculate_energy_and_activity()'],1,29700000.0,estimated $ calculate_energy_and_activity(),975000.0,single_datapoint,no_comment
5873,2013,08_JPN,turnover_rate,bus,%,road,passenger,bev,all,yearly,national,['manually_inputted_data $ guess'],1,0.42,manually_inputted_data $ guess,0.03,manual,no_comment
5874,2014,08_JPN,activity,bus,passenger_km_or_freight_tonne_km,road,passenger,bev,all,yearly,national,['estimated $ calculate_energy_and_activity()'],1,445500000.0,estimated $ calculate_energy_and_activity(),21375000.0,single_datapoint,no_comment
5875,2014,08_JPN,energy,bus,pj,road,passenger,bev,all,yearly,national,['estimated $ calculate_energy_and_activity()'],1,0.11402472964701081,estimated $ calculate_energy_and_activity(),0.0054708834931646595,single_datapoint,no_comment
5876,2014,08_JPN,new_vehicle_efficiency,bus,km_per_pj,road,passenger,bev,all,yearly,national,['avg_eff_no_outliers $ transport_data_system_9th'],1,1058314235.1561403,avg_eff_no_outliers $ transport_data_system_9th,81408787.3197031,single_datapoint,no_comment
5877,2014,08_JPN,travel_km,bus,km,road,passenger,bev,all,yearly,national,['estimated $ calculate_energy_and_activity()'],1,29700000.0,estimated $ calculate_energy_and_activity(),1425000.0,single_datapoint,no_comment
5878,2014,08_JPN,turnover_rate,bus,%,road,passenger,bev,all,yearly,national,['manually_inputted_data $ guess'],1,0.42,manually_inputted_data $ guess,0.03,manual,no_comment
5879,2015,08_JPN,activity,bus,passenger_km_or_freight_tonne_km,road,passenger,bev,all,yearly,national,['estimated $ calculate_energy_and_activity()'],1,445500000.0,estimated $ calculate_energy_and_activity(),23625000.0,single_datapoint,no_comment
5880,2015,08_JPN,energy,bus,pj,road,passenger,bev,all,yearly,national,['estimated $ calculate_energy_and_activity()'],1,0.11402472964701081,estimated $ calculate_energy_and_activity(),0.0060467659661293605,single_datapoint,no_comment
5881,2015,08_JPN,new_vehicle_efficiency,bus,km_per_pj,road,passenger,bev,all,yearly,national,['avg_eff_no_outliers $ transport_data_system_9th'],1,1058314235.1561403,avg_eff_no_outliers $ transport_data_system_9th,81408787.3197031,single_datapoint,no_comment
5882,2015,08_JPN,travel_km,bus,km,road,passenger,bev,all,yearly,national,['estimated $ calculate_energy_and_activity()'],1,29700000.0,estimated $ calculate_energy_and_activity(),1575000.0,single_datapoint,no_comment
5883,2015,08_JPN,turnover_rate,bus,%,road,passenger,bev,all,yearly,national,['manually_inputted_data $ guess'],1,0.42,manually_inputted_data $ guess,0.03,manual,no_comment
5884,2016,08_JPN,activity,bus,passenger_km_or_freight_tonne_km,road,passenger,bev,all,yearly,national,['estimated $ calculate_energy_and_activity()'],1,445500000.0,estimated $ calculate_energy_and_activity(),32625000.0,single_datapoint,no_comment
5885,2016,08_JPN,energy,bus,pj,road,passenger,bev,all,yearly,national,['estimated $ calculate_energy_and_activity()'],1,0.11402472964701081,estimated $ calculate_energy_and_activity(),0.008350295857988166,single_datapoint,no_comment
5886,2016,08_JPN,new_vehicle_efficiency,bus,km_per_pj,road,passenger,bev,all,yearly,national,['avg_eff_no_outliers $ transport_data_system_9th'],1,1058314235.1561403,avg_eff_no_outliers $ transport_data_system_9th,81408787.3197031,single_datapoint,no_comment
5887,2016,08_JPN,travel_km,bus,km,road,passenger,bev,all,yearly,national,['estimated $ calculate_energy_and_activity()'],1,29700000.0,estimated $ calculate_energy_and_activity(),2175000.0,single_datapoint,no_comment
5888,2016,08_JPN,turnover_rate,bus,%,road,passenger,bev,all,yearly,national,['manually_inputted_data $ guess'],1,0.42,manually_inputted_data $ guess,0.03,manual,no_comment
5889,2017,08_JPN,activity,bus,passenger_km_or_freight_tonne_km,road,passenger,bev,all,yearly,national,['estimated $ calculate_energy_and_activity()'],1,445500000.0,estimated $ calculate_energy_and_activity(),32625000.0,single_datapoint,no_comment
5890,2017,08_JPN,energy,bus,pj,road,passenger,bev,all,yearly,national,['estimated $ calculate_energy_and_activity()'],1,0.11402472964701081,estimated $ calculate_energy_and_activity(),0.008350295857988166,single_datapoint,no_comment
5891,2017,08_JPN,new_vehicle_efficiency,bus,km_per_pj,road,passenger,bev,all,yearly,national,['avg_eff_no_outliers $ transport_data_system_9th'],1,1058314235.1561403,avg_eff_no_outliers $ transport_data_system_9th,81408787.3197031,single_datapoint,no_comment
5892,2017,08_JPN,travel_km,bus,km,road,passenger,bev,all,yearly,national,['estimated $ calculate_energy_and_activity()'],1,29700000.0,estimated $ calculate_energy_and_activity(),2175000.0,single_datapoint,no_comment
5893,2017,08_JPN,turnover_rate,bus,%,road,passenger,bev,all,yearly,national,"['manually_inputted_data $ guess', 'turnover_rate_est']",2,0.42,manually_inputted_data $ guess,0.03,manual,no_comment
5894,2018,08_JPN,activity,bus,passenger_km_or_freight_tonne_km,road,passenger,bev,all,yearly,national,['estimated $ calculate_energy_and_activity()'],1,445500000.0,estimated $ calculate_energy_and_activity(),43875000.0,single_datapoint,no_comment
5895,2018,08_JPN,energy,bus,pj,road,passenger,bev,all,yearly,national,['estimated $ calculate_energy_and_activity()'],1,0.11402472964701081,estimated $ calculate_energy_and_activity(),0.01122970822281167,single_datapoint,no_comment
5896,2018,08_JPN,new_vehicle_efficiency,bus,km_per_pj,road,passenger,bev,all,yearly,national,['avg_eff_no_outliers $ transport_data_system_9th'],1,1058314235.1561403,avg_eff_no_outliers $ transport_data_system_9th,81408787.3197031,single_datapoint,no_comment
5897,2018,08_JPN,travel_km,bus,km,road,passenger,bev,all,yearly,national,['estimated $ calculate_energy_and_activity()'],1,29700000.0,estimated $ calculate_energy_and_activity(),2925000.0,single_datapoint,no_comment
5898,2018,08_JPN,turnover_rate,bus,%,road,passenger,bev,all,yearly,national,['manually_inputted_data $ guess'],1,0.42,manually_inputted_data $ guess,0.03,manual,no_comment
5899,2019,08_JPN,activity,bus,passenger_km_or_freight_tonne_km,road,passenger,bev,all,yearly,national,['estimated $ calculate_energy_and_activity()'],1,445500000.0,estimated $ calculate_energy_and_activity(),52875000.0,single_datapoint,no_comment
5900,2019,08_JPN,energy,bus,pj,road,passenger,bev,all,yearly,national,['estimated $ calculate_energy_and_activity()'],1,0.11402472964701081,estimated $ calculate_energy_and_activity(),0.013533238114670474,single_datapoint,no_comment
5901,2019,08_JPN,new_vehicle_efficiency,bus,km_per_pj,road,passenger,bev,all,yearly,national,['avg_eff_no_outliers $ transport_data_system_9th'],1,1058314235.1561403,avg_eff_no_outliers $ transport_data_system_9th,81408787.3197031,single_datapoint,no_comment
5902,2019,08_JPN,travel_km,bus,km,road,passenger,bev,all,yearly,national,['estimated $ calculate_energy_and_activity()'],1,29700000.0,estimated $ calculate_energy_and_activity(),3525000.0,single_datapoint,no_comment
5903,2019,08_JPN,turnover_rate,bus,%,road,passenger,bev,all,yearly,national,['manually_inputted_data $ guess'],1,0.42,manually_inputted_data $ guess,0.03,manual,no_comment
5904,2020,08_JPN,activity,bus,passenger_km_or_freight_tonne_km,road,passenger,bev,all,yearly,national,['estimated $ calculate_energy_and_activity()'],1,445500000.0,estimated $ calculate_energy_and_activity(),64125000.0,single_datapoint,no_comment
5905,2020,08_JPN,energy,bus,pj,road,passenger,bev,all,yearly,national,['estimated $ calculate_energy_and_activity()'],1,0.11402472964701081,estimated $ calculate_energy_and_activity(),0.01641265047949398,single_datapoint,no_comment
5906,2020,08_JPN,new_vehicle_efficiency,bus,km_per_pj,road,passenger,bev,all,yearly,national,['avg_eff_no_outliers $ transport_data_system_9th'],1,1058314235.1561403,avg_eff_no_outliers $ transport_data_system_9th,81408787.3197031,single_datapoint,no_comment
5907,2020,08_JPN,travel_km,bus,km,road,passenger,bev,all,yearly,national,['estimated $ calculate_energy_and_activity()'],1,29700000.0,estimated $ calculate_energy_and_activity(),4275000.0,single_datapoint,no_comment
5908,2020,08_JPN,turnover_rate,bus,%,road,passenger,bev,all,yearly,national,['manually_inputted_data $ guess'],1,0.42,manually_inputted_data $ guess,0.03,manual,no_comment
5909,2021,08_JPN,activity,bus,passenger_km_or_freight_tonne_km,road,passenger,bev,all,yearly,national,['estimated $ calculate_energy_and_activity()'],1,445500000.0,estimated $ calculate_energy_and_activity(),64125000.0,single_datapoint,no_comment
5910,2021,08_JPN,energy,bus,pj,road,passenger,bev,all,yearly,national,['estimated $ calculate_energy_and_activity()'],1,0.11402472964701081,estimated $ calculate_energy_and_activity(),0.01641265047949398,single_datapoint,no_comment
5911,2021,08_JPN,new_vehicle_efficiency,bus,km_per_pj,road,passenger,bev,all,yearly,national,['avg_eff_no_outliers $ transport_data_system_9th'],1,1058314235.1561403,avg_eff_no_outliers $ transport_data_system_9th,81408787.3197031,single_datapoint,no_comment
5912,2021,08_JPN,travel_km,bus,km,road,passenger,bev,all,yearly,national,['estimated $ calculate_energy_and_activity()'],1,29700000.0,estimated $ calculate_energy_and_activity(),4275000.0,single_datapoint,no_comment
5913,2021,08_JPN,turnover_rate,bus,%,road,passenger,bev,all,yearly,national,['manually_inputted_data $ guess'],1,0.42,manually_inputted_data $ guess,0.03,manual,no_comment
5914,2022,08_JPN,activity,bus,passenger_km_or_freight_tonne_km,road,passenger,bev,all,yearly,national,['estimated $ calculate_energy_and_activity()'],1,445500000.0,estimated $ calculate_energy_and_activity(),86625000.0,single_datapoint,no_comment
5915,2022,08_JPN,energy,bus,pj,road,passenger,bev,all,yearly,national,['estimated $ calculate_energy_and_activity()'],1,0.11402472964701081,estimated $ calculate_energy_and_activity(),0.02217147520914099,single_datapoint,no_comment
5916,2022,08_JPN,new_vehicle_efficiency,bus,km_per_pj,road,passenger,bev,all,yearly,national,['avg_eff_no_outliers $ transport_data_system_9th'],1,1058314235.1561403,avg_eff_no_outliers $ transport_data_system_9th,81408787.3197031,single_datapoint,no_comment
5917,2022,08_JPN,travel_km,bus,km,road,passenger,bev,all,yearly,national,['estimated $ calculate_energy_and_activity()'],1,29700000.0,estimated $ calculate_energy_and_activity(),5775000.0,single_datapoint,no_comment
5918,2022,08_JPN,turnover_rate,bus,%,road,passenger,bev,all,yearly,national,['manually_inputted_data $ guess'],1,0.42,manually_inputted_data $ guess,0.03,manual,no_comment
5919,2010,08_JPN,new_vehicle_efficiency,bus,km_per_pj,road,passenger,cng,all,yearly,national,['avg_eff_no_outliers $ transport_data_system_9th'],1,1813839119.6717222,avg_eff_no_outliers $ transport_data_system_9th,139526086.128594,single_datapoint,no_comment
5920,2010,08_JPN,turnover_rate,bus,%,road,passenger,cng,all,yearly,national,['manually_inputted_data $ guess'],1,0.42,manually_inputted_data $ guess,0.03,manual,no_comment
5921,2011,08_JPN,new_vehicle_efficiency,bus,km_per_pj,road,passenger,cng,all,yearly,national,['avg_eff_no_outliers $ transport_data_system_9th'],1,1813839119.6717222,avg_eff_no_outliers $ transport_data_system_9th,139526086.128594,single_datapoint,no_comment
5922,2011,08_JPN,turnover_rate,bus,%,road,passenger,cng,all,yearly,national,['manually_inputted_data $ guess'],1,0.42,manually_inputted_data $ guess,0.03,manual,no_comment
5923,2012,08_JPN,new_vehicle_efficiency,bus,km_per_pj,road,passenger,cng,all,yearly,national,['avg_eff_no_outliers $ transport_data_system_9th'],1,1813839119.6717222,avg_eff_no_outliers $ transport_data_system_9th,139526086.128594,single_datapoint,no_comment
5924,2012,08_JPN,turnover_rate,bus,%,road,passenger,cng,all,yearly,national,['manually_inputted_data $ guess'],1,0.42,manually_inputted_data $ guess,0.03,manual,no_comment
5925,2013,08_JPN,new_vehicle_efficiency,bus,km_per_pj,road,passenger,cng,all,yearly,national,['avg_eff_no_outliers $ transport_data_system_9th'],1,1813839119.6717222,avg_eff_no_outliers $ transport_data_system_9th,139526086.128594,single_datapoint,no_comment
5926,2013,08_JPN,turnover_rate,bus,%,road,passenger,cng,all,yearly,national,['manually_inputted_data $ guess'],1,0.42,manually_inputted_data $ guess,0.03,manual,no_comment
5927,2014,08_JPN,new_vehicle_efficiency,bus,km_per_pj,road,passenger,cng,all,yearly,national,['avg_eff_no_outliers $ transport_data_system_9th'],1,1813839119.6717222,avg_eff_no_outliers $ transport_data_system_9th,139526086.128594,single_datapoint,no_comment
5928,2014,08_JPN,turnover_rate,bus,%,road,passenger,cng,all,yearly,national,['manually_inputted_data $ guess'],1,0.42,manually_inputted_data $ guess,0.03,manual,no_comment
5929,2015,08_JPN,new_vehicle_efficiency,bus,km_per_pj,road,passenger,cng,all,yearly,national,['avg_eff_no_outliers $ transport_data_system_9th'],1,1813839119.6717222,avg_eff_no_outliers $ transport_data_system_9th,139526086.128594,single_datapoint,no_comment
5930,2015,08_JPN,turnover_rate,bus,%,road,passenger,cng,all,yearly,national,['manually_inputted_data $ guess'],1,0.42,manually_inputted_data $ guess,0.03,manual,no_comment
5931,2016,08_JPN,new_vehicle_efficiency,bus,km_per_pj,road,passenger,cng,all,yearly,national,['avg_eff_no_outliers $ transport_data_system_9th'],1,1813839119.6717222,avg_eff_no_outliers $ transport_data_system_9th,139526086.128594,single_datapoint,no_comment
5932,2016,08_JPN,turnover_rate,bus,%,road,passenger,cng,all,yearly,national,['manually_inputted_data $ guess'],1,0.42,manually_inputted_data $ guess,0.03,manual,no_comment
5933,2017,08_JPN,new_vehicle_efficiency,bus,km_per_pj,road,passenger,cng,all,yearly,national,['avg_eff_no_outliers $ transport_data_system_9th'],1,1813839119.6717222,avg_eff_no_outliers $ transport_data_system_9th,139526086.128594,single_datapoint,no_comment
5934,2017,08_JPN,turnover_rate,bus,%,road,passenger,cng,all,yearly,national,"['manually_inputted_data $ guess', 'turnover_rate_est']",2,0.42,manually_inputted_data $ guess,0.03,manual,no_comment
5935,2018,08_JPN,new_vehicle_efficiency,bus,km_per_pj,road,passenger,cng,all,yearly,national,['avg_eff_no_outliers $ transport_data_system_9th'],1,1813839119.6717222,avg_eff_no_outliers $ transport_data_system_9th,139526086.128594,single_datapoint,no_comment
5936,2018,08_JPN,turnover_rate,bus,%,road,passenger,cng,all,yearly,national,['manually_inputted_data $ guess'],1,0.42,manually_inputted_data $ guess,0.03,manual,no_comment
5937,2019,08_JPN,new_vehicle_efficiency,bus,km_per_pj,road,passenger,cng,all,yearly,national,['avg_eff_no_outliers $ transport_data_system_9th'],1,1813839119.6717222,avg_eff_no_outliers $ transport_data_system_9th,139526086.128594,single_datapoint,no_comment
5938,2019,08_JPN,turnover_rate,bus,%,road,passenger,cng,all,yearly,national,['manually_inputted_data $ guess'],1,0.42,manually_inputted_data $ guess,0.03,manual,no_comment
5939,2020,08_JPN,new_vehicle_efficiency,bus,km_per_pj,road,passenger,cng,all,yearly,national,['avg_eff_no_outliers $ transport_data_system_9th'],1,1813839119.6717222,avg_eff_no_outliers $ transport_data_system_9th,139526086.128594,single_datapoint,no_comment
5940,2020,08_JPN,turnover_rate,bus,%,road,passenger,cng,all,yearly,national,['manually_inputted_data $ guess'],1,0.42,manually_inputted_data $ guess,0.03,manual,no_comment
5941,2021,08_JPN,new_vehicle_efficiency,bus,km_per_pj,road,passenger,cng,all,yearly,national,['avg_eff_no_outliers $ transport_data_system_9th'],1,1813839119.6717222,avg_eff_no_outliers $ transport_data_system_9th,139526086.128594,single_datapoint,no_comment
5942,2021,08_JPN,turnover_rate,bus,%,road,passenger,cng,all,yearly,national,['manually_inputted_data $ guess'],1,0.42,manually_inputted_data $ guess,0.03,manual,no_comment
5943,2022,08_JPN,new_vehicle_efficiency,bus,km_per_pj,road,passenger,cng,all,yearly,national,['avg_eff_no_outliers $ transport_data_system_9th'],1,1813839119.6717222,avg_eff_no_outliers $ transport_data_system_9th,139526086.128594,single_datapoint,no_comment
5944,2022,08_JPN,turnover_rate,bus,%,road,passenger,cng,all,yearly,national,['manually_inputted_data $ guess'],1,0.42,manually_inputted_data $ guess,0.03,manual,no_comment
5945,2017,08_JPN,activity,bus,passenger_km_or_freight_tonne_km,road,passenger,fcev,all,yearly,national,"['8th_edition_transport_model $ reference', 'estimated $ calculate_energy_and_activity()']",2,5636224.0,estimated $ calculate_energy_and_activity(),4500000.0,manual,no_comment
5946,2017,08_JPN,energy,bus,pj,road,passenger,fcev,all,yearly,national,"['8th_edition_transport_model $ reference', 'estimated $ calculate_energy_and_activity()']",2,0.001859414064287302,estimated $ calculate_energy_and_activity(),0.001151764945929402,manual,no_comment
5947,2017,08_JPN,travel_km,bus,km,road,passenger,fcev,all,yearly,national,['estimated $ calculate_energy_and_activity()'],1,300000.0,estimated $ calculate_energy_and_activity(),300000.0,single_datapoint,no_comment
5948,2017,08_JPN,turnover_rate,bus,%,road,passenger,fcev,all,yearly,national,['turnover_rate_est'],1,0.03,turnover_rate_est,0.03,single_datapoint,no_comment
5949,2010,08_JPN,activity,bus,passenger_km_or_freight_tonne_km,road,passenger,ice,all,yearly,national,['estimated $ calculate_energy_and_activity()'],1,2837578638947.1816,estimated $ calculate_energy_and_activity(),256831875000.0,single_datapoint,no_comment
5950,2010,08_JPN,energy,bus,pj,road,passenger,ice,all,yearly,national,['estimated $ calculate_energy_and_activity()'],1,2541.9516948446653,estimated $ calculate_energy_and_activity(),230.07440603958372,single_datapoint,no_comment
5951,2010,08_JPN,new_vehicle_efficiency,bus,km_per_pj,road,passenger,ice,all,yearly,national,['avg_eff_no_outliers $ transport_data_system_9th'],1,910941040.8338033,avg_eff_no_outliers $ transport_data_system_9th,70072387.7564464,single_datapoint,no_comment
5952,2010,08_JPN,travel_km,bus,km,road,passenger,ice,all,yearly,national,['estimated $ calculate_energy_and_activity()'],1,189171909263.14545,estimated $ calculate_energy_and_activity(),17122125000.0,single_datapoint,no_comment
5953,2010,08_JPN,turnover_rate,bus,%,road,passenger,ice,all,yearly,national,['manually_inputted_data $ guess'],1,0.39,manually_inputted_data $ guess,0.03,single_datapoint,no_comment
5954,2011,08_JPN,activity,bus,passenger_km_or_freight_tonne_km,road,passenger,ice,all,yearly,national,['estimated $ calculate_energy_and_activity()'],1,2837578638947.1816,estimated $ calculate_energy_and_activity(),255191603774.44916,single_datapoint,no_comment
5955,2011,08_JPN,energy,bus,pj,road,passenger,ice,all,yearly,national,['estimated $ calculate_energy_and_activity()'],1,2541.9516948446653,estimated $ calculate_energy_and_activity(),228.6050228956012,single_datapoint,no_comment
5956,2011,08_JPN,new_vehicle_efficiency,bus,km_per_pj,road,passenger,ice,all,yearly,national,['avg_eff_no_outliers $ transport_data_system_9th'],1,910941040.8338033,avg_eff_no_outliers $ transport_data_system_9th,70072387.7564464,single_datapoint,no_comment
5957,2011,08_JPN,travel_km,bus,km,road,passenger,ice,all,yearly,national,['estimated $ calculate_energy_and_activity()'],1,189171909263.14545,estimated $ calculate_energy_and_activity(),17012773584.963278,single_datapoint,no_comment
5958,2011,08_JPN,turnover_rate,bus,%,road,passenger,ice,all,yearly,national,['manually_inputted_data $ guess'],1,0.39,manually_inputted_data $ guess,0.03,single_datapoint,no_comment
5959,2012,08_JPN,activity,bus,passenger_km_or_freight_tonne_km,road,passenger,ice,all,yearly,national,['estimated $ calculate_energy_and_activity()'],1,2837578638947.1816,estimated $ calculate_energy_and_activity(),254546877048.57172,single_datapoint,no_comment
5960,2012,08_JPN,energy,bus,pj,road,passenger,ice,all,yearly,national,['estimated $ calculate_energy_and_activity()'],1,2541.9516948446653,estimated $ calculate_energy_and_activity(),228.02746561804716,single_datapoint,no_comment
5961,2012,08_JPN,new_vehicle_efficiency,bus,km_per_pj,road,passenger,ice,all,yearly,national,['avg_eff_no_outliers $ transport_data_system_9th'],1,910941040.8338033,avg_eff_no_outliers $ transport_data_system_9th,70072387.7564464,single_datapoint,no_comment
5962,2012,08_JPN,travel_km,bus,km,road,passenger,ice,all,yearly,national,['estimated $ calculate_energy_and_activity()'],1,189171909263.14545,estimated $ calculate_energy_and_activity(),16969791803.238115,single_datapoint,no_comment
5963,2012,08_JPN,turnover_rate,bus,%,road,passenger,ice,all,yearly,national,['manually_inputted_data $ guess'],1,0.39,manually_inputted_data $ guess,0.03,single_datapoint,no_comment
5964,2013,08_JPN,activity,bus,passenger_km_or_freight_tonne_km,road,passenger,ice,all,yearly,national,['estimated $ calculate_energy_and_activity()'],1,2837578638947.1816,estimated $ calculate_energy_and_activity(),254288125433.4376,single_datapoint,no_comment
5965,2013,08_JPN,energy,bus,pj,road,passenger,ice,all,yearly,national,['estimated $ calculate_energy_and_activity()'],1,2541.9516948446653,estimated $ calculate_energy_and_activity(),227.79567147581395,single_datapoint,no_comment
5966,2013,08_JPN,new_vehicle_efficiency,bus,km_per_pj,road,passenger,ice,all,yearly,national,['avg_eff_no_outliers $ transport_data_system_9th'],1,910941040.8338033,avg_eff_no_outliers $ transport_data_system_9th,70072387.7564464,single_datapoint,no_comment
5967,2013,08_JPN,travel_km,bus,km,road,passenger,ice,all,yearly,national,['estimated $ calculate_energy_and_activity()'],1,189171909263.14545,estimated $ calculate_energy_and_activity(),16952541695.562506,single_datapoint,no_comment
5968,2013,08_JPN,turnover_rate,bus,%,road,passenger,ice,all,yearly,national,['manually_inputted_data $ guess'],1,0.39,manually_inputted_data $ guess,0.03,single_datapoint,no_comment
5969,2014,08_JPN,activity,bus,passenger_km_or_freight_tonne_km,road,passenger,ice,all,yearly,national,['estimated $ calculate_energy_and_activity()'],1,2837578638947.1816,estimated $ calculate_energy_and_activity(),254838341781.76337,single_datapoint,no_comment
5970,2014,08_JPN,energy,bus,pj,road,passenger,ice,all,yearly,national,['estimated $ calculate_energy_and_activity()'],1,2541.9516948446653,estimated $ calculate_energy_and_activity(),228.28856473345311,single_datapoint,no_comment
5971,2014,08_JPN,new_vehicle_efficiency,bus,km_per_pj,road,passenger,ice,all,yearly,national,['avg_eff_no_outliers $ transport_data_system_9th'],1,910941040.8338033,avg_eff_no_outliers $ transport_data_system_9th,70072387.7564464,single_datapoint,no_comment
5972,2014,08_JPN,travel_km,bus,km,road,passenger,ice,all,yearly,national,['estimated $ calculate_energy_and_activity()'],1,189171909263.14545,estimated $ calculate_energy_and_activity(),16989222785.450891,single_datapoint,no_comment
5973,2014,08_JPN,turnover_rate,bus,%,road,passenger,ice,all,yearly,national,['manually_inputted_data $ guess'],1,0.39,manually_inputted_data $ guess,0.03,single_datapoint,no_comment
5974,2015,08_JPN,activity,bus,passenger_km_or_freight_tonne_km,road,passenger,ice,all,yearly,national,['estimated $ calculate_energy_and_activity()'],1,2837578638947.1816,estimated $ calculate_energy_and_activity(),256002820572.97736,single_datapoint,no_comment
5975,2015,08_JPN,energy,bus,pj,road,passenger,ice,all,yearly,national,['estimated $ calculate_energy_and_activity()'],1,2541.9516948446653,estimated $ calculate_energy_and_activity(),229.33172484056306,single_datapoint,no_comment
5976,2015,08_JPN,new_vehicle_efficiency,bus,km_per_pj,road,passenger,ice,all,yearly,national,['avg_eff_no_outliers $ transport_data_system_9th'],1,910941040.8338033,avg_eff_no_outliers $ transport_data_system_9th,70072387.7564464,single_datapoint,no_comment
5977,2015,08_JPN,travel_km,bus,km,road,passenger,ice,all,yearly,national,['estimated $ calculate_energy_and_activity()'],1,189171909263.14545,estimated $ calculate_energy_and_activity(),17066854704.865156,single_datapoint,no_comment
5978,2015,08_JPN,turnover_rate,bus,%,road,passenger,ice,all,yearly,national,['manually_inputted_data $ guess'],1,0.39,manually_inputted_data $ guess,0.03,single_datapoint,no_comment
5979,2016,08_JPN,activity,bus,passenger_km_or_freight_tonne_km,road,passenger,ice,all,yearly,national,['estimated $ calculate_energy_and_activity()'],1,2837578638947.1816,estimated $ calculate_energy_and_activity(),259397243594.7294,single_datapoint,no_comment
5980,2016,08_JPN,energy,bus,pj,road,passenger,ice,all,yearly,national,['estimated $ calculate_energy_and_activity()'],1,2541.9516948446653,estimated $ calculate_energy_and_activity(),232.372507300204,single_datapoint,no_comment
5981,2016,08_JPN,new_vehicle_efficiency,bus,km_per_pj,road,passenger,ice,all,yearly,national,['avg_eff_no_outliers $ transport_data_system_9th'],1,910941040.8338033,avg_eff_no_outliers $ transport_data_system_9th,70072387.7564464,single_datapoint,no_comment
5982,2016,08_JPN,travel_km,bus,km,road,passenger,ice,all,yearly,national,['estimated $ calculate_energy_and_activity()'],1,189171909263.14545,estimated $ calculate_energy_and_activity(),17293149572.98196,single_datapoint,no_comment
5983,2016,08_JPN,turnover_rate,bus,%,road,passenger,ice,all,yearly,national,['manually_inputted_data $ guess'],1,0.39,manually_inputted_data $ guess,0.03,single_datapoint,no_comment
5984,2017,08_JPN,activity,bus,passenger_km_or_freight_tonne_km,road,passenger,ice,all,yearly,national,['estimated $ calculate_energy_and_activity()'],1,2837578638947.1816,estimated $ calculate_energy_and_activity(),261860697944.7269,single_datapoint,no_comment
5985,2017,08_JPN,energy,bus,pj,road,passenger,ice,all,yearly,national,['estimated $ calculate_energy_and_activity()'],1,2541.9516948446653,estimated $ calculate_energy_and_activity(),234.57931202948964,single_datapoint,no_comment
5986,2017,08_JPN,new_vehicle_efficiency,bus,km_per_pj,road,passenger,ice,all,yearly,national,['avg_eff_no_outliers $ transport_data_system_9th'],1,910941040.8338033,avg_eff_no_outliers $ transport_data_system_9th,70072387.7564464,single_datapoint,no_comment
5987,2017,08_JPN,travel_km,bus,km,road,passenger,ice,all,yearly,national,['estimated $ calculate_energy_and_activity()'],1,189171909263.14545,estimated $ calculate_energy_and_activity(),17457379862.981792,single_datapoint,no_comment
5988,2017,08_JPN,turnover_rate,bus,%,road,passenger,ice,all,yearly,national,['manually_inputted_data $ guess'],1,0.39,manually_inputted_data $ guess,0.03,single_datapoint,no_comment
5989,2018,08_JPN,activity,bus,passenger_km_or_freight_tonne_km,road,passenger,ice,all,yearly,national,['estimated $ calculate_energy_and_activity()'],1,2837578638947.1816,estimated $ calculate_energy_and_activity(),262690085090.07266,single_datapoint,no_comment
5990,2018,08_JPN,energy,bus,pj,road,passenger,ice,all,yearly,national,['estimated $ calculate_energy_and_activity()'],1,2541.9516948446653,estimated $ calculate_energy_and_activity(),235.3222912833003,single_datapoint,no_comment
5991,2018,08_JPN,new_vehicle_efficiency,bus,km_per_pj,road,passenger,ice,all,yearly,national,['avg_eff_no_outliers $ transport_data_system_9th'],1,910941040.8338033,avg_eff_no_outliers $ transport_data_system_9th,70072387.7564464,single_datapoint,no_comment
5992,2018,08_JPN,travel_km,bus,km,road,passenger,ice,all,yearly,national,['estimated $ calculate_energy_and_activity()'],1,189171909263.14545,estimated $ calculate_energy_and_activity(),17512672339.338177,single_datapoint,no_comment
5993,2018,08_JPN,turnover_rate,bus,%,road,passenger,ice,all,yearly,national,['manually_inputted_data $ guess'],1,0.39,manually_inputted_data $ guess,0.03,single_datapoint,no_comment
5994,2019,08_JPN,activity,bus,passenger_km_or_freight_tonne_km,road,passenger,ice,all,yearly,national,['estimated $ calculate_energy_and_activity()'],1,2837578638947.1816,estimated $ calculate_energy_and_activity(),262063576801.17175,single_datapoint,no_comment
5995,2019,08_JPN,energy,bus,pj,road,passenger,ice,all,yearly,national,['estimated $ calculate_energy_and_activity()'],1,2541.9516948446653,estimated $ calculate_energy_and_activity(),234.76105439458564,single_datapoint,no_comment
5996,2019,08_JPN,new_vehicle_efficiency,bus,km_per_pj,road,passenger,ice,all,yearly,national,['avg_eff_no_outliers $ transport_data_system_9th'],1,910941040.8338033,avg_eff_no_outliers $ transport_data_system_9th,70072387.7564464,single_datapoint,no_comment
5997,2019,08_JPN,travel_km,bus,km,road,passenger,ice,all,yearly,national,['estimated $ calculate_energy_and_activity()'],1,189171909263.14545,estimated $ calculate_energy_and_activity(),17470905120.078117,single_datapoint,no_comment
5998,2019,08_JPN,turnover_rate,bus,%,road,passenger,ice,all,yearly,national,['manually_inputted_data $ guess'],1,0.39,manually_inputted_data $ guess,0.03,single_datapoint,no_comment
5999,2020,08_JPN,activity,bus,passenger_km_or_freight_tonne_km,road,passenger,ice,all,yearly,national,['estimated $ calculate_energy_and_activity()'],1,2837578638947.1816,estimated $ calculate_energy_and_activity(),259867391905.2817,single_datapoint,no_comment
6000,2020,08_JPN,energy,bus,pj,road,passenger,ice,all,yearly,national,['estimated $ calculate_energy_and_activity()'],1,2541.9516948446653,estimated $ calculate_energy_and_activity(),232.7936742340234,single_datapoint,no_comment
6001,2020,08_JPN,new_vehicle_efficiency,bus,km_per_pj,road,passenger,ice,all,yearly,national,['avg_eff_no_outliers $ transport_data_system_9th'],1,910941040.8338033,avg_eff_no_outliers $ transport_data_system_9th,70072387.7564464,single_datapoint,no_comment
6002,2020,08_JPN,travel_km,bus,km,road,passenger,ice,all,yearly,national,['estimated $ calculate_energy_and_activity()'],1,189171909263.14545,estimated $ calculate_energy_and_activity(),17324492793.685448,single_datapoint,no_comment
6003,2020,08_JPN,turnover_rate,bus,%,road,passenger,ice,all,yearly,national,['manually_inputted_data $ guess'],1,0.39,manually_inputted_data $ guess,0.03,single_datapoint,no_comment
6004,2021,08_JPN,new_vehicle_efficiency,bus,km_per_pj,road,passenger,ice,all,yearly,national,['avg_eff_no_outliers $ transport_data_system_9th'],1,910941040.8338033,avg_eff_no_outliers $ transport_data_system_9th,70072387.7564464,single_datapoint,no_comment
6005,2021,08_JPN,turnover_rate,bus,%,road,passenger,ice,all,yearly,national,['manually_inputted_data $ guess'],1,0.39,manually_inputted_data $ guess,0.03,single_datapoint,no_comment
6006,2022,08_JPN,new_vehicle_efficiency,bus,km_per_pj,road,passenger,ice,all,yearly,national,['avg_eff_no_outliers $ transport_data_system_9th'],1,910941040.8338033,avg_eff_no_outliers $ transport_data_system_9th,70072387.7564464,single_datapoint,no_comment
6007,2022,08_JPN,turnover_rate,bus,%,road,passenger,ice,all,yearly,national,['manually_inputted_data $ guess'],1,0.39,manually_inputted_data $ guess,0.03,single_datapoint,no_comment
6008,2010,08_JPN,new_vehicle_efficiency,bus,km_per_pj,road,passenger,lpg,all,yearly,national,['avg_eff_no_outliers $ transport_data_system_9th'],1,1295830676.4857378,avg_eff_no_outliers $ transport_data_system_9th,99679282.8065952,single_datapoint,no_comment
6009,2010,08_JPN,turnover_rate,bus,%,road,passenger,lpg,all,yearly,national,['manually_inputted_data $ guess'],1,0.42,manually_inputted_data $ guess,0.03,manual,no_comment
6010,2011,08_JPN,new_vehicle_efficiency,bus,km_per_pj,road,passenger,lpg,all,yearly,national,['avg_eff_no_outliers $ transport_data_system_9th'],1,1295830676.4857378,avg_eff_no_outliers $ transport_data_system_9th,99679282.8065952,single_datapoint,no_comment
6011,2011,08_JPN,turnover_rate,bus,%,road,passenger,lpg,all,yearly,national,['manually_inputted_data $ guess'],1,0.42,manually_inputted_data $ guess,0.03,manual,no_comment
6012,2012,08_JPN,new_vehicle_efficiency,bus,km_per_pj,road,passenger,lpg,all,yearly,national,['avg_eff_no_outliers $ transport_data_system_9th'],1,1295830676.4857378,avg_eff_no_outliers $ transport_data_system_9th,99679282.8065952,single_datapoint,no_comment
6013,2012,08_JPN,turnover_rate,bus,%,road,passenger,lpg,all,yearly,national,['manually_inputted_data $ guess'],1,0.42,manually_inputted_data $ guess,0.03,manual,no_comment
6014,2013,08_JPN,new_vehicle_efficiency,bus,km_per_pj,road,passenger,lpg,all,yearly,national,['avg_eff_no_outliers $ transport_data_system_9th'],1,1295830676.4857378,avg_eff_no_outliers $ transport_data_system_9th,99679282.8065952,single_datapoint,no_comment
6015,2013,08_JPN,turnover_rate,bus,%,road,passenger,lpg,all,yearly,national,['manually_inputted_data $ guess'],1,0.42,manually_inputted_data $ guess,0.03,manual,no_comment
6016,2014,08_JPN,new_vehicle_efficiency,bus,km_per_pj,road,passenger,lpg,all,yearly,national,['avg_eff_no_outliers $ transport_data_system_9th'],1,1295830676.4857378,avg_eff_no_outliers $ transport_data_system_9th,99679282.8065952,single_datapoint,no_comment
6017,2014,08_JPN,turnover_rate,bus,%,road,passenger,lpg,all,yearly,national,['manually_inputted_data $ guess'],1,0.42,manually_inputted_data $ guess,0.03,manual,no_comment
6018,2015,08_JPN,new_vehicle_efficiency,bus,km_per_pj,road,passenger,lpg,all,yearly,national,['avg_eff_no_outliers $ transport_data_system_9th'],1,1295830676.4857378,avg_eff_no_outliers $ transport_data_system_9th,99679282.8065952,single_datapoint,no_comment
6019,2015,08_JPN,turnover_rate,bus,%,road,passenger,lpg,all,yearly,national,['manually_inputted_data $ guess'],1,0.42,manually_inputted_data $ guess,0.03,manual,no_comment
6020,2016,08_JPN,new_vehicle_efficiency,bus,km_per_pj,road,passenger,lpg,all,yearly,national,['avg_eff_no_outliers $ transport_data_system_9th'],1,1295830676.4857378,avg_eff_no_outliers $ transport_data_system_9th,99679282.8065952,single_datapoint,no_comment
6021,2016,08_JPN,turnover_rate,bus,%,road,passenger,lpg,all,yearly,national,['manually_inputted_data $ guess'],1,0.42,manually_inputted_data $ guess,0.03,manual,no_comment
6022,2017,08_JPN,activity,bus,passenger_km_or_freight_tonne_km,road,passenger,lpg,all,yearly,national,"['8th_edition_transport_model $ reference', 'estimated $ calculate_energy_and_activity()']",2,162518717.0,8th_edition_transport_model $ reference,38768717.0,manual,no_comment
6023,2017,08_JPN,energy,bus,pj,road,passenger,lpg,all,yearly,national,"['8th_edition_transport_model $ reference', 'estimated $ calculate_energy_and_activity()']",2,0.14377394734421112,8th_edition_transport_model $ reference,0.0329165712985062,manual,no_comment
6024,2017,08_JPN,new_vehicle_efficiency,bus,km_per_pj,road,passenger,lpg,all,yearly,national,['avg_eff_no_outliers $ transport_data_system_9th'],1,1295830676.4857378,avg_eff_no_outliers $ transport_data_system_9th,99679282.8065952,single_datapoint,no_comment
6025,2017,08_JPN,travel_km,bus,km,road,passenger,lpg,all,yearly,national,['estimated $ calculate_energy_and_activity()'],1,8250000.0,estimated $ calculate_energy_and_activity(),8250000.0,single_datapoint,no_comment
6026,2017,08_JPN,turnover_rate,bus,%,road,passenger,lpg,all,yearly,national,"['manually_inputted_data $ guess', 'turnover_rate_est']",2,0.42,manually_inputted_data $ guess,0.03,manual,no_comment
6027,2018,08_JPN,new_vehicle_efficiency,bus,km_per_pj,road,passenger,lpg,all,yearly,national,['avg_eff_no_outliers $ transport_data_system_9th'],1,1295830676.4857378,avg_eff_no_outliers $ transport_data_system_9th,99679282.8065952,single_datapoint,no_comment
6028,2018,08_JPN,turnover_rate,bus,%,road,passenger,lpg,all,yearly,national,['manually_inputted_data $ guess'],1,0.42,manually_inputted_data $ guess,0.03,manual,no_comment
6029,2019,08_JPN,new_vehicle_efficiency,bus,km_per_pj,road,passenger,lpg,all,yearly,national,['avg_eff_no_outliers $ transport_data_system_9th'],1,1295830676.4857378,avg_eff_no_outliers $ transport_data_system_9th,99679282.8065952,single_datapoint,no_comment
6030,2019,08_JPN,turnover_rate,bus,%,road,passenger,lpg,all,yearly,national,['manually_inputted_data $ guess'],1,0.42,manually_inputted_data $ guess,0.03,manual,no_comment
6031,2020,08_JPN,new_vehicle_efficiency,bus,km_per_pj,road,passenger,lpg,all,yearly,national,['avg_eff_no_outliers $ transport_data_system_9th'],1,1295830676.4857378,avg_eff_no_outliers $ transport_data_system_9th,99679282.8065952,single_datapoint,no_comment
6032,2020,08_JPN,turnover_rate,bus,%,road,passenger,lpg,all,yearly,national,['manually_inputted_data $ guess'],1,0.42,manually_inputted_data $ guess,0.03,manual,no_comment
6033,2021,08_JPN,new_vehicle_efficiency,bus,km_per_pj,road,passenger,lpg,all,yearly,national,['avg_eff_no_outliers $ transport_data_system_9th'],1,1295830676.4857378,avg_eff_no_outliers $ transport_data_system_9th,99679282.8065952,single_datapoint,no_comment
6034,2021,08_JPN,turnover_rate,bus,%,road,passenger,lpg,all,yearly,national,['manually_inputted_data $ guess'],1,0.42,manually_inputted_data $ guess,0.03,manual,no_comment
6035,2022,08_JPN,new_vehicle_efficiency,bus,km_per_pj,road,passenger,lpg,all,yearly,national,['avg_eff_no_outliers $ transport_data_system_9th'],1,1295830676.4857378,avg_eff_no_outliers $ transport_data_system_9th,99679282.8065952,single_datapoint,no_comment
6036,2022,08_JPN,turnover_rate,bus,%,road,passenger,lpg,all,yearly,national,['manually_inputted_data $ guess'],1,0.42,manually_inputted_data $ guess,0.03,manual,no_comment
6037,2010,08_JPN,new_vehicle_efficiency,bus,km_per_pj,road,passenger,phev,all,yearly,national,['avg_eff_no_outliers $ transport_data_system_9th'],1,1472018422.278209,avg_eff_no_outliers $ transport_data_system_9th,113232186.329093,single_datapoint,no_comment
6038,2010,08_JPN,turnover_rate,bus,%,road,passenger,phev,all,yearly,national,['manually_inputted_data $ guess'],1,0.39,manually_inputted_data $ guess,0.03,single_datapoint,no_comment
6039,2011,08_JPN,new_vehicle_efficiency,bus,km_per_pj,road,passenger,phev,all,yearly,national,['avg_eff_no_outliers $ transport_data_system_9th'],1,1472018422.278209,avg_eff_no_outliers $ transport_data_system_9th,113232186.329093,single_datapoint,no_comment
6040,2011,08_JPN,turnover_rate,bus,%,road,passenger,phev,all,yearly,national,['manually_inputted_data $ guess'],1,0.39,manually_inputted_data $ guess,0.03,single_datapoint,no_comment
6041,2012,08_JPN,new_vehicle_efficiency,bus,km_per_pj,road,passenger,phev,all,yearly,national,['avg_eff_no_outliers $ transport_data_system_9th'],1,1472018422.278209,avg_eff_no_outliers $ transport_data_system_9th,113232186.329093,single_datapoint,no_comment
6042,2012,08_JPN,turnover_rate,bus,%,road,passenger,phev,all,yearly,national,['manually_inputted_data $ guess'],1,0.39,manually_inputted_data $ guess,0.03,single_datapoint,no_comment
6043,2013,08_JPN,new_vehicle_efficiency,bus,km_per_pj,road,passenger,phev,all,yearly,national,['avg_eff_no_outliers $ transport_data_system_9th'],1,1472018422.278209,avg_eff_no_outliers $ transport_data_system_9th,113232186.329093,single_datapoint,no_comment
6044,2013,08_JPN,turnover_rate,bus,%,road,passenger,phev,all,yearly,national,['manually_inputted_data $ guess'],1,0.39,manually_inputted_data $ guess,0.03,single_datapoint,no_comment
6045,2014,08_JPN,new_vehicle_efficiency,bus,km_per_pj,road,passenger,phev,all,yearly,national,['avg_eff_no_outliers $ transport_data_system_9th'],1,1472018422.278209,avg_eff_no_outliers $ transport_data_system_9th,113232186.329093,single_datapoint,no_comment
6046,2014,08_JPN,turnover_rate,bus,%,road,passenger,phev,all,yearly,national,['manually_inputted_data $ guess'],1,0.39,manually_inputted_data $ guess,0.03,single_datapoint,no_comment
6047,2015,08_JPN,new_vehicle_efficiency,bus,km_per_pj,road,passenger,phev,all,yearly,national,['avg_eff_no_outliers $ transport_data_system_9th'],1,1472018422.278209,avg_eff_no_outliers $ transport_data_system_9th,113232186.329093,single_datapoint,no_comment
6048,2015,08_JPN,turnover_rate,bus,%,road,passenger,phev,all,yearly,national,['manually_inputted_data $ guess'],1,0.39,manually_inputted_data $ guess,0.03,single_datapoint,no_comment
6049,2016,08_JPN,new_vehicle_efficiency,bus,km_per_pj,road,passenger,phev,all,yearly,national,['avg_eff_no_outliers $ transport_data_system_9th'],1,1472018422.278209,avg_eff_no_outliers $ transport_data_system_9th,113232186.329093,single_datapoint,no_comment
6050,2016,08_JPN,turnover_rate,bus,%,road,passenger,phev,all,yearly,national,['manually_inputted_data $ guess'],1,0.39,manually_inputted_data $ guess,0.03,single_datapoint,no_comment
6051,2017,08_JPN,new_vehicle_efficiency,bus,km_per_pj,road,passenger,phev,all,yearly,national,['avg_eff_no_outliers $ transport_data_system_9th'],1,1472018422.278209,avg_eff_no_outliers $ transport_data_system_9th,113232186.329093,single_datapoint,no_comment
6052,2017,08_JPN,turnover_rate,bus,%,road,passenger,phev,all,yearly,national,['manually_inputted_data $ guess'],1,0.39,manually_inputted_data $ guess,0.03,single_datapoint,no_comment
6053,2018,08_JPN,new_vehicle_efficiency,bus,km_per_pj,road,passenger,phev,all,yearly,national,['avg_eff_no_outliers $ transport_data_system_9th'],1,1472018422.278209,avg_eff_no_outliers $ transport_data_system_9th,113232186.329093,single_datapoint,no_comment
6054,2018,08_JPN,turnover_rate,bus,%,road,passenger,phev,all,yearly,national,['manually_inputted_data $ guess'],1,0.39,manually_inputted_data $ guess,0.03,single_datapoint,no_comment
6055,2019,08_JPN,new_vehicle_efficiency,bus,km_per_pj,road,passenger,phev,all,yearly,national,['avg_eff_no_outliers $ transport_data_system_9th'],1,1472018422.278209,avg_eff_no_outliers $ transport_data_system_9th,113232186.329093,single_datapoint,no_comment
6056,2019,08_JPN,turnover_rate,bus,%,road,passenger,phev,all,yearly,national,['manually_inputted_data $ guess'],1,0.39,manually_inputted_data $ guess,0.03,single_datapoint,no_comment
6057,2020,08_JPN,new_vehicle_efficiency,bus,km_per_pj,road,passenger,phev,all,yearly,national,['avg_eff_no_outliers $ transport_data_system_9th'],1,1472018422.278209,avg_eff_no_outliers $ transport_data_system_9th,113232186.329093,single_datapoint,no_comment
6058,2020,08_JPN,turnover_rate,bus,%,road,passenger,phev,all,yearly,national,['manually_inputted_data $ guess'],1,0.39,manually_inputted_data $ guess,0.03,single_datapoint,no_comment
6059,2021,08_JPN,new_vehicle_efficiency,bus,km_per_pj,road,passenger,phev,all,yearly,national,['avg_eff_no_outliers $ transport_data_system_9th'],1,1472018422.278209,avg_eff_no_outliers $ transport_data_system_9th,113232186.329093,single_datapoint,no_comment
6060,2021,08_JPN,turnover_rate,bus,%,road,passenger,phev,all,yearly,national,['manually_inputted_data $ guess'],1,0.39,manually_inputted_data $ guess,0.03,single_datapoint,no_comment
6061,2022,08_JPN,new_vehicle_efficiency,bus,km_per_pj,road,passenger,phev,all,yearly,national,['avg_eff_no_outliers $ transport_data_system_9th'],1,1472018422.278209,avg_eff_no_outliers $ transport_data_system_9th,113232186.329093,single_datapoint,no_comment
6062,2022,08_JPN,turnover_rate,bus,%,road,passenger,phev,all,yearly,national,['manually_inputted_data $ guess'],1,0.39,manually_inputted_data $ guess,0.03,single_datapoint,no_comment
6063,2010,08_JPN,new_vehicle_efficiency,ht,km_per_pj,road,freight,bev,all,yearly,national,['avg_eff_no_outliers $ transport_data_system_9th'],1,3249486640.872147,avg_eff_no_outliers $ transport_data_system_9th,249960510.836319,single_datapoint,no_comment
6064,2010,08_JPN,turnover_rate,ht,%,road,freight,bev,all,yearly,national,['manually_inputted_data $ guess'],1,0.42,manually_inputted_data $ guess,0.03,manual,no_comment
6065,2011,08_JPN,new_vehicle_efficiency,ht,km_per_pj,road,freight,bev,all,yearly,national,['avg_eff_no_outliers $ transport_data_system_9th'],1,3249486640.872147,avg_eff_no_outliers $ transport_data_system_9th,249960510.836319,single_datapoint,no_comment
6066,2011,08_JPN,turnover_rate,ht,%,road,freight,bev,all,yearly,national,['manually_inputted_data $ guess'],1,0.42,manually_inputted_data $ guess,0.03,manual,no_comment
6067,2012,08_JPN,new_vehicle_efficiency,ht,km_per_pj,road,freight,bev,all,yearly,national,['avg_eff_no_outliers $ transport_data_system_9th'],1,3249486640.872147,avg_eff_no_outliers $ transport_data_system_9th,249960510.836319,single_datapoint,no_comment
6068,2012,08_JPN,turnover_rate,ht,%,road,freight,bev,all,yearly,national,['manually_inputted_data $ guess'],1,0.42,manually_inputted_data $ guess,0.03,manual,no_comment
6069,2013,08_JPN,new_vehicle_efficiency,ht,km_per_pj,road,freight,bev,all,yearly,national,['avg_eff_no_outliers $ transport_data_system_9th'],1,3249486640.872147,avg_eff_no_outliers $ transport_data_system_9th,249960510.836319,single_datapoint,no_comment
6070,2013,08_JPN,turnover_rate,ht,%,road,freight,bev,all,yearly,national,['manually_inputted_data $ guess'],1,0.42,manually_inputted_data $ guess,0.03,manual,no_comment
6071,2014,08_JPN,new_vehicle_efficiency,ht,km_per_pj,road,freight,bev,all,yearly,national,['avg_eff_no_outliers $ transport_data_system_9th'],1,3249486640.872147,avg_eff_no_outliers $ transport_data_system_9th,249960510.836319,single_datapoint,no_comment
6072,2014,08_JPN,turnover_rate,ht,%,road,freight,bev,all,yearly,national,['manually_inputted_data $ guess'],1,0.42,manually_inputted_data $ guess,0.03,manual,no_comment
6073,2015,08_JPN,new_vehicle_efficiency,ht,km_per_pj,road,freight,bev,all,yearly,national,['avg_eff_no_outliers $ transport_data_system_9th'],1,3249486640.872147,avg_eff_no_outliers $ transport_data_system_9th,249960510.836319,single_datapoint,no_comment
6074,2015,08_JPN,turnover_rate,ht,%,road,freight,bev,all,yearly,national,['manually_inputted_data $ guess'],1,0.42,manually_inputted_data $ guess,0.03,manual,no_comment
6075,2016,08_JPN,new_vehicle_efficiency,ht,km_per_pj,road,freight,bev,all,yearly,national,['avg_eff_no_outliers $ transport_data_system_9th'],1,3249486640.872147,avg_eff_no_outliers $ transport_data_system_9th,249960510.836319,single_datapoint,no_comment
6076,2016,08_JPN,turnover_rate,ht,%,road,freight,bev,all,yearly,national,['manually_inputted_data $ guess'],1,0.42,manually_inputted_data $ guess,0.03,manual,no_comment
6077,2017,08_JPN,activity,ht,passenger_km_or_freight_tonne_km,road,freight,bev,all,yearly,national,"['8th_edition_transport_model $ reference', 'estimated $ calculate_energy_and_activity()']",2,244442568.0,estimated $ calculate_energy_and_activity(),76640625.0,manual,no_comment
6078,2017,08_JPN,energy,ht,pj,road,freight,bev,all,yearly,national,"['8th_edition_transport_model $ reference', 'estimated $ calculate_energy_and_activity()']",2,0.17810001734518324,8th_edition_transport_model $ reference,0.0090724127296313,manual,no_comment
6079,2017,08_JPN,new_vehicle_efficiency,ht,km_per_pj,road,freight,bev,all,yearly,national,['avg_eff_no_outliers $ transport_data_system_9th'],1,3249486640.872147,avg_eff_no_outliers $ transport_data_system_9th,249960510.836319,single_datapoint,no_comment
6080,2017,08_JPN,travel_km,ht,km,road,freight,bev,all,yearly,national,['estimated $ calculate_energy_and_activity()'],1,41750000.0,estimated $ calculate_energy_and_activity(),13625000.0,single_datapoint,no_comment
6081,2017,08_JPN,turnover_rate,ht,%,road,freight,bev,all,yearly,national,"['manually_inputted_data $ guess', 'turnover_rate_est']",2,0.42,manually_inputted_data $ guess,0.03,manual,no_comment
6082,2018,08_JPN,activity,ht,passenger_km_or_freight_tonne_km,road,freight,bev,all,yearly,national,['estimated $ calculate_energy_and_activity()'],1,244442568.0,estimated $ calculate_energy_and_activity(),3515625.0,manual,no_comment
6083,2018,08_JPN,energy,ht,pj,road,freight,bev,all,yearly,national,['estimated $ calculate_energy_and_activity()'],1,0.17810001734518324,estimated $ calculate_energy_and_activity(),0.0025303533625082625,manual,no_comment
6084,2018,08_JPN,new_vehicle_efficiency,ht,km_per_pj,road,freight,bev,all,yearly,national,['avg_eff_no_outliers $ transport_data_system_9th'],1,3249486640.872147,avg_eff_no_outliers $ transport_data_system_9th,249960510.836319,single_datapoint,no_comment
6085,2018,08_JPN,travel_km,ht,km,road,freight,bev,all,yearly,national,['estimated $ calculate_energy_and_activity()'],1,41750000.0,estimated $ calculate_energy_and_activity(),625000.0,single_datapoint,no_comment
6086,2018,08_JPN,turnover_rate,ht,%,road,freight,bev,all,yearly,national,['manually_inputted_data $ guess'],1,0.42,manually_inputted_data $ guess,0.03,manual,no_comment
6087,2019,08_JPN,activity,ht,passenger_km_or_freight_tonne_km,road,freight,bev,all,yearly,national,['estimated $ calculate_energy_and_activity()'],1,244442568.0,estimated $ calculate_energy_and_activity(),38671875.0,manual,no_comment
6088,2019,08_JPN,energy,ht,pj,road,freight,bev,all,yearly,national,['estimated $ calculate_energy_and_activity()'],1,0.17810001734518324,estimated $ calculate_energy_and_activity(),0.02783388698759089,manual,no_comment
6089,2019,08_JPN,new_vehicle_efficiency,ht,km_per_pj,road,freight,bev,all,yearly,national,['avg_eff_no_outliers $ transport_data_system_9th'],1,3249486640.872147,avg_eff_no_outliers $ transport_data_system_9th,249960510.836319,single_datapoint,no_comment
6090,2019,08_JPN,travel_km,ht,km,road,freight,bev,all,yearly,national,['estimated $ calculate_energy_and_activity()'],1,41750000.0,estimated $ calculate_energy_and_activity(),6875000.0,single_datapoint,no_comment
6091,2019,08_JPN,turnover_rate,ht,%,road,freight,bev,all,yearly,national,['manually_inputted_data $ guess'],1,0.42,manually_inputted_data $ guess,0.03,manual,no_comment
6092,2020,08_JPN,activity,ht,passenger_km_or_freight_tonne_km,road,freight,bev,all,yearly,national,['estimated $ calculate_energy_and_activity()'],1,244442568.0,estimated $ calculate_energy_and_activity(),38671875.0,manual,no_comment
6093,2020,08_JPN,energy,ht,pj,road,freight,bev,all,yearly,national,['estimated $ calculate_energy_and_activity()'],1,0.17810001734518324,estimated $ calculate_energy_and_activity(),0.02783388698759089,manual,no_comment
6094,2020,08_JPN,new_vehicle_efficiency,ht,km_per_pj,road,freight,bev,all,yearly,national,['avg_eff_no_outliers $ transport_data_system_9th'],1,3249486640.872147,avg_eff_no_outliers $ transport_data_system_9th,249960510.836319,single_datapoint,no_comment
6095,2020,08_JPN,travel_km,ht,km,road,freight,bev,all,yearly,national,['estimated $ calculate_energy_and_activity()'],1,41750000.0,estimated $ calculate_energy_and_activity(),6875000.0,single_datapoint,no_comment
6096,2020,08_JPN,turnover_rate,ht,%,road,freight,bev,all,yearly,national,['manually_inputted_data $ guess'],1,0.42,manually_inputted_data $ guess,0.03,manual,no_comment
6097,2021,08_JPN,activity,ht,passenger_km_or_freight_tonne_km,road,freight,bev,all,yearly,national,['estimated $ calculate_energy_and_activity()'],1,244442568.0,estimated $ calculate_energy_and_activity(),38671875.0,manual,no_comment
6098,2021,08_JPN,energy,ht,pj,road,freight,bev,all,yearly,national,['estimated $ calculate_energy_and_activity()'],1,0.17810001734518324,estimated $ calculate_energy_and_activity(),0.02783388698759089,manual,no_comment
6099,2021,08_JPN,new_vehicle_efficiency,ht,km_per_pj,road,freight,bev,all,yearly,national,['avg_eff_no_outliers $ transport_data_system_9th'],1,3249486640.872147,avg_eff_no_outliers $ transport_data_system_9th,249960510.836319,single_datapoint,no_comment
6100,2021,08_JPN,travel_km,ht,km,road,freight,bev,all,yearly,national,['estimated $ calculate_energy_and_activity()'],1,41750000.0,estimated $ calculate_energy_and_activity(),6875000.0,single_datapoint,no_comment
6101,2021,08_JPN,turnover_rate,ht,%,road,freight,bev,all,yearly,national,['manually_inputted_data $ guess'],1,0.42,manually_inputted_data $ guess,0.03,manual,no_comment
6102,2022,08_JPN,activity,ht,passenger_km_or_freight_tonne_km,road,freight,bev,all,yearly,national,['estimated $ calculate_energy_and_activity()'],1,244442568.0,estimated $ calculate_energy_and_activity(),38671875.0,manual,no_comment
6103,2022,08_JPN,energy,ht,pj,road,freight,bev,all,yearly,national,['estimated $ calculate_energy_and_activity()'],1,0.17810001734518324,estimated $ calculate_energy_and_activity(),0.02783388698759089,manual,no_comment
6104,2022,08_JPN,new_vehicle_efficiency,ht,km_per_pj,road,freight,bev,all,yearly,national,['avg_eff_no_outliers $ transport_data_system_9th'],1,3249486640.872147,avg_eff_no_outliers $ transport_data_system_9th,249960510.836319,single_datapoint,no_comment
6105,2022,08_JPN,travel_km,ht,km,road,freight,bev,all,yearly,national,['estimated $ calculate_energy_and_activity()'],1,41750000.0,estimated $ calculate_energy_and_activity(),6875000.0,single_datapoint,no_comment
6106,2022,08_JPN,turnover_rate,ht,%,road,freight,bev,all,yearly,national,['manually_inputted_data $ guess'],1,0.42,manually_inputted_data $ guess,0.03,manual,no_comment
6107,2010,08_JPN,new_vehicle_efficiency,ht,km_per_pj,road,freight,cng,all,yearly,national,['avg_eff_no_outliers $ transport_data_system_9th'],1,1775178058.548531,avg_eff_no_outliers $ transport_data_system_9th,136552158.349887,single_datapoint,no_comment
6108,2010,08_JPN,turnover_rate,ht,%,road,freight,cng,all,yearly,national,['manually_inputted_data $ guess'],1,0.42,manually_inputted_data $ guess,0.03,manual,no_comment
6109,2011,08_JPN,new_vehicle_efficiency,ht,km_per_pj,road,freight,cng,all,yearly,national,['avg_eff_no_outliers $ transport_data_system_9th'],1,1775178058.548531,avg_eff_no_outliers $ transport_data_system_9th,136552158.349887,single_datapoint,no_comment
6110,2011,08_JPN,turnover_rate,ht,%,road,freight,cng,all,yearly,national,['manually_inputted_data $ guess'],1,0.42,manually_inputted_data $ guess,0.03,manual,no_comment
6111,2012,08_JPN,new_vehicle_efficiency,ht,km_per_pj,road,freight,cng,all,yearly,national,['avg_eff_no_outliers $ transport_data_system_9th'],1,1775178058.548531,avg_eff_no_outliers $ transport_data_system_9th,136552158.349887,single_datapoint,no_comment
6112,2012,08_JPN,turnover_rate,ht,%,road,freight,cng,all,yearly,national,['manually_inputted_data $ guess'],1,0.42,manually_inputted_data $ guess,0.03,manual,no_comment
6113,2013,08_JPN,new_vehicle_efficiency,ht,km_per_pj,road,freight,cng,all,yearly,national,['avg_eff_no_outliers $ transport_data_system_9th'],1,1775178058.548531,avg_eff_no_outliers $ transport_data_system_9th,136552158.349887,single_datapoint,no_comment
6114,2013,08_JPN,turnover_rate,ht,%,road,freight,cng,all,yearly,national,['manually_inputted_data $ guess'],1,0.42,manually_inputted_data $ guess,0.03,manual,no_comment
6115,2014,08_JPN,new_vehicle_efficiency,ht,km_per_pj,road,freight,cng,all,yearly,national,['avg_eff_no_outliers $ transport_data_system_9th'],1,1775178058.548531,avg_eff_no_outliers $ transport_data_system_9th,136552158.349887,single_datapoint,no_comment
6116,2014,08_JPN,turnover_rate,ht,%,road,freight,cng,all,yearly,national,['manually_inputted_data $ guess'],1,0.42,manually_inputted_data $ guess,0.03,manual,no_comment
6117,2015,08_JPN,new_vehicle_efficiency,ht,km_per_pj,road,freight,cng,all,yearly,national,['avg_eff_no_outliers $ transport_data_system_9th'],1,1775178058.548531,avg_eff_no_outliers $ transport_data_system_9th,136552158.349887,single_datapoint,no_comment
6118,2015,08_JPN,turnover_rate,ht,%,road,freight,cng,all,yearly,national,['manually_inputted_data $ guess'],1,0.42,manually_inputted_data $ guess,0.03,manual,no_comment
6119,2016,08_JPN,new_vehicle_efficiency,ht,km_per_pj,road,freight,cng,all,yearly,national,['avg_eff_no_outliers $ transport_data_system_9th'],1,1775178058.548531,avg_eff_no_outliers $ transport_data_system_9th,136552158.349887,single_datapoint,no_comment
6120,2016,08_JPN,turnover_rate,ht,%,road,freight,cng,all,yearly,national,['manually_inputted_data $ guess'],1,0.42,manually_inputted_data $ guess,0.03,manual,no_comment
6121,2017,08_JPN,activity,ht,passenger_km_or_freight_tonne_km,road,freight,cng,all,yearly,national,"['8th_edition_transport_model $ reference', 'estimated $ calculate_energy_and_activity()']",2,4578420591.0,estimated $ calculate_energy_and_activity(),3853125000.0,manual,no_comment
6122,2017,08_JPN,energy,ht,pj,road,freight,cng,all,yearly,national,"['8th_edition_transport_model $ reference', 'estimated $ calculate_energy_and_activity()']",2,11.858869378413964,estimated $ calculate_energy_and_activity(),9.706435498581696,manual,no_comment
6123,2017,08_JPN,new_vehicle_efficiency,ht,km_per_pj,road,freight,cng,all,yearly,national,['avg_eff_no_outliers $ transport_data_system_9th'],1,1775178058.548531,avg_eff_no_outliers $ transport_data_system_9th,136552158.349887,single_datapoint,no_comment
6124,2017,08_JPN,travel_km,ht,km,road,freight,cng,all,yearly,national,['estimated $ calculate_energy_and_activity()'],1,685000000.0,estimated $ calculate_energy_and_activity(),685000000.0,single_datapoint,no_comment
6125,2017,08_JPN,turnover_rate,ht,%,road,freight,cng,all,yearly,national,"['manually_inputted_data $ guess', 'turnover_rate_est']",2,0.42,manually_inputted_data $ guess,0.03,manual,no_comment
6126,2018,08_JPN,new_vehicle_efficiency,ht,km_per_pj,road,freight,cng,all,yearly,national,['avg_eff_no_outliers $ transport_data_system_9th'],1,1775178058.548531,avg_eff_no_outliers $ transport_data_system_9th,136552158.349887,single_datapoint,no_comment
6127,2018,08_JPN,turnover_rate,ht,%,road,freight,cng,all,yearly,national,['manually_inputted_data $ guess'],1,0.42,manually_inputted_data $ guess,0.03,manual,no_comment
6128,2019,08_JPN,new_vehicle_efficiency,ht,km_per_pj,road,freight,cng,all,yearly,national,['avg_eff_no_outliers $ transport_data_system_9th'],1,1775178058.548531,avg_eff_no_outliers $ transport_data_system_9th,136552158.349887,single_datapoint,no_comment
6129,2019,08_JPN,turnover_rate,ht,%,road,freight,cng,all,yearly,national,['manually_inputted_data $ guess'],1,0.42,manually_inputted_data $ guess,0.03,manual,no_comment
6130,2020,08_JPN,new_vehicle_efficiency,ht,km_per_pj,road,freight,cng,all,yearly,national,['avg_eff_no_outliers $ transport_data_system_9th'],1,1775178058.548531,avg_eff_no_outliers $ transport_data_system_9th,136552158.349887,single_datapoint,no_comment
6131,2020,08_JPN,turnover_rate,ht,%,road,freight,cng,all,yearly,national,['manually_inputted_data $ guess'],1,0.42,manually_inputted_data $ guess,0.03,manual,no_comment
6132,2021,08_JPN,new_vehicle_efficiency,ht,km_per_pj,road,freight,cng,all,yearly,national,['avg_eff_no_outliers $ transport_data_system_9th'],1,1775178058.548531,avg_eff_no_outliers $ transport_data_system_9th,136552158.349887,single_datapoint,no_comment
6133,2021,08_JPN,turnover_rate,ht,%,road,freight,cng,all,yearly,national,['manually_inputted_data $ guess'],1,0.42,manually_inputted_data $ guess,0.03,manual,no_comment
6134,2022,08_JPN,new_vehicle_efficiency,ht,km_per_pj,road,freight,cng,all,yearly,national,['avg_eff_no_outliers $ transport_data_system_9th'],1,1775178058.548531,avg_eff_no_outliers $ transport_data_system_9th,136552158.349887,single_datapoint,no_comment
6135,2022,08_JPN,turnover_rate,ht,%,road,freight,cng,all,yearly,national,['manually_inputted_data $ guess'],1,0.42,manually_inputted_data $ guess,0.03,manual,no_comment
6136,2017,08_JPN,turnover_rate,ht,%,road,freight,fcev,all,yearly,national,['turnover_rate_est'],1,0.03,turnover_rate_est,0.03,single_datapoint,no_comment
6137,2010,08_JPN,new_vehicle_efficiency,ht,km_per_pj,road,freight,ice,all,yearly,national,['avg_eff_no_outliers $ transport_data_system_9th'],1,1058551713.3301452,avg_eff_no_outliers $ transport_data_system_9th,81427054.87154964,single_datapoint,no_comment
6138,2010,08_JPN,turnover_rate,ht,%,road,freight,ice,all,yearly,national,['manually_inputted_data $ guess'],1,0.39,manually_inputted_data $ guess,0.03,single_datapoint,no_comment
6139,2011,08_JPN,new_vehicle_efficiency,ht,km_per_pj,road,freight,ice,all,yearly,national,['avg_eff_no_outliers $ transport_data_system_9th'],1,1058551713.3301452,avg_eff_no_outliers $ transport_data_system_9th,81427054.87154964,single_datapoint,no_comment
6140,2011,08_JPN,turnover_rate,ht,%,road,freight,ice,all,yearly,national,['manually_inputted_data $ guess'],1,0.39,manually_inputted_data $ guess,0.03,single_datapoint,no_comment
6141,2012,08_JPN,new_vehicle_efficiency,ht,km_per_pj,road,freight,ice,all,yearly,national,['avg_eff_no_outliers $ transport_data_system_9th'],1,1058551713.3301452,avg_eff_no_outliers $ transport_data_system_9th,81427054.87154964,single_datapoint,no_comment
6142,2012,08_JPN,turnover_rate,ht,%,road,freight,ice,all,yearly,national,['manually_inputted_data $ guess'],1,0.39,manually_inputted_data $ guess,0.03,single_datapoint,no_comment
6143,2013,08_JPN,new_vehicle_efficiency,ht,km_per_pj,road,freight,ice,all,yearly,national,['avg_eff_no_outliers $ transport_data_system_9th'],1,1058551713.3301452,avg_eff_no_outliers $ transport_data_system_9th,81427054.87154964,single_datapoint,no_comment
6144,2013,08_JPN,turnover_rate,ht,%,road,freight,ice,all,yearly,national,['manually_inputted_data $ guess'],1,0.39,manually_inputted_data $ guess,0.03,single_datapoint,no_comment
6145,2014,08_JPN,new_vehicle_efficiency,ht,km_per_pj,road,freight,ice,all,yearly,national,['avg_eff_no_outliers $ transport_data_system_9th'],1,1058551713.3301452,avg_eff_no_outliers $ transport_data_system_9th,81427054.87154964,single_datapoint,no_comment
6146,2014,08_JPN,turnover_rate,ht,%,road,freight,ice,all,yearly,national,['manually_inputted_data $ guess'],1,0.39,manually_inputted_data $ guess,0.03,single_datapoint,no_comment
6147,2015,08_JPN,new_vehicle_efficiency,ht,km_per_pj,road,freight,ice,all,yearly,national,['avg_eff_no_outliers $ transport_data_system_9th'],1,1058551713.3301452,avg_eff_no_outliers $ transport_data_system_9th,81427054.87154964,single_datapoint,no_comment
6148,2015,08_JPN,turnover_rate,ht,%,road,freight,ice,all,yearly,national,['manually_inputted_data $ guess'],1,0.39,manually_inputted_data $ guess,0.03,single_datapoint,no_comment
6149,2016,08_JPN,new_vehicle_efficiency,ht,km_per_pj,road,freight,ice,all,yearly,national,['avg_eff_no_outliers $ transport_data_system_9th'],1,1058551713.3301452,avg_eff_no_outliers $ transport_data_system_9th,81427054.87154964,single_datapoint,no_comment
6150,2016,08_JPN,turnover_rate,ht,%,road,freight,ice,all,yearly,national,['manually_inputted_data $ guess'],1,0.39,manually_inputted_data $ guess,0.03,single_datapoint,no_comment
6151,2017,08_JPN,activity,ht,passenger_km_or_freight_tonne_km,road,freight,ice,all,yearly,national,['estimated $ calculate_energy_and_activity()'],1,1242759375000.0,estimated $ calculate_energy_and_activity(),1242759375000.0,single_datapoint,no_comment
6152,2017,08_JPN,energy,ht,pj,road,freight,ice,all,yearly,national,['estimated $ calculate_energy_and_activity()'],1,3130.644272816273,estimated $ calculate_energy_and_activity(),3130.644272816273,single_datapoint,no_comment
6153,2017,08_JPN,new_vehicle_efficiency,ht,km_per_pj,road,freight,ice,all,yearly,national,['avg_eff_no_outliers $ transport_data_system_9th'],1,1058551713.3301452,avg_eff_no_outliers $ transport_data_system_9th,81427054.87154964,single_datapoint,no_comment
6154,2017,08_JPN,travel_km,ht,km,road,freight,ice,all,yearly,national,['estimated $ calculate_energy_and_activity()'],1,220935000000.0,estimated $ calculate_energy_and_activity(),220935000000.0,single_datapoint,no_comment
6155,2017,08_JPN,turnover_rate,ht,%,road,freight,ice,all,yearly,national,['manually_inputted_data $ guess'],1,0.39,manually_inputted_data $ guess,0.03,single_datapoint,no_comment
6156,2018,08_JPN,new_vehicle_efficiency,ht,km_per_pj,road,freight,ice,all,yearly,national,['avg_eff_no_outliers $ transport_data_system_9th'],1,1058551713.3301452,avg_eff_no_outliers $ transport_data_system_9th,81427054.87154964,single_datapoint,no_comment
6157,2018,08_JPN,turnover_rate,ht,%,road,freight,ice,all,yearly,national,['manually_inputted_data $ guess'],1,0.39,manually_inputted_data $ guess,0.03,single_datapoint,no_comment
6158,2019,08_JPN,new_vehicle_efficiency,ht,km_per_pj,road,freight,ice,all,yearly,national,['avg_eff_no_outliers $ transport_data_system_9th'],1,1058551713.3301452,avg_eff_no_outliers $ transport_data_system_9th,81427054.87154964,single_datapoint,no_comment
6159,2019,08_JPN,turnover_rate,ht,%,road,freight,ice,all,yearly,national,['manually_inputted_data $ guess'],1,0.39,manually_inputted_data $ guess,0.03,single_datapoint,no_comment
6160,2020,08_JPN,new_vehicle_efficiency,ht,km_per_pj,road,freight,ice,all,yearly,national,['avg_eff_no_outliers $ transport_data_system_9th'],1,1058551713.3301452,avg_eff_no_outliers $ transport_data_system_9th,81427054.87154964,single_datapoint,no_comment
6161,2020,08_JPN,turnover_rate,ht,%,road,freight,ice,all,yearly,national,['manually_inputted_data $ guess'],1,0.39,manually_inputted_data $ guess,0.03,single_datapoint,no_comment
6162,2021,08_JPN,new_vehicle_efficiency,ht,km_per_pj,road,freight,ice,all,yearly,national,['avg_eff_no_outliers $ transport_data_system_9th'],1,1058551713.3301452,avg_eff_no_outliers $ transport_data_system_9th,81427054.87154964,single_datapoint,no_comment
6163,2021,08_JPN,turnover_rate,ht,%,road,freight,ice,all,yearly,national,['manually_inputted_data $ guess'],1,0.39,manually_inputted_data $ guess,0.03,single_datapoint,no_comment
6164,2022,08_JPN,new_vehicle_efficiency,ht,km_per_pj,road,freight,ice,all,yearly,national,['avg_eff_no_outliers $ transport_data_system_9th'],1,1058551713.3301452,avg_eff_no_outliers $ transport_data_system_9th,81427054.87154964,single_datapoint,no_comment
6165,2022,08_JPN,turnover_rate,ht,%,road,freight,ice,all,yearly,national,['manually_inputted_data $ guess'],1,0.39,manually_inputted_data $ guess,0.03,single_datapoint,no_comment
6166,2010,08_JPN,new_vehicle_efficiency,ht,km_per_pj,road,freight,lpg,all,yearly,national,['avg_eff_no_outliers $ transport_data_system_9th'],1,1405649677.815799,avg_eff_no_outliers $ transport_data_system_9th,108126898.293523,single_datapoint,no_comment
6167,2010,08_JPN,turnover_rate,ht,%,road,freight,lpg,all,yearly,national,['manually_inputted_data $ guess'],1,0.42,manually_inputted_data $ guess,0.03,manual,no_comment
6168,2011,08_JPN,new_vehicle_efficiency,ht,km_per_pj,road,freight,lpg,all,yearly,national,['avg_eff_no_outliers $ transport_data_system_9th'],1,1405649677.815799,avg_eff_no_outliers $ transport_data_system_9th,108126898.293523,single_datapoint,no_comment
6169,2011,08_JPN,turnover_rate,ht,%,road,freight,lpg,all,yearly,national,['manually_inputted_data $ guess'],1,0.42,manually_inputted_data $ guess,0.03,manual,no_comment
6170,2012,08_JPN,new_vehicle_efficiency,ht,km_per_pj,road,freight,lpg,all,yearly,national,['avg_eff_no_outliers $ transport_data_system_9th'],1,1405649677.815799,avg_eff_no_outliers $ transport_data_system_9th,108126898.293523,single_datapoint,no_comment
6171,2012,08_JPN,turnover_rate,ht,%,road,freight,lpg,all,yearly,national,['manually_inputted_data $ guess'],1,0.42,manually_inputted_data $ guess,0.03,manual,no_comment
6172,2013,08_JPN,new_vehicle_efficiency,ht,km_per_pj,road,freight,lpg,all,yearly,national,['avg_eff_no_outliers $ transport_data_system_9th'],1,1405649677.815799,avg_eff_no_outliers $ transport_data_system_9th,108126898.293523,single_datapoint,no_comment
6173,2013,08_JPN,turnover_rate,ht,%,road,freight,lpg,all,yearly,national,['manually_inputted_data $ guess'],1,0.42,manually_inputted_data $ guess,0.03,manual,no_comment
6174,2014,08_JPN,new_vehicle_efficiency,ht,km_per_pj,road,freight,lpg,all,yearly,national,['avg_eff_no_outliers $ transport_data_system_9th'],1,1405649677.815799,avg_eff_no_outliers $ transport_data_system_9th,108126898.293523,single_datapoint,no_comment
6175,2014,08_JPN,turnover_rate,ht,%,road,freight,lpg,all,yearly,national,['manually_inputted_data $ guess'],1,0.42,manually_inputted_data $ guess,0.03,manual,no_comment
6176,2015,08_JPN,new_vehicle_efficiency,ht,km_per_pj,road,freight,lpg,all,yearly,national,['avg_eff_no_outliers $ transport_data_system_9th'],1,1405649677.815799,avg_eff_no_outliers $ transport_data_system_9th,108126898.293523,single_datapoint,no_comment
6177,2015,08_JPN,turnover_rate,ht,%,road,freight,lpg,all,yearly,national,['manually_inputted_data $ guess'],1,0.42,manually_inputted_data $ guess,0.03,manual,no_comment
6178,2016,08_JPN,new_vehicle_efficiency,ht,km_per_pj,road,freight,lpg,all,yearly,national,['avg_eff_no_outliers $ transport_data_system_9th'],1,1405649677.815799,avg_eff_no_outliers $ transport_data_system_9th,108126898.293523,single_datapoint,no_comment
6179,2016,08_JPN,turnover_rate,ht,%,road,freight,lpg,all,yearly,national,['manually_inputted_data $ guess'],1,0.42,manually_inputted_data $ guess,0.03,manual,no_comment
6180,2017,08_JPN,activity,ht,passenger_km_or_freight_tonne_km,road,freight,lpg,all,yearly,national,"['8th_edition_transport_model $ reference', 'estimated $ calculate_energy_and_activity()']",2,2318201050.0,estimated $ calculate_energy_and_activity(),2003906250.0,manual,no_comment
6181,2017,08_JPN,energy,ht,pj,road,freight,lpg,all,yearly,national,"['8th_edition_transport_model $ reference', 'estimated $ calculate_energy_and_activity()']",2,5.774062075386981,estimated $ calculate_energy_and_activity(),5.048054958203984,manual,no_comment
6182,2017,08_JPN,new_vehicle_efficiency,ht,km_per_pj,road,freight,lpg,all,yearly,national,['avg_eff_no_outliers $ transport_data_system_9th'],1,1405649677.815799,avg_eff_no_outliers $ transport_data_system_9th,108126898.293523,single_datapoint,no_comment
6183,2017,08_JPN,travel_km,ht,km,road,freight,lpg,all,yearly,national,['estimated $ calculate_energy_and_activity()'],1,356250000.0,estimated $ calculate_energy_and_activity(),356250000.0,single_datapoint,no_comment
6184,2017,08_JPN,turnover_rate,ht,%,road,freight,lpg,all,yearly,national,"['manually_inputted_data $ guess', 'turnover_rate_est']",2,0.42,manually_inputted_data $ guess,0.03,manual,no_comment
6185,2018,08_JPN,new_vehicle_efficiency,ht,km_per_pj,road,freight,lpg,all,yearly,national,['avg_eff_no_outliers $ transport_data_system_9th'],1,1405649677.815799,avg_eff_no_outliers $ transport_data_system_9th,108126898.293523,single_datapoint,no_comment
6186,2018,08_JPN,turnover_rate,ht,%,road,freight,lpg,all,yearly,national,['manually_inputted_data $ guess'],1,0.42,manually_inputted_data $ guess,0.03,manual,no_comment
6187,2019,08_JPN,new_vehicle_efficiency,ht,km_per_pj,road,freight,lpg,all,yearly,national,['avg_eff_no_outliers $ transport_data_system_9th'],1,1405649677.815799,avg_eff_no_outliers $ transport_data_system_9th,108126898.293523,single_datapoint,no_comment
6188,2019,08_JPN,turnover_rate,ht,%,road,freight,lpg,all,yearly,national,['manually_inputted_data $ guess'],1,0.42,manually_inputted_data $ guess,0.03,manual,no_comment
6189,2020,08_JPN,new_vehicle_efficiency,ht,km_per_pj,road,freight,lpg,all,yearly,national,['avg_eff_no_outliers $ transport_data_system_9th'],1,1405649677.815799,avg_eff_no_outliers $ transport_data_system_9th,108126898.293523,single_datapoint,no_comment
6190,2020,08_JPN,turnover_rate,ht,%,road,freight,lpg,all,yearly,national,['manually_inputted_data $ guess'],1,0.42,manually_inputted_data $ guess,0.03,manual,no_comment
6191,2021,08_JPN,new_vehicle_efficiency,ht,km_per_pj,road,freight,lpg,all,yearly,national,['avg_eff_no_outliers $ transport_data_system_9th'],1,1405649677.815799,avg_eff_no_outliers $ transport_data_system_9th,108126898.293523,single_datapoint,no_comment
6192,2021,08_JPN,turnover_rate,ht,%,road,freight,lpg,all,yearly,national,['manually_inputted_data $ guess'],1,0.42,manually_inputted_data $ guess,0.03,manual,no_comment
6193,2022,08_JPN,new_vehicle_efficiency,ht,km_per_pj,road,freight,lpg,all,yearly,national,['avg_eff_no_outliers $ transport_data_system_9th'],1,1405649677.815799,avg_eff_no_outliers $ transport_data_system_9th,108126898.293523,single_datapoint,no_comment
6194,2022,08_JPN,turnover_rate,ht,%,road,freight,lpg,all,yearly,national,['manually_inputted_data $ guess'],1,0.42,manually_inputted_data $ guess,0.03,manual,no_comment
6195,2010,08_JPN,activity,ldv,passenger_km_or_freight_tonne_km,road,passenger,bev,all,yearly,national,['estimated $ calculate_energy_and_activity()'],1,26884094972.0,estimated $ calculate_energy_and_activity(),78750000.0,manual,no_comment
6196,2010,08_JPN,energy,ldv,pj,road,passenger,bev,all,yearly,national,['estimated $ calculate_energy_and_activity()'],1,14.6995792938772,estimated $ calculate_energy_and_activity(),0.04312068746300721,manual,no_comment
6197,2010,08_JPN,new_vehicle_efficiency,ldv,km_per_pj,road,freight,bev,all,yearly,national,['avg_eff_no_outliers $ transport_data_system_9th'],1,7200566335.010296,avg_eff_no_outliers $ transport_data_system_9th,553889718.077715,single_datapoint,no_comment
6198,2010,08_JPN,new_vehicle_efficiency,ldv,km_per_pj,road,passenger,bev,all,yearly,national,['avg_eff_no_outliers $ transport_data_system_9th'],1,9901716082.423439,avg_eff_no_outliers $ transport_data_system_9th,761670467.878726,single_datapoint,no_comment
6199,2010,08_JPN,travel_km,ldv,km,road,passenger,bev,all,yearly,national,['estimated $ calculate_energy_and_activity()'],1,17557500000.0,estimated $ calculate_energy_and_activity(),52500000.0,single_datapoint,no_comment
6200,2010,08_JPN,turnover_rate,ldv,%,road,freight,bev,all,yearly,national,['manually_inputted_data $ guess'],1,0.42,manually_inputted_data $ guess,0.03,manual,no_comment
6201,2010,08_JPN,turnover_rate,ldv,%,road,passenger,bev,all,yearly,national,['manually_inputted_data $ guess'],1,0.42,manually_inputted_data $ guess,0.03,manual,no_comment
6202,2011,08_JPN,activity,ldv,passenger_km_or_freight_tonne_km,road,passenger,bev,all,yearly,national,['estimated $ calculate_energy_and_activity()'],1,26884094972.0,estimated $ calculate_energy_and_activity(),360000000.0,manual,no_comment
6203,2011,08_JPN,energy,ldv,pj,road,passenger,bev,all,yearly,national,['estimated $ calculate_energy_and_activity()'],1,14.6995792938772,estimated $ calculate_energy_and_activity(),0.19712314268803294,manual,no_comment
6204,2011,08_JPN,new_vehicle_efficiency,ldv,km_per_pj,road,freight,bev,all,yearly,national,['avg_eff_no_outliers $ transport_data_system_9th'],1,7200566335.010296,avg_eff_no_outliers $ transport_data_system_9th,553889718.077715,single_datapoint,no_comment
6205,2011,08_JPN,new_vehicle_efficiency,ldv,km_per_pj,road,passenger,bev,all,yearly,national,['avg_eff_no_outliers $ transport_data_system_9th'],1,9901716082.423439,avg_eff_no_outliers $ transport_data_system_9th,761670467.878726,single_datapoint,no_comment
6206,2011,08_JPN,travel_km,ldv,km,road,passenger,bev,all,yearly,national,['estimated $ calculate_energy_and_activity()'],1,17557500000.0,estimated $ calculate_energy_and_activity(),240000000.0,single_datapoint,no_comment
6207,2011,08_JPN,turnover_rate,ldv,%,road,freight,bev,all,yearly,national,['manually_inputted_data $ guess'],1,0.42,manually_inputted_data $ guess,0.03,manual,no_comment
6208,2011,08_JPN,turnover_rate,ldv,%,road,passenger,bev,all,yearly,national,['manually_inputted_data $ guess'],1,0.42,manually_inputted_data $ guess,0.03,manual,no_comment
6209,2012,08_JPN,activity,ldv,passenger_km_or_freight_tonne_km,road,passenger,bev,all,yearly,national,['estimated $ calculate_energy_and_activity()'],1,26884094972.0,estimated $ calculate_energy_and_activity(),675000000.0,manual,no_comment
6210,2012,08_JPN,energy,ldv,pj,road,passenger,bev,all,yearly,national,['estimated $ calculate_energy_and_activity()'],1,14.6995792938772,estimated $ calculate_energy_and_activity(),0.36960589254006176,manual,no_comment
6211,2012,08_JPN,new_vehicle_efficiency,ldv,km_per_pj,road,freight,bev,all,yearly,national,['avg_eff_no_outliers $ transport_data_system_9th'],1,7200566335.010296,avg_eff_no_outliers $ transport_data_system_9th,553889718.077715,single_datapoint,no_comment
6212,2012,08_JPN,new_vehicle_efficiency,ldv,km_per_pj,road,passenger,bev,all,yearly,national,['avg_eff_no_outliers $ transport_data_system_9th'],1,9901716082.423439,avg_eff_no_outliers $ transport_data_system_9th,761670467.878726,single_datapoint,no_comment
6213,2012,08_JPN,travel_km,ldv,km,road,passenger,bev,all,yearly,national,['estimated $ calculate_energy_and_activity()'],1,17557500000.0,estimated $ calculate_energy_and_activity(),450000000.0,single_datapoint,no_comment
6214,2012,08_JPN,turnover_rate,ldv,%,road,freight,bev,all,yearly,national,['manually_inputted_data $ guess'],1,0.42,manually_inputted_data $ guess,0.03,manual,no_comment
6215,2012,08_JPN,turnover_rate,ldv,%,road,passenger,bev,all,yearly,national,['manually_inputted_data $ guess'],1,0.42,manually_inputted_data $ guess,0.03,manual,no_comment
6216,2013,08_JPN,activity,ldv,passenger_km_or_freight_tonne_km,road,passenger,bev,all,yearly,national,['estimated $ calculate_energy_and_activity()'],1,26884094972.0,estimated $ calculate_energy_and_activity(),990000000.0,manual,no_comment
6217,2013,08_JPN,energy,ldv,pj,road,passenger,bev,all,yearly,national,['estimated $ calculate_energy_and_activity()'],1,14.6995792938772,estimated $ calculate_energy_and_activity(),0.5420886423920905,manual,no_comment
6218,2013,08_JPN,new_vehicle_efficiency,ldv,km_per_pj,road,freight,bev,all,yearly,national,['avg_eff_no_outliers $ transport_data_system_9th'],1,7200566335.010296,avg_eff_no_outliers $ transport_data_system_9th,553889718.077715,single_datapoint,no_comment
6219,2013,08_JPN,new_vehicle_efficiency,ldv,km_per_pj,road,passenger,bev,all,yearly,national,['avg_eff_no_outliers $ transport_data_system_9th'],1,9901716082.423439,avg_eff_no_outliers $ transport_data_system_9th,761670467.878726,single_datapoint,no_comment
6220,2013,08_JPN,travel_km,ldv,km,road,passenger,bev,all,yearly,national,['estimated $ calculate_energy_and_activity()'],1,17557500000.0,estimated $ calculate_energy_and_activity(),660000000.0,single_datapoint,no_comment
6221,2013,08_JPN,turnover_rate,ldv,%,road,freight,bev,all,yearly,national,['manually_inputted_data $ guess'],1,0.42,manually_inputted_data $ guess,0.03,manual,no_comment
6222,2013,08_JPN,turnover_rate,ldv,%,road,passenger,bev,all,yearly,national,['manually_inputted_data $ guess'],1,0.42,manually_inputted_data $ guess,0.03,manual,no_comment
6223,2014,08_JPN,activity,ldv,passenger_km_or_freight_tonne_km,road,passenger,bev,all,yearly,national,['estimated $ calculate_energy_and_activity()'],1,26884094972.0,estimated $ calculate_energy_and_activity(),1575000000.0,manual,no_comment
6224,2014,08_JPN,energy,ldv,pj,road,passenger,bev,all,yearly,national,['estimated $ calculate_energy_and_activity()'],1,14.6995792938772,estimated $ calculate_energy_and_activity(),0.8624137492601441,manual,no_comment
6225,2014,08_JPN,new_vehicle_efficiency,ldv,km_per_pj,road,freight,bev,all,yearly,national,['avg_eff_no_outliers $ transport_data_system_9th'],1,7200566335.010296,avg_eff_no_outliers $ transport_data_system_9th,553889718.077715,single_datapoint,no_comment
6226,2014,08_JPN,new_vehicle_efficiency,ldv,km_per_pj,road,passenger,bev,all,yearly,national,['avg_eff_no_outliers $ transport_data_system_9th'],1,9901716082.423439,avg_eff_no_outliers $ transport_data_system_9th,761670467.878726,single_datapoint,no_comment
6227,2014,08_JPN,travel_km,ldv,km,road,passenger,bev,all,yearly,national,['estimated $ calculate_energy_and_activity()'],1,17557500000.0,estimated $ calculate_energy_and_activity(),1050000000.0,single_datapoint,no_comment
6228,2014,08_JPN,turnover_rate,ldv,%,road,freight,bev,all,yearly,national,['manually_inputted_data $ guess'],1,0.42,manually_inputted_data $ guess,0.03,manual,no_comment
6229,2014,08_JPN,turnover_rate,ldv,%,road,passenger,bev,all,yearly,national,['manually_inputted_data $ guess'],1,0.42,manually_inputted_data $ guess,0.03,manual,no_comment
6230,2015,08_JPN,activity,ldv,passenger_km_or_freight_tonne_km,road,passenger,bev,all,yearly,national,['estimated $ calculate_energy_and_activity()'],1,26884094972.0,estimated $ calculate_energy_and_activity(),1777500000.0,manual,no_comment
6231,2015,08_JPN,energy,ldv,pj,road,passenger,bev,all,yearly,national,['estimated $ calculate_energy_and_activity()'],1,14.6995792938772,estimated $ calculate_energy_and_activity(),0.9732955170221627,manual,no_comment
6232,2015,08_JPN,new_vehicle_efficiency,ldv,km_per_pj,road,freight,bev,all,yearly,national,['avg_eff_no_outliers $ transport_data_system_9th'],1,7200566335.010296,avg_eff_no_outliers $ transport_data_system_9th,553889718.077715,single_datapoint,no_comment
6233,2015,08_JPN,new_vehicle_efficiency,ldv,km_per_pj,road,passenger,bev,all,yearly,national,['avg_eff_no_outliers $ transport_data_system_9th'],1,9901716082.423439,avg_eff_no_outliers $ transport_data_system_9th,761670467.878726,single_datapoint,no_comment
6234,2015,08_JPN,travel_km,ldv,km,road,passenger,bev,all,yearly,national,['estimated $ calculate_energy_and_activity()'],1,17557500000.0,estimated $ calculate_energy_and_activity(),1185000000.0,single_datapoint,no_comment
6235,2015,08_JPN,turnover_rate,ldv,%,road,freight,bev,all,yearly,national,['manually_inputted_data $ guess'],1,0.42,manually_inputted_data $ guess,0.03,manual,no_comment
6236,2015,08_JPN,turnover_rate,ldv,%,road,passenger,bev,all,yearly,national,['manually_inputted_data $ guess'],1,0.42,manually_inputted_data $ guess,0.03,manual,no_comment
6237,2016,08_JPN,activity,ldv,passenger_km_or_freight_tonne_km,road,passenger,bev,all,yearly,national,['estimated $ calculate_energy_and_activity()'],1,26884094972.0,estimated $ calculate_energy_and_activity(),1980000000.0,manual,no_comment
6238,2016,08_JPN,energy,ldv,pj,road,passenger,bev,all,yearly,national,['estimated $ calculate_energy_and_activity()'],1,14.6995792938772,estimated $ calculate_energy_and_activity(),1.084177284784181,manual,no_comment
6239,2016,08_JPN,new_vehicle_efficiency,ldv,km_per_pj,road,freight,bev,all,yearly,national,['avg_eff_no_outliers $ transport_data_system_9th'],1,7200566335.010296,avg_eff_no_outliers $ transport_data_system_9th,553889718.077715,single_datapoint,no_comment
6240,2016,08_JPN,new_vehicle_efficiency,ldv,km_per_pj,road,passenger,bev,all,yearly,national,['avg_eff_no_outliers $ transport_data_system_9th'],1,9901716082.423439,avg_eff_no_outliers $ transport_data_system_9th,761670467.878726,single_datapoint,no_comment
6241,2016,08_JPN,travel_km,ldv,km,road,passenger,bev,all,yearly,national,['estimated $ calculate_energy_and_activity()'],1,17557500000.0,estimated $ calculate_energy_and_activity(),1320000000.0,single_datapoint,no_comment
6242,2016,08_JPN,turnover_rate,ldv,%,road,freight,bev,all,yearly,national,['manually_inputted_data $ guess'],1,0.42,manually_inputted_data $ guess,0.03,manual,no_comment
6243,2016,08_JPN,turnover_rate,ldv,%,road,passenger,bev,all,yearly,national,['manually_inputted_data $ guess'],1,0.42,manually_inputted_data $ guess,0.03,manual,no_comment
6244,2017,08_JPN,activity,ldv,passenger_km_or_freight_tonne_km,road,freight,bev,all,yearly,national,"['8th_edition_transport_model $ reference', 'estimated $ calculate_energy_and_activity()']",2,884866.0,estimated $ calculate_energy_and_activity(),481800.0,manual,no_comment
6245,2017,08_JPN,activity,ldv,passenger_km_or_freight_tonne_km,road,passenger,bev,all,yearly,national,"['8th_edition_transport_model $ reference', 'estimated $ calculate_energy_and_activity()']",2,26884094972.0,estimated $ calculate_energy_and_activity(),2250000000.0,manual,no_comment
6246,2017,08_JPN,energy,ldv,pj,road,freight,bev,all,yearly,national,"['8th_edition_transport_model $ reference', 'estimated $ calculate_energy_and_activity()']",2,0.0033890080421780677,estimated $ calculate_energy_and_activity(),0.0014992623023872677,manual,no_comment
6247,2017,08_JPN,energy,ldv,pj,road,passenger,bev,all,yearly,national,"['8th_edition_transport_model $ reference', 'estimated $ calculate_energy_and_activity()']",2,14.6995792938772,estimated $ calculate_energy_and_activity(),1.2320196418002058,manual,no_comment
6248,2017,08_JPN,new_vehicle_efficiency,ldv,km_per_pj,road,freight,bev,all,yearly,national,['avg_eff_no_outliers $ transport_data_system_9th'],1,7200566335.010296,avg_eff_no_outliers $ transport_data_system_9th,553889718.077715,single_datapoint,no_comment
6249,2017,08_JPN,new_vehicle_efficiency,ldv,km_per_pj,road,passenger,bev,all,yearly,national,['avg_eff_no_outliers $ transport_data_system_9th'],1,9901716082.423439,avg_eff_no_outliers $ transport_data_system_9th,761670467.878726,single_datapoint,no_comment
6250,2017,08_JPN,travel_km,ldv,km,road,freight,bev,all,yearly,national,['estimated $ calculate_energy_and_activity()'],1,1320000.0,estimated $ calculate_energy_and_activity(),1320000.0,single_datapoint,no_comment
6251,2017,08_JPN,travel_km,ldv,km,road,passenger,bev,all,yearly,national,['estimated $ calculate_energy_and_activity()'],1,17557500000.0,estimated $ calculate_energy_and_activity(),1500000000.0,single_datapoint,no_comment
6252,2017,08_JPN,turnover_rate,ldv,%,road,freight,bev,all,yearly,national,"['manually_inputted_data $ guess', 'turnover_rate_est']",2,0.42,manually_inputted_data $ guess,0.03,manual,no_comment
6253,2017,08_JPN,turnover_rate,ldv,%,road,passenger,bev,all,yearly,national,"['manually_inputted_data $ guess', 'turnover_rate_est']",2,0.42,manually_inputted_data $ guess,0.03,manual,no_comment
6254,2018,08_JPN,activity,ldv,passenger_km_or_freight_tonne_km,road,passenger,bev,all,yearly,national,['estimated $ calculate_energy_and_activity()'],1,26884094972.0,estimated $ calculate_energy_and_activity(),2475000000.0,manual,no_comment
6255,2018,08_JPN,energy,ldv,pj,road,passenger,bev,all,yearly,national,['estimated $ calculate_energy_and_activity()'],1,14.6995792938772,estimated $ calculate_energy_and_activity(),1.3552216059802265,manual,no_comment
6256,2018,08_JPN,new_vehicle_efficiency,ldv,km_per_pj,road,freight,bev,all,yearly,national,['avg_eff_no_outliers $ transport_data_system_9th'],1,7200566335.010296,avg_eff_no_outliers $ transport_data_system_9th,553889718.077715,single_datapoint,no_comment
6257,2018,08_JPN,new_vehicle_efficiency,ldv,km_per_pj,road,passenger,bev,all,yearly,national,['avg_eff_no_outliers $ transport_data_system_9th'],1,9901716082.423439,avg_eff_no_outliers $ transport_data_system_9th,761670467.878726,single_datapoint,no_comment
6258,2018,08_JPN,travel_km,ldv,km,road,passenger,bev,all,yearly,national,['estimated $ calculate_energy_and_activity()'],1,17557500000.0,estimated $ calculate_energy_and_activity(),1650000000.0,single_datapoint,no_comment
6259,2018,08_JPN,turnover_rate,ldv,%,road,freight,bev,all,yearly,national,['manually_inputted_data $ guess'],1,0.42,manually_inputted_data $ guess,0.03,manual,no_comment
6260,2018,08_JPN,turnover_rate,ldv,%,road,passenger,bev,all,yearly,national,['manually_inputted_data $ guess'],1,0.42,manually_inputted_data $ guess,0.03,manual,no_comment
6261,2019,08_JPN,activity,ldv,passenger_km_or_freight_tonne_km,road,passenger,bev,all,yearly,national,['estimated $ calculate_energy_and_activity()'],1,26884094972.0,estimated $ calculate_energy_and_activity(),2700000000.0,manual,no_comment
6262,2019,08_JPN,energy,ldv,pj,road,passenger,bev,all,yearly,national,['estimated $ calculate_energy_and_activity()'],1,14.6995792938772,estimated $ calculate_energy_and_activity(),1.478423570160247,manual,no_comment
6263,2019,08_JPN,new_vehicle_efficiency,ldv,km_per_pj,road,freight,bev,all,yearly,national,['avg_eff_no_outliers $ transport_data_system_9th'],1,7200566335.010296,avg_eff_no_outliers $ transport_data_system_9th,553889718.077715,single_datapoint,no_comment
6264,2019,08_JPN,new_vehicle_efficiency,ldv,km_per_pj,road,passenger,bev,all,yearly,national,['avg_eff_no_outliers $ transport_data_system_9th'],1,9901716082.423439,avg_eff_no_outliers $ transport_data_system_9th,761670467.878726,single_datapoint,no_comment
6265,2019,08_JPN,travel_km,ldv,km,road,passenger,bev,all,yearly,national,['estimated $ calculate_energy_and_activity()'],1,17557500000.0,estimated $ calculate_energy_and_activity(),1800000000.0,single_datapoint,no_comment
6266,2019,08_JPN,turnover_rate,ldv,%,road,freight,bev,all,yearly,national,['manually_inputted_data $ guess'],1,0.42,manually_inputted_data $ guess,0.03,manual,no_comment
6267,2019,08_JPN,turnover_rate,ldv,%,road,passenger,bev,all,yearly,national,['manually_inputted_data $ guess'],1,0.42,manually_inputted_data $ guess,0.03,manual,no_comment
6268,2020,08_JPN,activity,ldv,passenger_km_or_freight_tonne_km,road,passenger,bev,all,yearly,national,['estimated $ calculate_energy_and_activity()'],1,26884094972.0,estimated $ calculate_energy_and_activity(),3150000000.0,manual,no_comment
6269,2020,08_JPN,energy,ldv,pj,road,passenger,bev,all,yearly,national,['estimated $ calculate_energy_and_activity()'],1,14.6995792938772,estimated $ calculate_energy_and_activity(),1.7248274985202883,manual,no_comment
6270,2020,08_JPN,new_vehicle_efficiency,ldv,km_per_pj,road,freight,bev,all,yearly,national,['avg_eff_no_outliers $ transport_data_system_9th'],1,7200566335.010296,avg_eff_no_outliers $ transport_data_system_9th,553889718.077715,single_datapoint,no_comment
6271,2020,08_JPN,new_vehicle_efficiency,ldv,km_per_pj,road,passenger,bev,all,yearly,national,['avg_eff_no_outliers $ transport_data_system_9th'],1,9901716082.423439,avg_eff_no_outliers $ transport_data_system_9th,761670467.878726,single_datapoint,no_comment
6272,2020,08_JPN,travel_km,ldv,km,road,passenger,bev,all,yearly,national,['estimated $ calculate_energy_and_activity()'],1,17557500000.0,estimated $ calculate_energy_and_activity(),2100000000.0,single_datapoint,no_comment
6273,2020,08_JPN,turnover_rate,ldv,%,road,freight,bev,all,yearly,national,['manually_inputted_data $ guess'],1,0.42,manually_inputted_data $ guess,0.03,manual,no_comment
6274,2020,08_JPN,turnover_rate,ldv,%,road,passenger,bev,all,yearly,national,['manually_inputted_data $ guess'],1,0.42,manually_inputted_data $ guess,0.03,manual,no_comment
6275,2021,08_JPN,activity,ldv,passenger_km_or_freight_tonne_km,road,passenger,bev,all,yearly,national,['estimated $ calculate_energy_and_activity()'],1,26884094972.0,estimated $ calculate_energy_and_activity(),3600000000.0,manual,no_comment
6276,2021,08_JPN,energy,ldv,pj,road,passenger,bev,all,yearly,national,['estimated $ calculate_energy_and_activity()'],1,14.6995792938772,estimated $ calculate_energy_and_activity(),1.9712314268803295,manual,no_comment
6277,2021,08_JPN,new_vehicle_efficiency,ldv,km_per_pj,road,freight,bev,all,yearly,national,['avg_eff_no_outliers $ transport_data_system_9th'],1,7200566335.010296,avg_eff_no_outliers $ transport_data_system_9th,553889718.077715,single_datapoint,no_comment
6278,2021,08_JPN,new_vehicle_efficiency,ldv,km_per_pj,road,passenger,bev,all,yearly,national,['avg_eff_no_outliers $ transport_data_system_9th'],1,9901716082.423439,avg_eff_no_outliers $ transport_data_system_9th,761670467.878726,single_datapoint,no_comment
6279,2021,08_JPN,travel_km,ldv,km,road,passenger,bev,all,yearly,national,['estimated $ calculate_energy_and_activity()'],1,17557500000.0,estimated $ calculate_energy_and_activity(),2400000000.0,single_datapoint,no_comment
6280,2021,08_JPN,turnover_rate,ldv,%,road,freight,bev,all,yearly,national,['manually_inputted_data $ guess'],1,0.42,manually_inputted_data $ guess,0.03,manual,no_comment
6281,2021,08_JPN,turnover_rate,ldv,%,road,passenger,bev,all,yearly,national,['manually_inputted_data $ guess'],1,0.42,manually_inputted_data $ guess,0.03,manual,no_comment
6282,2022,08_JPN,activity,ldv,passenger_km_or_freight_tonne_km,road,passenger,bev,all,yearly,national,['estimated $ calculate_energy_and_activity()'],1,26884094972.0,estimated $ calculate_energy_and_activity(),4725000000.0,manual,no_comment
6283,2022,08_JPN,energy,ldv,pj,road,passenger,bev,all,yearly,national,['estimated $ calculate_energy_and_activity()'],1,14.6995792938772,estimated $ calculate_energy_and_activity(),2.5872412477804323,manual,no_comment
6284,2022,08_JPN,new_vehicle_efficiency,ldv,km_per_pj,road,freight,bev,all,yearly,national,['avg_eff_no_outliers $ transport_data_system_9th'],1,7200566335.010296,avg_eff_no_outliers $ transport_data_system_9th,553889718.077715,single_datapoint,no_comment
6285,2022,08_JPN,new_vehicle_efficiency,ldv,km_per_pj,road,passenger,bev,all,yearly,national,['avg_eff_no_outliers $ transport_data_system_9th'],1,9901716082.423439,avg_eff_no_outliers $ transport_data_system_9th,761670467.878726,single_datapoint,no_comment
6286,2022,08_JPN,travel_km,ldv,km,road,passenger,bev,all,yearly,national,['estimated $ calculate_energy_and_activity()'],1,17557500000.0,estimated $ calculate_energy_and_activity(),3150000000.0,single_datapoint,no_comment
6287,2022,08_JPN,turnover_rate,ldv,%,road,freight,bev,all,yearly,national,['manually_inputted_data $ guess'],1,0.42,manually_inputted_data $ guess,0.03,manual,no_comment
6288,2022,08_JPN,turnover_rate,ldv,%,road,passenger,bev,all,yearly,national,['manually_inputted_data $ guess'],1,0.42,manually_inputted_data $ guess,0.03,manual,no_comment
6289,2010,08_JPN,new_vehicle_efficiency,ldv,km_per_pj,road,freight,cng,all,yearly,national,['avg_eff_no_outliers $ transport_data_system_9th'],1,7214767129.708009,avg_eff_no_outliers $ transport_data_system_9th,554982086.900616,single_datapoint,no_comment
6290,2010,08_JPN,new_vehicle_efficiency,ldv,km_per_pj,road,passenger,cng,all,yearly,national,['avg_eff_no_outliers $ transport_data_system_9th'],1,5429169522.90635,avg_eff_no_outliers $ transport_data_system_9th,417628424.83895,single_datapoint,no_comment
6291,2010,08_JPN,turnover_rate,ldv,%,road,freight,cng,all,yearly,national,['manually_inputted_data $ guess'],1,0.42,manually_inputted_data $ guess,0.03,manual,no_comment
6292,2010,08_JPN,turnover_rate,ldv,%,road,passenger,cng,all,yearly,national,['manually_inputted_data $ guess'],1,0.42,manually_inputted_data $ guess,0.03,manual,no_comment
6293,2011,08_JPN,new_vehicle_efficiency,ldv,km_per_pj,road,freight,cng,all,yearly,national,['avg_eff_no_outliers $ transport_data_system_9th'],1,7214767129.708009,avg_eff_no_outliers $ transport_data_system_9th,554982086.900616,single_datapoint,no_comment
6294,2011,08_JPN,new_vehicle_efficiency,ldv,km_per_pj,road,passenger,cng,all,yearly,national,['avg_eff_no_outliers $ transport_data_system_9th'],1,5429169522.90635,avg_eff_no_outliers $ transport_data_system_9th,417628424.83895,single_datapoint,no_comment
6295,2011,08_JPN,turnover_rate,ldv,%,road,freight,cng,all,yearly,national,['manually_inputted_data $ guess'],1,0.42,manually_inputted_data $ guess,0.03,manual,no_comment
6296,2011,08_JPN,turnover_rate,ldv,%,road,passenger,cng,all,yearly,national,['manually_inputted_data $ guess'],1,0.42,manually_inputted_data $ guess,0.03,manual,no_comment
6297,2012,08_JPN,new_vehicle_efficiency,ldv,km_per_pj,road,freight,cng,all,yearly,national,['avg_eff_no_outliers $ transport_data_system_9th'],1,7214767129.708009,avg_eff_no_outliers $ transport_data_system_9th,554982086.900616,single_datapoint,no_comment
6298,2012,08_JPN,new_vehicle_efficiency,ldv,km_per_pj,road,passenger,cng,all,yearly,national,['avg_eff_no_outliers $ transport_data_system_9th'],1,5429169522.90635,avg_eff_no_outliers $ transport_data_system_9th,417628424.83895,single_datapoint,no_comment
6299,2012,08_JPN,turnover_rate,ldv,%,road,freight,cng,all,yearly,national,['manually_inputted_data $ guess'],1,0.42,manually_inputted_data $ guess,0.03,manual,no_comment
6300,2012,08_JPN,turnover_rate,ldv,%,road,passenger,cng,all,yearly,national,['manually_inputted_data $ guess'],1,0.42,manually_inputted_data $ guess,0.03,manual,no_comment
6301,2013,08_JPN,new_vehicle_efficiency,ldv,km_per_pj,road,freight,cng,all,yearly,national,['avg_eff_no_outliers $ transport_data_system_9th'],1,7214767129.708009,avg_eff_no_outliers $ transport_data_system_9th,554982086.900616,single_datapoint,no_comment
6302,2013,08_JPN,new_vehicle_efficiency,ldv,km_per_pj,road,passenger,cng,all,yearly,national,['avg_eff_no_outliers $ transport_data_system_9th'],1,5429169522.90635,avg_eff_no_outliers $ transport_data_system_9th,417628424.83895,single_datapoint,no_comment
6303,2013,08_JPN,turnover_rate,ldv,%,road,freight,cng,all,yearly,national,['manually_inputted_data $ guess'],1,0.42,manually_inputted_data $ guess,0.03,manual,no_comment
6304,2013,08_JPN,turnover_rate,ldv,%,road,passenger,cng,all,yearly,national,['manually_inputted_data $ guess'],1,0.42,manually_inputted_data $ guess,0.03,manual,no_comment
6305,2014,08_JPN,new_vehicle_efficiency,ldv,km_per_pj,road,freight,cng,all,yearly,national,['avg_eff_no_outliers $ transport_data_system_9th'],1,7214767129.708009,avg_eff_no_outliers $ transport_data_system_9th,554982086.900616,single_datapoint,no_comment
6306,2014,08_JPN,new_vehicle_efficiency,ldv,km_per_pj,road,passenger,cng,all,yearly,national,['avg_eff_no_outliers $ transport_data_system_9th'],1,5429169522.90635,avg_eff_no_outliers $ transport_data_system_9th,417628424.83895,single_datapoint,no_comment
6307,2014,08_JPN,turnover_rate,ldv,%,road,freight,cng,all,yearly,national,['manually_inputted_data $ guess'],1,0.42,manually_inputted_data $ guess,0.03,manual,no_comment
6308,2014,08_JPN,turnover_rate,ldv,%,road,passenger,cng,all,yearly,national,['manually_inputted_data $ guess'],1,0.42,manually_inputted_data $ guess,0.03,manual,no_comment
6309,2015,08_JPN,new_vehicle_efficiency,ldv,km_per_pj,road,freight,cng,all,yearly,national,['avg_eff_no_outliers $ transport_data_system_9th'],1,7214767129.708009,avg_eff_no_outliers $ transport_data_system_9th,554982086.900616,single_datapoint,no_comment
6310,2015,08_JPN,new_vehicle_efficiency,ldv,km_per_pj,road,passenger,cng,all,yearly,national,['avg_eff_no_outliers $ transport_data_system_9th'],1,5429169522.90635,avg_eff_no_outliers $ transport_data_system_9th,417628424.83895,single_datapoint,no_comment
6311,2015,08_JPN,turnover_rate,ldv,%,road,freight,cng,all,yearly,national,['manually_inputted_data $ guess'],1,0.42,manually_inputted_data $ guess,0.03,manual,no_comment
6312,2015,08_JPN,turnover_rate,ldv,%,road,passenger,cng,all,yearly,national,['manually_inputted_data $ guess'],1,0.42,manually_inputted_data $ guess,0.03,manual,no_comment
6313,2016,08_JPN,new_vehicle_efficiency,ldv,km_per_pj,road,freight,cng,all,yearly,national,['avg_eff_no_outliers $ transport_data_system_9th'],1,7214767129.708009,avg_eff_no_outliers $ transport_data_system_9th,554982086.900616,single_datapoint,no_comment
6314,2016,08_JPN,new_vehicle_efficiency,ldv,km_per_pj,road,passenger,cng,all,yearly,national,['avg_eff_no_outliers $ transport_data_system_9th'],1,5429169522.90635,avg_eff_no_outliers $ transport_data_system_9th,417628424.83895,single_datapoint,no_comment
6315,2016,08_JPN,turnover_rate,ldv,%,road,freight,cng,all,yearly,national,['manually_inputted_data $ guess'],1,0.42,manually_inputted_data $ guess,0.03,manual,no_comment
6316,2016,08_JPN,turnover_rate,ldv,%,road,passenger,cng,all,yearly,national,['manually_inputted_data $ guess'],1,0.42,manually_inputted_data $ guess,0.03,manual,no_comment
6317,2017,08_JPN,new_vehicle_efficiency,ldv,km_per_pj,road,freight,cng,all,yearly,national,['avg_eff_no_outliers $ transport_data_system_9th'],1,7214767129.708009,avg_eff_no_outliers $ transport_data_system_9th,554982086.900616,single_datapoint,no_comment
6318,2017,08_JPN,new_vehicle_efficiency,ldv,km_per_pj,road,passenger,cng,all,yearly,national,['avg_eff_no_outliers $ transport_data_system_9th'],1,5429169522.90635,avg_eff_no_outliers $ transport_data_system_9th,417628424.83895,single_datapoint,no_comment
6319,2017,08_JPN,turnover_rate,ldv,%,road,freight,cng,all,yearly,national,"['manually_inputted_data $ guess', 'turnover_rate_est']",2,0.42,manually_inputted_data $ guess,0.03,manual,no_comment
6320,2017,08_JPN,turnover_rate,ldv,%,road,passenger,cng,all,yearly,national,"['manually_inputted_data $ guess', 'turnover_rate_est']",2,0.42,manually_inputted_data $ guess,0.03,manual,no_comment
6321,2018,08_JPN,new_vehicle_efficiency,ldv,km_per_pj,road,freight,cng,all,yearly,national,['avg_eff_no_outliers $ transport_data_system_9th'],1,7214767129.708009,avg_eff_no_outliers $ transport_data_system_9th,554982086.900616,single_datapoint,no_comment
6322,2018,08_JPN,new_vehicle_efficiency,ldv,km_per_pj,road,passenger,cng,all,yearly,national,['avg_eff_no_outliers $ transport_data_system_9th'],1,5429169522.90635,avg_eff_no_outliers $ transport_data_system_9th,417628424.83895,single_datapoint,no_comment
6323,2018,08_JPN,turnover_rate,ldv,%,road,freight,cng,all,yearly,national,['manually_inputted_data $ guess'],1,0.42,manually_inputted_data $ guess,0.03,manual,no_comment
6324,2018,08_JPN,turnover_rate,ldv,%,road,passenger,cng,all,yearly,national,['manually_inputted_data $ guess'],1,0.42,manually_inputted_data $ guess,0.03,manual,no_comment
6325,2019,08_JPN,new_vehicle_efficiency,ldv,km_per_pj,road,freight,cng,all,yearly,national,['avg_eff_no_outliers $ transport_data_system_9th'],1,7214767129.708009,avg_eff_no_outliers $ transport_data_system_9th,554982086.900616,single_datapoint,no_comment
6326,2019,08_JPN,new_vehicle_efficiency,ldv,km_per_pj,road,passenger,cng,all,yearly,national,['avg_eff_no_outliers $ transport_data_system_9th'],1,5429169522.90635,avg_eff_no_outliers $ transport_data_system_9th,417628424.83895,single_datapoint,no_comment
6327,2019,08_JPN,turnover_rate,ldv,%,road,freight,cng,all,yearly,national,['manually_inputted_data $ guess'],1,0.42,manually_inputted_data $ guess,0.03,manual,no_comment
6328,2019,08_JPN,turnover_rate,ldv,%,road,passenger,cng,all,yearly,national,['manually_inputted_data $ guess'],1,0.42,manually_inputted_data $ guess,0.03,manual,no_comment
6329,2020,08_JPN,new_vehicle_efficiency,ldv,km_per_pj,road,freight,cng,all,yearly,national,['avg_eff_no_outliers $ transport_data_system_9th'],1,7214767129.708009,avg_eff_no_outliers $ transport_data_system_9th,554982086.900616,single_datapoint,no_comment
6330,2020,08_JPN,new_vehicle_efficiency,ldv,km_per_pj,road,passenger,cng,all,yearly,national,['avg_eff_no_outliers $ transport_data_system_9th'],1,5429169522.90635,avg_eff_no_outliers $ transport_data_system_9th,417628424.83895,single_datapoint,no_comment
6331,2020,08_JPN,turnover_rate,ldv,%,road,freight,cng,all,yearly,national,['manually_inputted_data $ guess'],1,0.42,manually_inputted_data $ guess,0.03,manual,no_comment
6332,2020,08_JPN,turnover_rate,ldv,%,road,passenger,cng,all,yearly,national,['manually_inputted_data $ guess'],1,0.42,manually_inputted_data $ guess,0.03,manual,no_comment
6333,2021,08_JPN,new_vehicle_efficiency,ldv,km_per_pj,road,freight,cng,all,yearly,national,['avg_eff_no_outliers $ transport_data_system_9th'],1,7214767129.708009,avg_eff_no_outliers $ transport_data_system_9th,554982086.900616,single_datapoint,no_comment
6334,2021,08_JPN,new_vehicle_efficiency,ldv,km_per_pj,road,passenger,cng,all,yearly,national,['avg_eff_no_outliers $ transport_data_system_9th'],1,5429169522.90635,avg_eff_no_outliers $ transport_data_system_9th,417628424.83895,single_datapoint,no_comment
6335,2021,08_JPN,turnover_rate,ldv,%,road,freight,cng,all,yearly,national,['manually_inputted_data $ guess'],1,0.42,manually_inputted_data $ guess,0.03,manual,no_comment
6336,2021,08_JPN,turnover_rate,ldv,%,road,passenger,cng,all,yearly,national,['manually_inputted_data $ guess'],1,0.42,manually_inputted_data $ guess,0.03,manual,no_comment
6337,2022,08_JPN,new_vehicle_efficiency,ldv,km_per_pj,road,freight,cng,all,yearly,national,['avg_eff_no_outliers $ transport_data_system_9th'],1,7214767129.708009,avg_eff_no_outliers $ transport_data_system_9th,554982086.900616,single_datapoint,no_comment
6338,2022,08_JPN,new_vehicle_efficiency,ldv,km_per_pj,road,passenger,cng,all,yearly,national,['avg_eff_no_outliers $ transport_data_system_9th'],1,5429169522.90635,avg_eff_no_outliers $ transport_data_system_9th,417628424.83895,single_datapoint,no_comment
6339,2022,08_JPN,turnover_rate,ldv,%,road,freight,cng,all,yearly,national,['manually_inputted_data $ guess'],1,0.42,manually_inputted_data $ guess,0.03,manual,no_comment
6340,2022,08_JPN,turnover_rate,ldv,%,road,passenger,cng,all,yearly,national,['manually_inputted_data $ guess'],1,0.42,manually_inputted_data $ guess,0.03,manual,no_comment
6341,2010,08_JPN,new_vehicle_efficiency,ldv,km_per_pj,road,passenger,fcev,all,yearly,national,['avg_eff_no_outliers $ transport_data_system_9th'],1,1469603353.601357,avg_eff_no_outliers $ transport_data_system_9th,113046411.815489,single_datapoint,no_comment
6342,2010,08_JPN,turnover_rate,ldv,%,road,passenger,fcev,all,yearly,national,['manually_inputted_data $ guess'],1,0.42,manually_inputted_data $ guess,0.03,manual,no_comment
6343,2011,08_JPN,new_vehicle_efficiency,ldv,km_per_pj,road,passenger,fcev,all,yearly,national,['avg_eff_no_outliers $ transport_data_system_9th'],1,1469603353.601357,avg_eff_no_outliers $ transport_data_system_9th,113046411.815489,single_datapoint,no_comment
6344,2011,08_JPN,turnover_rate,ldv,%,road,passenger,fcev,all,yearly,national,['manually_inputted_data $ guess'],1,0.42,manually_inputted_data $ guess,0.03,manual,no_comment
6345,2012,08_JPN,new_vehicle_efficiency,ldv,km_per_pj,road,passenger,fcev,all,yearly,national,['avg_eff_no_outliers $ transport_data_system_9th'],1,1469603353.601357,avg_eff_no_outliers $ transport_data_system_9th,113046411.815489,single_datapoint,no_comment
6346,2012,08_JPN,turnover_rate,ldv,%,road,passenger,fcev,all,yearly,national,['manually_inputted_data $ guess'],1,0.42,manually_inputted_data $ guess,0.03,manual,no_comment
6347,2013,08_JPN,new_vehicle_efficiency,ldv,km_per_pj,road,passenger,fcev,all,yearly,national,['avg_eff_no_outliers $ transport_data_system_9th'],1,1469603353.601357,avg_eff_no_outliers $ transport_data_system_9th,113046411.815489,single_datapoint,no_comment
6348,2013,08_JPN,turnover_rate,ldv,%,road,passenger,fcev,all,yearly,national,['manually_inputted_data $ guess'],1,0.42,manually_inputted_data $ guess,0.03,manual,no_comment
6349,2014,08_JPN,new_vehicle_efficiency,ldv,km_per_pj,road,passenger,fcev,all,yearly,national,['avg_eff_no_outliers $ transport_data_system_9th'],1,1469603353.601357,avg_eff_no_outliers $ transport_data_system_9th,113046411.815489,single_datapoint,no_comment
6350,2014,08_JPN,turnover_rate,ldv,%,road,passenger,fcev,all,yearly,national,['manually_inputted_data $ guess'],1,0.42,manually_inputted_data $ guess,0.03,manual,no_comment
6351,2015,08_JPN,new_vehicle_efficiency,ldv,km_per_pj,road,passenger,fcev,all,yearly,national,['avg_eff_no_outliers $ transport_data_system_9th'],1,1469603353.601357,avg_eff_no_outliers $ transport_data_system_9th,113046411.815489,single_datapoint,no_comment
6352,2015,08_JPN,turnover_rate,ldv,%,road,passenger,fcev,all,yearly,national,['manually_inputted_data $ guess'],1,0.42,manually_inputted_data $ guess,0.03,manual,no_comment
6353,2016,08_JPN,new_vehicle_efficiency,ldv,km_per_pj,road,passenger,fcev,all,yearly,national,['avg_eff_no_outliers $ transport_data_system_9th'],1,1469603353.601357,avg_eff_no_outliers $ transport_data_system_9th,113046411.815489,single_datapoint,no_comment
6354,2016,08_JPN,turnover_rate,ldv,%,road,passenger,fcev,all,yearly,national,['manually_inputted_data $ guess'],1,0.42,manually_inputted_data $ guess,0.03,manual,no_comment
6355,2017,08_JPN,activity,ldv,passenger_km_or_freight_tonne_km,road,passenger,fcev,all,yearly,national,"['8th_edition_transport_model $ reference', 'estimated $ calculate_energy_and_activity()']",2,3329107.0,estimated $ calculate_energy_and_activity(),2250000.0,manual,no_comment
6356,2017,08_JPN,energy,ldv,pj,road,passenger,fcev,all,yearly,national,"['8th_edition_transport_model $ reference', 'estimated $ calculate_energy_and_activity()']",2,0.002204099943124606,estimated $ calculate_energy_and_activity(),0.0012320196418002059,manual,no_comment
6357,2017,08_JPN,new_vehicle_efficiency,ldv,km_per_pj,road,passenger,fcev,all,yearly,national,['avg_eff_no_outliers $ transport_data_system_9th'],1,1469603353.601357,avg_eff_no_outliers $ transport_data_system_9th,113046411.815489,single_datapoint,no_comment
6358,2017,08_JPN,travel_km,ldv,km,road,passenger,fcev,all,yearly,national,['estimated $ calculate_energy_and_activity()'],1,1500000.0,estimated $ calculate_energy_and_activity(),1500000.0,single_datapoint,no_comment
6359,2017,08_JPN,turnover_rate,ldv,%,road,freight,fcev,all,yearly,national,['turnover_rate_est'],1,0.03,turnover_rate_est,0.03,single_datapoint,no_comment
6360,2017,08_JPN,turnover_rate,ldv,%,road,passenger,fcev,all,yearly,national,"['manually_inputted_data $ guess', 'turnover_rate_est']",2,0.42,manually_inputted_data $ guess,0.03,manual,no_comment
6361,2018,08_JPN,new_vehicle_efficiency,ldv,km_per_pj,road,passenger,fcev,all,yearly,national,['avg_eff_no_outliers $ transport_data_system_9th'],1,1469603353.601357,avg_eff_no_outliers $ transport_data_system_9th,113046411.815489,single_datapoint,no_comment
6362,2018,08_JPN,turnover_rate,ldv,%,road,passenger,fcev,all,yearly,national,['manually_inputted_data $ guess'],1,0.42,manually_inputted_data $ guess,0.03,manual,no_comment
6363,2019,08_JPN,new_vehicle_efficiency,ldv,km_per_pj,road,passenger,fcev,all,yearly,national,['avg_eff_no_outliers $ transport_data_system_9th'],1,1469603353.601357,avg_eff_no_outliers $ transport_data_system_9th,113046411.815489,single_datapoint,no_comment
6364,2019,08_JPN,turnover_rate,ldv,%,road,passenger,fcev,all,yearly,national,['manually_inputted_data $ guess'],1,0.42,manually_inputted_data $ guess,0.03,manual,no_comment
6365,2020,08_JPN,new_vehicle_efficiency,ldv,km_per_pj,road,passenger,fcev,all,yearly,national,['avg_eff_no_outliers $ transport_data_system_9th'],1,1469603353.601357,avg_eff_no_outliers $ transport_data_system_9th,113046411.815489,single_datapoint,no_comment
6366,2020,08_JPN,turnover_rate,ldv,%,road,passenger,fcev,all,yearly,national,['manually_inputted_data $ guess'],1,0.42,manually_inputted_data $ guess,0.03,manual,no_comment
6367,2021,08_JPN,new_vehicle_efficiency,ldv,km_per_pj,road,passenger,fcev,all,yearly,national,['avg_eff_no_outliers $ transport_data_system_9th'],1,1469603353.601357,avg_eff_no_outliers $ transport_data_system_9th,113046411.815489,single_datapoint,no_comment
6368,2021,08_JPN,turnover_rate,ldv,%,road,passenger,fcev,all,yearly,national,['manually_inputted_data $ guess'],1,0.42,manually_inputted_data $ guess,0.03,manual,no_comment
6369,2022,08_JPN,new_vehicle_efficiency,ldv,km_per_pj,road,passenger,fcev,all,yearly,national,['avg_eff_no_outliers $ transport_data_system_9th'],1,1469603353.601357,avg_eff_no_outliers $ transport_data_system_9th,113046411.815489,single_datapoint,no_comment
6370,2022,08_JPN,turnover_rate,ldv,%,road,passenger,fcev,all,yearly,national,['manually_inputted_data $ guess'],1,0.42,manually_inputted_data $ guess,0.03,manual,no_comment
6371,2010,08_JPN,activity,ldv,passenger_km_or_freight_tonne_km,road,passenger,ice,all,yearly,national,['estimated $ calculate_energy_and_activity()'],1,16236546123363.027,estimated $ calculate_energy_and_activity(),1297776518304.5903,single_datapoint,no_comment
6372,2010,08_JPN,energy,ldv,pj,road,passenger,ice,all,yearly,national,['estimated $ calculate_energy_and_activity()'],1,31116.934705077263,estimated $ calculate_energy_and_activity(),2487.156250784084,single_datapoint,no_comment
6373,2010,08_JPN,new_vehicle_efficiency,ldv,km_per_pj,road,freight,ice,all,yearly,national,['avg_eff_no_outliers $ transport_data_system_9th'],1,4776513034.843043,avg_eff_no_outliers $ transport_data_system_9th,367424079.603311,single_datapoint,no_comment
6374,2010,08_JPN,new_vehicle_efficiency,ldv,km_per_pj,road,passenger,ice,all,yearly,national,['avg_eff_no_outliers $ transport_data_system_9th'],1,3086802010.889935,avg_eff_no_outliers $ transport_data_system_9th,237446308.529995,single_datapoint,no_comment
6375,2010,08_JPN,travel_km,ldv,km,road,passenger,ice,all,yearly,national,['estimated $ calculate_energy_and_activity()'],1,10824364082242.02,estimated $ calculate_energy_and_activity(),865184345536.3936,single_datapoint,no_comment
6376,2010,08_JPN,turnover_rate,ldv,%,road,freight,ice,all,yearly,national,['manually_inputted_data $ guess'],1,0.39,manually_inputted_data $ guess,0.03,single_datapoint,no_comment
6377,2010,08_JPN,turnover_rate,ldv,%,road,passenger,ice,all,yearly,national,['manually_inputted_data $ guess'],1,0.39,manually_inputted_data $ guess,0.03,single_datapoint,no_comment
6378,2011,08_JPN,activity,ldv,passenger_km_or_freight_tonne_km,road,passenger,ice,all,yearly,national,['estimated $ calculate_energy_and_activity()'],1,16236546123363.027,estimated $ calculate_energy_and_activity(),1302471493328.24,single_datapoint,no_comment
6379,2011,08_JPN,energy,ldv,pj,road,passenger,ice,all,yearly,national,['estimated $ calculate_energy_and_activity()'],1,31116.934705077263,estimated $ calculate_energy_and_activity(),2496.154053034814,single_datapoint,no_comment
6380,2011,08_JPN,new_vehicle_efficiency,ldv,km_per_pj,road,freight,ice,all,yearly,national,['avg_eff_no_outliers $ transport_data_system_9th'],1,4776513034.843043,avg_eff_no_outliers $ transport_data_system_9th,367424079.603311,single_datapoint,no_comment
6381,2011,08_JPN,new_vehicle_efficiency,ldv,km_per_pj,road,passenger,ice,all,yearly,national,['avg_eff_no_outliers $ transport_data_system_9th'],1,3086802010.889935,avg_eff_no_outliers $ transport_data_system_9th,237446308.529995,single_datapoint,no_comment
6382,2011,08_JPN,travel_km,ldv,km,road,passenger,ice,all,yearly,national,['estimated $ calculate_energy_and_activity()'],1,10824364082242.02,estimated $ calculate_energy_and_activity(),868314328885.4933,single_datapoint,no_comment
6383,2011,08_JPN,turnover_rate,ldv,%,road,freight,ice,all,yearly,national,['manually_inputted_data $ guess'],1,0.39,manually_inputted_data $ guess,0.03,single_datapoint,no_comment
6384,2011,08_JPN,turnover_rate,ldv,%,road,passenger,ice,all,yearly,national,['manually_inputted_data $ guess'],1,0.39,manually_inputted_data $ guess,0.03,single_datapoint,no_comment
6385,2012,08_JPN,activity,ldv,passenger_km_or_freight_tonne_km,road,passenger,ice,all,yearly,national,['estimated $ calculate_energy_and_activity()'],1,16236546123363.027,estimated $ calculate_energy_and_activity(),1320498444472.766,single_datapoint,no_comment
6386,2012,08_JPN,energy,ldv,pj,road,passenger,ice,all,yearly,national,['estimated $ calculate_energy_and_activity()'],1,31116.934705077263,estimated $ calculate_energy_and_activity(),2530.7022541998813,single_datapoint,no_comment
6387,2012,08_JPN,new_vehicle_efficiency,ldv,km_per_pj,road,freight,ice,all,yearly,national,['avg_eff_no_outliers $ transport_data_system_9th'],1,4776513034.843043,avg_eff_no_outliers $ transport_data_system_9th,367424079.603311,single_datapoint,no_comment
6388,2012,08_JPN,new_vehicle_efficiency,ldv,km_per_pj,road,passenger,ice,all,yearly,national,['avg_eff_no_outliers $ transport_data_system_9th'],1,3086802010.889935,avg_eff_no_outliers $ transport_data_system_9th,237446308.529995,single_datapoint,no_comment
6389,2012,08_JPN,travel_km,ldv,km,road,passenger,ice,all,yearly,national,['estimated $ calculate_energy_and_activity()'],1,10824364082242.02,estimated $ calculate_energy_and_activity(),880332296315.1775,single_datapoint,no_comment
6390,2012,08_JPN,turnover_rate,ldv,%,road,freight,ice,all,yearly,national,['manually_inputted_data $ guess'],1,0.39,manually_inputted_data $ guess,0.03,single_datapoint,no_comment
6391,2012,08_JPN,turnover_rate,ldv,%,road,passenger,ice,all,yearly,national,['manually_inputted_data $ guess'],1,0.39,manually_inputted_data $ guess,0.03,single_datapoint,no_comment
6392,2013,08_JPN,activity,ldv,passenger_km_or_freight_tonne_km,road,passenger,ice,all,yearly,national,['estimated $ calculate_energy_and_activity()'],1,16236546123363.027,estimated $ calculate_energy_and_activity(),1333934872514.822,single_datapoint,no_comment
6393,2013,08_JPN,energy,ldv,pj,road,passenger,ice,all,yearly,national,['estimated $ calculate_energy_and_activity()'],1,31116.934705077263,estimated $ calculate_energy_and_activity(),2556.452832609689,single_datapoint,no_comment
6394,2013,08_JPN,new_vehicle_efficiency,ldv,km_per_pj,road,freight,ice,all,yearly,national,['avg_eff_no_outliers $ transport_data_system_9th'],1,4776513034.843043,avg_eff_no_outliers $ transport_data_system_9th,367424079.603311,single_datapoint,no_comment
6395,2013,08_JPN,new_vehicle_efficiency,ldv,km_per_pj,road,passenger,ice,all,yearly,national,['avg_eff_no_outliers $ transport_data_system_9th'],1,3086802010.889935,avg_eff_no_outliers $ transport_data_system_9th,237446308.529995,single_datapoint,no_comment
6396,2013,08_JPN,travel_km,ldv,km,road,passenger,ice,all,yearly,national,['estimated $ calculate_energy_and_activity()'],1,10824364082242.02,estimated $ calculate_energy_and_activity(),889289915009.8813,single_datapoint,no_comment
6397,2013,08_JPN,turnover_rate,ldv,%,road,freight,ice,all,yearly,national,['manually_inputted_data $ guess'],1,0.39,manually_inputted_data $ guess,0.03,single_datapoint,no_comment
6398,2013,08_JPN,turnover_rate,ldv,%,road,passenger,ice,all,yearly,national,['manually_inputted_data $ guess'],1,0.39,manually_inputted_data $ guess,0.03,single_datapoint,no_comment
6399,2014,08_JPN,activity,ldv,passenger_km_or_freight_tonne_km,road,passenger,ice,all,yearly,national,['estimated $ calculate_energy_and_activity()'],1,16236546123363.027,estimated $ calculate_energy_and_activity(),1348723025714.358,single_datapoint,no_comment
6400,2014,08_JPN,energy,ldv,pj,road,passenger,ice,all,yearly,national,['estimated $ calculate_energy_and_activity()'],1,31116.934705077263,estimated $ calculate_energy_and_activity(),2584.793958488456,single_datapoint,no_comment
6401,2014,08_JPN,new_vehicle_efficiency,ldv,km_per_pj,road,freight,ice,all,yearly,national,['avg_eff_no_outliers $ transport_data_system_9th'],1,4776513034.843043,avg_eff_no_outliers $ transport_data_system_9th,367424079.603311,single_datapoint,no_comment
6402,2014,08_JPN,new_vehicle_efficiency,ldv,km_per_pj,road,passenger,ice,all,yearly,national,['avg_eff_no_outliers $ transport_data_system_9th'],1,3086802010.889935,avg_eff_no_outliers $ transport_data_system_9th,237446308.529995,single_datapoint,no_comment
6403,2014,08_JPN,travel_km,ldv,km,road,passenger,ice,all,yearly,national,['estimated $ calculate_energy_and_activity()'],1,10824364082242.02,estimated $ calculate_energy_and_activity(),899148683809.572,single_datapoint,no_comment
6404,2014,08_JPN,turnover_rate,ldv,%,road,freight,ice,all,yearly,national,['manually_inputted_data $ guess'],1,0.39,manually_inputted_data $ guess,0.03,single_datapoint,no_comment
6405,2014,08_JPN,turnover_rate,ldv,%,road,passenger,ice,all,yearly,national,['manually_inputted_data $ guess'],1,0.39,manually_inputted_data $ guess,0.03,single_datapoint,no_comment
6406,2015,08_JPN,activity,ldv,passenger_km_or_freight_tonne_km,road,passenger,ice,all,yearly,national,['estimated $ calculate_energy_and_activity()'],1,16236546123363.027,estimated $ calculate_energy_and_activity(),1358642498690.7322,single_datapoint,no_comment
6407,2015,08_JPN,energy,ldv,pj,road,passenger,ice,all,yearly,national,['estimated $ calculate_energy_and_activity()'],1,31116.934705077263,estimated $ calculate_energy_and_activity(),2603.8043804445438,single_datapoint,no_comment
6408,2015,08_JPN,new_vehicle_efficiency,ldv,km_per_pj,road,freight,ice,all,yearly,national,['avg_eff_no_outliers $ transport_data_system_9th'],1,4776513034.843043,avg_eff_no_outliers $ transport_data_system_9th,367424079.603311,single_datapoint,no_comment
6409,2015,08_JPN,new_vehicle_efficiency,ldv,km_per_pj,road,passenger,ice,all,yearly,national,['avg_eff_no_outliers $ transport_data_system_9th'],1,3086802010.889935,avg_eff_no_outliers $ transport_data_system_9th,237446308.529995,single_datapoint,no_comment
6410,2015,08_JPN,travel_km,ldv,km,road,passenger,ice,all,yearly,national,['estimated $ calculate_energy_and_activity()'],1,10824364082242.02,estimated $ calculate_energy_and_activity(),905761665793.8214,single_datapoint,no_comment
6411,2015,08_JPN,turnover_rate,ldv,%,road,freight,ice,all,yearly,national,['manually_inputted_data $ guess'],1,0.39,manually_inputted_data $ guess,0.03,single_datapoint,no_comment
6412,2015,08_JPN,turnover_rate,ldv,%,road,passenger,ice,all,yearly,national,['manually_inputted_data $ guess'],1,0.39,manually_inputted_data $ guess,0.03,single_datapoint,no_comment
6413,2016,08_JPN,activity,ldv,passenger_km_or_freight_tonne_km,road,passenger,ice,all,yearly,national,['estimated $ calculate_energy_and_activity()'],1,16236546123363.027,estimated $ calculate_energy_and_activity(),1365295776075.0002,single_datapoint,no_comment
6414,2016,08_JPN,energy,ldv,pj,road,passenger,ice,all,yearly,national,['estimated $ calculate_energy_and_activity()'],1,31116.934705077263,estimated $ calculate_energy_and_activity(),2616.55522020862,single_datapoint,no_comment
6415,2016,08_JPN,new_vehicle_efficiency,ldv,km_per_pj,road,freight,ice,all,yearly,national,['avg_eff_no_outliers $ transport_data_system_9th'],1,4776513034.843043,avg_eff_no_outliers $ transport_data_system_9th,367424079.603311,single_datapoint,no_comment
6416,2016,08_JPN,new_vehicle_efficiency,ldv,km_per_pj,road,passenger,ice,all,yearly,national,['avg_eff_no_outliers $ transport_data_system_9th'],1,3086802010.889935,avg_eff_no_outliers $ transport_data_system_9th,237446308.529995,single_datapoint,no_comment
6417,2016,08_JPN,travel_km,ldv,km,road,passenger,ice,all,yearly,national,['estimated $ calculate_energy_and_activity()'],1,10824364082242.02,estimated $ calculate_energy_and_activity(),910197184050.0001,single_datapoint,no_comment
6418,2016,08_JPN,turnover_rate,ldv,%,road,freight,ice,all,yearly,national,['manually_inputted_data $ guess'],1,0.39,manually_inputted_data $ guess,0.03,single_datapoint,no_comment
6419,2016,08_JPN,turnover_rate,ldv,%,road,passenger,ice,all,yearly,national,['manually_inputted_data $ guess'],1,0.39,manually_inputted_data $ guess,0.03,single_datapoint,no_comment
6420,2017,08_JPN,activity,ldv,passenger_km_or_freight_tonne_km,road,freight,ice,all,yearly,national,['estimated $ calculate_energy_and_activity()'],1,7741431000.0,estimated $ calculate_energy_and_activity(),7741431000.0,single_datapoint,no_comment
6421,2017,08_JPN,activity,ldv,passenger_km_or_freight_tonne_km,road,passenger,ice,all,yearly,national,['estimated $ calculate_energy_and_activity()'],1,16236546123363.027,estimated $ calculate_energy_and_activity(),1373926832292.1414,single_datapoint,no_comment
6422,2017,08_JPN,energy,ldv,pj,road,freight,ice,all,yearly,national,['estimated $ calculate_energy_and_activity()'],1,84.31408224763925,estimated $ calculate_energy_and_activity(),84.31408224763925,single_datapoint,no_comment
6423,2017,08_JPN,energy,ldv,pj,road,passenger,ice,all,yearly,national,['estimated $ calculate_energy_and_activity()'],1,31116.934705077263,estimated $ calculate_energy_and_activity(),2633.0964236581754,single_datapoint,no_comment
6424,2017,08_JPN,new_vehicle_efficiency,ldv,km_per_pj,road,freight,ice,all,yearly,national,['avg_eff_no_outliers $ transport_data_system_9th'],1,4776513034.843043,avg_eff_no_outliers $ transport_data_system_9th,367424079.603311,single_datapoint,no_comment
6425,2017,08_JPN,new_vehicle_efficiency,ldv,km_per_pj,road,passenger,ice,all,yearly,national,['avg_eff_no_outliers $ transport_data_system_9th'],1,3086802010.889935,avg_eff_no_outliers $ transport_data_system_9th,237446308.529995,single_datapoint,no_comment
6426,2017,08_JPN,travel_km,ldv,km,road,freight,ice,all,yearly,national,['estimated $ calculate_energy_and_activity()'],1,21209400000.0,estimated $ calculate_energy_and_activity(),21209400000.0,single_datapoint,no_comment
6427,2017,08_JPN,travel_km,ldv,km,road,passenger,ice,all,yearly,national,['estimated $ calculate_energy_and_activity()'],1,10824364082242.02,estimated $ calculate_energy_and_activity(),915951221528.0942,single_datapoint,no_comment
6428,2017,08_JPN,turnover_rate,ldv,%,road,freight,ice,all,yearly,national,['manually_inputted_data $ guess'],1,0.39,manually_inputted_data $ guess,0.03,single_datapoint,no_comment
6429,2017,08_JPN,turnover_rate,ldv,%,road,passenger,ice,all,yearly,national,['manually_inputted_data $ guess'],1,0.39,manually_inputted_data $ guess,0.03,single_datapoint,no_comment
6430,2018,08_JPN,activity,ldv,passenger_km_or_freight_tonne_km,road,passenger,ice,all,yearly,national,['estimated $ calculate_energy_and_activity()'],1,16236546123363.027,estimated $ calculate_energy_and_activity(),1380672007415.7798,single_datapoint,no_comment
6431,2018,08_JPN,energy,ldv,pj,road,passenger,ice,all,yearly,national,['estimated $ calculate_energy_and_activity()'],1,31116.934705077263,estimated $ calculate_energy_and_activity(),2646.0233831421606,single_datapoint,no_comment
6432,2018,08_JPN,new_vehicle_efficiency,ldv,km_per_pj,road,freight,ice,all,yearly,national,['avg_eff_no_outliers $ transport_data_system_9th'],1,4776513034.843043,avg_eff_no_outliers $ transport_data_system_9th,367424079.603311,single_datapoint,no_comment
6433,2018,08_JPN,new_vehicle_efficiency,ldv,km_per_pj,road,passenger,ice,all,yearly,national,['avg_eff_no_outliers $ transport_data_system_9th'],1,3086802010.889935,avg_eff_no_outliers $ transport_data_system_9th,237446308.529995,single_datapoint,no_comment
6434,2018,08_JPN,travel_km,ldv,km,road,passenger,ice,all,yearly,national,['estimated $ calculate_energy_and_activity()'],1,10824364082242.02,estimated $ calculate_energy_and_activity(),920448004943.8533,single_datapoint,no_comment
6435,2018,08_JPN,turnover_rate,ldv,%,road,freight,ice,all,yearly,national,['manually_inputted_data $ guess'],1,0.39,manually_inputted_data $ guess,0.03,single_datapoint,no_comment
6436,2018,08_JPN,turnover_rate,ldv,%,road,passenger,ice,all,yearly,national,['manually_inputted_data $ guess'],1,0.39,manually_inputted_data $ guess,0.03,single_datapoint,no_comment
6437,2019,08_JPN,activity,ldv,passenger_km_or_freight_tonne_km,road,passenger,ice,all,yearly,national,['estimated $ calculate_energy_and_activity()'],1,16236546123363.027,estimated $ calculate_energy_and_activity(),1384139557190.4546,single_datapoint,no_comment
6438,2019,08_JPN,energy,ldv,pj,road,passenger,ice,all,yearly,national,['estimated $ calculate_energy_and_activity()'],1,31116.934705077263,estimated $ calculate_energy_and_activity(),2652.668855590879,single_datapoint,no_comment
6439,2019,08_JPN,new_vehicle_efficiency,ldv,km_per_pj,road,freight,ice,all,yearly,national,['avg_eff_no_outliers $ transport_data_system_9th'],1,4776513034.843043,avg_eff_no_outliers $ transport_data_system_9th,367424079.603311,single_datapoint,no_comment
6440,2019,08_JPN,new_vehicle_efficiency,ldv,km_per_pj,road,passenger,ice,all,yearly,national,['avg_eff_no_outliers $ transport_data_system_9th'],1,3086802010.889935,avg_eff_no_outliers $ transport_data_system_9th,237446308.529995,single_datapoint,no_comment
6441,2019,08_JPN,travel_km,ldv,km,road,passenger,ice,all,yearly,national,['estimated $ calculate_energy_and_activity()'],1,10824364082242.02,estimated $ calculate_energy_and_activity(),922759704793.6364,single_datapoint,no_comment
6442,2019,08_JPN,turnover_rate,ldv,%,road,freight,ice,all,yearly,national,['manually_inputted_data $ guess'],1,0.39,manually_inputted_data $ guess,0.03,single_datapoint,no_comment
6443,2019,08_JPN,turnover_rate,ldv,%,road,passenger,ice,all,yearly,national,['manually_inputted_data $ guess'],1,0.39,manually_inputted_data $ guess,0.03,single_datapoint,no_comment
6444,2020,08_JPN,activity,ldv,passenger_km_or_freight_tonne_km,road,passenger,ice,all,yearly,national,['estimated $ calculate_energy_and_activity()'],1,16236546123363.027,estimated $ calculate_energy_and_activity(),1384435065833.2837,single_datapoint,no_comment
6445,2020,08_JPN,energy,ldv,pj,road,passenger,ice,all,yearly,national,['estimated $ calculate_energy_and_activity()'],1,31116.934705077263,estimated $ calculate_energy_and_activity(),2653.2351905166593,single_datapoint,no_comment
6446,2020,08_JPN,new_vehicle_efficiency,ldv,km_per_pj,road,freight,ice,all,yearly,national,['avg_eff_no_outliers $ transport_data_system_9th'],1,4776513034.843043,avg_eff_no_outliers $ transport_data_system_9th,367424079.603311,single_datapoint,no_comment
6447,2020,08_JPN,new_vehicle_efficiency,ldv,km_per_pj,road,passenger,ice,all,yearly,national,['avg_eff_no_outliers $ transport_data_system_9th'],1,3086802010.889935,avg_eff_no_outliers $ transport_data_system_9th,237446308.529995,single_datapoint,no_comment
6448,2020,08_JPN,travel_km,ldv,km,road,passenger,ice,all,yearly,national,['estimated $ calculate_energy_and_activity()'],1,10824364082242.02,estimated $ calculate_energy_and_activity(),922956710555.5225,single_datapoint,no_comment
6449,2020,08_JPN,turnover_rate,ldv,%,road,freight,ice,all,yearly,national,['manually_inputted_data $ guess'],1,0.39,manually_inputted_data $ guess,0.03,single_datapoint,no_comment
6450,2020,08_JPN,turnover_rate,ldv,%,road,passenger,ice,all,yearly,national,['manually_inputted_data $ guess'],1,0.39,manually_inputted_data $ guess,0.03,single_datapoint,no_comment
6451,2021,08_JPN,activity,ldv,passenger_km_or_freight_tonne_km,road,passenger,ice,all,yearly,national,['estimated $ calculate_energy_and_activity()'],1,16236546123363.027,estimated $ calculate_energy_and_activity(),1386030031530.8599,single_datapoint,no_comment
6452,2021,08_JPN,energy,ldv,pj,road,passenger,ice,all,yearly,national,['estimated $ calculate_energy_and_activity()'],1,31116.934705077263,estimated $ calculate_energy_and_activity(),2656.291902399299,single_datapoint,no_comment
6453,2021,08_JPN,new_vehicle_efficiency,ldv,km_per_pj,road,freight,ice,all,yearly,national,['avg_eff_no_outliers $ transport_data_system_9th'],1,4776513034.843043,avg_eff_no_outliers $ transport_data_system_9th,367424079.603311,single_datapoint,no_comment
6454,2021,08_JPN,new_vehicle_efficiency,ldv,km_per_pj,road,passenger,ice,all,yearly,national,['avg_eff_no_outliers $ transport_data_system_9th'],1,3086802010.889935,avg_eff_no_outliers $ transport_data_system_9th,237446308.529995,single_datapoint,no_comment
6455,2021,08_JPN,travel_km,ldv,km,road,passenger,ice,all,yearly,national,['estimated $ calculate_energy_and_activity()'],1,10824364082242.02,estimated $ calculate_energy_and_activity(),924020021020.5732,single_datapoint,no_comment
6456,2021,08_JPN,turnover_rate,ldv,%,road,freight,ice,all,yearly,national,['manually_inputted_data $ guess'],1,0.39,manually_inputted_data $ guess,0.03,single_datapoint,no_comment
6457,2021,08_JPN,turnover_rate,ldv,%,road,passenger,ice,all,yearly,national,['manually_inputted_data $ guess'],1,0.39,manually_inputted_data $ guess,0.03,single_datapoint,no_comment
6458,2022,08_JPN,new_vehicle_efficiency,ldv,km_per_pj,road,freight,ice,all,yearly,national,['avg_eff_no_outliers $ transport_data_system_9th'],1,4776513034.843043,avg_eff_no_outliers $ transport_data_system_9th,367424079.603311,single_datapoint,no_comment
6459,2022,08_JPN,new_vehicle_efficiency,ldv,km_per_pj,road,passenger,ice,all,yearly,national,['avg_eff_no_outliers $ transport_data_system_9th'],1,3086802010.889935,avg_eff_no_outliers $ transport_data_system_9th,237446308.529995,single_datapoint,no_comment
6460,2022,08_JPN,turnover_rate,ldv,%,road,freight,ice,all,yearly,national,['manually_inputted_data $ guess'],1,0.39,manually_inputted_data $ guess,0.03,single_datapoint,no_comment
6461,2022,08_JPN,turnover_rate,ldv,%,road,passenger,ice,all,yearly,national,['manually_inputted_data $ guess'],1,0.39,manually_inputted_data $ guess,0.03,single_datapoint,no_comment
6462,2010,08_JPN,new_vehicle_efficiency,ldv,km_per_pj,road,freight,lpg,all,yearly,national,['avg_eff_no_outliers $ transport_data_system_9th'],1,3668778329.1297708,avg_eff_no_outliers $ transport_data_system_9th,282213717.625367,single_datapoint,no_comment
6463,2010,08_JPN,new_vehicle_efficiency,ldv,km_per_pj,road,passenger,lpg,all,yearly,national,['avg_eff_no_outliers $ transport_data_system_9th'],1,4713924488.084526,avg_eff_no_outliers $ transport_data_system_9th,362609576.006502,single_datapoint,no_comment
6464,2010,08_JPN,turnover_rate,ldv,%,road,freight,lpg,all,yearly,national,['manually_inputted_data $ guess'],1,0.42,manually_inputted_data $ guess,0.03,manual,no_comment
6465,2010,08_JPN,turnover_rate,ldv,%,road,passenger,lpg,all,yearly,national,['manually_inputted_data $ guess'],1,0.42,manually_inputted_data $ guess,0.03,manual,no_comment
6466,2011,08_JPN,new_vehicle_efficiency,ldv,km_per_pj,road,freight,lpg,all,yearly,national,['avg_eff_no_outliers $ transport_data_system_9th'],1,3668778329.1297708,avg_eff_no_outliers $ transport_data_system_9th,282213717.625367,single_datapoint,no_comment
6467,2011,08_JPN,new_vehicle_efficiency,ldv,km_per_pj,road,passenger,lpg,all,yearly,national,['avg_eff_no_outliers $ transport_data_system_9th'],1,4713924488.084526,avg_eff_no_outliers $ transport_data_system_9th,362609576.006502,single_datapoint,no_comment
6468,2011,08_JPN,turnover_rate,ldv,%,road,freight,lpg,all,yearly,national,['manually_inputted_data $ guess'],1,0.42,manually_inputted_data $ guess,0.03,manual,no_comment
6469,2011,08_JPN,turnover_rate,ldv,%,road,passenger,lpg,all,yearly,national,['manually_inputted_data $ guess'],1,0.42,manually_inputted_data $ guess,0.03,manual,no_comment
6470,2012,08_JPN,new_vehicle_efficiency,ldv,km_per_pj,road,freight,lpg,all,yearly,national,['avg_eff_no_outliers $ transport_data_system_9th'],1,3668778329.1297708,avg_eff_no_outliers $ transport_data_system_9th,282213717.625367,single_datapoint,no_comment
6471,2012,08_JPN,new_vehicle_efficiency,ldv,km_per_pj,road,passenger,lpg,all,yearly,national,['avg_eff_no_outliers $ transport_data_system_9th'],1,4713924488.084526,avg_eff_no_outliers $ transport_data_system_9th,362609576.006502,single_datapoint,no_comment
6472,2012,08_JPN,turnover_rate,ldv,%,road,freight,lpg,all,yearly,national,['manually_inputted_data $ guess'],1,0.42,manually_inputted_data $ guess,0.03,manual,no_comment
6473,2012,08_JPN,turnover_rate,ldv,%,road,passenger,lpg,all,yearly,national,['manually_inputted_data $ guess'],1,0.42,manually_inputted_data $ guess,0.03,manual,no_comment
6474,2013,08_JPN,new_vehicle_efficiency,ldv,km_per_pj,road,freight,lpg,all,yearly,national,['avg_eff_no_outliers $ transport_data_system_9th'],1,3668778329.1297708,avg_eff_no_outliers $ transport_data_system_9th,282213717.625367,single_datapoint,no_comment
6475,2013,08_JPN,new_vehicle_efficiency,ldv,km_per_pj,road,passenger,lpg,all,yearly,national,['avg_eff_no_outliers $ transport_data_system_9th'],1,4713924488.084526,avg_eff_no_outliers $ transport_data_system_9th,362609576.006502,single_datapoint,no_comment
6476,2013,08_JPN,turnover_rate,ldv,%,road,freight,lpg,all,yearly,national,['manually_inputted_data $ guess'],1,0.42,manually_inputted_data $ guess,0.03,manual,no_comment
6477,2013,08_JPN,turnover_rate,ldv,%,road,passenger,lpg,all,yearly,national,['manually_inputted_data $ guess'],1,0.42,manually_inputted_data $ guess,0.03,manual,no_comment
6478,2014,08_JPN,new_vehicle_efficiency,ldv,km_per_pj,road,freight,lpg,all,yearly,national,['avg_eff_no_outliers $ transport_data_system_9th'],1,3668778329.1297708,avg_eff_no_outliers $ transport_data_system_9th,282213717.625367,single_datapoint,no_comment
6479,2014,08_JPN,new_vehicle_efficiency,ldv,km_per_pj,road,passenger,lpg,all,yearly,national,['avg_eff_no_outliers $ transport_data_system_9th'],1,4713924488.084526,avg_eff_no_outliers $ transport_data_system_9th,362609576.006502,single_datapoint,no_comment
6480,2014,08_JPN,turnover_rate,ldv,%,road,freight,lpg,all,yearly,national,['manually_inputted_data $ guess'],1,0.42,manually_inputted_data $ guess,0.03,manual,no_comment
6481,2014,08_JPN,turnover_rate,ldv,%,road,passenger,lpg,all,yearly,national,['manually_inputted_data $ guess'],1,0.42,manually_inputted_data $ guess,0.03,manual,no_comment
6482,2015,08_JPN,new_vehicle_efficiency,ldv,km_per_pj,road,freight,lpg,all,yearly,national,['avg_eff_no_outliers $ transport_data_system_9th'],1,3668778329.1297708,avg_eff_no_outliers $ transport_data_system_9th,282213717.625367,single_datapoint,no_comment
6483,2015,08_JPN,new_vehicle_efficiency,ldv,km_per_pj,road,passenger,lpg,all,yearly,national,['avg_eff_no_outliers $ transport_data_system_9th'],1,4713924488.084526,avg_eff_no_outliers $ transport_data_system_9th,362609576.006502,single_datapoint,no_comment
6484,2015,08_JPN,turnover_rate,ldv,%,road,freight,lpg,all,yearly,national,['manually_inputted_data $ guess'],1,0.42,manually_inputted_data $ guess,0.03,manual,no_comment
6485,2015,08_JPN,turnover_rate,ldv,%,road,passenger,lpg,all,yearly,national,['manually_inputted_data $ guess'],1,0.42,manually_inputted_data $ guess,0.03,manual,no_comment
6486,2016,08_JPN,new_vehicle_efficiency,ldv,km_per_pj,road,freight,lpg,all,yearly,national,['avg_eff_no_outliers $ transport_data_system_9th'],1,3668778329.1297708,avg_eff_no_outliers $ transport_data_system_9th,282213717.625367,single_datapoint,no_comment
6487,2016,08_JPN,new_vehicle_efficiency,ldv,km_per_pj,road,passenger,lpg,all,yearly,national,['avg_eff_no_outliers $ transport_data_system_9th'],1,4713924488.084526,avg_eff_no_outliers $ transport_data_system_9th,362609576.006502,single_datapoint,no_comment
6488,2016,08_JPN,turnover_rate,ldv,%,road,freight,lpg,all,yearly,national,['manually_inputted_data $ guess'],1,0.42,manually_inputted_data $ guess,0.03,manual,no_comment
6489,2016,08_JPN,turnover_rate,ldv,%,road,passenger,lpg,all,yearly,national,['manually_inputted_data $ guess'],1,0.42,manually_inputted_data $ guess,0.03,manual,no_comment
6490,2017,08_JPN,activity,ldv,passenger_km_or_freight_tonne_km,road,freight,lpg,all,yearly,national,"['8th_edition_transport_model $ reference', 'estimated $ calculate_energy_and_activity()']",2,38765029.0,estimated $ calculate_energy_and_activity(),12521325.0,manual,no_comment
6491,2017,08_JPN,activity,ldv,passenger_km_or_freight_tonne_km,road,passenger,lpg,all,yearly,national,"['8th_edition_transport_model $ reference', 'estimated $ calculate_energy_and_activity()']",2,27086872167.0,estimated $ calculate_energy_and_activity(),4987620000.0,manual,no_comment
6492,2017,08_JPN,energy,ldv,pj,road,freight,lpg,all,yearly,national,"['8th_edition_transport_model $ reference', 'estimated $ calculate_energy_and_activity()']",2,0.4107884865261192,8th_edition_transport_model $ reference,0.274415246759541,manual,no_comment
6493,2017,08_JPN,energy,ldv,pj,road,passenger,lpg,all,yearly,national,"['8th_edition_transport_model $ reference', 'estimated $ calculate_energy_and_activity()']",2,44.38947264333292,estimated $ calculate_energy_and_activity(),9.558649031299733,manual,no_comment
6494,2017,08_JPN,new_vehicle_efficiency,ldv,km_per_pj,road,freight,lpg,all,yearly,national,['avg_eff_no_outliers $ transport_data_system_9th'],1,3668778329.1297708,avg_eff_no_outliers $ transport_data_system_9th,282213717.625367,single_datapoint,no_comment
6495,2017,08_JPN,new_vehicle_efficiency,ldv,km_per_pj,road,passenger,lpg,all,yearly,national,['avg_eff_no_outliers $ transport_data_system_9th'],1,4713924488.084526,avg_eff_no_outliers $ transport_data_system_9th,362609576.006502,single_datapoint,no_comment
6496,2017,08_JPN,travel_km,ldv,km,road,freight,lpg,all,yearly,national,['estimated $ calculate_energy_and_activity()'],1,34305000.0,estimated $ calculate_energy_and_activity(),34305000.0,single_datapoint,no_comment
6497,2017,08_JPN,travel_km,ldv,km,road,passenger,lpg,all,yearly,national,['estimated $ calculate_energy_and_activity()'],1,3325080000.0,estimated $ calculate_energy_and_activity(),3325080000.0,single_datapoint,no_comment
6498,2017,08_JPN,turnover_rate,ldv,%,road,freight,lpg,all,yearly,national,"['manually_inputted_data $ guess', 'turnover_rate_est']",2,0.42,manually_inputted_data $ guess,0.03,manual,no_comment
6499,2017,08_JPN,turnover_rate,ldv,%,road,passenger,lpg,all,yearly,national,"['manually_inputted_data $ guess', 'turnover_rate_est']",2,0.42,manually_inputted_data $ guess,0.03,manual,no_comment
6500,2018,08_JPN,new_vehicle_efficiency,ldv,km_per_pj,road,freight,lpg,all,yearly,national,['avg_eff_no_outliers $ transport_data_system_9th'],1,3668778329.1297708,avg_eff_no_outliers $ transport_data_system_9th,282213717.625367,single_datapoint,no_comment
6501,2018,08_JPN,new_vehicle_efficiency,ldv,km_per_pj,road,passenger,lpg,all,yearly,national,['avg_eff_no_outliers $ transport_data_system_9th'],1,4713924488.084526,avg_eff_no_outliers $ transport_data_system_9th,362609576.006502,single_datapoint,no_comment
6502,2018,08_JPN,turnover_rate,ldv,%,road,freight,lpg,all,yearly,national,['manually_inputted_data $ guess'],1,0.42,manually_inputted_data $ guess,0.03,manual,no_comment
6503,2018,08_JPN,turnover_rate,ldv,%,road,passenger,lpg,all,yearly,national,['manually_inputted_data $ guess'],1,0.42,manually_inputted_data $ guess,0.03,manual,no_comment
6504,2019,08_JPN,new_vehicle_efficiency,ldv,km_per_pj,road,freight,lpg,all,yearly,national,['avg_eff_no_outliers $ transport_data_system_9th'],1,3668778329.1297708,avg_eff_no_outliers $ transport_data_system_9th,282213717.625367,single_datapoint,no_comment
6505,2019,08_JPN,new_vehicle_efficiency,ldv,km_per_pj,road,passenger,lpg,all,yearly,national,['avg_eff_no_outliers $ transport_data_system_9th'],1,4713924488.084526,avg_eff_no_outliers $ transport_data_system_9th,362609576.006502,single_datapoint,no_comment
6506,2019,08_JPN,turnover_rate,ldv,%,road,freight,lpg,all,yearly,national,['manually_inputted_data $ guess'],1,0.42,manually_inputted_data $ guess,0.03,manual,no_comment
6507,2019,08_JPN,turnover_rate,ldv,%,road,passenger,lpg,all,yearly,national,['manually_inputted_data $ guess'],1,0.42,manually_inputted_data $ guess,0.03,manual,no_comment
6508,2020,08_JPN,new_vehicle_efficiency,ldv,km_per_pj,road,freight,lpg,all,yearly,national,['avg_eff_no_outliers $ transport_data_system_9th'],1,3668778329.1297708,avg_eff_no_outliers $ transport_data_system_9th,282213717.625367,single_datapoint,no_comment
6509,2020,08_JPN,new_vehicle_efficiency,ldv,km_per_pj,road,passenger,lpg,all,yearly,national,['avg_eff_no_outliers $ transport_data_system_9th'],1,4713924488.084526,avg_eff_no_outliers $ transport_data_system_9th,362609576.006502,single_datapoint,no_comment
6510,2020,08_JPN,turnover_rate,ldv,%,road,freight,lpg,all,yearly,national,['manually_inputted_data $ guess'],1,0.42,manually_inputted_data $ guess,0.03,manual,no_comment
6511,2020,08_JPN,turnover_rate,ldv,%,road,passenger,lpg,all,yearly,national,['manually_inputted_data $ guess'],1,0.42,manually_inputted_data $ guess,0.03,manual,no_comment
6512,2021,08_JPN,new_vehicle_efficiency,ldv,km_per_pj,road,freight,lpg,all,yearly,national,['avg_eff_no_outliers $ transport_data_system_9th'],1,3668778329.1297708,avg_eff_no_outliers $ transport_data_system_9th,282213717.625367,single_datapoint,no_comment
6513,2021,08_JPN,new_vehicle_efficiency,ldv,km_per_pj,road,passenger,lpg,all,yearly,national,['avg_eff_no_outliers $ transport_data_system_9th'],1,4713924488.084526,avg_eff_no_outliers $ transport_data_system_9th,362609576.006502,single_datapoint,no_comment
6514,2021,08_JPN,turnover_rate,ldv,%,road,freight,lpg,all,yearly,national,['manually_inputted_data $ guess'],1,0.42,manually_inputted_data $ guess,0.03,manual,no_comment
6515,2021,08_JPN,turnover_rate,ldv,%,road,passenger,lpg,all,yearly,national,['manually_inputted_data $ guess'],1,0.42,manually_inputted_data $ guess,0.03,manual,no_comment
6516,2022,08_JPN,new_vehicle_efficiency,ldv,km_per_pj,road,freight,lpg,all,yearly,national,['avg_eff_no_outliers $ transport_data_system_9th'],1,3668778329.1297708,avg_eff_no_outliers $ transport_data_system_9th,282213717.625367,single_datapoint,no_comment
6517,2022,08_JPN,new_vehicle_efficiency,ldv,km_per_pj,road,passenger,lpg,all,yearly,national,['avg_eff_no_outliers $ transport_data_system_9th'],1,4713924488.084526,avg_eff_no_outliers $ transport_data_system_9th,362609576.006502,single_datapoint,no_comment
6518,2022,08_JPN,turnover_rate,ldv,%,road,freight,lpg,all,yearly,national,['manually_inputted_data $ guess'],1,0.42,manually_inputted_data $ guess,0.03,manual,no_comment
6519,2022,08_JPN,turnover_rate,ldv,%,road,passenger,lpg,all,yearly,national,['manually_inputted_data $ guess'],1,0.42,manually_inputted_data $ guess,0.03,manual,no_comment
6520,2010,08_JPN,new_vehicle_efficiency,ldv,km_per_pj,road,freight,phev,all,yearly,national,['avg_eff_no_outliers $ transport_data_system_9th'],1,8979606259.303562,avg_eff_no_outliers $ transport_data_system_9th,690738943.023351,single_datapoint,no_comment
6521,2010,08_JPN,new_vehicle_efficiency,ldv,km_per_pj,road,passenger,phev,all,yearly,national,['avg_eff_no_outliers $ transport_data_system_9th'],1,5974718100.659283,avg_eff_no_outliers $ transport_data_system_9th,459593700.050714,single_datapoint,no_comment
6522,2010,08_JPN,turnover_rate,ldv,%,road,freight,phev,all,yearly,national,['manually_inputted_data $ guess'],1,0.39,manually_inputted_data $ guess,0.03,single_datapoint,no_comment
6523,2010,08_JPN,turnover_rate,ldv,%,road,passenger,phev,all,yearly,national,['manually_inputted_data $ guess'],1,0.39,manually_inputted_data $ guess,0.03,single_datapoint,no_comment
6524,2011,08_JPN,activity,ldv,passenger_km_or_freight_tonne_km,road,passenger,phev,all,yearly,national,['estimated $ calculate_energy_and_activity()'],1,24682837500.0,estimated $ calculate_energy_and_activity(),337500.0,single_datapoint,no_comment
6525,2011,08_JPN,energy,ldv,pj,road,passenger,phev,all,yearly,national,['estimated $ calculate_energy_and_activity()'],1,27.030880546989057,estimated $ calculate_energy_and_activity(),0.0003696058925400618,single_datapoint,no_comment
6526,2011,08_JPN,new_vehicle_efficiency,ldv,km_per_pj,road,freight,phev,all,yearly,national,['avg_eff_no_outliers $ transport_data_system_9th'],1,8979606259.303562,avg_eff_no_outliers $ transport_data_system_9th,690738943.023351,single_datapoint,no_comment
6527,2011,08_JPN,new_vehicle_efficiency,ldv,km_per_pj,road,passenger,phev,all,yearly,national,['avg_eff_no_outliers $ transport_data_system_9th'],1,5974718100.659283,avg_eff_no_outliers $ transport_data_system_9th,459593700.050714,single_datapoint,no_comment
6528,2011,08_JPN,travel_km,ldv,km,road,passenger,phev,all,yearly,national,['estimated $ calculate_energy_and_activity()'],1,16455225000.0,estimated $ calculate_energy_and_activity(),225000.0,single_datapoint,no_comment
6529,2011,08_JPN,turnover_rate,ldv,%,road,freight,phev,all,yearly,national,['manually_inputted_data $ guess'],1,0.39,manually_inputted_data $ guess,0.03,single_datapoint,no_comment
6530,2011,08_JPN,turnover_rate,ldv,%,road,passenger,phev,all,yearly,national,['manually_inputted_data $ guess'],1,0.39,manually_inputted_data $ guess,0.03,single_datapoint,no_comment
6531,2012,08_JPN,activity,ldv,passenger_km_or_freight_tonne_km,road,passenger,phev,all,yearly,national,['estimated $ calculate_energy_and_activity()'],1,24682837500.0,estimated $ calculate_energy_and_activity(),247500000.0,single_datapoint,no_comment
6532,2012,08_JPN,energy,ldv,pj,road,passenger,phev,all,yearly,national,['estimated $ calculate_energy_and_activity()'],1,27.030880546989057,estimated $ calculate_energy_and_activity(),0.27104432119604527,single_datapoint,no_comment
6533,2012,08_JPN,new_vehicle_efficiency,ldv,km_per_pj,road,freight,phev,all,yearly,national,['avg_eff_no_outliers $ transport_data_system_9th'],1,8979606259.303562,avg_eff_no_outliers $ transport_data_system_9th,690738943.023351,single_datapoint,no_comment
6534,2012,08_JPN,new_vehicle_efficiency,ldv,km_per_pj,road,passenger,phev,all,yearly,national,['avg_eff_no_outliers $ transport_data_system_9th'],1,5974718100.659283,avg_eff_no_outliers $ transport_data_system_9th,459593700.050714,single_datapoint,no_comment
6535,2012,08_JPN,travel_km,ldv,km,road,passenger,phev,all,yearly,national,['estimated $ calculate_energy_and_activity()'],1,16455225000.0,estimated $ calculate_energy_and_activity(),165000000.0,single_datapoint,no_comment
6536,2012,08_JPN,turnover_rate,ldv,%,road,freight,phev,all,yearly,national,['manually_inputted_data $ guess'],1,0.39,manually_inputted_data $ guess,0.03,single_datapoint,no_comment
6537,2012,08_JPN,turnover_rate,ldv,%,road,passenger,phev,all,yearly,national,['manually_inputted_data $ guess'],1,0.39,manually_inputted_data $ guess,0.03,single_datapoint,no_comment
6538,2013,08_JPN,activity,ldv,passenger_km_or_freight_tonne_km,road,passenger,phev,all,yearly,national,['estimated $ calculate_energy_and_activity()'],1,24682837500.0,estimated $ calculate_energy_and_activity(),562500000.0,single_datapoint,no_comment
6539,2013,08_JPN,energy,ldv,pj,road,passenger,phev,all,yearly,national,['estimated $ calculate_energy_and_activity()'],1,27.030880546989057,estimated $ calculate_energy_and_activity(),0.6160098209001029,single_datapoint,no_comment
6540,2013,08_JPN,new_vehicle_efficiency,ldv,km_per_pj,road,freight,phev,all,yearly,national,['avg_eff_no_outliers $ transport_data_system_9th'],1,8979606259.303562,avg_eff_no_outliers $ transport_data_system_9th,690738943.023351,single_datapoint,no_comment
6541,2013,08_JPN,new_vehicle_efficiency,ldv,km_per_pj,road,passenger,phev,all,yearly,national,['avg_eff_no_outliers $ transport_data_system_9th'],1,5974718100.659283,avg_eff_no_outliers $ transport_data_system_9th,459593700.050714,single_datapoint,no_comment
6542,2013,08_JPN,travel_km,ldv,km,road,passenger,phev,all,yearly,national,['estimated $ calculate_energy_and_activity()'],1,16455225000.0,estimated $ calculate_energy_and_activity(),375000000.0,single_datapoint,no_comment
6543,2013,08_JPN,turnover_rate,ldv,%,road,freight,phev,all,yearly,national,['manually_inputted_data $ guess'],1,0.39,manually_inputted_data $ guess,0.03,single_datapoint,no_comment
6544,2013,08_JPN,turnover_rate,ldv,%,road,passenger,phev,all,yearly,national,['manually_inputted_data $ guess'],1,0.39,manually_inputted_data $ guess,0.03,single_datapoint,no_comment
6545,2014,08_JPN,activity,ldv,passenger_km_or_freight_tonne_km,road,passenger,phev,all,yearly,national,['estimated $ calculate_energy_and_activity()'],1,24682837500.0,estimated $ calculate_energy_and_activity(),922500000.0,single_datapoint,no_comment
6546,2014,08_JPN,energy,ldv,pj,road,passenger,phev,all,yearly,national,['estimated $ calculate_energy_and_activity()'],1,27.030880546989057,estimated $ calculate_energy_and_activity(),1.0102561062761688,single_datapoint,no_comment
6547,2014,08_JPN,new_vehicle_efficiency,ldv,km_per_pj,road,freight,phev,all,yearly,national,['avg_eff_no_outliers $ transport_data_system_9th'],1,8979606259.303562,avg_eff_no_outliers $ transport_data_system_9th,690738943.023351,single_datapoint,no_comment
6548,2014,08_JPN,new_vehicle_efficiency,ldv,km_per_pj,road,passenger,phev,all,yearly,national,['avg_eff_no_outliers $ transport_data_system_9th'],1,5974718100.659283,avg_eff_no_outliers $ transport_data_system_9th,459593700.050714,single_datapoint,no_comment
6549,2014,08_JPN,travel_km,ldv,km,road,passenger,phev,all,yearly,national,['estimated $ calculate_energy_and_activity()'],1,16455225000.0,estimated $ calculate_energy_and_activity(),615000000.0,single_datapoint,no_comment
6550,2014,08_JPN,turnover_rate,ldv,%,road,freight,phev,all,yearly,national,['manually_inputted_data $ guess'],1,0.39,manually_inputted_data $ guess,0.03,single_datapoint,no_comment
6551,2014,08_JPN,turnover_rate,ldv,%,road,passenger,phev,all,yearly,national,['manually_inputted_data $ guess'],1,0.39,manually_inputted_data $ guess,0.03,single_datapoint,no_comment
6552,2015,08_JPN,activity,ldv,passenger_km_or_freight_tonne_km,road,passenger,phev,all,yearly,national,['estimated $ calculate_energy_and_activity()'],1,24682837500.0,estimated $ calculate_energy_and_activity(),1237500000.0,single_datapoint,no_comment
6553,2015,08_JPN,energy,ldv,pj,road,passenger,phev,all,yearly,national,['estimated $ calculate_energy_and_activity()'],1,27.030880546989057,estimated $ calculate_energy_and_activity(),1.3552216059802265,single_datapoint,no_comment
6554,2015,08_JPN,new_vehicle_efficiency,ldv,km_per_pj,road,freight,phev,all,yearly,national,['avg_eff_no_outliers $ transport_data_system_9th'],1,8979606259.303562,avg_eff_no_outliers $ transport_data_system_9th,690738943.023351,single_datapoint,no_comment
6555,2015,08_JPN,new_vehicle_efficiency,ldv,km_per_pj,road,passenger,phev,all,yearly,national,['avg_eff_no_outliers $ transport_data_system_9th'],1,5974718100.659283,avg_eff_no_outliers $ transport_data_system_9th,459593700.050714,single_datapoint,no_comment
6556,2015,08_JPN,travel_km,ldv,km,road,passenger,phev,all,yearly,national,['estimated $ calculate_energy_and_activity()'],1,16455225000.0,estimated $ calculate_energy_and_activity(),825000000.0,single_datapoint,no_comment
6557,2015,08_JPN,turnover_rate,ldv,%,road,freight,phev,all,yearly,national,['manually_inputted_data $ guess'],1,0.39,manually_inputted_data $ guess,0.03,single_datapoint,no_comment
6558,2015,08_JPN,turnover_rate,ldv,%,road,passenger,phev,all,yearly,national,['manually_inputted_data $ guess'],1,0.39,manually_inputted_data $ guess,0.03,single_datapoint,no_comment
6559,2016,08_JPN,activity,ldv,passenger_km_or_freight_tonne_km,road,passenger,phev,all,yearly,national,['estimated $ calculate_energy_and_activity()'],1,24682837500.0,estimated $ calculate_energy_and_activity(),1462500000.0,single_datapoint,no_comment
6560,2016,08_JPN,energy,ldv,pj,road,passenger,phev,all,yearly,national,['estimated $ calculate_energy_and_activity()'],1,27.030880546989057,estimated $ calculate_energy_and_activity(),1.6016255343402677,single_datapoint,no_comment
6561,2016,08_JPN,new_vehicle_efficiency,ldv,km_per_pj,road,freight,phev,all,yearly,national,['avg_eff_no_outliers $ transport_data_system_9th'],1,8979606259.303562,avg_eff_no_outliers $ transport_data_system_9th,690738943.023351,single_datapoint,no_comment
6562,2016,08_JPN,new_vehicle_efficiency,ldv,km_per_pj,road,passenger,phev,all,yearly,national,['avg_eff_no_outliers $ transport_data_system_9th'],1,5974718100.659283,avg_eff_no_outliers $ transport_data_system_9th,459593700.050714,single_datapoint,no_comment
6563,2016,08_JPN,travel_km,ldv,km,road,passenger,phev,all,yearly,national,['estimated $ calculate_energy_and_activity()'],1,16455225000.0,estimated $ calculate_energy_and_activity(),975000000.0,single_datapoint,no_comment
6564,2016,08_JPN,turnover_rate,ldv,%,road,freight,phev,all,yearly,national,['manually_inputted_data $ guess'],1,0.39,manually_inputted_data $ guess,0.03,single_datapoint,no_comment
6565,2016,08_JPN,turnover_rate,ldv,%,road,passenger,phev,all,yearly,national,['manually_inputted_data $ guess'],1,0.39,manually_inputted_data $ guess,0.03,single_datapoint,no_comment
6566,2017,08_JPN,activity,ldv,passenger_km_or_freight_tonne_km,road,passenger,phev,all,yearly,national,['estimated $ calculate_energy_and_activity()'],1,24682837500.0,estimated $ calculate_energy_and_activity(),2250000000.0,single_datapoint,no_comment
6567,2017,08_JPN,energy,ldv,pj,road,passenger,phev,all,yearly,national,['estimated $ calculate_energy_and_activity()'],1,27.030880546989057,estimated $ calculate_energy_and_activity(),2.4640392836004117,single_datapoint,no_comment
6568,2017,08_JPN,new_vehicle_efficiency,ldv,km_per_pj,road,freight,phev,all,yearly,national,['avg_eff_no_outliers $ transport_data_system_9th'],1,8979606259.303562,avg_eff_no_outliers $ transport_data_system_9th,690738943.023351,single_datapoint,no_comment
6569,2017,08_JPN,new_vehicle_efficiency,ldv,km_per_pj,road,passenger,phev,all,yearly,national,['avg_eff_no_outliers $ transport_data_system_9th'],1,5974718100.659283,avg_eff_no_outliers $ transport_data_system_9th,459593700.050714,single_datapoint,no_comment
6570,2017,08_JPN,travel_km,ldv,km,road,passenger,phev,all,yearly,national,['estimated $ calculate_energy_and_activity()'],1,16455225000.0,estimated $ calculate_energy_and_activity(),1500000000.0,single_datapoint,no_comment
6571,2017,08_JPN,turnover_rate,ldv,%,road,freight,phev,all,yearly,national,['manually_inputted_data $ guess'],1,0.39,manually_inputted_data $ guess,0.03,single_datapoint,no_comment
6572,2017,08_JPN,turnover_rate,ldv,%,road,passenger,phev,all,yearly,national,['manually_inputted_data $ guess'],1,0.39,manually_inputted_data $ guess,0.03,single_datapoint,no_comment
6573,2018,08_JPN,activity,ldv,passenger_km_or_freight_tonne_km,road,passenger,phev,all,yearly,national,['estimated $ calculate_energy_and_activity()'],1,24682837500.0,estimated $ calculate_energy_and_activity(),2700000000.0,single_datapoint,no_comment
6574,2018,08_JPN,energy,ldv,pj,road,passenger,phev,all,yearly,national,['estimated $ calculate_energy_and_activity()'],1,27.030880546989057,estimated $ calculate_energy_and_activity(),2.956847140320494,single_datapoint,no_comment
6575,2018,08_JPN,new_vehicle_efficiency,ldv,km_per_pj,road,freight,phev,all,yearly,national,['avg_eff_no_outliers $ transport_data_system_9th'],1,8979606259.303562,avg_eff_no_outliers $ transport_data_system_9th,690738943.023351,single_datapoint,no_comment
6576,2018,08_JPN,new_vehicle_efficiency,ldv,km_per_pj,road,passenger,phev,all,yearly,national,['avg_eff_no_outliers $ transport_data_system_9th'],1,5974718100.659283,avg_eff_no_outliers $ transport_data_system_9th,459593700.050714,single_datapoint,no_comment
6577,2018,08_JPN,travel_km,ldv,km,road,passenger,phev,all,yearly,national,['estimated $ calculate_energy_and_activity()'],1,16455225000.0,estimated $ calculate_energy_and_activity(),1800000000.0,single_datapoint,no_comment
6578,2018,08_JPN,turnover_rate,ldv,%,road,freight,phev,all,yearly,national,['manually_inputted_data $ guess'],1,0.39,manually_inputted_data $ guess,0.03,single_datapoint,no_comment
6579,2018,08_JPN,turnover_rate,ldv,%,road,passenger,phev,all,yearly,national,['manually_inputted_data $ guess'],1,0.39,manually_inputted_data $ guess,0.03,single_datapoint,no_comment
6580,2019,08_JPN,activity,ldv,passenger_km_or_freight_tonne_km,road,passenger,phev,all,yearly,national,['estimated $ calculate_energy_and_activity()'],1,24682837500.0,estimated $ calculate_energy_and_activity(),3150000000.0,single_datapoint,no_comment
6581,2019,08_JPN,energy,ldv,pj,road,passenger,phev,all,yearly,national,['estimated $ calculate_energy_and_activity()'],1,27.030880546989057,estimated $ calculate_energy_and_activity(),3.4496549970405765,single_datapoint,no_comment
6582,2019,08_JPN,new_vehicle_efficiency,ldv,km_per_pj,road,freight,phev,all,yearly,national,['avg_eff_no_outliers $ transport_data_system_9th'],1,8979606259.303562,avg_eff_no_outliers $ transport_data_system_9th,690738943.023351,single_datapoint,no_comment
6583,2019,08_JPN,new_vehicle_efficiency,ldv,km_per_pj,road,passenger,phev,all,yearly,national,['avg_eff_no_outliers $ transport_data_system_9th'],1,5974718100.659283,avg_eff_no_outliers $ transport_data_system_9th,459593700.050714,single_datapoint,no_comment
6584,2019,08_JPN,travel_km,ldv,km,road,passenger,phev,all,yearly,national,['estimated $ calculate_energy_and_activity()'],1,16455225000.0,estimated $ calculate_energy_and_activity(),2100000000.0,single_datapoint,no_comment
6585,2019,08_JPN,turnover_rate,ldv,%,road,freight,phev,all,yearly,national,['manually_inputted_data $ guess'],1,0.39,manually_inputted_data $ guess,0.03,single_datapoint,no_comment
6586,2019,08_JPN,turnover_rate,ldv,%,road,passenger,phev,all,yearly,national,['manually_inputted_data $ guess'],1,0.39,manually_inputted_data $ guess,0.03,single_datapoint,no_comment
6587,2020,08_JPN,activity,ldv,passenger_km_or_freight_tonne_km,road,passenger,phev,all,yearly,national,['estimated $ calculate_energy_and_activity()'],1,24682837500.0,estimated $ calculate_energy_and_activity(),3600000000.0,single_datapoint,no_comment
6588,2020,08_JPN,energy,ldv,pj,road,passenger,phev,all,yearly,national,['estimated $ calculate_energy_and_activity()'],1,27.030880546989057,estimated $ calculate_energy_and_activity(),3.942462853760659,single_datapoint,no_comment
6589,2020,08_JPN,new_vehicle_efficiency,ldv,km_per_pj,road,freight,phev,all,yearly,national,['avg_eff_no_outliers $ transport_data_system_9th'],1,8979606259.303562,avg_eff_no_outliers $ transport_data_system_9th,690738943.023351,single_datapoint,no_comment
6590,2020,08_JPN,new_vehicle_efficiency,ldv,km_per_pj,road,passenger,phev,all,yearly,national,['avg_eff_no_outliers $ transport_data_system_9th'],1,5974718100.659283,avg_eff_no_outliers $ transport_data_system_9th,459593700.050714,single_datapoint,no_comment
6591,2020,08_JPN,travel_km,ldv,km,road,passenger,phev,all,yearly,national,['estimated $ calculate_energy_and_activity()'],1,16455225000.0,estimated $ calculate_energy_and_activity(),2400000000.0,single_datapoint,no_comment
6592,2020,08_JPN,turnover_rate,ldv,%,road,freight,phev,all,yearly,national,['manually_inputted_data $ guess'],1,0.39,manually_inputted_data $ guess,0.03,single_datapoint,no_comment
6593,2020,08_JPN,turnover_rate,ldv,%,road,passenger,phev,all,yearly,national,['manually_inputted_data $ guess'],1,0.39,manually_inputted_data $ guess,0.03,single_datapoint,no_comment
6594,2021,08_JPN,activity,ldv,passenger_km_or_freight_tonne_km,road,passenger,phev,all,yearly,national,['estimated $ calculate_energy_and_activity()'],1,24682837500.0,estimated $ calculate_energy_and_activity(),4050000000.0,single_datapoint,no_comment
6595,2021,08_JPN,energy,ldv,pj,road,passenger,phev,all,yearly,national,['estimated $ calculate_energy_and_activity()'],1,27.030880546989057,estimated $ calculate_energy_and_activity(),4.435270710480741,single_datapoint,no_comment
6596,2021,08_JPN,new_vehicle_efficiency,ldv,km_per_pj,road,freight,phev,all,yearly,national,['avg_eff_no_outliers $ transport_data_system_9th'],1,8979606259.303562,avg_eff_no_outliers $ transport_data_system_9th,690738943.023351,single_datapoint,no_comment
6597,2021,08_JPN,new_vehicle_efficiency,ldv,km_per_pj,road,passenger,phev,all,yearly,national,['avg_eff_no_outliers $ transport_data_system_9th'],1,5974718100.659283,avg_eff_no_outliers $ transport_data_system_9th,459593700.050714,single_datapoint,no_comment
6598,2021,08_JPN,travel_km,ldv,km,road,passenger,phev,all,yearly,national,['estimated $ calculate_energy_and_activity()'],1,16455225000.0,estimated $ calculate_energy_and_activity(),2700000000.0,single_datapoint,no_comment
6599,2021,08_JPN,turnover_rate,ldv,%,road,freight,phev,all,yearly,national,['manually_inputted_data $ guess'],1,0.39,manually_inputted_data $ guess,0.03,single_datapoint,no_comment
6600,2021,08_JPN,turnover_rate,ldv,%,road,passenger,phev,all,yearly,national,['manually_inputted_data $ guess'],1,0.39,manually_inputted_data $ guess,0.03,single_datapoint,no_comment
6601,2022,08_JPN,activity,ldv,passenger_km_or_freight_tonne_km,road,passenger,phev,all,yearly,national,['estimated $ calculate_energy_and_activity()'],1,24682837500.0,estimated $ calculate_energy_and_activity(),4500000000.0,single_datapoint,no_comment
6602,2022,08_JPN,energy,ldv,pj,road,passenger,phev,all,yearly,national,['estimated $ calculate_energy_and_activity()'],1,27.030880546989057,estimated $ calculate_energy_and_activity(),4.928078567200823,single_datapoint,no_comment
6603,2022,08_JPN,new_vehicle_efficiency,ldv,km_per_pj,road,freight,phev,all,yearly,national,['avg_eff_no_outliers $ transport_data_system_9th'],1,8979606259.303562,avg_eff_no_outliers $ transport_data_system_9th,690738943.023351,single_datapoint,no_comment
6604,2022,08_JPN,new_vehicle_efficiency,ldv,km_per_pj,road,passenger,phev,all,yearly,national,['avg_eff_no_outliers $ transport_data_system_9th'],1,5974718100.659283,avg_eff_no_outliers $ transport_data_system_9th,459593700.050714,single_datapoint,no_comment
6605,2022,08_JPN,travel_km,ldv,km,road,passenger,phev,all,yearly,national,['estimated $ calculate_energy_and_activity()'],1,16455225000.0,estimated $ calculate_energy_and_activity(),3000000000.0,single_datapoint,no_comment
6606,2022,08_JPN,turnover_rate,ldv,%,road,freight,phev,all,yearly,national,['manually_inputted_data $ guess'],1,0.39,manually_inputted_data $ guess,0.03,single_datapoint,no_comment
6607,2022,08_JPN,turnover_rate,ldv,%,road,passenger,phev,all,yearly,national,['manually_inputted_data $ guess'],1,0.39,manually_inputted_data $ guess,0.03,single_datapoint,no_comment
6608,2010,09_ROK,new_vehicle_efficiency,2w,km_per_pj,road,passenger,bev,all,yearly,national,['avg_eff_no_outliers $ transport_data_system_9th'],1,33137029391.83156,avg_eff_no_outliers $ transport_data_system_9th,2549002260.91012,single_datapoint,no_comment
6609,2010,09_ROK,turnover_rate,2w,%,road,passenger,bev,all,yearly,national,['manually_inputted_data $ guess'],1,0.42,manually_inputted_data $ guess,0.03,manual,no_comment
6610,2011,09_ROK,new_vehicle_efficiency,2w,km_per_pj,road,passenger,bev,all,yearly,national,['avg_eff_no_outliers $ transport_data_system_9th'],1,33137029391.83156,avg_eff_no_outliers $ transport_data_system_9th,2549002260.91012,single_datapoint,no_comment
6611,2011,09_ROK,turnover_rate,2w,%,road,passenger,bev,all,yearly,national,['manually_inputted_data $ guess'],1,0.42,manually_inputted_data $ guess,0.03,manual,no_comment
6612,2012,09_ROK,new_vehicle_efficiency,2w,km_per_pj,road,passenger,bev,all,yearly,national,['avg_eff_no_outliers $ transport_data_system_9th'],1,33137029391.83156,avg_eff_no_outliers $ transport_data_system_9th,2549002260.91012,single_datapoint,no_comment
6613,2012,09_ROK,turnover_rate,2w,%,road,passenger,bev,all,yearly,national,['manually_inputted_data $ guess'],1,0.42,manually_inputted_data $ guess,0.03,manual,no_comment
6614,2013,09_ROK,new_vehicle_efficiency,2w,km_per_pj,road,passenger,bev,all,yearly,national,['avg_eff_no_outliers $ transport_data_system_9th'],1,33137029391.83156,avg_eff_no_outliers $ transport_data_system_9th,2549002260.91012,single_datapoint,no_comment
6615,2013,09_ROK,turnover_rate,2w,%,road,passenger,bev,all,yearly,national,['manually_inputted_data $ guess'],1,0.42,manually_inputted_data $ guess,0.03,manual,no_comment
6616,2014,09_ROK,new_vehicle_efficiency,2w,km_per_pj,road,passenger,bev,all,yearly,national,['avg_eff_no_outliers $ transport_data_system_9th'],1,33137029391.83156,avg_eff_no_outliers $ transport_data_system_9th,2549002260.91012,single_datapoint,no_comment
6617,2014,09_ROK,turnover_rate,2w,%,road,passenger,bev,all,yearly,national,['manually_inputted_data $ guess'],1,0.42,manually_inputted_data $ guess,0.03,manual,no_comment
6618,2015,09_ROK,new_vehicle_efficiency,2w,km_per_pj,road,passenger,bev,all,yearly,national,['avg_eff_no_outliers $ transport_data_system_9th'],1,33137029391.83156,avg_eff_no_outliers $ transport_data_system_9th,2549002260.91012,single_datapoint,no_comment
6619,2015,09_ROK,turnover_rate,2w,%,road,passenger,bev,all,yearly,national,['manually_inputted_data $ guess'],1,0.42,manually_inputted_data $ guess,0.03,manual,no_comment
6620,2016,09_ROK,new_vehicle_efficiency,2w,km_per_pj,road,passenger,bev,all,yearly,national,['avg_eff_no_outliers $ transport_data_system_9th'],1,33137029391.83156,avg_eff_no_outliers $ transport_data_system_9th,2549002260.91012,single_datapoint,no_comment
6621,2016,09_ROK,turnover_rate,2w,%,road,passenger,bev,all,yearly,national,['manually_inputted_data $ guess'],1,0.42,manually_inputted_data $ guess,0.03,manual,no_comment
6622,2017,09_ROK,new_vehicle_efficiency,2w,km_per_pj,road,passenger,bev,all,yearly,national,['avg_eff_no_outliers $ transport_data_system_9th'],1,33137029391.83156,avg_eff_no_outliers $ transport_data_system_9th,2549002260.91012,single_datapoint,no_comment
6623,2017,09_ROK,turnover_rate,2w,%,road,passenger,bev,all,yearly,national,"['manually_inputted_data $ guess', 'turnover_rate_est']",2,0.42,manually_inputted_data $ guess,0.03,manual,no_comment
6624,2018,09_ROK,new_vehicle_efficiency,2w,km_per_pj,road,passenger,bev,all,yearly,national,['avg_eff_no_outliers $ transport_data_system_9th'],1,33137029391.83156,avg_eff_no_outliers $ transport_data_system_9th,2549002260.91012,single_datapoint,no_comment
6625,2018,09_ROK,turnover_rate,2w,%,road,passenger,bev,all,yearly,national,['manually_inputted_data $ guess'],1,0.42,manually_inputted_data $ guess,0.03,manual,no_comment
6626,2019,09_ROK,new_vehicle_efficiency,2w,km_per_pj,road,passenger,bev,all,yearly,national,['avg_eff_no_outliers $ transport_data_system_9th'],1,33137029391.83156,avg_eff_no_outliers $ transport_data_system_9th,2549002260.91012,single_datapoint,no_comment
6627,2019,09_ROK,turnover_rate,2w,%,road,passenger,bev,all,yearly,national,['manually_inputted_data $ guess'],1,0.42,manually_inputted_data $ guess,0.03,manual,no_comment
6628,2020,09_ROK,new_vehicle_efficiency,2w,km_per_pj,road,passenger,bev,all,yearly,national,['avg_eff_no_outliers $ transport_data_system_9th'],1,33137029391.83156,avg_eff_no_outliers $ transport_data_system_9th,2549002260.91012,single_datapoint,no_comment
6629,2020,09_ROK,turnover_rate,2w,%,road,passenger,bev,all,yearly,national,['manually_inputted_data $ guess'],1,0.42,manually_inputted_data $ guess,0.03,manual,no_comment
6630,2021,09_ROK,new_vehicle_efficiency,2w,km_per_pj,road,passenger,bev,all,yearly,national,['avg_eff_no_outliers $ transport_data_system_9th'],1,33137029391.83156,avg_eff_no_outliers $ transport_data_system_9th,2549002260.91012,single_datapoint,no_comment
6631,2021,09_ROK,turnover_rate,2w,%,road,passenger,bev,all,yearly,national,['manually_inputted_data $ guess'],1,0.42,manually_inputted_data $ guess,0.03,manual,no_comment
6632,2022,09_ROK,new_vehicle_efficiency,2w,km_per_pj,road,passenger,bev,all,yearly,national,['avg_eff_no_outliers $ transport_data_system_9th'],1,33137029391.83156,avg_eff_no_outliers $ transport_data_system_9th,2549002260.91012,single_datapoint,no_comment
6633,2022,09_ROK,turnover_rate,2w,%,road,passenger,bev,all,yearly,national,['manually_inputted_data $ guess'],1,0.42,manually_inputted_data $ guess,0.03,manual,no_comment
6634,2010,09_ROK,activity,2w,passenger_km_or_freight_tonne_km,road,passenger,ice,all,yearly,national,['estimated $ calculate_energy_and_activity()'],1,192007505250.0,estimated $ calculate_energy_and_activity(),15060160500.000002,single_datapoint,no_comment
6635,2010,09_ROK,energy,2w,pj,road,passenger,ice,all,yearly,national,['estimated $ calculate_energy_and_activity()'],1,275.98318748123216,estimated $ calculate_energy_and_activity(),21.646815802107543,single_datapoint,no_comment
6636,2010,09_ROK,new_vehicle_efficiency,2w,km_per_pj,road,passenger,ice,all,yearly,national,['avg_eff_no_outliers $ transport_data_system_9th'],1,7669072338.574219,avg_eff_no_outliers $ transport_data_system_9th,589928641.428786,single_datapoint,no_comment
6637,2010,09_ROK,travel_km,2w,km,road,passenger,ice,all,yearly,national,['estimated $ calculate_energy_and_activity()'],1,174552277500.0,estimated $ calculate_energy_and_activity(),13691055000.0,single_datapoint,no_comment
6638,2010,09_ROK,turnover_rate,2w,%,road,passenger,ice,all,yearly,national,['manually_inputted_data $ guess'],1,0.39,manually_inputted_data $ guess,0.03,single_datapoint,no_comment
6639,2011,09_ROK,activity,2w,passenger_km_or_freight_tonne_km,road,passenger,ice,all,yearly,national,['estimated $ calculate_energy_and_activity()'],1,192007505250.0,estimated $ calculate_energy_and_activity(),15083574000.000002,single_datapoint,no_comment
6640,2011,09_ROK,energy,2w,pj,road,passenger,ice,all,yearly,national,['estimated $ calculate_energy_and_activity()'],1,275.98318748123216,estimated $ calculate_energy_and_activity(),21.680469342638048,single_datapoint,no_comment
6641,2011,09_ROK,new_vehicle_efficiency,2w,km_per_pj,road,passenger,ice,all,yearly,national,['avg_eff_no_outliers $ transport_data_system_9th'],1,7669072338.574219,avg_eff_no_outliers $ transport_data_system_9th,589928641.428786,single_datapoint,no_comment
6642,2011,09_ROK,travel_km,2w,km,road,passenger,ice,all,yearly,national,['estimated $ calculate_energy_and_activity()'],1,174552277500.0,estimated $ calculate_energy_and_activity(),13712340000.0,single_datapoint,no_comment
6643,2011,09_ROK,turnover_rate,2w,%,road,passenger,ice,all,yearly,national,['manually_inputted_data $ guess'],1,0.39,manually_inputted_data $ guess,0.03,single_datapoint,no_comment
6644,2012,09_ROK,activity,2w,passenger_km_or_freight_tonne_km,road,passenger,ice,all,yearly,national,['estimated $ calculate_energy_and_activity()'],1,192007505250.0,estimated $ calculate_energy_and_activity(),17271094500.0,single_datapoint,no_comment
6645,2012,09_ROK,energy,2w,pj,road,passenger,ice,all,yearly,national,['estimated $ calculate_energy_and_activity()'],1,275.98318748123216,estimated $ calculate_energy_and_activity(),24.824715602618756,single_datapoint,no_comment
6646,2012,09_ROK,new_vehicle_efficiency,2w,km_per_pj,road,passenger,ice,all,yearly,national,['avg_eff_no_outliers $ transport_data_system_9th'],1,7669072338.574219,avg_eff_no_outliers $ transport_data_system_9th,589928641.428786,single_datapoint,no_comment
6647,2012,09_ROK,travel_km,2w,km,road,passenger,ice,all,yearly,national,['estimated $ calculate_energy_and_activity()'],1,174552277500.0,estimated $ calculate_energy_and_activity(),15700995000.0,single_datapoint,no_comment
6648,2012,09_ROK,turnover_rate,2w,%,road,passenger,ice,all,yearly,national,['manually_inputted_data $ guess'],1,0.39,manually_inputted_data $ guess,0.03,single_datapoint,no_comment
6649,2013,09_ROK,activity,2w,passenger_km_or_freight_tonne_km,road,passenger,ice,all,yearly,national,['estimated $ calculate_energy_and_activity()'],1,192007505250.0,estimated $ calculate_energy_and_activity(),17465538750.0,single_datapoint,no_comment
6650,2013,09_ROK,energy,2w,pj,road,passenger,ice,all,yearly,national,['estimated $ calculate_energy_and_activity()'],1,275.98318748123216,estimated $ calculate_energy_and_activity(),25.10420126039305,single_datapoint,no_comment
6651,2013,09_ROK,new_vehicle_efficiency,2w,km_per_pj,road,passenger,ice,all,yearly,national,['avg_eff_no_outliers $ transport_data_system_9th'],1,7669072338.574219,avg_eff_no_outliers $ transport_data_system_9th,589928641.428786,single_datapoint,no_comment
6652,2013,09_ROK,travel_km,2w,km,road,passenger,ice,all,yearly,national,['estimated $ calculate_energy_and_activity()'],1,174552277500.0,estimated $ calculate_energy_and_activity(),15877762500.0,single_datapoint,no_comment
6653,2013,09_ROK,turnover_rate,2w,%,road,passenger,ice,all,yearly,national,['manually_inputted_data $ guess'],1,0.39,manually_inputted_data $ guess,0.03,single_datapoint,no_comment
6654,2014,09_ROK,activity,2w,passenger_km_or_freight_tonne_km,road,passenger,ice,all,yearly,national,['estimated $ calculate_energy_and_activity()'],1,192007505250.0,estimated $ calculate_energy_and_activity(),17622701250.0,single_datapoint,no_comment
6655,2014,09_ROK,energy,2w,pj,road,passenger,ice,all,yearly,national,['estimated $ calculate_energy_and_activity()'],1,275.98318748123216,estimated $ calculate_energy_and_activity(),25.33009976183988,single_datapoint,no_comment
6656,2014,09_ROK,new_vehicle_efficiency,2w,km_per_pj,road,passenger,ice,all,yearly,national,['avg_eff_no_outliers $ transport_data_system_9th'],1,7669072338.574219,avg_eff_no_outliers $ transport_data_system_9th,589928641.428786,single_datapoint,no_comment
6657,2014,09_ROK,travel_km,2w,km,road,passenger,ice,all,yearly,national,['estimated $ calculate_energy_and_activity()'],1,174552277500.0,estimated $ calculate_energy_and_activity(),16020637500.0,single_datapoint,no_comment
6658,2014,09_ROK,turnover_rate,2w,%,road,passenger,ice,all,yearly,national,['manually_inputted_data $ guess'],1,0.39,manually_inputted_data $ guess,0.03,single_datapoint,no_comment
6659,2015,09_ROK,activity,2w,passenger_km_or_freight_tonne_km,road,passenger,ice,all,yearly,national,['estimated $ calculate_energy_and_activity()'],1,192007505250.0,estimated $ calculate_energy_and_activity(),17834635500.0,single_datapoint,no_comment
6660,2015,09_ROK,energy,2w,pj,road,passenger,ice,all,yearly,national,['estimated $ calculate_energy_and_activity()'],1,275.98318748123216,estimated $ calculate_energy_and_activity(),25.634724780405108,single_datapoint,no_comment
6661,2015,09_ROK,new_vehicle_efficiency,2w,km_per_pj,road,passenger,ice,all,yearly,national,['avg_eff_no_outliers $ transport_data_system_9th'],1,7669072338.574219,avg_eff_no_outliers $ transport_data_system_9th,589928641.428786,single_datapoint,no_comment
6662,2015,09_ROK,travel_km,2w,km,road,passenger,ice,all,yearly,national,['estimated $ calculate_energy_and_activity()'],1,174552277500.0,estimated $ calculate_energy_and_activity(),16213305000.0,single_datapoint,no_comment
6663,2015,09_ROK,turnover_rate,2w,%,road,passenger,ice,all,yearly,national,['manually_inputted_data $ guess'],1,0.39,manually_inputted_data $ guess,0.03,single_datapoint,no_comment
6664,2016,09_ROK,activity,2w,passenger_km_or_freight_tonne_km,road,passenger,ice,all,yearly,national,['estimated $ calculate_energy_and_activity()'],1,192007505250.0,estimated $ calculate_energy_and_activity(),17990676000.0,single_datapoint,no_comment
6665,2016,09_ROK,energy,2w,pj,road,passenger,ice,all,yearly,national,['estimated $ calculate_energy_and_activity()'],1,275.98318748123216,estimated $ calculate_energy_and_activity(),25.85901056814082,single_datapoint,no_comment
6666,2016,09_ROK,new_vehicle_efficiency,2w,km_per_pj,road,passenger,ice,all,yearly,national,['avg_eff_no_outliers $ transport_data_system_9th'],1,7669072338.574219,avg_eff_no_outliers $ transport_data_system_9th,589928641.428786,single_datapoint,no_comment
6667,2016,09_ROK,travel_km,2w,km,road,passenger,ice,all,yearly,national,['estimated $ calculate_energy_and_activity()'],1,174552277500.0,estimated $ calculate_energy_and_activity(),16355160000.0,single_datapoint,no_comment
6668,2016,09_ROK,turnover_rate,2w,%,road,passenger,ice,all,yearly,national,['manually_inputted_data $ guess'],1,0.39,manually_inputted_data $ guess,0.03,single_datapoint,no_comment
6669,2017,09_ROK,activity,2w,passenger_km_or_freight_tonne_km,road,passenger,ice,all,yearly,national,['estimated $ calculate_energy_and_activity()'],1,192007505250.0,estimated $ calculate_energy_and_activity(),18120918750.0,single_datapoint,no_comment
6670,2017,09_ROK,energy,2w,pj,road,passenger,ice,all,yearly,national,['estimated $ calculate_energy_and_activity()'],1,275.98318748123216,estimated $ calculate_energy_and_activity(),26.046215798709905,single_datapoint,no_comment
6671,2017,09_ROK,new_vehicle_efficiency,2w,km_per_pj,road,passenger,ice,all,yearly,national,['avg_eff_no_outliers $ transport_data_system_9th'],1,7669072338.574219,avg_eff_no_outliers $ transport_data_system_9th,589928641.428786,single_datapoint,no_comment
6672,2017,09_ROK,travel_km,2w,km,road,passenger,ice,all,yearly,national,['estimated $ calculate_energy_and_activity()'],1,174552277500.0,estimated $ calculate_energy_and_activity(),16473562500.0,single_datapoint,no_comment
6673,2017,09_ROK,turnover_rate,2w,%,road,passenger,ice,all,yearly,national,['manually_inputted_data $ guess'],1,0.39,manually_inputted_data $ guess,0.03,single_datapoint,no_comment
6674,2018,09_ROK,activity,2w,passenger_km_or_freight_tonne_km,road,passenger,ice,all,yearly,national,['estimated $ calculate_energy_and_activity()'],1,192007505250.0,estimated $ calculate_energy_and_activity(),18219498000.0,single_datapoint,no_comment
6675,2018,09_ROK,energy,2w,pj,road,passenger,ice,all,yearly,national,['estimated $ calculate_energy_and_activity()'],1,275.98318748123216,estimated $ calculate_energy_and_activity(),26.187909299696162,single_datapoint,no_comment
6676,2018,09_ROK,new_vehicle_efficiency,2w,km_per_pj,road,passenger,ice,all,yearly,national,['avg_eff_no_outliers $ transport_data_system_9th'],1,7669072338.574219,avg_eff_no_outliers $ transport_data_system_9th,589928641.428786,single_datapoint,no_comment
6677,2018,09_ROK,travel_km,2w,km,road,passenger,ice,all,yearly,national,['estimated $ calculate_energy_and_activity()'],1,174552277500.0,estimated $ calculate_energy_and_activity(),16563180000.0,single_datapoint,no_comment
6678,2018,09_ROK,turnover_rate,2w,%,road,passenger,ice,all,yearly,national,['manually_inputted_data $ guess'],1,0.39,manually_inputted_data $ guess,0.03,single_datapoint,no_comment
6679,2019,09_ROK,activity,2w,passenger_km_or_freight_tonne_km,road,passenger,ice,all,yearly,national,['estimated $ calculate_energy_and_activity()'],1,192007505250.0,estimated $ calculate_energy_and_activity(),18454383750.0,single_datapoint,no_comment
6680,2019,09_ROK,energy,2w,pj,road,passenger,ice,all,yearly,national,['estimated $ calculate_energy_and_activity()'],1,275.98318748123216,estimated $ calculate_energy_and_activity(),26.52552380020496,single_datapoint,no_comment
6681,2019,09_ROK,new_vehicle_efficiency,2w,km_per_pj,road,passenger,ice,all,yearly,national,['avg_eff_no_outliers $ transport_data_system_9th'],1,7669072338.574219,avg_eff_no_outliers $ transport_data_system_9th,589928641.428786,single_datapoint,no_comment
6682,2019,09_ROK,travel_km,2w,km,road,passenger,ice,all,yearly,national,['estimated $ calculate_energy_and_activity()'],1,174552277500.0,estimated $ calculate_energy_and_activity(),16776712500.0,single_datapoint,no_comment
6683,2019,09_ROK,turnover_rate,2w,%,road,passenger,ice,all,yearly,national,['manually_inputted_data $ guess'],1,0.39,manually_inputted_data $ guess,0.03,single_datapoint,no_comment
6684,2020,09_ROK,activity,2w,passenger_km_or_freight_tonne_km,road,passenger,ice,all,yearly,national,['estimated $ calculate_energy_and_activity()'],1,192007505250.0,estimated $ calculate_energy_and_activity(),18884324250.0,single_datapoint,no_comment
6685,2020,09_ROK,energy,2w,pj,road,passenger,ice,all,yearly,national,['estimated $ calculate_energy_and_activity()'],1,275.98318748123216,estimated $ calculate_energy_and_activity(),27.143501464477932,single_datapoint,no_comment
6686,2020,09_ROK,new_vehicle_efficiency,2w,km_per_pj,road,passenger,ice,all,yearly,national,['avg_eff_no_outliers $ transport_data_system_9th'],1,7669072338.574219,avg_eff_no_outliers $ transport_data_system_9th,589928641.428786,single_datapoint,no_comment
6687,2020,09_ROK,travel_km,2w,km,road,passenger,ice,all,yearly,national,['estimated $ calculate_energy_and_activity()'],1,174552277500.0,estimated $ calculate_energy_and_activity(),17167567500.0,single_datapoint,no_comment
6688,2020,09_ROK,turnover_rate,2w,%,road,passenger,ice,all,yearly,national,['manually_inputted_data $ guess'],1,0.39,manually_inputted_data $ guess,0.03,single_datapoint,no_comment
6689,2021,09_ROK,new_vehicle_efficiency,2w,km_per_pj,road,passenger,ice,all,yearly,national,['avg_eff_no_outliers $ transport_data_system_9th'],1,7669072338.574219,avg_eff_no_outliers $ transport_data_system_9th,589928641.428786,single_datapoint,no_comment
6690,2021,09_ROK,turnover_rate,2w,%,road,passenger,ice,all,yearly,national,['manually_inputted_data $ guess'],1,0.39,manually_inputted_data $ guess,0.03,single_datapoint,no_comment
6691,2022,09_ROK,new_vehicle_efficiency,2w,km_per_pj,road,passenger,ice,all,yearly,national,['avg_eff_no_outliers $ transport_data_system_9th'],1,7669072338.574219,avg_eff_no_outliers $ transport_data_system_9th,589928641.428786,single_datapoint,no_comment
6692,2022,09_ROK,turnover_rate,2w,%,road,passenger,ice,all,yearly,national,['manually_inputted_data $ guess'],1,0.39,manually_inputted_data $ guess,0.03,single_datapoint,no_comment
6693,2010,09_ROK,intensity,all,pj_per_passenger_or_freight_tonne_km,air,freight,all,all,yearly,national,['manually_inputted_data $ energy-intensity-of-passenger-transport-modes-2018'],1,4.0300000000000004e-08,manually_inputted_data $ energy-intensity-of-passenger-transport-modes-2018,3.1e-09,single_datapoint,assumed_to_be_same_as_passenger_air_because_of_lack_of_data
6694,2010,09_ROK,intensity,all,pj_per_passenger_or_freight_tonne_km,rail,freight,all,all,yearly,national,['manually_inputted_data $ iea_howtocalculatetheindicatorsforthetransportsectors.pdf'],1,2.86e-09,manually_inputted_data $ iea_howtocalculatetheindicatorsforthetransportsectors.pdf,2.2e-10,single_datapoint,from_how_to_calculate_the_indicators_for_the_transport_sector
6695,2010,09_ROK,intensity,all,pj_per_passenger_or_freight_tonne_km,ship,freight,all,all,yearly,national,['manually_inputted_data $ iea_howtocalculatetheindicatorsforthetransportsectors.pdf'],1,7.02e-09,manually_inputted_data $ iea_howtocalculatetheindicatorsforthetransportsectors.pdf,5.4e-10,single_datapoint,from_how_to_calculate_the_indicators_for_the_transport_sector
6696,2010,09_ROK,intensity,all,pj_per_passenger_or_freight_tonne_km,air,passenger,all,all,yearly,national,['manually_inputted_data $ energy-intensity-of-passenger-transport-modes-2018'],1,4.0300000000000004e-08,manually_inputted_data $ energy-intensity-of-passenger-transport-modes-2018,3.1e-09,single_datapoint,no_comment
6697,2010,09_ROK,intensity,all,pj_per_passenger_or_freight_tonne_km,rail,passenger,all,all,yearly,national,['manually_inputted_data $ energy-intensity-of-passenger-transport-modes-2018'],1,2.6e-09,manually_inputted_data $ energy-intensity-of-passenger-transport-modes-2018,2e-10,single_datapoint,no_comment
6698,2010,09_ROK,intensity,all,pj_per_passenger_or_freight_tonne_km,ship,passenger,all,all,yearly,national,['manually_inputted_data $ iea_howtocalculatetheindicatorsforthetransportsectors.pdf'],1,7.02e-09,manually_inputted_data $ iea_howtocalculatetheindicatorsforthetransportsectors.pdf,5.4e-10,single_datapoint,assumed_to_be_the_same_as_ship_freight_from_iea_how_to
6699,2011,09_ROK,intensity,all,pj_per_passenger_or_freight_tonne_km,air,freight,all,all,yearly,national,['manually_inputted_data $ energy-intensity-of-passenger-transport-modes-2018'],1,4.0300000000000004e-08,manually_inputted_data $ energy-intensity-of-passenger-transport-modes-2018,3.1e-09,single_datapoint,assumed_to_be_same_as_passenger_air_because_of_lack_of_data
6700,2011,09_ROK,intensity,all,pj_per_passenger_or_freight_tonne_km,rail,freight,all,all,yearly,national,['manually_inputted_data $ iea_howtocalculatetheindicatorsforthetransportsectors.pdf'],1,2.86e-09,manually_inputted_data $ iea_howtocalculatetheindicatorsforthetransportsectors.pdf,2.2e-10,single_datapoint,from_how_to_calculate_the_indicators_for_the_transport_sector
6701,2011,09_ROK,intensity,all,pj_per_passenger_or_freight_tonne_km,ship,freight,all,all,yearly,national,['manually_inputted_data $ iea_howtocalculatetheindicatorsforthetransportsectors.pdf'],1,7.02e-09,manually_inputted_data $ iea_howtocalculatetheindicatorsforthetransportsectors.pdf,5.4e-10,single_datapoint,from_how_to_calculate_the_indicators_for_the_transport_sector
6702,2011,09_ROK,intensity,all,pj_per_passenger_or_freight_tonne_km,air,passenger,all,all,yearly,national,['manually_inputted_data $ energy-intensity-of-passenger-transport-modes-2018'],1,4.0300000000000004e-08,manually_inputted_data $ energy-intensity-of-passenger-transport-modes-2018,3.1e-09,single_datapoint,no_comment
6703,2011,09_ROK,intensity,all,pj_per_passenger_or_freight_tonne_km,rail,passenger,all,all,yearly,national,['manually_inputted_data $ energy-intensity-of-passenger-transport-modes-2018'],1,2.6e-09,manually_inputted_data $ energy-intensity-of-passenger-transport-modes-2018,2e-10,single_datapoint,no_comment
6704,2011,09_ROK,intensity,all,pj_per_passenger_or_freight_tonne_km,ship,passenger,all,all,yearly,national,['manually_inputted_data $ iea_howtocalculatetheindicatorsforthetransportsectors.pdf'],1,7.02e-09,manually_inputted_data $ iea_howtocalculatetheindicatorsforthetransportsectors.pdf,5.4e-10,single_datapoint,assumed_to_be_the_same_as_ship_freight_from_iea_how_to
6705,2012,09_ROK,intensity,all,pj_per_passenger_or_freight_tonne_km,air,freight,all,all,yearly,national,['manually_inputted_data $ energy-intensity-of-passenger-transport-modes-2018'],1,4.0300000000000004e-08,manually_inputted_data $ energy-intensity-of-passenger-transport-modes-2018,3.1e-09,single_datapoint,assumed_to_be_same_as_passenger_air_because_of_lack_of_data
6706,2012,09_ROK,intensity,all,pj_per_passenger_or_freight_tonne_km,rail,freight,all,all,yearly,national,['manually_inputted_data $ iea_howtocalculatetheindicatorsforthetransportsectors.pdf'],1,2.86e-09,manually_inputted_data $ iea_howtocalculatetheindicatorsforthetransportsectors.pdf,2.2e-10,single_datapoint,from_how_to_calculate_the_indicators_for_the_transport_sector
6707,2012,09_ROK,intensity,all,pj_per_passenger_or_freight_tonne_km,ship,freight,all,all,yearly,national,['manually_inputted_data $ iea_howtocalculatetheindicatorsforthetransportsectors.pdf'],1,7.02e-09,manually_inputted_data $ iea_howtocalculatetheindicatorsforthetransportsectors.pdf,5.4e-10,single_datapoint,from_how_to_calculate_the_indicators_for_the_transport_sector
6708,2012,09_ROK,intensity,all,pj_per_passenger_or_freight_tonne_km,air,passenger,all,all,yearly,national,['manually_inputted_data $ energy-intensity-of-passenger-transport-modes-2018'],1,4.0300000000000004e-08,manually_inputted_data $ energy-intensity-of-passenger-transport-modes-2018,3.1e-09,single_datapoint,no_comment
6709,2012,09_ROK,intensity,all,pj_per_passenger_or_freight_tonne_km,rail,passenger,all,all,yearly,national,['manually_inputted_data $ energy-intensity-of-passenger-transport-modes-2018'],1,2.6e-09,manually_inputted_data $ energy-intensity-of-passenger-transport-modes-2018,2e-10,single_datapoint,no_comment
6710,2012,09_ROK,intensity,all,pj_per_passenger_or_freight_tonne_km,ship,passenger,all,all,yearly,national,['manually_inputted_data $ iea_howtocalculatetheindicatorsforthetransportsectors.pdf'],1,7.02e-09,manually_inputted_data $ iea_howtocalculatetheindicatorsforthetransportsectors.pdf,5.4e-10,single_datapoint,assumed_to_be_the_same_as_ship_freight_from_iea_how_to
6711,2013,09_ROK,intensity,all,pj_per_passenger_or_freight_tonne_km,air,freight,all,all,yearly,national,['manually_inputted_data $ energy-intensity-of-passenger-transport-modes-2018'],1,4.0300000000000004e-08,manually_inputted_data $ energy-intensity-of-passenger-transport-modes-2018,3.1e-09,single_datapoint,assumed_to_be_same_as_passenger_air_because_of_lack_of_data
6712,2013,09_ROK,intensity,all,pj_per_passenger_or_freight_tonne_km,rail,freight,all,all,yearly,national,['manually_inputted_data $ iea_howtocalculatetheindicatorsforthetransportsectors.pdf'],1,2.86e-09,manually_inputted_data $ iea_howtocalculatetheindicatorsforthetransportsectors.pdf,2.2e-10,single_datapoint,from_how_to_calculate_the_indicators_for_the_transport_sector
6713,2013,09_ROK,intensity,all,pj_per_passenger_or_freight_tonne_km,ship,freight,all,all,yearly,national,['manually_inputted_data $ iea_howtocalculatetheindicatorsforthetransportsectors.pdf'],1,7.02e-09,manually_inputted_data $ iea_howtocalculatetheindicatorsforthetransportsectors.pdf,5.4e-10,single_datapoint,from_how_to_calculate_the_indicators_for_the_transport_sector
6714,2013,09_ROK,intensity,all,pj_per_passenger_or_freight_tonne_km,air,passenger,all,all,yearly,national,['manually_inputted_data $ energy-intensity-of-passenger-transport-modes-2018'],1,4.0300000000000004e-08,manually_inputted_data $ energy-intensity-of-passenger-transport-modes-2018,3.1e-09,single_datapoint,no_comment
6715,2013,09_ROK,intensity,all,pj_per_passenger_or_freight_tonne_km,rail,passenger,all,all,yearly,national,['manually_inputted_data $ energy-intensity-of-passenger-transport-modes-2018'],1,2.6e-09,manually_inputted_data $ energy-intensity-of-passenger-transport-modes-2018,2e-10,single_datapoint,no_comment
6716,2013,09_ROK,intensity,all,pj_per_passenger_or_freight_tonne_km,ship,passenger,all,all,yearly,national,['manually_inputted_data $ iea_howtocalculatetheindicatorsforthetransportsectors.pdf'],1,7.02e-09,manually_inputted_data $ iea_howtocalculatetheindicatorsforthetransportsectors.pdf,5.4e-10,single_datapoint,assumed_to_be_the_same_as_ship_freight_from_iea_how_to
6717,2014,09_ROK,intensity,all,pj_per_passenger_or_freight_tonne_km,air,freight,all,all,yearly,national,['manually_inputted_data $ energy-intensity-of-passenger-transport-modes-2018'],1,4.0300000000000004e-08,manually_inputted_data $ energy-intensity-of-passenger-transport-modes-2018,3.1e-09,single_datapoint,assumed_to_be_same_as_passenger_air_because_of_lack_of_data
6718,2014,09_ROK,intensity,all,pj_per_passenger_or_freight_tonne_km,rail,freight,all,all,yearly,national,['manually_inputted_data $ iea_howtocalculatetheindicatorsforthetransportsectors.pdf'],1,2.86e-09,manually_inputted_data $ iea_howtocalculatetheindicatorsforthetransportsectors.pdf,2.2e-10,single_datapoint,from_how_to_calculate_the_indicators_for_the_transport_sector
6719,2014,09_ROK,intensity,all,pj_per_passenger_or_freight_tonne_km,ship,freight,all,all,yearly,national,['manually_inputted_data $ iea_howtocalculatetheindicatorsforthetransportsectors.pdf'],1,7.02e-09,manually_inputted_data $ iea_howtocalculatetheindicatorsforthetransportsectors.pdf,5.4e-10,single_datapoint,from_how_to_calculate_the_indicators_for_the_transport_sector
6720,2014,09_ROK,intensity,all,pj_per_passenger_or_freight_tonne_km,air,passenger,all,all,yearly,national,['manually_inputted_data $ energy-intensity-of-passenger-transport-modes-2018'],1,4.0300000000000004e-08,manually_inputted_data $ energy-intensity-of-passenger-transport-modes-2018,3.1e-09,single_datapoint,no_comment
6721,2014,09_ROK,intensity,all,pj_per_passenger_or_freight_tonne_km,rail,passenger,all,all,yearly,national,['manually_inputted_data $ energy-intensity-of-passenger-transport-modes-2018'],1,2.6e-09,manually_inputted_data $ energy-intensity-of-passenger-transport-modes-2018,2e-10,single_datapoint,no_comment
6722,2014,09_ROK,intensity,all,pj_per_passenger_or_freight_tonne_km,ship,passenger,all,all,yearly,national,['manually_inputted_data $ iea_howtocalculatetheindicatorsforthetransportsectors.pdf'],1,7.02e-09,manually_inputted_data $ iea_howtocalculatetheindicatorsforthetransportsectors.pdf,5.4e-10,single_datapoint,assumed_to_be_the_same_as_ship_freight_from_iea_how_to
6723,2015,09_ROK,intensity,all,pj_per_passenger_or_freight_tonne_km,air,freight,all,all,yearly,national,['manually_inputted_data $ energy-intensity-of-passenger-transport-modes-2018'],1,4.0300000000000004e-08,manually_inputted_data $ energy-intensity-of-passenger-transport-modes-2018,3.1e-09,single_datapoint,assumed_to_be_same_as_passenger_air_because_of_lack_of_data
6724,2015,09_ROK,intensity,all,pj_per_passenger_or_freight_tonne_km,rail,freight,all,all,yearly,national,['manually_inputted_data $ iea_howtocalculatetheindicatorsforthetransportsectors.pdf'],1,2.86e-09,manually_inputted_data $ iea_howtocalculatetheindicatorsforthetransportsectors.pdf,2.2e-10,single_datapoint,from_how_to_calculate_the_indicators_for_the_transport_sector
6725,2015,09_ROK,intensity,all,pj_per_passenger_or_freight_tonne_km,ship,freight,all,all,yearly,national,['manually_inputted_data $ iea_howtocalculatetheindicatorsforthetransportsectors.pdf'],1,7.02e-09,manually_inputted_data $ iea_howtocalculatetheindicatorsforthetransportsectors.pdf,5.4e-10,single_datapoint,from_how_to_calculate_the_indicators_for_the_transport_sector
6726,2015,09_ROK,intensity,all,pj_per_passenger_or_freight_tonne_km,air,passenger,all,all,yearly,national,['manually_inputted_data $ energy-intensity-of-passenger-transport-modes-2018'],1,4.0300000000000004e-08,manually_inputted_data $ energy-intensity-of-passenger-transport-modes-2018,3.1e-09,single_datapoint,no_comment
6727,2015,09_ROK,intensity,all,pj_per_passenger_or_freight_tonne_km,rail,passenger,all,all,yearly,national,['manually_inputted_data $ energy-intensity-of-passenger-transport-modes-2018'],1,2.6e-09,manually_inputted_data $ energy-intensity-of-passenger-transport-modes-2018,2e-10,single_datapoint,no_comment
6728,2015,09_ROK,intensity,all,pj_per_passenger_or_freight_tonne_km,ship,passenger,all,all,yearly,national,['manually_inputted_data $ iea_howtocalculatetheindicatorsforthetransportsectors.pdf'],1,7.02e-09,manually_inputted_data $ iea_howtocalculatetheindicatorsforthetransportsectors.pdf,5.4e-10,single_datapoint,assumed_to_be_the_same_as_ship_freight_from_iea_how_to
6729,2016,09_ROK,intensity,all,pj_per_passenger_or_freight_tonne_km,air,freight,all,all,yearly,national,['manually_inputted_data $ energy-intensity-of-passenger-transport-modes-2018'],1,4.0300000000000004e-08,manually_inputted_data $ energy-intensity-of-passenger-transport-modes-2018,3.1e-09,single_datapoint,assumed_to_be_same_as_passenger_air_because_of_lack_of_data
6730,2016,09_ROK,intensity,all,pj_per_passenger_or_freight_tonne_km,rail,freight,all,all,yearly,national,['manually_inputted_data $ iea_howtocalculatetheindicatorsforthetransportsectors.pdf'],1,2.86e-09,manually_inputted_data $ iea_howtocalculatetheindicatorsforthetransportsectors.pdf,2.2e-10,single_datapoint,from_how_to_calculate_the_indicators_for_the_transport_sector
6731,2016,09_ROK,intensity,all,pj_per_passenger_or_freight_tonne_km,ship,freight,all,all,yearly,national,['manually_inputted_data $ iea_howtocalculatetheindicatorsforthetransportsectors.pdf'],1,7.02e-09,manually_inputted_data $ iea_howtocalculatetheindicatorsforthetransportsectors.pdf,5.4e-10,single_datapoint,from_how_to_calculate_the_indicators_for_the_transport_sector
6732,2016,09_ROK,intensity,all,pj_per_passenger_or_freight_tonne_km,air,passenger,all,all,yearly,national,['manually_inputted_data $ energy-intensity-of-passenger-transport-modes-2018'],1,4.0300000000000004e-08,manually_inputted_data $ energy-intensity-of-passenger-transport-modes-2018,3.1e-09,single_datapoint,no_comment
6733,2016,09_ROK,intensity,all,pj_per_passenger_or_freight_tonne_km,rail,passenger,all,all,yearly,national,['manually_inputted_data $ energy-intensity-of-passenger-transport-modes-2018'],1,2.6e-09,manually_inputted_data $ energy-intensity-of-passenger-transport-modes-2018,2e-10,single_datapoint,no_comment
6734,2016,09_ROK,intensity,all,pj_per_passenger_or_freight_tonne_km,ship,passenger,all,all,yearly,national,['manually_inputted_data $ iea_howtocalculatetheindicatorsforthetransportsectors.pdf'],1,7.02e-09,manually_inputted_data $ iea_howtocalculatetheindicatorsforthetransportsectors.pdf,5.4e-10,single_datapoint,assumed_to_be_the_same_as_ship_freight_from_iea_how_to
6735,2017,09_ROK,intensity,all,pj_per_passenger_or_freight_tonne_km,air,freight,all,all,yearly,national,['manually_inputted_data $ energy-intensity-of-passenger-transport-modes-2018'],1,4.0300000000000004e-08,manually_inputted_data $ energy-intensity-of-passenger-transport-modes-2018,3.1e-09,single_datapoint,assumed_to_be_same_as_passenger_air_because_of_lack_of_data
6736,2017,09_ROK,intensity,all,pj_per_passenger_or_freight_tonne_km,rail,freight,all,all,yearly,national,['manually_inputted_data $ iea_howtocalculatetheindicatorsforthetransportsectors.pdf'],1,2.86e-09,manually_inputted_data $ iea_howtocalculatetheindicatorsforthetransportsectors.pdf,2.2e-10,single_datapoint,from_how_to_calculate_the_indicators_for_the_transport_sector
6737,2017,09_ROK,intensity,all,pj_per_passenger_or_freight_tonne_km,ship,freight,all,all,yearly,national,['manually_inputted_data $ iea_howtocalculatetheindicatorsforthetransportsectors.pdf'],1,7.02e-09,manually_inputted_data $ iea_howtocalculatetheindicatorsforthetransportsectors.pdf,5.4e-10,single_datapoint,from_how_to_calculate_the_indicators_for_the_transport_sector
6738,2017,09_ROK,intensity,all,pj_per_passenger_or_freight_tonne_km,air,passenger,all,all,yearly,national,['manually_inputted_data $ energy-intensity-of-passenger-transport-modes-2018'],1,4.0300000000000004e-08,manually_inputted_data $ energy-intensity-of-passenger-transport-modes-2018,3.1e-09,single_datapoint,no_comment
6739,2017,09_ROK,intensity,all,pj_per_passenger_or_freight_tonne_km,rail,passenger,all,all,yearly,national,['manually_inputted_data $ energy-intensity-of-passenger-transport-modes-2018'],1,2.6e-09,manually_inputted_data $ energy-intensity-of-passenger-transport-modes-2018,2e-10,single_datapoint,no_comment
6740,2017,09_ROK,intensity,all,pj_per_passenger_or_freight_tonne_km,ship,passenger,all,all,yearly,national,['manually_inputted_data $ iea_howtocalculatetheindicatorsforthetransportsectors.pdf'],1,7.02e-09,manually_inputted_data $ iea_howtocalculatetheindicatorsforthetransportsectors.pdf,5.4e-10,single_datapoint,assumed_to_be_the_same_as_ship_freight_from_iea_how_to
6741,2018,09_ROK,intensity,all,pj_per_passenger_or_freight_tonne_km,air,freight,all,all,yearly,national,['manually_inputted_data $ energy-intensity-of-passenger-transport-modes-2018'],1,4.0300000000000004e-08,manually_inputted_data $ energy-intensity-of-passenger-transport-modes-2018,3.1e-09,single_datapoint,assumed_to_be_same_as_passenger_air_because_of_lack_of_data
6742,2018,09_ROK,intensity,all,pj_per_passenger_or_freight_tonne_km,rail,freight,all,all,yearly,national,['manually_inputted_data $ iea_howtocalculatetheindicatorsforthetransportsectors.pdf'],1,2.86e-09,manually_inputted_data $ iea_howtocalculatetheindicatorsforthetransportsectors.pdf,2.2e-10,single_datapoint,from_how_to_calculate_the_indicators_for_the_transport_sector
6743,2018,09_ROK,intensity,all,pj_per_passenger_or_freight_tonne_km,ship,freight,all,all,yearly,national,['manually_inputted_data $ iea_howtocalculatetheindicatorsforthetransportsectors.pdf'],1,7.02e-09,manually_inputted_data $ iea_howtocalculatetheindicatorsforthetransportsectors.pdf,5.4e-10,single_datapoint,from_how_to_calculate_the_indicators_for_the_transport_sector
6744,2018,09_ROK,intensity,all,pj_per_passenger_or_freight_tonne_km,air,passenger,all,all,yearly,national,['manually_inputted_data $ energy-intensity-of-passenger-transport-modes-2018'],1,4.0300000000000004e-08,manually_inputted_data $ energy-intensity-of-passenger-transport-modes-2018,3.1e-09,single_datapoint,no_comment
6745,2018,09_ROK,intensity,all,pj_per_passenger_or_freight_tonne_km,rail,passenger,all,all,yearly,national,['manually_inputted_data $ energy-intensity-of-passenger-transport-modes-2018'],1,2.6e-09,manually_inputted_data $ energy-intensity-of-passenger-transport-modes-2018,2e-10,single_datapoint,no_comment
6746,2018,09_ROK,intensity,all,pj_per_passenger_or_freight_tonne_km,ship,passenger,all,all,yearly,national,['manually_inputted_data $ iea_howtocalculatetheindicatorsforthetransportsectors.pdf'],1,7.02e-09,manually_inputted_data $ iea_howtocalculatetheindicatorsforthetransportsectors.pdf,5.4e-10,single_datapoint,assumed_to_be_the_same_as_ship_freight_from_iea_how_to
6747,2019,09_ROK,intensity,all,pj_per_passenger_or_freight_tonne_km,air,freight,all,all,yearly,national,['manually_inputted_data $ energy-intensity-of-passenger-transport-modes-2018'],1,4.0300000000000004e-08,manually_inputted_data $ energy-intensity-of-passenger-transport-modes-2018,3.1e-09,single_datapoint,assumed_to_be_same_as_passenger_air_because_of_lack_of_data
6748,2019,09_ROK,intensity,all,pj_per_passenger_or_freight_tonne_km,rail,freight,all,all,yearly,national,['manually_inputted_data $ iea_howtocalculatetheindicatorsforthetransportsectors.pdf'],1,2.86e-09,manually_inputted_data $ iea_howtocalculatetheindicatorsforthetransportsectors.pdf,2.2e-10,single_datapoint,from_how_to_calculate_the_indicators_for_the_transport_sector
6749,2019,09_ROK,intensity,all,pj_per_passenger_or_freight_tonne_km,ship,freight,all,all,yearly,national,['manually_inputted_data $ iea_howtocalculatetheindicatorsforthetransportsectors.pdf'],1,7.02e-09,manually_inputted_data $ iea_howtocalculatetheindicatorsforthetransportsectors.pdf,5.4e-10,single_datapoint,from_how_to_calculate_the_indicators_for_the_transport_sector
6750,2019,09_ROK,intensity,all,pj_per_passenger_or_freight_tonne_km,air,passenger,all,all,yearly,national,['manually_inputted_data $ energy-intensity-of-passenger-transport-modes-2018'],1,4.0300000000000004e-08,manually_inputted_data $ energy-intensity-of-passenger-transport-modes-2018,3.1e-09,single_datapoint,no_comment
6751,2019,09_ROK,intensity,all,pj_per_passenger_or_freight_tonne_km,rail,passenger,all,all,yearly,national,['manually_inputted_data $ energy-intensity-of-passenger-transport-modes-2018'],1,2.6e-09,manually_inputted_data $ energy-intensity-of-passenger-transport-modes-2018,2e-10,single_datapoint,no_comment
6752,2019,09_ROK,intensity,all,pj_per_passenger_or_freight_tonne_km,ship,passenger,all,all,yearly,national,['manually_inputted_data $ iea_howtocalculatetheindicatorsforthetransportsectors.pdf'],1,7.02e-09,manually_inputted_data $ iea_howtocalculatetheindicatorsforthetransportsectors.pdf,5.4e-10,single_datapoint,assumed_to_be_the_same_as_ship_freight_from_iea_how_to
6753,2020,09_ROK,intensity,all,pj_per_passenger_or_freight_tonne_km,air,freight,all,all,yearly,national,['manually_inputted_data $ energy-intensity-of-passenger-transport-modes-2018'],1,4.0300000000000004e-08,manually_inputted_data $ energy-intensity-of-passenger-transport-modes-2018,3.1e-09,single_datapoint,assumed_to_be_same_as_passenger_air_because_of_lack_of_data
6754,2020,09_ROK,intensity,all,pj_per_passenger_or_freight_tonne_km,rail,freight,all,all,yearly,national,['manually_inputted_data $ iea_howtocalculatetheindicatorsforthetransportsectors.pdf'],1,2.86e-09,manually_inputted_data $ iea_howtocalculatetheindicatorsforthetransportsectors.pdf,2.2e-10,single_datapoint,from_how_to_calculate_the_indicators_for_the_transport_sector
6755,2020,09_ROK,intensity,all,pj_per_passenger_or_freight_tonne_km,ship,freight,all,all,yearly,national,['manually_inputted_data $ iea_howtocalculatetheindicatorsforthetransportsectors.pdf'],1,7.02e-09,manually_inputted_data $ iea_howtocalculatetheindicatorsforthetransportsectors.pdf,5.4e-10,single_datapoint,from_how_to_calculate_the_indicators_for_the_transport_sector
6756,2020,09_ROK,intensity,all,pj_per_passenger_or_freight_tonne_km,air,passenger,all,all,yearly,national,['manually_inputted_data $ energy-intensity-of-passenger-transport-modes-2018'],1,4.0300000000000004e-08,manually_inputted_data $ energy-intensity-of-passenger-transport-modes-2018,3.1e-09,single_datapoint,no_comment
6757,2020,09_ROK,intensity,all,pj_per_passenger_or_freight_tonne_km,rail,passenger,all,all,yearly,national,['manually_inputted_data $ energy-intensity-of-passenger-transport-modes-2018'],1,2.6e-09,manually_inputted_data $ energy-intensity-of-passenger-transport-modes-2018,2e-10,single_datapoint,no_comment
6758,2020,09_ROK,intensity,all,pj_per_passenger_or_freight_tonne_km,ship,passenger,all,all,yearly,national,['manually_inputted_data $ iea_howtocalculatetheindicatorsforthetransportsectors.pdf'],1,7.02e-09,manually_inputted_data $ iea_howtocalculatetheindicatorsforthetransportsectors.pdf,5.4e-10,single_datapoint,assumed_to_be_the_same_as_ship_freight_from_iea_how_to
6759,2021,09_ROK,intensity,all,pj_per_passenger_or_freight_tonne_km,air,freight,all,all,yearly,national,['manually_inputted_data $ energy-intensity-of-passenger-transport-modes-2018'],1,4.0300000000000004e-08,manually_inputted_data $ energy-intensity-of-passenger-transport-modes-2018,3.1e-09,single_datapoint,assumed_to_be_same_as_passenger_air_because_of_lack_of_data
6760,2021,09_ROK,intensity,all,pj_per_passenger_or_freight_tonne_km,rail,freight,all,all,yearly,national,['manually_inputted_data $ iea_howtocalculatetheindicatorsforthetransportsectors.pdf'],1,2.86e-09,manually_inputted_data $ iea_howtocalculatetheindicatorsforthetransportsectors.pdf,2.2e-10,single_datapoint,from_how_to_calculate_the_indicators_for_the_transport_sector
6761,2021,09_ROK,intensity,all,pj_per_passenger_or_freight_tonne_km,ship,freight,all,all,yearly,national,['manually_inputted_data $ iea_howtocalculatetheindicatorsforthetransportsectors.pdf'],1,7.02e-09,manually_inputted_data $ iea_howtocalculatetheindicatorsforthetransportsectors.pdf,5.4e-10,single_datapoint,from_how_to_calculate_the_indicators_for_the_transport_sector
6762,2021,09_ROK,intensity,all,pj_per_passenger_or_freight_tonne_km,air,passenger,all,all,yearly,national,['manually_inputted_data $ energy-intensity-of-passenger-transport-modes-2018'],1,4.0300000000000004e-08,manually_inputted_data $ energy-intensity-of-passenger-transport-modes-2018,3.1e-09,single_datapoint,no_comment
6763,2021,09_ROK,intensity,all,pj_per_passenger_or_freight_tonne_km,rail,passenger,all,all,yearly,national,['manually_inputted_data $ energy-intensity-of-passenger-transport-modes-2018'],1,2.6e-09,manually_inputted_data $ energy-intensity-of-passenger-transport-modes-2018,2e-10,single_datapoint,no_comment
6764,2021,09_ROK,intensity,all,pj_per_passenger_or_freight_tonne_km,ship,passenger,all,all,yearly,national,['manually_inputted_data $ iea_howtocalculatetheindicatorsforthetransportsectors.pdf'],1,7.02e-09,manually_inputted_data $ iea_howtocalculatetheindicatorsforthetransportsectors.pdf,5.4e-10,single_datapoint,assumed_to_be_the_same_as_ship_freight_from_iea_how_to
6765,2022,09_ROK,intensity,all,pj_per_passenger_or_freight_tonne_km,air,freight,all,all,yearly,national,['manually_inputted_data $ energy-intensity-of-passenger-transport-modes-2018'],1,4.0300000000000004e-08,manually_inputted_data $ energy-intensity-of-passenger-transport-modes-2018,3.1e-09,single_datapoint,assumed_to_be_same_as_passenger_air_because_of_lack_of_data
6766,2022,09_ROK,intensity,all,pj_per_passenger_or_freight_tonne_km,rail,freight,all,all,yearly,national,['manually_inputted_data $ iea_howtocalculatetheindicatorsforthetransportsectors.pdf'],1,2.86e-09,manually_inputted_data $ iea_howtocalculatetheindicatorsforthetransportsectors.pdf,2.2e-10,single_datapoint,from_how_to_calculate_the_indicators_for_the_transport_sector
6767,2022,09_ROK,intensity,all,pj_per_passenger_or_freight_tonne_km,ship,freight,all,all,yearly,national,['manually_inputted_data $ iea_howtocalculatetheindicatorsforthetransportsectors.pdf'],1,7.02e-09,manually_inputted_data $ iea_howtocalculatetheindicatorsforthetransportsectors.pdf,5.4e-10,single_datapoint,from_how_to_calculate_the_indicators_for_the_transport_sector
6768,2022,09_ROK,intensity,all,pj_per_passenger_or_freight_tonne_km,air,passenger,all,all,yearly,national,['manually_inputted_data $ energy-intensity-of-passenger-transport-modes-2018'],1,4.0300000000000004e-08,manually_inputted_data $ energy-intensity-of-passenger-transport-modes-2018,3.1e-09,single_datapoint,no_comment
6769,2022,09_ROK,intensity,all,pj_per_passenger_or_freight_tonne_km,rail,passenger,all,all,yearly,national,['manually_inputted_data $ energy-intensity-of-passenger-transport-modes-2018'],1,2.6e-09,manually_inputted_data $ energy-intensity-of-passenger-transport-modes-2018,2e-10,single_datapoint,no_comment
6770,2022,09_ROK,intensity,all,pj_per_passenger_or_freight_tonne_km,ship,passenger,all,all,yearly,national,['manually_inputted_data $ iea_howtocalculatetheindicatorsforthetransportsectors.pdf'],1,7.02e-09,manually_inputted_data $ iea_howtocalculatetheindicatorsforthetransportsectors.pdf,5.4e-10,single_datapoint,assumed_to_be_the_same_as_ship_freight_from_iea_how_to
6771,2010,09_ROK,activity,bus,passenger_km_or_freight_tonne_km,road,passenger,bev,all,yearly,national,['estimated $ calculate_energy_and_activity()'],1,12205044057.0,estimated $ calculate_energy_and_activity(),5625000.0,manual,no_comment
6772,2010,09_ROK,energy,bus,pj,road,passenger,bev,all,yearly,national,['estimated $ calculate_energy_and_activity()'],1,3.163164767762864,estimated $ calculate_energy_and_activity(),0.0014397061824117526,manual,no_comment
6773,2010,09_ROK,new_vehicle_efficiency,bus,km_per_pj,road,passenger,bev,all,yearly,national,['avg_eff_no_outliers $ transport_data_system_9th'],1,1058314235.1561403,avg_eff_no_outliers $ transport_data_system_9th,81408787.3197031,single_datapoint,no_comment
6774,2010,09_ROK,travel_km,bus,km,road,passenger,bev,all,yearly,national,['estimated $ calculate_energy_and_activity()'],1,795600000.0,estimated $ calculate_energy_and_activity(),375000.0,single_datapoint,no_comment
6775,2010,09_ROK,turnover_rate,bus,%,road,passenger,bev,all,yearly,national,['manually_inputted_data $ guess'],1,0.42,manually_inputted_data $ guess,0.03,manual,no_comment
6776,2011,09_ROK,activity,bus,passenger_km_or_freight_tonne_km,road,passenger,bev,all,yearly,national,['estimated $ calculate_energy_and_activity()'],1,12205044057.0,estimated $ calculate_energy_and_activity(),10125000.0,manual,no_comment
6777,2011,09_ROK,energy,bus,pj,road,passenger,bev,all,yearly,national,['estimated $ calculate_energy_and_activity()'],1,3.163164767762864,estimated $ calculate_energy_and_activity(),0.0025914711283411547,manual,no_comment
6778,2011,09_ROK,new_vehicle_efficiency,bus,km_per_pj,road,passenger,bev,all,yearly,national,['avg_eff_no_outliers $ transport_data_system_9th'],1,1058314235.1561403,avg_eff_no_outliers $ transport_data_system_9th,81408787.3197031,single_datapoint,no_comment
6779,2011,09_ROK,travel_km,bus,km,road,passenger,bev,all,yearly,national,['estimated $ calculate_energy_and_activity()'],1,795600000.0,estimated $ calculate_energy_and_activity(),675000.0,single_datapoint,no_comment
6780,2011,09_ROK,turnover_rate,bus,%,road,passenger,bev,all,yearly,national,['manually_inputted_data $ guess'],1,0.42,manually_inputted_data $ guess,0.03,manual,no_comment
6781,2012,09_ROK,activity,bus,passenger_km_or_freight_tonne_km,road,passenger,bev,all,yearly,national,['estimated $ calculate_energy_and_activity()'],1,12205044057.0,estimated $ calculate_energy_and_activity(),12375000.0,manual,no_comment
6782,2012,09_ROK,energy,bus,pj,road,passenger,bev,all,yearly,national,['estimated $ calculate_energy_and_activity()'],1,3.163164767762864,estimated $ calculate_energy_and_activity(),0.0031673536013058557,manual,no_comment
6783,2012,09_ROK,new_vehicle_efficiency,bus,km_per_pj,road,passenger,bev,all,yearly,national,['avg_eff_no_outliers $ transport_data_system_9th'],1,1058314235.1561403,avg_eff_no_outliers $ transport_data_system_9th,81408787.3197031,single_datapoint,no_comment
6784,2012,09_ROK,travel_km,bus,km,road,passenger,bev,all,yearly,national,['estimated $ calculate_energy_and_activity()'],1,795600000.0,estimated $ calculate_energy_and_activity(),825000.0,single_datapoint,no_comment
6785,2012,09_ROK,turnover_rate,bus,%,road,passenger,bev,all,yearly,national,['manually_inputted_data $ guess'],1,0.42,manually_inputted_data $ guess,0.03,manual,no_comment
6786,2013,09_ROK,activity,bus,passenger_km_or_freight_tonne_km,road,passenger,bev,all,yearly,national,['estimated $ calculate_energy_and_activity()'],1,12205044057.0,estimated $ calculate_energy_and_activity(),19125000.0,manual,no_comment
6787,2013,09_ROK,energy,bus,pj,road,passenger,bev,all,yearly,national,['estimated $ calculate_energy_and_activity()'],1,3.163164767762864,estimated $ calculate_energy_and_activity(),0.004895001020199958,manual,no_comment
6788,2013,09_ROK,new_vehicle_efficiency,bus,km_per_pj,road,passenger,bev,all,yearly,national,['avg_eff_no_outliers $ transport_data_system_9th'],1,1058314235.1561403,avg_eff_no_outliers $ transport_data_system_9th,81408787.3197031,single_datapoint,no_comment
6789,2013,09_ROK,travel_km,bus,km,road,passenger,bev,all,yearly,national,['estimated $ calculate_energy_and_activity()'],1,795600000.0,estimated $ calculate_energy_and_activity(),1275000.0,single_datapoint,no_comment
6790,2013,09_ROK,turnover_rate,bus,%,road,passenger,bev,all,yearly,national,['manually_inputted_data $ guess'],1,0.42,manually_inputted_data $ guess,0.03,manual,no_comment
6791,2014,09_ROK,activity,bus,passenger_km_or_freight_tonne_km,road,passenger,bev,all,yearly,national,['estimated $ calculate_energy_and_activity()'],1,12205044057.0,estimated $ calculate_energy_and_activity(),22500000.0,manual,no_comment
6792,2014,09_ROK,energy,bus,pj,road,passenger,bev,all,yearly,national,['estimated $ calculate_energy_and_activity()'],1,3.163164767762864,estimated $ calculate_energy_and_activity(),0.00575882472964701,manual,no_comment
6793,2014,09_ROK,new_vehicle_efficiency,bus,km_per_pj,road,passenger,bev,all,yearly,national,['avg_eff_no_outliers $ transport_data_system_9th'],1,1058314235.1561403,avg_eff_no_outliers $ transport_data_system_9th,81408787.3197031,single_datapoint,no_comment
6794,2014,09_ROK,travel_km,bus,km,road,passenger,bev,all,yearly,national,['estimated $ calculate_energy_and_activity()'],1,795600000.0,estimated $ calculate_energy_and_activity(),1500000.0,single_datapoint,no_comment
6795,2014,09_ROK,turnover_rate,bus,%,road,passenger,bev,all,yearly,national,['manually_inputted_data $ guess'],1,0.42,manually_inputted_data $ guess,0.03,manual,no_comment
6796,2015,09_ROK,activity,bus,passenger_km_or_freight_tonne_km,road,passenger,bev,all,yearly,national,['estimated $ calculate_energy_and_activity()'],1,12205044057.0,estimated $ calculate_energy_and_activity(),24750000.0,manual,no_comment
6797,2015,09_ROK,energy,bus,pj,road,passenger,bev,all,yearly,national,['estimated $ calculate_energy_and_activity()'],1,3.163164767762864,estimated $ calculate_energy_and_activity(),0.0063347072026117114,manual,no_comment
6798,2015,09_ROK,new_vehicle_efficiency,bus,km_per_pj,road,passenger,bev,all,yearly,national,['avg_eff_no_outliers $ transport_data_system_9th'],1,1058314235.1561403,avg_eff_no_outliers $ transport_data_system_9th,81408787.3197031,single_datapoint,no_comment
6799,2015,09_ROK,travel_km,bus,km,road,passenger,bev,all,yearly,national,['estimated $ calculate_energy_and_activity()'],1,795600000.0,estimated $ calculate_energy_and_activity(),1650000.0,single_datapoint,no_comment
6800,2015,09_ROK,turnover_rate,bus,%,road,passenger,bev,all,yearly,national,['manually_inputted_data $ guess'],1,0.42,manually_inputted_data $ guess,0.03,manual,no_comment
6801,2016,09_ROK,activity,bus,passenger_km_or_freight_tonne_km,road,passenger,bev,all,yearly,national,['estimated $ calculate_energy_and_activity()'],1,12205044057.0,estimated $ calculate_energy_and_activity(),58500000.0,manual,no_comment
6802,2016,09_ROK,energy,bus,pj,road,passenger,bev,all,yearly,national,['estimated $ calculate_energy_and_activity()'],1,3.163164767762864,estimated $ calculate_energy_and_activity(),0.014972944297082227,manual,no_comment
6803,2016,09_ROK,new_vehicle_efficiency,bus,km_per_pj,road,passenger,bev,all,yearly,national,['avg_eff_no_outliers $ transport_data_system_9th'],1,1058314235.1561403,avg_eff_no_outliers $ transport_data_system_9th,81408787.3197031,single_datapoint,no_comment
6804,2016,09_ROK,travel_km,bus,km,road,passenger,bev,all,yearly,national,['estimated $ calculate_energy_and_activity()'],1,795600000.0,estimated $ calculate_energy_and_activity(),3900000.0,single_datapoint,no_comment
6805,2016,09_ROK,turnover_rate,bus,%,road,passenger,bev,all,yearly,national,['manually_inputted_data $ guess'],1,0.42,manually_inputted_data $ guess,0.03,manual,no_comment
6806,2017,09_ROK,activity,bus,passenger_km_or_freight_tonne_km,road,passenger,bev,all,yearly,national,"['8th_edition_transport_model $ reference', 'estimated $ calculate_energy_and_activity()']",2,12205044057.0,estimated $ calculate_energy_and_activity(),58500000.0,manual,no_comment
6807,2017,09_ROK,energy,bus,pj,road,passenger,bev,all,yearly,national,"['8th_edition_transport_model $ reference', 'estimated $ calculate_energy_and_activity()']",2,3.163164767762864,estimated $ calculate_energy_and_activity(),0.014972944297082227,manual,no_comment
6808,2017,09_ROK,new_vehicle_efficiency,bus,km_per_pj,road,passenger,bev,all,yearly,national,['avg_eff_no_outliers $ transport_data_system_9th'],1,1058314235.1561403,avg_eff_no_outliers $ transport_data_system_9th,81408787.3197031,single_datapoint,no_comment
6809,2017,09_ROK,travel_km,bus,km,road,passenger,bev,all,yearly,national,['estimated $ calculate_energy_and_activity()'],1,795600000.0,estimated $ calculate_energy_and_activity(),3900000.0,single_datapoint,no_comment
6810,2017,09_ROK,turnover_rate,bus,%,road,passenger,bev,all,yearly,national,"['manually_inputted_data $ guess', 'turnover_rate_est']",2,0.42,manually_inputted_data $ guess,0.03,manual,no_comment
6811,2018,09_ROK,activity,bus,passenger_km_or_freight_tonne_km,road,passenger,bev,all,yearly,national,['estimated $ calculate_energy_and_activity()'],1,12205044057.0,estimated $ calculate_energy_and_activity(),112500000.0,manual,no_comment
6812,2018,09_ROK,energy,bus,pj,road,passenger,bev,all,yearly,national,['estimated $ calculate_energy_and_activity()'],1,3.163164767762864,estimated $ calculate_energy_and_activity(),0.02879412364823505,manual,no_comment
6813,2018,09_ROK,new_vehicle_efficiency,bus,km_per_pj,road,passenger,bev,all,yearly,national,['avg_eff_no_outliers $ transport_data_system_9th'],1,1058314235.1561403,avg_eff_no_outliers $ transport_data_system_9th,81408787.3197031,single_datapoint,no_comment
6814,2018,09_ROK,travel_km,bus,km,road,passenger,bev,all,yearly,national,['estimated $ calculate_energy_and_activity()'],1,795600000.0,estimated $ calculate_energy_and_activity(),7500000.0,single_datapoint,no_comment
6815,2018,09_ROK,turnover_rate,bus,%,road,passenger,bev,all,yearly,national,['manually_inputted_data $ guess'],1,0.42,manually_inputted_data $ guess,0.03,manual,no_comment
6816,2019,09_ROK,activity,bus,passenger_km_or_freight_tonne_km,road,passenger,bev,all,yearly,national,['estimated $ calculate_energy_and_activity()'],1,12205044057.0,estimated $ calculate_energy_and_activity(),247500000.0,manual,no_comment
6817,2019,09_ROK,energy,bus,pj,road,passenger,bev,all,yearly,national,['estimated $ calculate_energy_and_activity()'],1,3.163164767762864,estimated $ calculate_energy_and_activity(),0.06334707202611711,manual,no_comment
6818,2019,09_ROK,new_vehicle_efficiency,bus,km_per_pj,road,passenger,bev,all,yearly,national,['avg_eff_no_outliers $ transport_data_system_9th'],1,1058314235.1561403,avg_eff_no_outliers $ transport_data_system_9th,81408787.3197031,single_datapoint,no_comment
6819,2019,09_ROK,travel_km,bus,km,road,passenger,bev,all,yearly,national,['estimated $ calculate_energy_and_activity()'],1,795600000.0,estimated $ calculate_energy_and_activity(),16500000.0,single_datapoint,no_comment
6820,2019,09_ROK,turnover_rate,bus,%,road,passenger,bev,all,yearly,national,['manually_inputted_data $ guess'],1,0.42,manually_inputted_data $ guess,0.03,manual,no_comment
6821,2020,09_ROK,activity,bus,passenger_km_or_freight_tonne_km,road,passenger,bev,all,yearly,national,['estimated $ calculate_energy_and_activity()'],1,12205044057.0,estimated $ calculate_energy_and_activity(),2025000000.0,manual,no_comment
6822,2020,09_ROK,energy,bus,pj,road,passenger,bev,all,yearly,national,['estimated $ calculate_energy_and_activity()'],1,3.163164767762864,estimated $ calculate_energy_and_activity(),0.5182942256682309,manual,no_comment
6823,2020,09_ROK,new_vehicle_efficiency,bus,km_per_pj,road,passenger,bev,all,yearly,national,['avg_eff_no_outliers $ transport_data_system_9th'],1,1058314235.1561403,avg_eff_no_outliers $ transport_data_system_9th,81408787.3197031,single_datapoint,no_comment
6824,2020,09_ROK,travel_km,bus,km,road,passenger,bev,all,yearly,national,['estimated $ calculate_energy_and_activity()'],1,795600000.0,estimated $ calculate_energy_and_activity(),135000000.0,single_datapoint,no_comment
6825,2020,09_ROK,turnover_rate,bus,%,road,passenger,bev,all,yearly,national,['manually_inputted_data $ guess'],1,0.42,manually_inputted_data $ guess,0.03,manual,no_comment
6826,2021,09_ROK,activity,bus,passenger_km_or_freight_tonne_km,road,passenger,bev,all,yearly,national,['estimated $ calculate_energy_and_activity()'],1,12205044057.0,estimated $ calculate_energy_and_activity(),3487500000.0,manual,no_comment
6827,2021,09_ROK,energy,bus,pj,road,passenger,bev,all,yearly,national,['estimated $ calculate_energy_and_activity()'],1,3.163164767762864,estimated $ calculate_energy_and_activity(),0.8926178330952866,manual,no_comment
6828,2021,09_ROK,new_vehicle_efficiency,bus,km_per_pj,road,passenger,bev,all,yearly,national,['avg_eff_no_outliers $ transport_data_system_9th'],1,1058314235.1561403,avg_eff_no_outliers $ transport_data_system_9th,81408787.3197031,single_datapoint,no_comment
6829,2021,09_ROK,travel_km,bus,km,road,passenger,bev,all,yearly,national,['estimated $ calculate_energy_and_activity()'],1,795600000.0,estimated $ calculate_energy_and_activity(),232500000.0,single_datapoint,no_comment
6830,2021,09_ROK,turnover_rate,bus,%,road,passenger,bev,all,yearly,national,['manually_inputted_data $ guess'],1,0.42,manually_inputted_data $ guess,0.03,manual,no_comment
6831,2022,09_ROK,activity,bus,passenger_km_or_freight_tonne_km,road,passenger,bev,all,yearly,national,['estimated $ calculate_energy_and_activity()'],1,12205044057.0,estimated $ calculate_energy_and_activity(),5850000000.0,manual,no_comment
6832,2022,09_ROK,energy,bus,pj,road,passenger,bev,all,yearly,national,['estimated $ calculate_energy_and_activity()'],1,3.163164767762864,estimated $ calculate_energy_and_activity(),1.4972944297082227,manual,no_comment
6833,2022,09_ROK,new_vehicle_efficiency,bus,km_per_pj,road,passenger,bev,all,yearly,national,['avg_eff_no_outliers $ transport_data_system_9th'],1,1058314235.1561403,avg_eff_no_outliers $ transport_data_system_9th,81408787.3197031,single_datapoint,no_comment
6834,2022,09_ROK,travel_km,bus,km,road,passenger,bev,all,yearly,national,['estimated $ calculate_energy_and_activity()'],1,795600000.0,estimated $ calculate_energy_and_activity(),390000000.0,single_datapoint,no_comment
6835,2022,09_ROK,turnover_rate,bus,%,road,passenger,bev,all,yearly,national,['manually_inputted_data $ guess'],1,0.42,manually_inputted_data $ guess,0.03,manual,no_comment
6836,2010,09_ROK,new_vehicle_efficiency,bus,km_per_pj,road,passenger,cng,all,yearly,national,['avg_eff_no_outliers $ transport_data_system_9th'],1,1813839119.6717222,avg_eff_no_outliers $ transport_data_system_9th,139526086.128594,single_datapoint,no_comment
6837,2010,09_ROK,turnover_rate,bus,%,road,passenger,cng,all,yearly,national,['manually_inputted_data $ guess'],1,0.42,manually_inputted_data $ guess,0.03,manual,no_comment
6838,2011,09_ROK,new_vehicle_efficiency,bus,km_per_pj,road,passenger,cng,all,yearly,national,['avg_eff_no_outliers $ transport_data_system_9th'],1,1813839119.6717222,avg_eff_no_outliers $ transport_data_system_9th,139526086.128594,single_datapoint,no_comment
6839,2011,09_ROK,turnover_rate,bus,%,road,passenger,cng,all,yearly,national,['manually_inputted_data $ guess'],1,0.42,manually_inputted_data $ guess,0.03,manual,no_comment
6840,2012,09_ROK,new_vehicle_efficiency,bus,km_per_pj,road,passenger,cng,all,yearly,national,['avg_eff_no_outliers $ transport_data_system_9th'],1,1813839119.6717222,avg_eff_no_outliers $ transport_data_system_9th,139526086.128594,single_datapoint,no_comment
6841,2012,09_ROK,turnover_rate,bus,%,road,passenger,cng,all,yearly,national,['manually_inputted_data $ guess'],1,0.42,manually_inputted_data $ guess,0.03,manual,no_comment
6842,2013,09_ROK,new_vehicle_efficiency,bus,km_per_pj,road,passenger,cng,all,yearly,national,['avg_eff_no_outliers $ transport_data_system_9th'],1,1813839119.6717222,avg_eff_no_outliers $ transport_data_system_9th,139526086.128594,single_datapoint,no_comment
6843,2013,09_ROK,turnover_rate,bus,%,road,passenger,cng,all,yearly,national,['manually_inputted_data $ guess'],1,0.42,manually_inputted_data $ guess,0.03,manual,no_comment
6844,2014,09_ROK,new_vehicle_efficiency,bus,km_per_pj,road,passenger,cng,all,yearly,national,['avg_eff_no_outliers $ transport_data_system_9th'],1,1813839119.6717222,avg_eff_no_outliers $ transport_data_system_9th,139526086.128594,single_datapoint,no_comment
6845,2014,09_ROK,turnover_rate,bus,%,road,passenger,cng,all,yearly,national,['manually_inputted_data $ guess'],1,0.42,manually_inputted_data $ guess,0.03,manual,no_comment
6846,2015,09_ROK,new_vehicle_efficiency,bus,km_per_pj,road,passenger,cng,all,yearly,national,['avg_eff_no_outliers $ transport_data_system_9th'],1,1813839119.6717222,avg_eff_no_outliers $ transport_data_system_9th,139526086.128594,single_datapoint,no_comment
6847,2015,09_ROK,turnover_rate,bus,%,road,passenger,cng,all,yearly,national,['manually_inputted_data $ guess'],1,0.42,manually_inputted_data $ guess,0.03,manual,no_comment
6848,2016,09_ROK,new_vehicle_efficiency,bus,km_per_pj,road,passenger,cng,all,yearly,national,['avg_eff_no_outliers $ transport_data_system_9th'],1,1813839119.6717222,avg_eff_no_outliers $ transport_data_system_9th,139526086.128594,single_datapoint,no_comment
6849,2016,09_ROK,turnover_rate,bus,%,road,passenger,cng,all,yearly,national,['manually_inputted_data $ guess'],1,0.42,manually_inputted_data $ guess,0.03,manual,no_comment
6850,2017,09_ROK,activity,bus,passenger_km_or_freight_tonne_km,road,passenger,cng,all,yearly,national,"['8th_edition_transport_model $ reference', 'estimated $ calculate_energy_and_activity()']",2,142239841390.0,8th_edition_transport_model $ reference,97633591390.0,manual,no_comment
6851,2017,09_ROK,energy,bus,pj,road,passenger,cng,all,yearly,national,"['8th_edition_transport_model $ reference', 'estimated $ calculate_energy_and_activity()']",2,87.99358089024406,estimated $ calculate_energy_and_activity(),39.95904509283819,manual,no_comment
6852,2017,09_ROK,new_vehicle_efficiency,bus,km_per_pj,road,passenger,cng,all,yearly,national,['avg_eff_no_outliers $ transport_data_system_9th'],1,1813839119.6717222,avg_eff_no_outliers $ transport_data_system_9th,139526086.128594,single_datapoint,no_comment
6853,2017,09_ROK,travel_km,bus,km,road,passenger,cng,all,yearly,national,['estimated $ calculate_energy_and_activity()'],1,2973750000.0,estimated $ calculate_energy_and_activity(),2973750000.0,single_datapoint,no_comment
6854,2017,09_ROK,turnover_rate,bus,%,road,passenger,cng,all,yearly,national,"['manually_inputted_data $ guess', 'turnover_rate_est']",2,0.42,manually_inputted_data $ guess,0.03,manual,no_comment
6855,2018,09_ROK,new_vehicle_efficiency,bus,km_per_pj,road,passenger,cng,all,yearly,national,['avg_eff_no_outliers $ transport_data_system_9th'],1,1813839119.6717222,avg_eff_no_outliers $ transport_data_system_9th,139526086.128594,single_datapoint,no_comment
6856,2018,09_ROK,turnover_rate,bus,%,road,passenger,cng,all,yearly,national,['manually_inputted_data $ guess'],1,0.42,manually_inputted_data $ guess,0.03,manual,no_comment
6857,2019,09_ROK,new_vehicle_efficiency,bus,km_per_pj,road,passenger,cng,all,yearly,national,['avg_eff_no_outliers $ transport_data_system_9th'],1,1813839119.6717222,avg_eff_no_outliers $ transport_data_system_9th,139526086.128594,single_datapoint,no_comment
6858,2019,09_ROK,turnover_rate,bus,%,road,passenger,cng,all,yearly,national,['manually_inputted_data $ guess'],1,0.42,manually_inputted_data $ guess,0.03,manual,no_comment
6859,2020,09_ROK,new_vehicle_efficiency,bus,km_per_pj,road,passenger,cng,all,yearly,national,['avg_eff_no_outliers $ transport_data_system_9th'],1,1813839119.6717222,avg_eff_no_outliers $ transport_data_system_9th,139526086.128594,single_datapoint,no_comment
6860,2020,09_ROK,turnover_rate,bus,%,road,passenger,cng,all,yearly,national,['manually_inputted_data $ guess'],1,0.42,manually_inputted_data $ guess,0.03,manual,no_comment
6861,2021,09_ROK,new_vehicle_efficiency,bus,km_per_pj,road,passenger,cng,all,yearly,national,['avg_eff_no_outliers $ transport_data_system_9th'],1,1813839119.6717222,avg_eff_no_outliers $ transport_data_system_9th,139526086.128594,single_datapoint,no_comment
6862,2021,09_ROK,turnover_rate,bus,%,road,passenger,cng,all,yearly,national,['manually_inputted_data $ guess'],1,0.42,manually_inputted_data $ guess,0.03,manual,no_comment
6863,2022,09_ROK,new_vehicle_efficiency,bus,km_per_pj,road,passenger,cng,all,yearly,national,['avg_eff_no_outliers $ transport_data_system_9th'],1,1813839119.6717222,avg_eff_no_outliers $ transport_data_system_9th,139526086.128594,single_datapoint,no_comment
6864,2022,09_ROK,turnover_rate,bus,%,road,passenger,cng,all,yearly,national,['manually_inputted_data $ guess'],1,0.42,manually_inputted_data $ guess,0.03,manual,no_comment
6865,2017,09_ROK,turnover_rate,bus,%,road,passenger,fcev,all,yearly,national,['turnover_rate_est'],1,0.03,turnover_rate_est,0.03,single_datapoint,no_comment
6866,2010,09_ROK,new_vehicle_efficiency,bus,km_per_pj,road,passenger,ice,all,yearly,national,['avg_eff_no_outliers $ transport_data_system_9th'],1,910941040.8338033,avg_eff_no_outliers $ transport_data_system_9th,70072387.7564464,single_datapoint,no_comment
6867,2010,09_ROK,turnover_rate,bus,%,road,passenger,ice,all,yearly,national,['manually_inputted_data $ guess'],1,0.39,manually_inputted_data $ guess,0.03,single_datapoint,no_comment
6868,2011,09_ROK,new_vehicle_efficiency,bus,km_per_pj,road,passenger,ice,all,yearly,national,['avg_eff_no_outliers $ transport_data_system_9th'],1,910941040.8338033,avg_eff_no_outliers $ transport_data_system_9th,70072387.7564464,single_datapoint,no_comment
6869,2011,09_ROK,turnover_rate,bus,%,road,passenger,ice,all,yearly,national,['manually_inputted_data $ guess'],1,0.39,manually_inputted_data $ guess,0.03,single_datapoint,no_comment
6870,2012,09_ROK,new_vehicle_efficiency,bus,km_per_pj,road,passenger,ice,all,yearly,national,['avg_eff_no_outliers $ transport_data_system_9th'],1,910941040.8338033,avg_eff_no_outliers $ transport_data_system_9th,70072387.7564464,single_datapoint,no_comment
6871,2012,09_ROK,turnover_rate,bus,%,road,passenger,ice,all,yearly,national,['manually_inputted_data $ guess'],1,0.39,manually_inputted_data $ guess,0.03,single_datapoint,no_comment
6872,2013,09_ROK,new_vehicle_efficiency,bus,km_per_pj,road,passenger,ice,all,yearly,national,['avg_eff_no_outliers $ transport_data_system_9th'],1,910941040.8338033,avg_eff_no_outliers $ transport_data_system_9th,70072387.7564464,single_datapoint,no_comment
6873,2013,09_ROK,turnover_rate,bus,%,road,passenger,ice,all,yearly,national,['manually_inputted_data $ guess'],1,0.39,manually_inputted_data $ guess,0.03,single_datapoint,no_comment
6874,2014,09_ROK,new_vehicle_efficiency,bus,km_per_pj,road,passenger,ice,all,yearly,national,['avg_eff_no_outliers $ transport_data_system_9th'],1,910941040.8338033,avg_eff_no_outliers $ transport_data_system_9th,70072387.7564464,single_datapoint,no_comment
6875,2014,09_ROK,turnover_rate,bus,%,road,passenger,ice,all,yearly,national,['manually_inputted_data $ guess'],1,0.39,manually_inputted_data $ guess,0.03,single_datapoint,no_comment
6876,2015,09_ROK,activity,bus,passenger_km_or_freight_tonne_km,road,passenger,ice,all,yearly,national,['estimated $ calculate_energy_and_activity()'],1,990636514257.4784,estimated $ calculate_energy_and_activity(),162214205091.80017,single_datapoint,no_comment
6877,2015,09_ROK,energy,bus,pj,road,passenger,ice,all,yearly,national,['estimated $ calculate_energy_and_activity()'],1,887.4292087729101,estimated $ calculate_energy_and_activity(),145.31427178841855,single_datapoint,no_comment
6878,2015,09_ROK,new_vehicle_efficiency,bus,km_per_pj,road,passenger,ice,all,yearly,national,['avg_eff_no_outliers $ transport_data_system_9th'],1,910941040.8338033,avg_eff_no_outliers $ transport_data_system_9th,70072387.7564464,single_datapoint,no_comment
6879,2015,09_ROK,travel_km,bus,km,road,passenger,ice,all,yearly,national,['estimated $ calculate_energy_and_activity()'],1,66042434283.831894,estimated $ calculate_energy_and_activity(),10814280339.453344,single_datapoint,no_comment
6880,2015,09_ROK,turnover_rate,bus,%,road,passenger,ice,all,yearly,national,['manually_inputted_data $ guess'],1,0.39,manually_inputted_data $ guess,0.03,single_datapoint,no_comment
6881,2016,09_ROK,activity,bus,passenger_km_or_freight_tonne_km,road,passenger,ice,all,yearly,national,['estimated $ calculate_energy_and_activity()'],1,990636514257.4784,estimated $ calculate_energy_and_activity(),164443645785.48648,single_datapoint,no_comment
6882,2016,09_ROK,energy,bus,pj,road,passenger,ice,all,yearly,national,['estimated $ calculate_energy_and_activity()'],1,887.4292087729101,estimated $ calculate_energy_and_activity(),147.3114430639869,single_datapoint,no_comment
6883,2016,09_ROK,new_vehicle_efficiency,bus,km_per_pj,road,passenger,ice,all,yearly,national,['avg_eff_no_outliers $ transport_data_system_9th'],1,910941040.8338033,avg_eff_no_outliers $ transport_data_system_9th,70072387.7564464,single_datapoint,no_comment
6884,2016,09_ROK,travel_km,bus,km,road,passenger,ice,all,yearly,national,['estimated $ calculate_energy_and_activity()'],1,66042434283.831894,estimated $ calculate_energy_and_activity(),10962909719.032433,single_datapoint,no_comment
6885,2016,09_ROK,turnover_rate,bus,%,road,passenger,ice,all,yearly,national,['manually_inputted_data $ guess'],1,0.39,manually_inputted_data $ guess,0.03,single_datapoint,no_comment
6886,2017,09_ROK,activity,bus,passenger_km_or_freight_tonne_km,road,passenger,ice,all,yearly,national,['estimated $ calculate_energy_and_activity()'],1,990636514257.4784,estimated $ calculate_energy_and_activity(),165742628213.15366,single_datapoint,no_comment
6887,2017,09_ROK,energy,bus,pj,road,passenger,ice,all,yearly,national,['estimated $ calculate_energy_and_activity()'],1,887.4292087729101,estimated $ calculate_energy_and_activity(),148.4750938394266,single_datapoint,no_comment
6888,2017,09_ROK,new_vehicle_efficiency,bus,km_per_pj,road,passenger,ice,all,yearly,national,['avg_eff_no_outliers $ transport_data_system_9th'],1,910941040.8338033,avg_eff_no_outliers $ transport_data_system_9th,70072387.7564464,single_datapoint,no_comment
6889,2017,09_ROK,travel_km,bus,km,road,passenger,ice,all,yearly,national,['estimated $ calculate_energy_and_activity()'],1,66042434283.831894,estimated $ calculate_energy_and_activity(),11049508547.543577,single_datapoint,no_comment
6890,2017,09_ROK,turnover_rate,bus,%,road,passenger,ice,all,yearly,national,['manually_inputted_data $ guess'],1,0.39,manually_inputted_data $ guess,0.03,single_datapoint,no_comment
6891,2018,09_ROK,activity,bus,passenger_km_or_freight_tonne_km,road,passenger,ice,all,yearly,national,['estimated $ calculate_energy_and_activity()'],1,990636514257.4784,estimated $ calculate_energy_and_activity(),165241474200.3694,single_datapoint,no_comment
6892,2018,09_ROK,energy,bus,pj,road,passenger,ice,all,yearly,national,['estimated $ calculate_energy_and_activity()'],1,887.4292087729101,estimated $ calculate_energy_and_activity(),148.02615146486465,single_datapoint,no_comment
6893,2018,09_ROK,new_vehicle_efficiency,bus,km_per_pj,road,passenger,ice,all,yearly,national,['avg_eff_no_outliers $ transport_data_system_9th'],1,910941040.8338033,avg_eff_no_outliers $ transport_data_system_9th,70072387.7564464,single_datapoint,no_comment
6894,2018,09_ROK,travel_km,bus,km,road,passenger,ice,all,yearly,national,['estimated $ calculate_energy_and_activity()'],1,66042434283.831894,estimated $ calculate_energy_and_activity(),11016098280.024626,single_datapoint,no_comment
6895,2018,09_ROK,turnover_rate,bus,%,road,passenger,ice,all,yearly,national,['manually_inputted_data $ guess'],1,0.39,manually_inputted_data $ guess,0.03,single_datapoint,no_comment
6896,2019,09_ROK,activity,bus,passenger_km_or_freight_tonne_km,road,passenger,ice,all,yearly,national,['estimated $ calculate_energy_and_activity()'],1,990636514257.4784,estimated $ calculate_energy_and_activity(),166806419512.6989,single_datapoint,no_comment
6897,2019,09_ROK,energy,bus,pj,road,passenger,ice,all,yearly,national,['estimated $ calculate_energy_and_activity()'],1,887.4292087729101,estimated $ calculate_energy_and_activity(),149.4280563616717,single_datapoint,no_comment
6898,2019,09_ROK,new_vehicle_efficiency,bus,km_per_pj,road,passenger,ice,all,yearly,national,['avg_eff_no_outliers $ transport_data_system_9th'],1,910941040.8338033,avg_eff_no_outliers $ transport_data_system_9th,70072387.7564464,single_datapoint,no_comment
6899,2019,09_ROK,travel_km,bus,km,road,passenger,ice,all,yearly,national,['estimated $ calculate_energy_and_activity()'],1,66042434283.831894,estimated $ calculate_energy_and_activity(),11120427967.51326,single_datapoint,no_comment
6900,2019,09_ROK,turnover_rate,bus,%,road,passenger,ice,all,yearly,national,['manually_inputted_data $ guess'],1,0.39,manually_inputted_data $ guess,0.03,single_datapoint,no_comment
6901,2020,09_ROK,activity,bus,passenger_km_or_freight_tonne_km,road,passenger,ice,all,yearly,national,['estimated $ calculate_energy_and_activity()'],1,990636514257.4784,estimated $ calculate_energy_and_activity(),166188141453.9698,single_datapoint,no_comment
6902,2020,09_ROK,energy,bus,pj,road,passenger,ice,all,yearly,national,['estimated $ calculate_energy_and_activity()'],1,887.4292087729101,estimated $ calculate_energy_and_activity(),148.8741922545417,single_datapoint,no_comment
6903,2020,09_ROK,new_vehicle_efficiency,bus,km_per_pj,road,passenger,ice,all,yearly,national,['avg_eff_no_outliers $ transport_data_system_9th'],1,910941040.8338033,avg_eff_no_outliers $ transport_data_system_9th,70072387.7564464,single_datapoint,no_comment
6904,2020,09_ROK,travel_km,bus,km,road,passenger,ice,all,yearly,national,['estimated $ calculate_energy_and_activity()'],1,66042434283.831894,estimated $ calculate_energy_and_activity(),11079209430.264652,single_datapoint,no_comment
6905,2020,09_ROK,turnover_rate,bus,%,road,passenger,ice,all,yearly,national,['manually_inputted_data $ guess'],1,0.39,manually_inputted_data $ guess,0.03,single_datapoint,no_comment
6906,2021,09_ROK,new_vehicle_efficiency,bus,km_per_pj,road,passenger,ice,all,yearly,national,['avg_eff_no_outliers $ transport_data_system_9th'],1,910941040.8338033,avg_eff_no_outliers $ transport_data_system_9th,70072387.7564464,single_datapoint,no_comment
6907,2021,09_ROK,turnover_rate,bus,%,road,passenger,ice,all,yearly,national,['manually_inputted_data $ guess'],1,0.39,manually_inputted_data $ guess,0.03,single_datapoint,no_comment
6908,2022,09_ROK,new_vehicle_efficiency,bus,km_per_pj,road,passenger,ice,all,yearly,national,['avg_eff_no_outliers $ transport_data_system_9th'],1,910941040.8338033,avg_eff_no_outliers $ transport_data_system_9th,70072387.7564464,single_datapoint,no_comment
6909,2022,09_ROK,turnover_rate,bus,%,road,passenger,ice,all,yearly,national,['manually_inputted_data $ guess'],1,0.39,manually_inputted_data $ guess,0.03,single_datapoint,no_comment
6910,2010,09_ROK,new_vehicle_efficiency,bus,km_per_pj,road,passenger,lpg,all,yearly,national,['avg_eff_no_outliers $ transport_data_system_9th'],1,1295830676.4857378,avg_eff_no_outliers $ transport_data_system_9th,99679282.8065952,single_datapoint,no_comment
6911,2010,09_ROK,turnover_rate,bus,%,road,passenger,lpg,all,yearly,national,['manually_inputted_data $ guess'],1,0.42,manually_inputted_data $ guess,0.03,manual,no_comment
6912,2011,09_ROK,new_vehicle_efficiency,bus,km_per_pj,road,passenger,lpg,all,yearly,national,['avg_eff_no_outliers $ transport_data_system_9th'],1,1295830676.4857378,avg_eff_no_outliers $ transport_data_system_9th,99679282.8065952,single_datapoint,no_comment
6913,2011,09_ROK,turnover_rate,bus,%,road,passenger,lpg,all,yearly,national,['manually_inputted_data $ guess'],1,0.42,manually_inputted_data $ guess,0.03,manual,no_comment
6914,2012,09_ROK,new_vehicle_efficiency,bus,km_per_pj,road,passenger,lpg,all,yearly,national,['avg_eff_no_outliers $ transport_data_system_9th'],1,1295830676.4857378,avg_eff_no_outliers $ transport_data_system_9th,99679282.8065952,single_datapoint,no_comment
6915,2012,09_ROK,turnover_rate,bus,%,road,passenger,lpg,all,yearly,national,['manually_inputted_data $ guess'],1,0.42,manually_inputted_data $ guess,0.03,manual,no_comment
6916,2013,09_ROK,new_vehicle_efficiency,bus,km_per_pj,road,passenger,lpg,all,yearly,national,['avg_eff_no_outliers $ transport_data_system_9th'],1,1295830676.4857378,avg_eff_no_outliers $ transport_data_system_9th,99679282.8065952,single_datapoint,no_comment
6917,2013,09_ROK,turnover_rate,bus,%,road,passenger,lpg,all,yearly,national,['manually_inputted_data $ guess'],1,0.42,manually_inputted_data $ guess,0.03,manual,no_comment
6918,2014,09_ROK,new_vehicle_efficiency,bus,km_per_pj,road,passenger,lpg,all,yearly,national,['avg_eff_no_outliers $ transport_data_system_9th'],1,1295830676.4857378,avg_eff_no_outliers $ transport_data_system_9th,99679282.8065952,single_datapoint,no_comment
6919,2014,09_ROK,turnover_rate,bus,%,road,passenger,lpg,all,yearly,national,['manually_inputted_data $ guess'],1,0.42,manually_inputted_data $ guess,0.03,manual,no_comment
6920,2015,09_ROK,new_vehicle_efficiency,bus,km_per_pj,road,passenger,lpg,all,yearly,national,['avg_eff_no_outliers $ transport_data_system_9th'],1,1295830676.4857378,avg_eff_no_outliers $ transport_data_system_9th,99679282.8065952,single_datapoint,no_comment
6921,2015,09_ROK,turnover_rate,bus,%,road,passenger,lpg,all,yearly,national,['manually_inputted_data $ guess'],1,0.42,manually_inputted_data $ guess,0.03,manual,no_comment
6922,2016,09_ROK,new_vehicle_efficiency,bus,km_per_pj,road,passenger,lpg,all,yearly,national,['avg_eff_no_outliers $ transport_data_system_9th'],1,1295830676.4857378,avg_eff_no_outliers $ transport_data_system_9th,99679282.8065952,single_datapoint,no_comment
6923,2016,09_ROK,turnover_rate,bus,%,road,passenger,lpg,all,yearly,national,['manually_inputted_data $ guess'],1,0.42,manually_inputted_data $ guess,0.03,manual,no_comment
6924,2017,09_ROK,activity,bus,passenger_km_or_freight_tonne_km,road,passenger,lpg,all,yearly,national,"['8th_edition_transport_model $ reference', 'estimated $ calculate_energy_and_activity()']",2,12596756587.0,estimated $ calculate_energy_and_activity(),4460625000.0,manual,no_comment
6925,2017,09_ROK,energy,bus,pj,road,passenger,lpg,all,yearly,national,"['8th_edition_transport_model $ reference', 'estimated $ calculate_energy_and_activity()']",2,6.647122830159425,estimated $ calculate_energy_and_activity(),3.995904509283819,manual,no_comment
6926,2017,09_ROK,new_vehicle_efficiency,bus,km_per_pj,road,passenger,lpg,all,yearly,national,['avg_eff_no_outliers $ transport_data_system_9th'],1,1295830676.4857378,avg_eff_no_outliers $ transport_data_system_9th,99679282.8065952,single_datapoint,no_comment
6927,2017,09_ROK,travel_km,bus,km,road,passenger,lpg,all,yearly,national,['estimated $ calculate_energy_and_activity()'],1,297375000.0,estimated $ calculate_energy_and_activity(),297375000.0,single_datapoint,no_comment
6928,2017,09_ROK,turnover_rate,bus,%,road,passenger,lpg,all,yearly,national,"['manually_inputted_data $ guess', 'turnover_rate_est']",2,0.42,manually_inputted_data $ guess,0.03,manual,no_comment
6929,2018,09_ROK,new_vehicle_efficiency,bus,km_per_pj,road,passenger,lpg,all,yearly,national,['avg_eff_no_outliers $ transport_data_system_9th'],1,1295830676.4857378,avg_eff_no_outliers $ transport_data_system_9th,99679282.8065952,single_datapoint,no_comment
6930,2018,09_ROK,turnover_rate,bus,%,road,passenger,lpg,all,yearly,national,['manually_inputted_data $ guess'],1,0.42,manually_inputted_data $ guess,0.03,manual,no_comment
6931,2019,09_ROK,new_vehicle_efficiency,bus,km_per_pj,road,passenger,lpg,all,yearly,national,['avg_eff_no_outliers $ transport_data_system_9th'],1,1295830676.4857378,avg_eff_no_outliers $ transport_data_system_9th,99679282.8065952,single_datapoint,no_comment
6932,2019,09_ROK,turnover_rate,bus,%,road,passenger,lpg,all,yearly,national,['manually_inputted_data $ guess'],1,0.42,manually_inputted_data $ guess,0.03,manual,no_comment
6933,2020,09_ROK,new_vehicle_efficiency,bus,km_per_pj,road,passenger,lpg,all,yearly,national,['avg_eff_no_outliers $ transport_data_system_9th'],1,1295830676.4857378,avg_eff_no_outliers $ transport_data_system_9th,99679282.8065952,single_datapoint,no_comment
6934,2020,09_ROK,turnover_rate,bus,%,road,passenger,lpg,all,yearly,national,['manually_inputted_data $ guess'],1,0.42,manually_inputted_data $ guess,0.03,manual,no_comment
6935,2021,09_ROK,new_vehicle_efficiency,bus,km_per_pj,road,passenger,lpg,all,yearly,national,['avg_eff_no_outliers $ transport_data_system_9th'],1,1295830676.4857378,avg_eff_no_outliers $ transport_data_system_9th,99679282.8065952,single_datapoint,no_comment
6936,2021,09_ROK,turnover_rate,bus,%,road,passenger,lpg,all,yearly,national,['manually_inputted_data $ guess'],1,0.42,manually_inputted_data $ guess,0.03,manual,no_comment
6937,2022,09_ROK,new_vehicle_efficiency,bus,km_per_pj,road,passenger,lpg,all,yearly,national,['avg_eff_no_outliers $ transport_data_system_9th'],1,1295830676.4857378,avg_eff_no_outliers $ transport_data_system_9th,99679282.8065952,single_datapoint,no_comment
6938,2022,09_ROK,turnover_rate,bus,%,road,passenger,lpg,all,yearly,national,['manually_inputted_data $ guess'],1,0.42,manually_inputted_data $ guess,0.03,manual,no_comment
6939,2010,09_ROK,new_vehicle_efficiency,bus,km_per_pj,road,passenger,phev,all,yearly,national,['avg_eff_no_outliers $ transport_data_system_9th'],1,1472018422.278209,avg_eff_no_outliers $ transport_data_system_9th,113232186.329093,single_datapoint,no_comment
6940,2010,09_ROK,turnover_rate,bus,%,road,passenger,phev,all,yearly,national,['manually_inputted_data $ guess'],1,0.39,manually_inputted_data $ guess,0.03,single_datapoint,no_comment
6941,2011,09_ROK,new_vehicle_efficiency,bus,km_per_pj,road,passenger,phev,all,yearly,national,['avg_eff_no_outliers $ transport_data_system_9th'],1,1472018422.278209,avg_eff_no_outliers $ transport_data_system_9th,113232186.329093,single_datapoint,no_comment
6942,2011,09_ROK,turnover_rate,bus,%,road,passenger,phev,all,yearly,national,['manually_inputted_data $ guess'],1,0.39,manually_inputted_data $ guess,0.03,single_datapoint,no_comment
6943,2012,09_ROK,new_vehicle_efficiency,bus,km_per_pj,road,passenger,phev,all,yearly,national,['avg_eff_no_outliers $ transport_data_system_9th'],1,1472018422.278209,avg_eff_no_outliers $ transport_data_system_9th,113232186.329093,single_datapoint,no_comment
6944,2012,09_ROK,turnover_rate,bus,%,road,passenger,phev,all,yearly,national,['manually_inputted_data $ guess'],1,0.39,manually_inputted_data $ guess,0.03,single_datapoint,no_comment
6945,2013,09_ROK,new_vehicle_efficiency,bus,km_per_pj,road,passenger,phev,all,yearly,national,['avg_eff_no_outliers $ transport_data_system_9th'],1,1472018422.278209,avg_eff_no_outliers $ transport_data_system_9th,113232186.329093,single_datapoint,no_comment
6946,2013,09_ROK,turnover_rate,bus,%,road,passenger,phev,all,yearly,national,['manually_inputted_data $ guess'],1,0.39,manually_inputted_data $ guess,0.03,single_datapoint,no_comment
6947,2014,09_ROK,new_vehicle_efficiency,bus,km_per_pj,road,passenger,phev,all,yearly,national,['avg_eff_no_outliers $ transport_data_system_9th'],1,1472018422.278209,avg_eff_no_outliers $ transport_data_system_9th,113232186.329093,single_datapoint,no_comment
6948,2014,09_ROK,turnover_rate,bus,%,road,passenger,phev,all,yearly,national,['manually_inputted_data $ guess'],1,0.39,manually_inputted_data $ guess,0.03,single_datapoint,no_comment
6949,2015,09_ROK,new_vehicle_efficiency,bus,km_per_pj,road,passenger,phev,all,yearly,national,['avg_eff_no_outliers $ transport_data_system_9th'],1,1472018422.278209,avg_eff_no_outliers $ transport_data_system_9th,113232186.329093,single_datapoint,no_comment
6950,2015,09_ROK,turnover_rate,bus,%,road,passenger,phev,all,yearly,national,['manually_inputted_data $ guess'],1,0.39,manually_inputted_data $ guess,0.03,single_datapoint,no_comment
6951,2016,09_ROK,new_vehicle_efficiency,bus,km_per_pj,road,passenger,phev,all,yearly,national,['avg_eff_no_outliers $ transport_data_system_9th'],1,1472018422.278209,avg_eff_no_outliers $ transport_data_system_9th,113232186.329093,single_datapoint,no_comment
6952,2016,09_ROK,turnover_rate,bus,%,road,passenger,phev,all,yearly,national,['manually_inputted_data $ guess'],1,0.39,manually_inputted_data $ guess,0.03,single_datapoint,no_comment
6953,2017,09_ROK,new_vehicle_efficiency,bus,km_per_pj,road,passenger,phev,all,yearly,national,['avg_eff_no_outliers $ transport_data_system_9th'],1,1472018422.278209,avg_eff_no_outliers $ transport_data_system_9th,113232186.329093,single_datapoint,no_comment
6954,2017,09_ROK,turnover_rate,bus,%,road,passenger,phev,all,yearly,national,['manually_inputted_data $ guess'],1,0.39,manually_inputted_data $ guess,0.03,single_datapoint,no_comment
6955,2018,09_ROK,new_vehicle_efficiency,bus,km_per_pj,road,passenger,phev,all,yearly,national,['avg_eff_no_outliers $ transport_data_system_9th'],1,1472018422.278209,avg_eff_no_outliers $ transport_data_system_9th,113232186.329093,single_datapoint,no_comment
6956,2018,09_ROK,turnover_rate,bus,%,road,passenger,phev,all,yearly,national,['manually_inputted_data $ guess'],1,0.39,manually_inputted_data $ guess,0.03,single_datapoint,no_comment
6957,2019,09_ROK,new_vehicle_efficiency,bus,km_per_pj,road,passenger,phev,all,yearly,national,['avg_eff_no_outliers $ transport_data_system_9th'],1,1472018422.278209,avg_eff_no_outliers $ transport_data_system_9th,113232186.329093,single_datapoint,no_comment
6958,2019,09_ROK,turnover_rate,bus,%,road,passenger,phev,all,yearly,national,['manually_inputted_data $ guess'],1,0.39,manually_inputted_data $ guess,0.03,single_datapoint,no_comment
6959,2020,09_ROK,new_vehicle_efficiency,bus,km_per_pj,road,passenger,phev,all,yearly,national,['avg_eff_no_outliers $ transport_data_system_9th'],1,1472018422.278209,avg_eff_no_outliers $ transport_data_system_9th,113232186.329093,single_datapoint,no_comment
6960,2020,09_ROK,turnover_rate,bus,%,road,passenger,phev,all,yearly,national,['manually_inputted_data $ guess'],1,0.39,manually_inputted_data $ guess,0.03,single_datapoint,no_comment
6961,2021,09_ROK,new_vehicle_efficiency,bus,km_per_pj,road,passenger,phev,all,yearly,national,['avg_eff_no_outliers $ transport_data_system_9th'],1,1472018422.278209,avg_eff_no_outliers $ transport_data_system_9th,113232186.329093,single_datapoint,no_comment
6962,2021,09_ROK,turnover_rate,bus,%,road,passenger,phev,all,yearly,national,['manually_inputted_data $ guess'],1,0.39,manually_inputted_data $ guess,0.03,single_datapoint,no_comment
6963,2022,09_ROK,new_vehicle_efficiency,bus,km_per_pj,road,passenger,phev,all,yearly,national,['avg_eff_no_outliers $ transport_data_system_9th'],1,1472018422.278209,avg_eff_no_outliers $ transport_data_system_9th,113232186.329093,single_datapoint,no_comment
6964,2022,09_ROK,turnover_rate,bus,%,road,passenger,phev,all,yearly,national,['manually_inputted_data $ guess'],1,0.39,manually_inputted_data $ guess,0.03,single_datapoint,no_comment
6965,2010,09_ROK,new_vehicle_efficiency,ht,km_per_pj,road,freight,bev,all,yearly,national,['avg_eff_no_outliers $ transport_data_system_9th'],1,3249486640.872147,avg_eff_no_outliers $ transport_data_system_9th,249960510.836319,single_datapoint,no_comment
6966,2010,09_ROK,turnover_rate,ht,%,road,freight,bev,all,yearly,national,['manually_inputted_data $ guess'],1,0.42,manually_inputted_data $ guess,0.03,manual,no_comment
6967,2011,09_ROK,new_vehicle_efficiency,ht,km_per_pj,road,freight,bev,all,yearly,national,['avg_eff_no_outliers $ transport_data_system_9th'],1,3249486640.872147,avg_eff_no_outliers $ transport_data_system_9th,249960510.836319,single_datapoint,no_comment
6968,2011,09_ROK,turnover_rate,ht,%,road,freight,bev,all,yearly,national,['manually_inputted_data $ guess'],1,0.42,manually_inputted_data $ guess,0.03,manual,no_comment
6969,2012,09_ROK,new_vehicle_efficiency,ht,km_per_pj,road,freight,bev,all,yearly,national,['avg_eff_no_outliers $ transport_data_system_9th'],1,3249486640.872147,avg_eff_no_outliers $ transport_data_system_9th,249960510.836319,single_datapoint,no_comment
6970,2012,09_ROK,turnover_rate,ht,%,road,freight,bev,all,yearly,national,['manually_inputted_data $ guess'],1,0.42,manually_inputted_data $ guess,0.03,manual,no_comment
6971,2013,09_ROK,new_vehicle_efficiency,ht,km_per_pj,road,freight,bev,all,yearly,national,['avg_eff_no_outliers $ transport_data_system_9th'],1,3249486640.872147,avg_eff_no_outliers $ transport_data_system_9th,249960510.836319,single_datapoint,no_comment
6972,2013,09_ROK,turnover_rate,ht,%,road,freight,bev,all,yearly,national,['manually_inputted_data $ guess'],1,0.42,manually_inputted_data $ guess,0.03,manual,no_comment
6973,2014,09_ROK,new_vehicle_efficiency,ht,km_per_pj,road,freight,bev,all,yearly,national,['avg_eff_no_outliers $ transport_data_system_9th'],1,3249486640.872147,avg_eff_no_outliers $ transport_data_system_9th,249960510.836319,single_datapoint,no_comment
6974,2014,09_ROK,turnover_rate,ht,%,road,freight,bev,all,yearly,national,['manually_inputted_data $ guess'],1,0.42,manually_inputted_data $ guess,0.03,manual,no_comment
6975,2015,09_ROK,new_vehicle_efficiency,ht,km_per_pj,road,freight,bev,all,yearly,national,['avg_eff_no_outliers $ transport_data_system_9th'],1,3249486640.872147,avg_eff_no_outliers $ transport_data_system_9th,249960510.836319,single_datapoint,no_comment
6976,2015,09_ROK,turnover_rate,ht,%,road,freight,bev,all,yearly,national,['manually_inputted_data $ guess'],1,0.42,manually_inputted_data $ guess,0.03,manual,no_comment
6977,2016,09_ROK,new_vehicle_efficiency,ht,km_per_pj,road,freight,bev,all,yearly,national,['avg_eff_no_outliers $ transport_data_system_9th'],1,3249486640.872147,avg_eff_no_outliers $ transport_data_system_9th,249960510.836319,single_datapoint,no_comment
6978,2016,09_ROK,turnover_rate,ht,%,road,freight,bev,all,yearly,national,['manually_inputted_data $ guess'],1,0.42,manually_inputted_data $ guess,0.03,manual,no_comment
6979,2017,09_ROK,new_vehicle_efficiency,ht,km_per_pj,road,freight,bev,all,yearly,national,['avg_eff_no_outliers $ transport_data_system_9th'],1,3249486640.872147,avg_eff_no_outliers $ transport_data_system_9th,249960510.836319,single_datapoint,no_comment
6980,2017,09_ROK,turnover_rate,ht,%,road,freight,bev,all,yearly,national,"['manually_inputted_data $ guess', 'turnover_rate_est']",2,0.42,manually_inputted_data $ guess,0.03,manual,no_comment
6981,2018,09_ROK,new_vehicle_efficiency,ht,km_per_pj,road,freight,bev,all,yearly,national,['avg_eff_no_outliers $ transport_data_system_9th'],1,3249486640.872147,avg_eff_no_outliers $ transport_data_system_9th,249960510.836319,single_datapoint,no_comment
6982,2018,09_ROK,turnover_rate,ht,%,road,freight,bev,all,yearly,national,['manually_inputted_data $ guess'],1,0.42,manually_inputted_data $ guess,0.03,manual,no_comment
6983,2019,09_ROK,new_vehicle_efficiency,ht,km_per_pj,road,freight,bev,all,yearly,national,['avg_eff_no_outliers $ transport_data_system_9th'],1,3249486640.872147,avg_eff_no_outliers $ transport_data_system_9th,249960510.836319,single_datapoint,no_comment
6984,2019,09_ROK,turnover_rate,ht,%,road,freight,bev,all,yearly,national,['manually_inputted_data $ guess'],1,0.42,manually_inputted_data $ guess,0.03,manual,no_comment
6985,2020,09_ROK,activity,ht,passenger_km_or_freight_tonne_km,road,freight,bev,all,yearly,national,['estimated $ calculate_energy_and_activity()'],1,21093750.0,estimated $ calculate_energy_and_activity(),7031250.0,single_datapoint,no_comment
6986,2020,09_ROK,energy,ht,pj,road,freight,bev,all,yearly,national,['estimated $ calculate_energy_and_activity()'],1,0.015182120175049576,estimated $ calculate_energy_and_activity(),0.005060706725016525,single_datapoint,no_comment
6987,2020,09_ROK,new_vehicle_efficiency,ht,km_per_pj,road,freight,bev,all,yearly,national,['avg_eff_no_outliers $ transport_data_system_9th'],1,3249486640.872147,avg_eff_no_outliers $ transport_data_system_9th,249960510.836319,single_datapoint,no_comment
6988,2020,09_ROK,travel_km,ht,km,road,freight,bev,all,yearly,national,['estimated $ calculate_energy_and_activity()'],1,3750000.0,estimated $ calculate_energy_and_activity(),1250000.0,single_datapoint,no_comment
6989,2020,09_ROK,turnover_rate,ht,%,road,freight,bev,all,yearly,national,['manually_inputted_data $ guess'],1,0.42,manually_inputted_data $ guess,0.03,manual,no_comment
6990,2021,09_ROK,activity,ht,passenger_km_or_freight_tonne_km,road,freight,bev,all,yearly,national,['estimated $ calculate_energy_and_activity()'],1,21093750.0,estimated $ calculate_energy_and_activity(),7031250.0,single_datapoint,no_comment
6991,2021,09_ROK,energy,ht,pj,road,freight,bev,all,yearly,national,['estimated $ calculate_energy_and_activity()'],1,0.015182120175049576,estimated $ calculate_energy_and_activity(),0.005060706725016525,single_datapoint,no_comment
6992,2021,09_ROK,new_vehicle_efficiency,ht,km_per_pj,road,freight,bev,all,yearly,national,['avg_eff_no_outliers $ transport_data_system_9th'],1,3249486640.872147,avg_eff_no_outliers $ transport_data_system_9th,249960510.836319,single_datapoint,no_comment
6993,2021,09_ROK,travel_km,ht,km,road,freight,bev,all,yearly,national,['estimated $ calculate_energy_and_activity()'],1,3750000.0,estimated $ calculate_energy_and_activity(),1250000.0,single_datapoint,no_comment
6994,2021,09_ROK,turnover_rate,ht,%,road,freight,bev,all,yearly,national,['manually_inputted_data $ guess'],1,0.42,manually_inputted_data $ guess,0.03,manual,no_comment
6995,2022,09_ROK,activity,ht,passenger_km_or_freight_tonne_km,road,freight,bev,all,yearly,national,['estimated $ calculate_energy_and_activity()'],1,21093750.0,estimated $ calculate_energy_and_activity(),7031250.0,single_datapoint,no_comment
6996,2022,09_ROK,energy,ht,pj,road,freight,bev,all,yearly,national,['estimated $ calculate_energy_and_activity()'],1,0.015182120175049576,estimated $ calculate_energy_and_activity(),0.005060706725016525,single_datapoint,no_comment
6997,2022,09_ROK,new_vehicle_efficiency,ht,km_per_pj,road,freight,bev,all,yearly,national,['avg_eff_no_outliers $ transport_data_system_9th'],1,3249486640.872147,avg_eff_no_outliers $ transport_data_system_9th,249960510.836319,single_datapoint,no_comment
6998,2022,09_ROK,travel_km,ht,km,road,freight,bev,all,yearly,national,['estimated $ calculate_energy_and_activity()'],1,3750000.0,estimated $ calculate_energy_and_activity(),1250000.0,single_datapoint,no_comment
6999,2022,09_ROK,turnover_rate,ht,%,road,freight,bev,all,yearly,national,['manually_inputted_data $ guess'],1,0.42,manually_inputted_data $ guess,0.03,manual,no_comment
7000,2010,09_ROK,new_vehicle_efficiency,ht,km_per_pj,road,freight,cng,all,yearly,national,['avg_eff_no_outliers $ transport_data_system_9th'],1,1775178058.548531,avg_eff_no_outliers $ transport_data_system_9th,136552158.349887,single_datapoint,no_comment
7001,2010,09_ROK,turnover_rate,ht,%,road,freight,cng,all,yearly,national,['manually_inputted_data $ guess'],1,0.42,manually_inputted_data $ guess,0.03,manual,no_comment
7002,2011,09_ROK,new_vehicle_efficiency,ht,km_per_pj,road,freight,cng,all,yearly,national,['avg_eff_no_outliers $ transport_data_system_9th'],1,1775178058.548531,avg_eff_no_outliers $ transport_data_system_9th,136552158.349887,single_datapoint,no_comment
7003,2011,09_ROK,turnover_rate,ht,%,road,freight,cng,all,yearly,national,['manually_inputted_data $ guess'],1,0.42,manually_inputted_data $ guess,0.03,manual,no_comment
7004,2012,09_ROK,new_vehicle_efficiency,ht,km_per_pj,road,freight,cng,all,yearly,national,['avg_eff_no_outliers $ transport_data_system_9th'],1,1775178058.548531,avg_eff_no_outliers $ transport_data_system_9th,136552158.349887,single_datapoint,no_comment
7005,2012,09_ROK,turnover_rate,ht,%,road,freight,cng,all,yearly,national,['manually_inputted_data $ guess'],1,0.42,manually_inputted_data $ guess,0.03,manual,no_comment
7006,2013,09_ROK,new_vehicle_efficiency,ht,km_per_pj,road,freight,cng,all,yearly,national,['avg_eff_no_outliers $ transport_data_system_9th'],1,1775178058.548531,avg_eff_no_outliers $ transport_data_system_9th,136552158.349887,single_datapoint,no_comment
7007,2013,09_ROK,turnover_rate,ht,%,road,freight,cng,all,yearly,national,['manually_inputted_data $ guess'],1,0.42,manually_inputted_data $ guess,0.03,manual,no_comment
7008,2014,09_ROK,new_vehicle_efficiency,ht,km_per_pj,road,freight,cng,all,yearly,national,['avg_eff_no_outliers $ transport_data_system_9th'],1,1775178058.548531,avg_eff_no_outliers $ transport_data_system_9th,136552158.349887,single_datapoint,no_comment
7009,2014,09_ROK,turnover_rate,ht,%,road,freight,cng,all,yearly,national,['manually_inputted_data $ guess'],1,0.42,manually_inputted_data $ guess,0.03,manual,no_comment
7010,2015,09_ROK,new_vehicle_efficiency,ht,km_per_pj,road,freight,cng,all,yearly,national,['avg_eff_no_outliers $ transport_data_system_9th'],1,1775178058.548531,avg_eff_no_outliers $ transport_data_system_9th,136552158.349887,single_datapoint,no_comment
7011,2015,09_ROK,turnover_rate,ht,%,road,freight,cng,all,yearly,national,['manually_inputted_data $ guess'],1,0.42,manually_inputted_data $ guess,0.03,manual,no_comment
7012,2016,09_ROK,new_vehicle_efficiency,ht,km_per_pj,road,freight,cng,all,yearly,national,['avg_eff_no_outliers $ transport_data_system_9th'],1,1775178058.548531,avg_eff_no_outliers $ transport_data_system_9th,136552158.349887,single_datapoint,no_comment
7013,2016,09_ROK,turnover_rate,ht,%,road,freight,cng,all,yearly,national,['manually_inputted_data $ guess'],1,0.42,manually_inputted_data $ guess,0.03,manual,no_comment
7014,2017,09_ROK,new_vehicle_efficiency,ht,km_per_pj,road,freight,cng,all,yearly,national,['avg_eff_no_outliers $ transport_data_system_9th'],1,1775178058.548531,avg_eff_no_outliers $ transport_data_system_9th,136552158.349887,single_datapoint,no_comment
7015,2017,09_ROK,turnover_rate,ht,%,road,freight,cng,all,yearly,national,"['manually_inputted_data $ guess', 'turnover_rate_est']",2,0.42,manually_inputted_data $ guess,0.03,manual,no_comment
7016,2018,09_ROK,new_vehicle_efficiency,ht,km_per_pj,road,freight,cng,all,yearly,national,['avg_eff_no_outliers $ transport_data_system_9th'],1,1775178058.548531,avg_eff_no_outliers $ transport_data_system_9th,136552158.349887,single_datapoint,no_comment
7017,2018,09_ROK,turnover_rate,ht,%,road,freight,cng,all,yearly,national,['manually_inputted_data $ guess'],1,0.42,manually_inputted_data $ guess,0.03,manual,no_comment
7018,2019,09_ROK,new_vehicle_efficiency,ht,km_per_pj,road,freight,cng,all,yearly,national,['avg_eff_no_outliers $ transport_data_system_9th'],1,1775178058.548531,avg_eff_no_outliers $ transport_data_system_9th,136552158.349887,single_datapoint,no_comment
7019,2019,09_ROK,turnover_rate,ht,%,road,freight,cng,all,yearly,national,['manually_inputted_data $ guess'],1,0.42,manually_inputted_data $ guess,0.03,manual,no_comment
7020,2020,09_ROK,new_vehicle_efficiency,ht,km_per_pj,road,freight,cng,all,yearly,national,['avg_eff_no_outliers $ transport_data_system_9th'],1,1775178058.548531,avg_eff_no_outliers $ transport_data_system_9th,136552158.349887,single_datapoint,no_comment
7021,2020,09_ROK,turnover_rate,ht,%,road,freight,cng,all,yearly,national,['manually_inputted_data $ guess'],1,0.42,manually_inputted_data $ guess,0.03,manual,no_comment
7022,2021,09_ROK,new_vehicle_efficiency,ht,km_per_pj,road,freight,cng,all,yearly,national,['avg_eff_no_outliers $ transport_data_system_9th'],1,1775178058.548531,avg_eff_no_outliers $ transport_data_system_9th,136552158.349887,single_datapoint,no_comment
7023,2021,09_ROK,turnover_rate,ht,%,road,freight,cng,all,yearly,national,['manually_inputted_data $ guess'],1,0.42,manually_inputted_data $ guess,0.03,manual,no_comment
7024,2022,09_ROK,new_vehicle_efficiency,ht,km_per_pj,road,freight,cng,all,yearly,national,['avg_eff_no_outliers $ transport_data_system_9th'],1,1775178058.548531,avg_eff_no_outliers $ transport_data_system_9th,136552158.349887,single_datapoint,no_comment
7025,2022,09_ROK,turnover_rate,ht,%,road,freight,cng,all,yearly,national,['manually_inputted_data $ guess'],1,0.42,manually_inputted_data $ guess,0.03,manual,no_comment
7026,2017,09_ROK,turnover_rate,ht,%,road,freight,fcev,all,yearly,national,['turnover_rate_est'],1,0.03,turnover_rate_est,0.03,single_datapoint,no_comment
7027,2010,09_ROK,new_vehicle_efficiency,ht,km_per_pj,road,freight,ice,all,yearly,national,['avg_eff_no_outliers $ transport_data_system_9th'],1,1058551713.3301452,avg_eff_no_outliers $ transport_data_system_9th,81427054.87154964,single_datapoint,no_comment
7028,2010,09_ROK,turnover_rate,ht,%,road,freight,ice,all,yearly,national,['manually_inputted_data $ guess'],1,0.39,manually_inputted_data $ guess,0.03,single_datapoint,no_comment
7029,2011,09_ROK,new_vehicle_efficiency,ht,km_per_pj,road,freight,ice,all,yearly,national,['avg_eff_no_outliers $ transport_data_system_9th'],1,1058551713.3301452,avg_eff_no_outliers $ transport_data_system_9th,81427054.87154964,single_datapoint,no_comment
7030,2011,09_ROK,turnover_rate,ht,%,road,freight,ice,all,yearly,national,['manually_inputted_data $ guess'],1,0.39,manually_inputted_data $ guess,0.03,single_datapoint,no_comment
7031,2012,09_ROK,new_vehicle_efficiency,ht,km_per_pj,road,freight,ice,all,yearly,national,['avg_eff_no_outliers $ transport_data_system_9th'],1,1058551713.3301452,avg_eff_no_outliers $ transport_data_system_9th,81427054.87154964,single_datapoint,no_comment
7032,2012,09_ROK,turnover_rate,ht,%,road,freight,ice,all,yearly,national,['manually_inputted_data $ guess'],1,0.39,manually_inputted_data $ guess,0.03,single_datapoint,no_comment
7033,2013,09_ROK,new_vehicle_efficiency,ht,km_per_pj,road,freight,ice,all,yearly,national,['avg_eff_no_outliers $ transport_data_system_9th'],1,1058551713.3301452,avg_eff_no_outliers $ transport_data_system_9th,81427054.87154964,single_datapoint,no_comment
7034,2013,09_ROK,turnover_rate,ht,%,road,freight,ice,all,yearly,national,['manually_inputted_data $ guess'],1,0.39,manually_inputted_data $ guess,0.03,single_datapoint,no_comment
7035,2014,09_ROK,new_vehicle_efficiency,ht,km_per_pj,road,freight,ice,all,yearly,national,['avg_eff_no_outliers $ transport_data_system_9th'],1,1058551713.3301452,avg_eff_no_outliers $ transport_data_system_9th,81427054.87154964,single_datapoint,no_comment
7036,2014,09_ROK,turnover_rate,ht,%,road,freight,ice,all,yearly,national,['manually_inputted_data $ guess'],1,0.39,manually_inputted_data $ guess,0.03,single_datapoint,no_comment
7037,2015,09_ROK,new_vehicle_efficiency,ht,km_per_pj,road,freight,ice,all,yearly,national,['avg_eff_no_outliers $ transport_data_system_9th'],1,1058551713.3301452,avg_eff_no_outliers $ transport_data_system_9th,81427054.87154964,single_datapoint,no_comment
7038,2015,09_ROK,turnover_rate,ht,%,road,freight,ice,all,yearly,national,['manually_inputted_data $ guess'],1,0.39,manually_inputted_data $ guess,0.03,single_datapoint,no_comment
7039,2016,09_ROK,new_vehicle_efficiency,ht,km_per_pj,road,freight,ice,all,yearly,national,['avg_eff_no_outliers $ transport_data_system_9th'],1,1058551713.3301452,avg_eff_no_outliers $ transport_data_system_9th,81427054.87154964,single_datapoint,no_comment
7040,2016,09_ROK,turnover_rate,ht,%,road,freight,ice,all,yearly,national,['manually_inputted_data $ guess'],1,0.39,manually_inputted_data $ guess,0.03,single_datapoint,no_comment
7041,2017,09_ROK,activity,ht,passenger_km_or_freight_tonne_km,road,freight,ice,all,yearly,national,['estimated $ calculate_energy_and_activity()'],1,1706315625000.0,estimated $ calculate_energy_and_activity(),1706315625000.0,single_datapoint,no_comment
7042,2017,09_ROK,energy,ht,pj,road,freight,ice,all,yearly,national,['estimated $ calculate_energy_and_activity()'],1,4298.392228200386,estimated $ calculate_energy_and_activity(),4298.392228200386,single_datapoint,no_comment
7043,2017,09_ROK,new_vehicle_efficiency,ht,km_per_pj,road,freight,ice,all,yearly,national,['avg_eff_no_outliers $ transport_data_system_9th'],1,1058551713.3301452,avg_eff_no_outliers $ transport_data_system_9th,81427054.87154964,single_datapoint,no_comment
7044,2017,09_ROK,travel_km,ht,km,road,freight,ice,all,yearly,national,['estimated $ calculate_energy_and_activity()'],1,303345000000.0,estimated $ calculate_energy_and_activity(),303345000000.0,single_datapoint,no_comment
7045,2017,09_ROK,turnover_rate,ht,%,road,freight,ice,all,yearly,national,['manually_inputted_data $ guess'],1,0.39,manually_inputted_data $ guess,0.03,single_datapoint,no_comment
7046,2018,09_ROK,new_vehicle_efficiency,ht,km_per_pj,road,freight,ice,all,yearly,national,['avg_eff_no_outliers $ transport_data_system_9th'],1,1058551713.3301452,avg_eff_no_outliers $ transport_data_system_9th,81427054.87154964,single_datapoint,no_comment
7047,2018,09_ROK,turnover_rate,ht,%,road,freight,ice,all,yearly,national,['manually_inputted_data $ guess'],1,0.39,manually_inputted_data $ guess,0.03,single_datapoint,no_comment
7048,2019,09_ROK,new_vehicle_efficiency,ht,km_per_pj,road,freight,ice,all,yearly,national,['avg_eff_no_outliers $ transport_data_system_9th'],1,1058551713.3301452,avg_eff_no_outliers $ transport_data_system_9th,81427054.87154964,single_datapoint,no_comment
7049,2019,09_ROK,turnover_rate,ht,%,road,freight,ice,all,yearly,national,['manually_inputted_data $ guess'],1,0.39,manually_inputted_data $ guess,0.03,single_datapoint,no_comment
7050,2020,09_ROK,new_vehicle_efficiency,ht,km_per_pj,road,freight,ice,all,yearly,national,['avg_eff_no_outliers $ transport_data_system_9th'],1,1058551713.3301452,avg_eff_no_outliers $ transport_data_system_9th,81427054.87154964,single_datapoint,no_comment
7051,2020,09_ROK,turnover_rate,ht,%,road,freight,ice,all,yearly,national,['manually_inputted_data $ guess'],1,0.39,manually_inputted_data $ guess,0.03,single_datapoint,no_comment
7052,2021,09_ROK,new_vehicle_efficiency,ht,km_per_pj,road,freight,ice,all,yearly,national,['avg_eff_no_outliers $ transport_data_system_9th'],1,1058551713.3301452,avg_eff_no_outliers $ transport_data_system_9th,81427054.87154964,single_datapoint,no_comment
7053,2021,09_ROK,turnover_rate,ht,%,road,freight,ice,all,yearly,national,['manually_inputted_data $ guess'],1,0.39,manually_inputted_data $ guess,0.03,single_datapoint,no_comment
7054,2022,09_ROK,new_vehicle_efficiency,ht,km_per_pj,road,freight,ice,all,yearly,national,['avg_eff_no_outliers $ transport_data_system_9th'],1,1058551713.3301452,avg_eff_no_outliers $ transport_data_system_9th,81427054.87154964,single_datapoint,no_comment
7055,2022,09_ROK,turnover_rate,ht,%,road,freight,ice,all,yearly,national,['manually_inputted_data $ guess'],1,0.39,manually_inputted_data $ guess,0.03,single_datapoint,no_comment
7056,2010,09_ROK,new_vehicle_efficiency,ht,km_per_pj,road,freight,lpg,all,yearly,national,['avg_eff_no_outliers $ transport_data_system_9th'],1,1405649677.815799,avg_eff_no_outliers $ transport_data_system_9th,108126898.293523,single_datapoint,no_comment
7057,2010,09_ROK,turnover_rate,ht,%,road,freight,lpg,all,yearly,national,['manually_inputted_data $ guess'],1,0.42,manually_inputted_data $ guess,0.03,manual,no_comment
7058,2011,09_ROK,new_vehicle_efficiency,ht,km_per_pj,road,freight,lpg,all,yearly,national,['avg_eff_no_outliers $ transport_data_system_9th'],1,1405649677.815799,avg_eff_no_outliers $ transport_data_system_9th,108126898.293523,single_datapoint,no_comment
7059,2011,09_ROK,turnover_rate,ht,%,road,freight,lpg,all,yearly,national,['manually_inputted_data $ guess'],1,0.42,manually_inputted_data $ guess,0.03,manual,no_comment
7060,2012,09_ROK,new_vehicle_efficiency,ht,km_per_pj,road,freight,lpg,all,yearly,national,['avg_eff_no_outliers $ transport_data_system_9th'],1,1405649677.815799,avg_eff_no_outliers $ transport_data_system_9th,108126898.293523,single_datapoint,no_comment
7061,2012,09_ROK,turnover_rate,ht,%,road,freight,lpg,all,yearly,national,['manually_inputted_data $ guess'],1,0.42,manually_inputted_data $ guess,0.03,manual,no_comment
7062,2013,09_ROK,new_vehicle_efficiency,ht,km_per_pj,road,freight,lpg,all,yearly,national,['avg_eff_no_outliers $ transport_data_system_9th'],1,1405649677.815799,avg_eff_no_outliers $ transport_data_system_9th,108126898.293523,single_datapoint,no_comment
7063,2013,09_ROK,turnover_rate,ht,%,road,freight,lpg,all,yearly,national,['manually_inputted_data $ guess'],1,0.42,manually_inputted_data $ guess,0.03,manual,no_comment
7064,2014,09_ROK,new_vehicle_efficiency,ht,km_per_pj,road,freight,lpg,all,yearly,national,['avg_eff_no_outliers $ transport_data_system_9th'],1,1405649677.815799,avg_eff_no_outliers $ transport_data_system_9th,108126898.293523,single_datapoint,no_comment
7065,2014,09_ROK,turnover_rate,ht,%,road,freight,lpg,all,yearly,national,['manually_inputted_data $ guess'],1,0.42,manually_inputted_data $ guess,0.03,manual,no_comment
7066,2015,09_ROK,new_vehicle_efficiency,ht,km_per_pj,road,freight,lpg,all,yearly,national,['avg_eff_no_outliers $ transport_data_system_9th'],1,1405649677.815799,avg_eff_no_outliers $ transport_data_system_9th,108126898.293523,single_datapoint,no_comment
7067,2015,09_ROK,turnover_rate,ht,%,road,freight,lpg,all,yearly,national,['manually_inputted_data $ guess'],1,0.42,manually_inputted_data $ guess,0.03,manual,no_comment
7068,2016,09_ROK,new_vehicle_efficiency,ht,km_per_pj,road,freight,lpg,all,yearly,national,['avg_eff_no_outliers $ transport_data_system_9th'],1,1405649677.815799,avg_eff_no_outliers $ transport_data_system_9th,108126898.293523,single_datapoint,no_comment
7069,2016,09_ROK,turnover_rate,ht,%,road,freight,lpg,all,yearly,national,['manually_inputted_data $ guess'],1,0.42,manually_inputted_data $ guess,0.03,manual,no_comment
7070,2017,09_ROK,activity,ht,passenger_km_or_freight_tonne_km,road,freight,lpg,all,yearly,national,"['8th_edition_transport_model $ reference', 'estimated $ calculate_energy_and_activity()']",2,129338556870.0,estimated $ calculate_energy_and_activity(),116870625000.0,manual,no_comment
7071,2017,09_ROK,energy,ht,pj,road,freight,lpg,all,yearly,national,"['8th_edition_transport_model $ reference', 'estimated $ calculate_energy_and_activity()']",2,343.6918058698987,estimated $ calculate_energy_and_activity(),294.40965015187135,manual,no_comment
7072,2017,09_ROK,new_vehicle_efficiency,ht,km_per_pj,road,freight,lpg,all,yearly,national,['avg_eff_no_outliers $ transport_data_system_9th'],1,1405649677.815799,avg_eff_no_outliers $ transport_data_system_9th,108126898.293523,single_datapoint,no_comment
7073,2017,09_ROK,travel_km,ht,km,road,freight,lpg,all,yearly,national,['estimated $ calculate_energy_and_activity()'],1,20777000000.0,estimated $ calculate_energy_and_activity(),20777000000.0,single_datapoint,no_comment
7074,2017,09_ROK,turnover_rate,ht,%,road,freight,lpg,all,yearly,national,"['manually_inputted_data $ guess', 'turnover_rate_est']",2,0.42,manually_inputted_data $ guess,0.03,manual,no_comment
7075,2018,09_ROK,new_vehicle_efficiency,ht,km_per_pj,road,freight,lpg,all,yearly,national,['avg_eff_no_outliers $ transport_data_system_9th'],1,1405649677.815799,avg_eff_no_outliers $ transport_data_system_9th,108126898.293523,single_datapoint,no_comment
7076,2018,09_ROK,turnover_rate,ht,%,road,freight,lpg,all,yearly,national,['manually_inputted_data $ guess'],1,0.42,manually_inputted_data $ guess,0.03,manual,no_comment
7077,2019,09_ROK,new_vehicle_efficiency,ht,km_per_pj,road,freight,lpg,all,yearly,national,['avg_eff_no_outliers $ transport_data_system_9th'],1,1405649677.815799,avg_eff_no_outliers $ transport_data_system_9th,108126898.293523,single_datapoint,no_comment
7078,2019,09_ROK,turnover_rate,ht,%,road,freight,lpg,all,yearly,national,['manually_inputted_data $ guess'],1,0.42,manually_inputted_data $ guess,0.03,manual,no_comment
7079,2020,09_ROK,new_vehicle_efficiency,ht,km_per_pj,road,freight,lpg,all,yearly,national,['avg_eff_no_outliers $ transport_data_system_9th'],1,1405649677.815799,avg_eff_no_outliers $ transport_data_system_9th,108126898.293523,single_datapoint,no_comment
7080,2020,09_ROK,turnover_rate,ht,%,road,freight,lpg,all,yearly,national,['manually_inputted_data $ guess'],1,0.42,manually_inputted_data $ guess,0.03,manual,no_comment
7081,2021,09_ROK,new_vehicle_efficiency,ht,km_per_pj,road,freight,lpg,all,yearly,national,['avg_eff_no_outliers $ transport_data_system_9th'],1,1405649677.815799,avg_eff_no_outliers $ transport_data_system_9th,108126898.293523,single_datapoint,no_comment
7082,2021,09_ROK,turnover_rate,ht,%,road,freight,lpg,all,yearly,national,['manually_inputted_data $ guess'],1,0.42,manually_inputted_data $ guess,0.03,manual,no_comment
7083,2022,09_ROK,new_vehicle_efficiency,ht,km_per_pj,road,freight,lpg,all,yearly,national,['avg_eff_no_outliers $ transport_data_system_9th'],1,1405649677.815799,avg_eff_no_outliers $ transport_data_system_9th,108126898.293523,single_datapoint,no_comment
7084,2022,09_ROK,turnover_rate,ht,%,road,freight,lpg,all,yearly,national,['manually_inputted_data $ guess'],1,0.42,manually_inputted_data $ guess,0.03,manual,no_comment
7085,2010,09_ROK,activity,ldv,passenger_km_or_freight_tonne_km,road,passenger,bev,all,yearly,national,['estimated $ calculate_energy_and_activity()'],1,18024990412.0,estimated $ calculate_energy_and_activity(),1372500.0,manual,no_comment
7086,2010,09_ROK,energy,ldv,pj,road,passenger,bev,all,yearly,national,['estimated $ calculate_energy_and_activity()'],1,9.898204956410478,estimated $ calculate_energy_and_activity(),0.0007515319814981256,manual,no_comment
7087,2010,09_ROK,new_vehicle_efficiency,ldv,km_per_pj,road,freight,bev,all,yearly,national,['avg_eff_no_outliers $ transport_data_system_9th'],1,7200566335.010296,avg_eff_no_outliers $ transport_data_system_9th,553889718.077715,single_datapoint,no_comment
7088,2010,09_ROK,new_vehicle_efficiency,ldv,km_per_pj,road,passenger,bev,all,yearly,national,['avg_eff_no_outliers $ transport_data_system_9th'],1,9901716082.423439,avg_eff_no_outliers $ transport_data_system_9th,761670467.878726,single_datapoint,no_comment
7089,2010,09_ROK,travel_km,ldv,km,road,passenger,bev,all,yearly,national,['estimated $ calculate_energy_and_activity()'],1,11987265000.0,estimated $ calculate_energy_and_activity(),915000.0,single_datapoint,no_comment
7090,2010,09_ROK,turnover_rate,ldv,%,road,freight,bev,all,yearly,national,['manually_inputted_data $ guess'],1,0.42,manually_inputted_data $ guess,0.03,manual,no_comment
7091,2010,09_ROK,turnover_rate,ldv,%,road,passenger,bev,all,yearly,national,['manually_inputted_data $ guess'],1,0.42,manually_inputted_data $ guess,0.03,manual,no_comment
7092,2011,09_ROK,activity,ldv,passenger_km_or_freight_tonne_km,road,passenger,bev,all,yearly,national,['estimated $ calculate_energy_and_activity()'],1,18024990412.0,estimated $ calculate_energy_and_activity(),7650000.0,manual,no_comment
7093,2011,09_ROK,energy,ldv,pj,road,passenger,bev,all,yearly,national,['estimated $ calculate_energy_and_activity()'],1,9.898204956410478,estimated $ calculate_energy_and_activity(),0.0041888667821207,manual,no_comment
7094,2011,09_ROK,new_vehicle_efficiency,ldv,km_per_pj,road,freight,bev,all,yearly,national,['avg_eff_no_outliers $ transport_data_system_9th'],1,7200566335.010296,avg_eff_no_outliers $ transport_data_system_9th,553889718.077715,single_datapoint,no_comment
7095,2011,09_ROK,new_vehicle_efficiency,ldv,km_per_pj,road,passenger,bev,all,yearly,national,['avg_eff_no_outliers $ transport_data_system_9th'],1,9901716082.423439,avg_eff_no_outliers $ transport_data_system_9th,761670467.878726,single_datapoint,no_comment
7096,2011,09_ROK,travel_km,ldv,km,road,passenger,bev,all,yearly,national,['estimated $ calculate_energy_and_activity()'],1,11987265000.0,estimated $ calculate_energy_and_activity(),5100000.0,single_datapoint,no_comment
7097,2011,09_ROK,turnover_rate,ldv,%,road,freight,bev,all,yearly,national,['manually_inputted_data $ guess'],1,0.42,manually_inputted_data $ guess,0.03,manual,no_comment
7098,2011,09_ROK,turnover_rate,ldv,%,road,passenger,bev,all,yearly,national,['manually_inputted_data $ guess'],1,0.42,manually_inputted_data $ guess,0.03,manual,no_comment
7099,2012,09_ROK,activity,ldv,passenger_km_or_freight_tonne_km,road,passenger,bev,all,yearly,national,['estimated $ calculate_energy_and_activity()'],1,18024990412.0,estimated $ calculate_energy_and_activity(),19125000.0,manual,no_comment
7100,2012,09_ROK,energy,ldv,pj,road,passenger,bev,all,yearly,national,['estimated $ calculate_energy_and_activity()'],1,9.898204956410478,estimated $ calculate_energy_and_activity(),0.01047216695530175,manual,no_comment
7101,2012,09_ROK,new_vehicle_efficiency,ldv,km_per_pj,road,freight,bev,all,yearly,national,['avg_eff_no_outliers $ transport_data_system_9th'],1,7200566335.010296,avg_eff_no_outliers $ transport_data_system_9th,553889718.077715,single_datapoint,no_comment
7102,2012,09_ROK,new_vehicle_efficiency,ldv,km_per_pj,road,passenger,bev,all,yearly,national,['avg_eff_no_outliers $ transport_data_system_9th'],1,9901716082.423439,avg_eff_no_outliers $ transport_data_system_9th,761670467.878726,single_datapoint,no_comment
7103,2012,09_ROK,travel_km,ldv,km,road,passenger,bev,all,yearly,national,['estimated $ calculate_energy_and_activity()'],1,11987265000.0,estimated $ calculate_energy_and_activity(),12750000.0,single_datapoint,no_comment
7104,2012,09_ROK,turnover_rate,ldv,%,road,freight,bev,all,yearly,national,['manually_inputted_data $ guess'],1,0.42,manually_inputted_data $ guess,0.03,manual,no_comment
7105,2012,09_ROK,turnover_rate,ldv,%,road,passenger,bev,all,yearly,national,['manually_inputted_data $ guess'],1,0.42,manually_inputted_data $ guess,0.03,manual,no_comment
7106,2013,09_ROK,activity,ldv,passenger_km_or_freight_tonne_km,road,passenger,bev,all,yearly,national,['estimated $ calculate_energy_and_activity()'],1,18024990412.0,estimated $ calculate_energy_and_activity(),31500000.0,manual,no_comment
7107,2013,09_ROK,energy,ldv,pj,road,passenger,bev,all,yearly,national,['estimated $ calculate_energy_and_activity()'],1,9.898204956410478,estimated $ calculate_energy_and_activity(),0.017248274985202882,manual,no_comment
7108,2013,09_ROK,new_vehicle_efficiency,ldv,km_per_pj,road,freight,bev,all,yearly,national,['avg_eff_no_outliers $ transport_data_system_9th'],1,7200566335.010296,avg_eff_no_outliers $ transport_data_system_9th,553889718.077715,single_datapoint,no_comment
7109,2013,09_ROK,new_vehicle_efficiency,ldv,km_per_pj,road,passenger,bev,all,yearly,national,['avg_eff_no_outliers $ transport_data_system_9th'],1,9901716082.423439,avg_eff_no_outliers $ transport_data_system_9th,761670467.878726,single_datapoint,no_comment
7110,2013,09_ROK,travel_km,ldv,km,road,passenger,bev,all,yearly,national,['estimated $ calculate_energy_and_activity()'],1,11987265000.0,estimated $ calculate_energy_and_activity(),21000000.0,single_datapoint,no_comment
7111,2013,09_ROK,turnover_rate,ldv,%,road,freight,bev,all,yearly,national,['manually_inputted_data $ guess'],1,0.42,manually_inputted_data $ guess,0.03,manual,no_comment
7112,2013,09_ROK,turnover_rate,ldv,%,road,passenger,bev,all,yearly,national,['manually_inputted_data $ guess'],1,0.42,manually_inputted_data $ guess,0.03,manual,no_comment
7113,2014,09_ROK,activity,ldv,passenger_km_or_freight_tonne_km,road,passenger,bev,all,yearly,national,['estimated $ calculate_energy_and_activity()'],1,18024990412.0,estimated $ calculate_energy_and_activity(),60750000.0,manual,no_comment
7114,2014,09_ROK,energy,ldv,pj,road,passenger,bev,all,yearly,national,['estimated $ calculate_energy_and_activity()'],1,9.898204956410478,estimated $ calculate_energy_and_activity(),0.03326453032860556,manual,no_comment
7115,2014,09_ROK,new_vehicle_efficiency,ldv,km_per_pj,road,freight,bev,all,yearly,national,['avg_eff_no_outliers $ transport_data_system_9th'],1,7200566335.010296,avg_eff_no_outliers $ transport_data_system_9th,553889718.077715,single_datapoint,no_comment
7116,2014,09_ROK,new_vehicle_efficiency,ldv,km_per_pj,road,passenger,bev,all,yearly,national,['avg_eff_no_outliers $ transport_data_system_9th'],1,9901716082.423439,avg_eff_no_outliers $ transport_data_system_9th,761670467.878726,single_datapoint,no_comment
7117,2014,09_ROK,travel_km,ldv,km,road,passenger,bev,all,yearly,national,['estimated $ calculate_energy_and_activity()'],1,11987265000.0,estimated $ calculate_energy_and_activity(),40500000.0,single_datapoint,no_comment
7118,2014,09_ROK,turnover_rate,ldv,%,road,freight,bev,all,yearly,national,['manually_inputted_data $ guess'],1,0.42,manually_inputted_data $ guess,0.03,manual,no_comment
7119,2014,09_ROK,turnover_rate,ldv,%,road,passenger,bev,all,yearly,national,['manually_inputted_data $ guess'],1,0.42,manually_inputted_data $ guess,0.03,manual,no_comment
7120,2015,09_ROK,activity,ldv,passenger_km_or_freight_tonne_km,road,passenger,bev,all,yearly,national,['estimated $ calculate_energy_and_activity()'],1,18024990412.0,estimated $ calculate_energy_and_activity(),130500000.0,manual,no_comment
7121,2015,09_ROK,energy,ldv,pj,road,passenger,bev,all,yearly,national,['estimated $ calculate_energy_and_activity()'],1,9.898204956410478,estimated $ calculate_energy_and_activity(),0.07145713922441194,manual,no_comment
7122,2015,09_ROK,new_vehicle_efficiency,ldv,km_per_pj,road,freight,bev,all,yearly,national,['avg_eff_no_outliers $ transport_data_system_9th'],1,7200566335.010296,avg_eff_no_outliers $ transport_data_system_9th,553889718.077715,single_datapoint,no_comment
7123,2015,09_ROK,new_vehicle_efficiency,ldv,km_per_pj,road,passenger,bev,all,yearly,national,['avg_eff_no_outliers $ transport_data_system_9th'],1,9901716082.423439,avg_eff_no_outliers $ transport_data_system_9th,761670467.878726,single_datapoint,no_comment
7124,2015,09_ROK,travel_km,ldv,km,road,passenger,bev,all,yearly,national,['estimated $ calculate_energy_and_activity()'],1,11987265000.0,estimated $ calculate_energy_and_activity(),87000000.0,single_datapoint,no_comment
7125,2015,09_ROK,turnover_rate,ldv,%,road,freight,bev,all,yearly,national,['manually_inputted_data $ guess'],1,0.42,manually_inputted_data $ guess,0.03,manual,no_comment
7126,2015,09_ROK,turnover_rate,ldv,%,road,passenger,bev,all,yearly,national,['manually_inputted_data $ guess'],1,0.42,manually_inputted_data $ guess,0.03,manual,no_comment
7127,2016,09_ROK,activity,ldv,passenger_km_or_freight_tonne_km,road,passenger,bev,all,yearly,national,['estimated $ calculate_energy_and_activity()'],1,18024990412.0,estimated $ calculate_energy_and_activity(),225000000.0,manual,no_comment
7128,2016,09_ROK,energy,ldv,pj,road,passenger,bev,all,yearly,national,['estimated $ calculate_energy_and_activity()'],1,9.898204956410478,estimated $ calculate_energy_and_activity(),0.12320196418002059,manual,no_comment
7129,2016,09_ROK,new_vehicle_efficiency,ldv,km_per_pj,road,freight,bev,all,yearly,national,['avg_eff_no_outliers $ transport_data_system_9th'],1,7200566335.010296,avg_eff_no_outliers $ transport_data_system_9th,553889718.077715,single_datapoint,no_comment
7130,2016,09_ROK,new_vehicle_efficiency,ldv,km_per_pj,road,passenger,bev,all,yearly,national,['avg_eff_no_outliers $ transport_data_system_9th'],1,9901716082.423439,avg_eff_no_outliers $ transport_data_system_9th,761670467.878726,single_datapoint,no_comment
7131,2016,09_ROK,travel_km,ldv,km,road,passenger,bev,all,yearly,national,['estimated $ calculate_energy_and_activity()'],1,11987265000.0,estimated $ calculate_energy_and_activity(),150000000.0,single_datapoint,no_comment
7132,2016,09_ROK,turnover_rate,ldv,%,road,freight,bev,all,yearly,national,['manually_inputted_data $ guess'],1,0.42,manually_inputted_data $ guess,0.03,manual,no_comment
7133,2016,09_ROK,turnover_rate,ldv,%,road,passenger,bev,all,yearly,national,['manually_inputted_data $ guess'],1,0.42,manually_inputted_data $ guess,0.03,manual,no_comment
7134,2017,09_ROK,activity,ldv,passenger_km_or_freight_tonne_km,road,passenger,bev,all,yearly,national,"['8th_edition_transport_model $ reference', 'estimated $ calculate_energy_and_activity()']",2,18024990412.0,estimated $ calculate_energy_and_activity(),540000000.0,manual,no_comment
7135,2017,09_ROK,energy,ldv,pj,road,passenger,bev,all,yearly,national,"['8th_edition_transport_model $ reference', 'estimated $ calculate_energy_and_activity()']",2,9.898204956410478,estimated $ calculate_energy_and_activity(),0.29568471403204943,manual,no_comment
7136,2017,09_ROK,new_vehicle_efficiency,ldv,km_per_pj,road,freight,bev,all,yearly,national,['avg_eff_no_outliers $ transport_data_system_9th'],1,7200566335.010296,avg_eff_no_outliers $ transport_data_system_9th,553889718.077715,single_datapoint,no_comment
7137,2017,09_ROK,new_vehicle_efficiency,ldv,km_per_pj,road,passenger,bev,all,yearly,national,['avg_eff_no_outliers $ transport_data_system_9th'],1,9901716082.423439,avg_eff_no_outliers $ transport_data_system_9th,761670467.878726,single_datapoint,no_comment
7138,2017,09_ROK,travel_km,ldv,km,road,passenger,bev,all,yearly,national,['estimated $ calculate_energy_and_activity()'],1,11987265000.0,estimated $ calculate_energy_and_activity(),360000000.0,single_datapoint,no_comment
7139,2017,09_ROK,turnover_rate,ldv,%,road,freight,bev,all,yearly,national,"['manually_inputted_data $ guess', 'turnover_rate_est']",2,0.42,manually_inputted_data $ guess,0.03,manual,no_comment
7140,2017,09_ROK,turnover_rate,ldv,%,road,passenger,bev,all,yearly,national,"['manually_inputted_data $ guess', 'turnover_rate_est']",2,0.42,manually_inputted_data $ guess,0.03,manual,no_comment
7141,2018,09_ROK,activity,ldv,passenger_km_or_freight_tonne_km,road,passenger,bev,all,yearly,national,['estimated $ calculate_energy_and_activity()'],1,18024990412.0,estimated $ calculate_energy_and_activity(),1237500000.0,manual,no_comment
7142,2018,09_ROK,energy,ldv,pj,road,passenger,bev,all,yearly,national,['estimated $ calculate_energy_and_activity()'],1,9.898204956410478,estimated $ calculate_energy_and_activity(),0.6776108029901132,manual,no_comment
7143,2018,09_ROK,new_vehicle_efficiency,ldv,km_per_pj,road,freight,bev,all,yearly,national,['avg_eff_no_outliers $ transport_data_system_9th'],1,7200566335.010296,avg_eff_no_outliers $ transport_data_system_9th,553889718.077715,single_datapoint,no_comment
7144,2018,09_ROK,new_vehicle_efficiency,ldv,km_per_pj,road,passenger,bev,all,yearly,national,['avg_eff_no_outliers $ transport_data_system_9th'],1,9901716082.423439,avg_eff_no_outliers $ transport_data_system_9th,761670467.878726,single_datapoint,no_comment
7145,2018,09_ROK,travel_km,ldv,km,road,passenger,bev,all,yearly,national,['estimated $ calculate_energy_and_activity()'],1,11987265000.0,estimated $ calculate_energy_and_activity(),825000000.0,single_datapoint,no_comment
7146,2018,09_ROK,turnover_rate,ldv,%,road,freight,bev,all,yearly,national,['manually_inputted_data $ guess'],1,0.42,manually_inputted_data $ guess,0.03,manual,no_comment
7147,2018,09_ROK,turnover_rate,ldv,%,road,passenger,bev,all,yearly,national,['manually_inputted_data $ guess'],1,0.42,manually_inputted_data $ guess,0.03,manual,no_comment
7148,2019,09_ROK,activity,ldv,passenger_km_or_freight_tonne_km,road,passenger,bev,all,yearly,national,['estimated $ calculate_energy_and_activity()'],1,18024990412.0,estimated $ calculate_energy_and_activity(),2002500000.0,manual,no_comment
7149,2019,09_ROK,energy,ldv,pj,road,passenger,bev,all,yearly,national,['estimated $ calculate_energy_and_activity()'],1,9.898204956410478,estimated $ calculate_energy_and_activity(),1.0964974812021833,manual,no_comment
7150,2019,09_ROK,new_vehicle_efficiency,ldv,km_per_pj,road,freight,bev,all,yearly,national,['avg_eff_no_outliers $ transport_data_system_9th'],1,7200566335.010296,avg_eff_no_outliers $ transport_data_system_9th,553889718.077715,single_datapoint,no_comment
7151,2019,09_ROK,new_vehicle_efficiency,ldv,km_per_pj,road,passenger,bev,all,yearly,national,['avg_eff_no_outliers $ transport_data_system_9th'],1,9901716082.423439,avg_eff_no_outliers $ transport_data_system_9th,761670467.878726,single_datapoint,no_comment
7152,2019,09_ROK,travel_km,ldv,km,road,passenger,bev,all,yearly,national,['estimated $ calculate_energy_and_activity()'],1,11987265000.0,estimated $ calculate_energy_and_activity(),1335000000.0,single_datapoint,no_comment
7153,2019,09_ROK,turnover_rate,ldv,%,road,freight,bev,all,yearly,national,['manually_inputted_data $ guess'],1,0.42,manually_inputted_data $ guess,0.03,manual,no_comment
7154,2019,09_ROK,turnover_rate,ldv,%,road,passenger,bev,all,yearly,national,['manually_inputted_data $ guess'],1,0.42,manually_inputted_data $ guess,0.03,manual,no_comment
7155,2020,09_ROK,activity,ldv,passenger_km_or_freight_tonne_km,road,passenger,bev,all,yearly,national,['estimated $ calculate_energy_and_activity()'],1,18024990412.0,estimated $ calculate_energy_and_activity(),2700000000.0,manual,no_comment
7156,2020,09_ROK,energy,ldv,pj,road,passenger,bev,all,yearly,national,['estimated $ calculate_energy_and_activity()'],1,9.898204956410478,estimated $ calculate_energy_and_activity(),1.478423570160247,manual,no_comment
7157,2020,09_ROK,new_vehicle_efficiency,ldv,km_per_pj,road,freight,bev,all,yearly,national,['avg_eff_no_outliers $ transport_data_system_9th'],1,7200566335.010296,avg_eff_no_outliers $ transport_data_system_9th,553889718.077715,single_datapoint,no_comment
7158,2020,09_ROK,new_vehicle_efficiency,ldv,km_per_pj,road,passenger,bev,all,yearly,national,['avg_eff_no_outliers $ transport_data_system_9th'],1,9901716082.423439,avg_eff_no_outliers $ transport_data_system_9th,761670467.878726,single_datapoint,no_comment
7159,2020,09_ROK,travel_km,ldv,km,road,passenger,bev,all,yearly,national,['estimated $ calculate_energy_and_activity()'],1,11987265000.0,estimated $ calculate_energy_and_activity(),1800000000.0,single_datapoint,no_comment
7160,2020,09_ROK,turnover_rate,ldv,%,road,freight,bev,all,yearly,national,['manually_inputted_data $ guess'],1,0.42,manually_inputted_data $ guess,0.03,manual,no_comment
7161,2020,09_ROK,turnover_rate,ldv,%,road,passenger,bev,all,yearly,national,['manually_inputted_data $ guess'],1,0.42,manually_inputted_data $ guess,0.03,manual,no_comment
7162,2021,09_ROK,activity,ldv,passenger_km_or_freight_tonne_km,road,passenger,bev,all,yearly,national,['estimated $ calculate_energy_and_activity()'],1,18024990412.0,estimated $ calculate_energy_and_activity(),4275000000.0,manual,no_comment
7163,2021,09_ROK,energy,ldv,pj,road,passenger,bev,all,yearly,national,['estimated $ calculate_energy_and_activity()'],1,9.898204956410478,estimated $ calculate_energy_and_activity(),2.340837319420391,manual,no_comment
7164,2021,09_ROK,new_vehicle_efficiency,ldv,km_per_pj,road,freight,bev,all,yearly,national,['avg_eff_no_outliers $ transport_data_system_9th'],1,7200566335.010296,avg_eff_no_outliers $ transport_data_system_9th,553889718.077715,single_datapoint,no_comment
7165,2021,09_ROK,new_vehicle_efficiency,ldv,km_per_pj,road,passenger,bev,all,yearly,national,['avg_eff_no_outliers $ transport_data_system_9th'],1,9901716082.423439,avg_eff_no_outliers $ transport_data_system_9th,761670467.878726,single_datapoint,no_comment
7166,2021,09_ROK,travel_km,ldv,km,road,passenger,bev,all,yearly,national,['estimated $ calculate_energy_and_activity()'],1,11987265000.0,estimated $ calculate_energy_and_activity(),2850000000.0,single_datapoint,no_comment
7167,2021,09_ROK,turnover_rate,ldv,%,road,freight,bev,all,yearly,national,['manually_inputted_data $ guess'],1,0.42,manually_inputted_data $ guess,0.03,manual,no_comment
7168,2021,09_ROK,turnover_rate,ldv,%,road,passenger,bev,all,yearly,national,['manually_inputted_data $ guess'],1,0.42,manually_inputted_data $ guess,0.03,manual,no_comment
7169,2022,09_ROK,activity,ldv,passenger_km_or_freight_tonne_km,road,passenger,bev,all,yearly,national,['estimated $ calculate_energy_and_activity()'],1,18024990412.0,estimated $ calculate_energy_and_activity(),6750000000.0,manual,no_comment
7170,2022,09_ROK,energy,ldv,pj,road,passenger,bev,all,yearly,national,['estimated $ calculate_energy_and_activity()'],1,9.898204956410478,estimated $ calculate_energy_and_activity(),3.6960589254006178,manual,no_comment
7171,2022,09_ROK,new_vehicle_efficiency,ldv,km_per_pj,road,freight,bev,all,yearly,national,['avg_eff_no_outliers $ transport_data_system_9th'],1,7200566335.010296,avg_eff_no_outliers $ transport_data_system_9th,553889718.077715,single_datapoint,no_comment
7172,2022,09_ROK,new_vehicle_efficiency,ldv,km_per_pj,road,passenger,bev,all,yearly,national,['avg_eff_no_outliers $ transport_data_system_9th'],1,9901716082.423439,avg_eff_no_outliers $ transport_data_system_9th,761670467.878726,single_datapoint,no_comment
7173,2022,09_ROK,travel_km,ldv,km,road,passenger,bev,all,yearly,national,['estimated $ calculate_energy_and_activity()'],1,11987265000.0,estimated $ calculate_energy_and_activity(),4500000000.0,single_datapoint,no_comment
7174,2022,09_ROK,turnover_rate,ldv,%,road,freight,bev,all,yearly,national,['manually_inputted_data $ guess'],1,0.42,manually_inputted_data $ guess,0.03,manual,no_comment
7175,2022,09_ROK,turnover_rate,ldv,%,road,passenger,bev,all,yearly,national,['manually_inputted_data $ guess'],1,0.42,manually_inputted_data $ guess,0.03,manual,no_comment
7176,2010,09_ROK,new_vehicle_efficiency,ldv,km_per_pj,road,freight,cng,all,yearly,national,['avg_eff_no_outliers $ transport_data_system_9th'],1,7214767129.708009,avg_eff_no_outliers $ transport_data_system_9th,554982086.900616,single_datapoint,no_comment
7177,2010,09_ROK,new_vehicle_efficiency,ldv,km_per_pj,road,passenger,cng,all,yearly,national,['avg_eff_no_outliers $ transport_data_system_9th'],1,5429169522.90635,avg_eff_no_outliers $ transport_data_system_9th,417628424.83895,single_datapoint,no_comment
7178,2010,09_ROK,turnover_rate,ldv,%,road,freight,cng,all,yearly,national,['manually_inputted_data $ guess'],1,0.42,manually_inputted_data $ guess,0.03,manual,no_comment
7179,2010,09_ROK,turnover_rate,ldv,%,road,passenger,cng,all,yearly,national,['manually_inputted_data $ guess'],1,0.42,manually_inputted_data $ guess,0.03,manual,no_comment
7180,2011,09_ROK,new_vehicle_efficiency,ldv,km_per_pj,road,freight,cng,all,yearly,national,['avg_eff_no_outliers $ transport_data_system_9th'],1,7214767129.708009,avg_eff_no_outliers $ transport_data_system_9th,554982086.900616,single_datapoint,no_comment
7181,2011,09_ROK,new_vehicle_efficiency,ldv,km_per_pj,road,passenger,cng,all,yearly,national,['avg_eff_no_outliers $ transport_data_system_9th'],1,5429169522.90635,avg_eff_no_outliers $ transport_data_system_9th,417628424.83895,single_datapoint,no_comment
7182,2011,09_ROK,turnover_rate,ldv,%,road,freight,cng,all,yearly,national,['manually_inputted_data $ guess'],1,0.42,manually_inputted_data $ guess,0.03,manual,no_comment
7183,2011,09_ROK,turnover_rate,ldv,%,road,passenger,cng,all,yearly,national,['manually_inputted_data $ guess'],1,0.42,manually_inputted_data $ guess,0.03,manual,no_comment
7184,2012,09_ROK,new_vehicle_efficiency,ldv,km_per_pj,road,freight,cng,all,yearly,national,['avg_eff_no_outliers $ transport_data_system_9th'],1,7214767129.708009,avg_eff_no_outliers $ transport_data_system_9th,554982086.900616,single_datapoint,no_comment
7185,2012,09_ROK,new_vehicle_efficiency,ldv,km_per_pj,road,passenger,cng,all,yearly,national,['avg_eff_no_outliers $ transport_data_system_9th'],1,5429169522.90635,avg_eff_no_outliers $ transport_data_system_9th,417628424.83895,single_datapoint,no_comment
7186,2012,09_ROK,turnover_rate,ldv,%,road,freight,cng,all,yearly,national,['manually_inputted_data $ guess'],1,0.42,manually_inputted_data $ guess,0.03,manual,no_comment
7187,2012,09_ROK,turnover_rate,ldv,%,road,passenger,cng,all,yearly,national,['manually_inputted_data $ guess'],1,0.42,manually_inputted_data $ guess,0.03,manual,no_comment
7188,2013,09_ROK,new_vehicle_efficiency,ldv,km_per_pj,road,freight,cng,all,yearly,national,['avg_eff_no_outliers $ transport_data_system_9th'],1,7214767129.708009,avg_eff_no_outliers $ transport_data_system_9th,554982086.900616,single_datapoint,no_comment
7189,2013,09_ROK,new_vehicle_efficiency,ldv,km_per_pj,road,passenger,cng,all,yearly,national,['avg_eff_no_outliers $ transport_data_system_9th'],1,5429169522.90635,avg_eff_no_outliers $ transport_data_system_9th,417628424.83895,single_datapoint,no_comment
7190,2013,09_ROK,turnover_rate,ldv,%,road,freight,cng,all,yearly,national,['manually_inputted_data $ guess'],1,0.42,manually_inputted_data $ guess,0.03,manual,no_comment
7191,2013,09_ROK,turnover_rate,ldv,%,road,passenger,cng,all,yearly,national,['manually_inputted_data $ guess'],1,0.42,manually_inputted_data $ guess,0.03,manual,no_comment
7192,2014,09_ROK,new_vehicle_efficiency,ldv,km_per_pj,road,freight,cng,all,yearly,national,['avg_eff_no_outliers $ transport_data_system_9th'],1,7214767129.708009,avg_eff_no_outliers $ transport_data_system_9th,554982086.900616,single_datapoint,no_comment
7193,2014,09_ROK,new_vehicle_efficiency,ldv,km_per_pj,road,passenger,cng,all,yearly,national,['avg_eff_no_outliers $ transport_data_system_9th'],1,5429169522.90635,avg_eff_no_outliers $ transport_data_system_9th,417628424.83895,single_datapoint,no_comment
7194,2014,09_ROK,turnover_rate,ldv,%,road,freight,cng,all,yearly,national,['manually_inputted_data $ guess'],1,0.42,manually_inputted_data $ guess,0.03,manual,no_comment
7195,2014,09_ROK,turnover_rate,ldv,%,road,passenger,cng,all,yearly,national,['manually_inputted_data $ guess'],1,0.42,manually_inputted_data $ guess,0.03,manual,no_comment
7196,2015,09_ROK,new_vehicle_efficiency,ldv,km_per_pj,road,freight,cng,all,yearly,national,['avg_eff_no_outliers $ transport_data_system_9th'],1,7214767129.708009,avg_eff_no_outliers $ transport_data_system_9th,554982086.900616,single_datapoint,no_comment
7197,2015,09_ROK,new_vehicle_efficiency,ldv,km_per_pj,road,passenger,cng,all,yearly,national,['avg_eff_no_outliers $ transport_data_system_9th'],1,5429169522.90635,avg_eff_no_outliers $ transport_data_system_9th,417628424.83895,single_datapoint,no_comment
7198,2015,09_ROK,turnover_rate,ldv,%,road,freight,cng,all,yearly,national,['manually_inputted_data $ guess'],1,0.42,manually_inputted_data $ guess,0.03,manual,no_comment
7199,2015,09_ROK,turnover_rate,ldv,%,road,passenger,cng,all,yearly,national,['manually_inputted_data $ guess'],1,0.42,manually_inputted_data $ guess,0.03,manual,no_comment
7200,2016,09_ROK,new_vehicle_efficiency,ldv,km_per_pj,road,freight,cng,all,yearly,national,['avg_eff_no_outliers $ transport_data_system_9th'],1,7214767129.708009,avg_eff_no_outliers $ transport_data_system_9th,554982086.900616,single_datapoint,no_comment
7201,2016,09_ROK,new_vehicle_efficiency,ldv,km_per_pj,road,passenger,cng,all,yearly,national,['avg_eff_no_outliers $ transport_data_system_9th'],1,5429169522.90635,avg_eff_no_outliers $ transport_data_system_9th,417628424.83895,single_datapoint,no_comment
7202,2016,09_ROK,turnover_rate,ldv,%,road,freight,cng,all,yearly,national,['manually_inputted_data $ guess'],1,0.42,manually_inputted_data $ guess,0.03,manual,no_comment
7203,2016,09_ROK,turnover_rate,ldv,%,road,passenger,cng,all,yearly,national,['manually_inputted_data $ guess'],1,0.42,manually_inputted_data $ guess,0.03,manual,no_comment
7204,2017,09_ROK,activity,ldv,passenger_km_or_freight_tonne_km,road,freight,cng,all,yearly,national,"['8th_edition_transport_model $ reference', 'estimated $ calculate_energy_and_activity()']",2,64755337.0,estimated $ calculate_energy_and_activity(),10621500.0,manual,no_comment
7205,2017,09_ROK,activity,ldv,passenger_km_or_freight_tonne_km,road,passenger,cng,all,yearly,national,"['8th_edition_transport_model $ reference', 'estimated $ calculate_energy_and_activity()']",2,1095726885.0,estimated $ calculate_energy_and_activity(),392895000.0,manual,no_comment
7206,2017,09_ROK,energy,ldv,pj,road,freight,cng,all,yearly,national,"['8th_edition_transport_model $ reference', 'estimated $ calculate_energy_and_activity()']",2,0.437695385516227,estimated $ calculate_energy_and_activity(),0.11568171628647214,manual,no_comment
7207,2017,09_ROK,energy,ldv,pj,road,passenger,cng,all,yearly,national,"['8th_edition_transport_model $ reference', 'estimated $ calculate_energy_and_activity()']",2,2.0410281187335526,estimated $ calculate_energy_and_activity(),0.7529734444790318,manual,no_comment
7208,2017,09_ROK,new_vehicle_efficiency,ldv,km_per_pj,road,freight,cng,all,yearly,national,['avg_eff_no_outliers $ transport_data_system_9th'],1,7214767129.708009,avg_eff_no_outliers $ transport_data_system_9th,554982086.900616,single_datapoint,no_comment
7209,2017,09_ROK,new_vehicle_efficiency,ldv,km_per_pj,road,passenger,cng,all,yearly,national,['avg_eff_no_outliers $ transport_data_system_9th'],1,5429169522.90635,avg_eff_no_outliers $ transport_data_system_9th,417628424.83895,single_datapoint,no_comment
7210,2017,09_ROK,travel_km,ldv,km,road,freight,cng,all,yearly,national,['estimated $ calculate_energy_and_activity()'],1,29100000.0,estimated $ calculate_energy_and_activity(),29100000.0,single_datapoint,no_comment
7211,2017,09_ROK,travel_km,ldv,km,road,passenger,cng,all,yearly,national,['estimated $ calculate_energy_and_activity()'],1,261930000.0,estimated $ calculate_energy_and_activity(),261930000.0,single_datapoint,no_comment
7212,2017,09_ROK,turnover_rate,ldv,%,road,freight,cng,all,yearly,national,"['manually_inputted_data $ guess', 'turnover_rate_est']",2,0.42,manually_inputted_data $ guess,0.03,manual,no_comment
7213,2017,09_ROK,turnover_rate,ldv,%,road,passenger,cng,all,yearly,national,"['manually_inputted_data $ guess', 'turnover_rate_est']",2,0.42,manually_inputted_data $ guess,0.03,manual,no_comment
7214,2018,09_ROK,new_vehicle_efficiency,ldv,km_per_pj,road,freight,cng,all,yearly,national,['avg_eff_no_outliers $ transport_data_system_9th'],1,7214767129.708009,avg_eff_no_outliers $ transport_data_system_9th,554982086.900616,single_datapoint,no_comment
7215,2018,09_ROK,new_vehicle_efficiency,ldv,km_per_pj,road,passenger,cng,all,yearly,national,['avg_eff_no_outliers $ transport_data_system_9th'],1,5429169522.90635,avg_eff_no_outliers $ transport_data_system_9th,417628424.83895,single_datapoint,no_comment
7216,2018,09_ROK,turnover_rate,ldv,%,road,freight,cng,all,yearly,national,['manually_inputted_data $ guess'],1,0.42,manually_inputted_data $ guess,0.03,manual,no_comment
7217,2018,09_ROK,turnover_rate,ldv,%,road,passenger,cng,all,yearly,national,['manually_inputted_data $ guess'],1,0.42,manually_inputted_data $ guess,0.03,manual,no_comment
7218,2019,09_ROK,new_vehicle_efficiency,ldv,km_per_pj,road,freight,cng,all,yearly,national,['avg_eff_no_outliers $ transport_data_system_9th'],1,7214767129.708009,avg_eff_no_outliers $ transport_data_system_9th,554982086.900616,single_datapoint,no_comment
7219,2019,09_ROK,new_vehicle_efficiency,ldv,km_per_pj,road,passenger,cng,all,yearly,national,['avg_eff_no_outliers $ transport_data_system_9th'],1,5429169522.90635,avg_eff_no_outliers $ transport_data_system_9th,417628424.83895,single_datapoint,no_comment
7220,2019,09_ROK,turnover_rate,ldv,%,road,freight,cng,all,yearly,national,['manually_inputted_data $ guess'],1,0.42,manually_inputted_data $ guess,0.03,manual,no_comment
7221,2019,09_ROK,turnover_rate,ldv,%,road,passenger,cng,all,yearly,national,['manually_inputted_data $ guess'],1,0.42,manually_inputted_data $ guess,0.03,manual,no_comment
7222,2020,09_ROK,new_vehicle_efficiency,ldv,km_per_pj,road,freight,cng,all,yearly,national,['avg_eff_no_outliers $ transport_data_system_9th'],1,7214767129.708009,avg_eff_no_outliers $ transport_data_system_9th,554982086.900616,single_datapoint,no_comment
7223,2020,09_ROK,new_vehicle_efficiency,ldv,km_per_pj,road,passenger,cng,all,yearly,national,['avg_eff_no_outliers $ transport_data_system_9th'],1,5429169522.90635,avg_eff_no_outliers $ transport_data_system_9th,417628424.83895,single_datapoint,no_comment
7224,2020,09_ROK,turnover_rate,ldv,%,road,freight,cng,all,yearly,national,['manually_inputted_data $ guess'],1,0.42,manually_inputted_data $ guess,0.03,manual,no_comment
7225,2020,09_ROK,turnover_rate,ldv,%,road,passenger,cng,all,yearly,national,['manually_inputted_data $ guess'],1,0.42,manually_inputted_data $ guess,0.03,manual,no_comment
7226,2021,09_ROK,new_vehicle_efficiency,ldv,km_per_pj,road,freight,cng,all,yearly,national,['avg_eff_no_outliers $ transport_data_system_9th'],1,7214767129.708009,avg_eff_no_outliers $ transport_data_system_9th,554982086.900616,single_datapoint,no_comment
7227,2021,09_ROK,new_vehicle_efficiency,ldv,km_per_pj,road,passenger,cng,all,yearly,national,['avg_eff_no_outliers $ transport_data_system_9th'],1,5429169522.90635,avg_eff_no_outliers $ transport_data_system_9th,417628424.83895,single_datapoint,no_comment
7228,2021,09_ROK,turnover_rate,ldv,%,road,freight,cng,all,yearly,national,['manually_inputted_data $ guess'],1,0.42,manually_inputted_data $ guess,0.03,manual,no_comment
7229,2021,09_ROK,turnover_rate,ldv,%,road,passenger,cng,all,yearly,national,['manually_inputted_data $ guess'],1,0.42,manually_inputted_data $ guess,0.03,manual,no_comment
7230,2022,09_ROK,new_vehicle_efficiency,ldv,km_per_pj,road,freight,cng,all,yearly,national,['avg_eff_no_outliers $ transport_data_system_9th'],1,7214767129.708009,avg_eff_no_outliers $ transport_data_system_9th,554982086.900616,single_datapoint,no_comment
7231,2022,09_ROK,new_vehicle_efficiency,ldv,km_per_pj,road,passenger,cng,all,yearly,national,['avg_eff_no_outliers $ transport_data_system_9th'],1,5429169522.90635,avg_eff_no_outliers $ transport_data_system_9th,417628424.83895,single_datapoint,no_comment
7232,2022,09_ROK,turnover_rate,ldv,%,road,freight,cng,all,yearly,national,['manually_inputted_data $ guess'],1,0.42,manually_inputted_data $ guess,0.03,manual,no_comment
7233,2022,09_ROK,turnover_rate,ldv,%,road,passenger,cng,all,yearly,national,['manually_inputted_data $ guess'],1,0.42,manually_inputted_data $ guess,0.03,manual,no_comment
7234,2010,09_ROK,new_vehicle_efficiency,ldv,km_per_pj,road,passenger,fcev,all,yearly,national,['avg_eff_no_outliers $ transport_data_system_9th'],1,1469603353.601357,avg_eff_no_outliers $ transport_data_system_9th,113046411.815489,single_datapoint,no_comment
7235,2010,09_ROK,turnover_rate,ldv,%,road,passenger,fcev,all,yearly,national,['manually_inputted_data $ guess'],1,0.42,manually_inputted_data $ guess,0.03,manual,no_comment
7236,2011,09_ROK,new_vehicle_efficiency,ldv,km_per_pj,road,passenger,fcev,all,yearly,national,['avg_eff_no_outliers $ transport_data_system_9th'],1,1469603353.601357,avg_eff_no_outliers $ transport_data_system_9th,113046411.815489,single_datapoint,no_comment
7237,2011,09_ROK,turnover_rate,ldv,%,road,passenger,fcev,all,yearly,national,['manually_inputted_data $ guess'],1,0.42,manually_inputted_data $ guess,0.03,manual,no_comment
7238,2012,09_ROK,new_vehicle_efficiency,ldv,km_per_pj,road,passenger,fcev,all,yearly,national,['avg_eff_no_outliers $ transport_data_system_9th'],1,1469603353.601357,avg_eff_no_outliers $ transport_data_system_9th,113046411.815489,single_datapoint,no_comment
7239,2012,09_ROK,turnover_rate,ldv,%,road,passenger,fcev,all,yearly,national,['manually_inputted_data $ guess'],1,0.42,manually_inputted_data $ guess,0.03,manual,no_comment
7240,2013,09_ROK,new_vehicle_efficiency,ldv,km_per_pj,road,passenger,fcev,all,yearly,national,['avg_eff_no_outliers $ transport_data_system_9th'],1,1469603353.601357,avg_eff_no_outliers $ transport_data_system_9th,113046411.815489,single_datapoint,no_comment
7241,2013,09_ROK,turnover_rate,ldv,%,road,passenger,fcev,all,yearly,national,['manually_inputted_data $ guess'],1,0.42,manually_inputted_data $ guess,0.03,manual,no_comment
7242,2014,09_ROK,new_vehicle_efficiency,ldv,km_per_pj,road,passenger,fcev,all,yearly,national,['avg_eff_no_outliers $ transport_data_system_9th'],1,1469603353.601357,avg_eff_no_outliers $ transport_data_system_9th,113046411.815489,single_datapoint,no_comment
7243,2014,09_ROK,turnover_rate,ldv,%,road,passenger,fcev,all,yearly,national,['manually_inputted_data $ guess'],1,0.42,manually_inputted_data $ guess,0.03,manual,no_comment
7244,2015,09_ROK,new_vehicle_efficiency,ldv,km_per_pj,road,passenger,fcev,all,yearly,national,['avg_eff_no_outliers $ transport_data_system_9th'],1,1469603353.601357,avg_eff_no_outliers $ transport_data_system_9th,113046411.815489,single_datapoint,no_comment
7245,2015,09_ROK,turnover_rate,ldv,%,road,passenger,fcev,all,yearly,national,['manually_inputted_data $ guess'],1,0.42,manually_inputted_data $ guess,0.03,manual,no_comment
7246,2016,09_ROK,new_vehicle_efficiency,ldv,km_per_pj,road,passenger,fcev,all,yearly,national,['avg_eff_no_outliers $ transport_data_system_9th'],1,1469603353.601357,avg_eff_no_outliers $ transport_data_system_9th,113046411.815489,single_datapoint,no_comment
7247,2016,09_ROK,turnover_rate,ldv,%,road,passenger,fcev,all,yearly,national,['manually_inputted_data $ guess'],1,0.42,manually_inputted_data $ guess,0.03,manual,no_comment
7248,2017,09_ROK,new_vehicle_efficiency,ldv,km_per_pj,road,passenger,fcev,all,yearly,national,['avg_eff_no_outliers $ transport_data_system_9th'],1,1469603353.601357,avg_eff_no_outliers $ transport_data_system_9th,113046411.815489,single_datapoint,no_comment
7249,2017,09_ROK,turnover_rate,ldv,%,road,freight,fcev,all,yearly,national,['turnover_rate_est'],1,0.03,turnover_rate_est,0.03,single_datapoint,no_comment
7250,2017,09_ROK,turnover_rate,ldv,%,road,passenger,fcev,all,yearly,national,"['manually_inputted_data $ guess', 'turnover_rate_est']",2,0.42,manually_inputted_data $ guess,0.03,manual,no_comment
7251,2018,09_ROK,new_vehicle_efficiency,ldv,km_per_pj,road,passenger,fcev,all,yearly,national,['avg_eff_no_outliers $ transport_data_system_9th'],1,1469603353.601357,avg_eff_no_outliers $ transport_data_system_9th,113046411.815489,single_datapoint,no_comment
7252,2018,09_ROK,turnover_rate,ldv,%,road,passenger,fcev,all,yearly,national,['manually_inputted_data $ guess'],1,0.42,manually_inputted_data $ guess,0.03,manual,no_comment
7253,2019,09_ROK,new_vehicle_efficiency,ldv,km_per_pj,road,passenger,fcev,all,yearly,national,['avg_eff_no_outliers $ transport_data_system_9th'],1,1469603353.601357,avg_eff_no_outliers $ transport_data_system_9th,113046411.815489,single_datapoint,no_comment
7254,2019,09_ROK,turnover_rate,ldv,%,road,passenger,fcev,all,yearly,national,['manually_inputted_data $ guess'],1,0.42,manually_inputted_data $ guess,0.03,manual,no_comment
7255,2020,09_ROK,new_vehicle_efficiency,ldv,km_per_pj,road,passenger,fcev,all,yearly,national,['avg_eff_no_outliers $ transport_data_system_9th'],1,1469603353.601357,avg_eff_no_outliers $ transport_data_system_9th,113046411.815489,single_datapoint,no_comment
7256,2020,09_ROK,turnover_rate,ldv,%,road,passenger,fcev,all,yearly,national,['manually_inputted_data $ guess'],1,0.42,manually_inputted_data $ guess,0.03,manual,no_comment
7257,2021,09_ROK,new_vehicle_efficiency,ldv,km_per_pj,road,passenger,fcev,all,yearly,national,['avg_eff_no_outliers $ transport_data_system_9th'],1,1469603353.601357,avg_eff_no_outliers $ transport_data_system_9th,113046411.815489,single_datapoint,no_comment
7258,2021,09_ROK,turnover_rate,ldv,%,road,passenger,fcev,all,yearly,national,['manually_inputted_data $ guess'],1,0.42,manually_inputted_data $ guess,0.03,manual,no_comment
7259,2022,09_ROK,new_vehicle_efficiency,ldv,km_per_pj,road,passenger,fcev,all,yearly,national,['avg_eff_no_outliers $ transport_data_system_9th'],1,1469603353.601357,avg_eff_no_outliers $ transport_data_system_9th,113046411.815489,single_datapoint,no_comment
7260,2022,09_ROK,turnover_rate,ldv,%,road,passenger,fcev,all,yearly,national,['manually_inputted_data $ guess'],1,0.42,manually_inputted_data $ guess,0.03,manual,no_comment
7261,2010,09_ROK,new_vehicle_efficiency,ldv,km_per_pj,road,freight,ice,all,yearly,national,['avg_eff_no_outliers $ transport_data_system_9th'],1,4776513034.843043,avg_eff_no_outliers $ transport_data_system_9th,367424079.603311,single_datapoint,no_comment
7262,2010,09_ROK,new_vehicle_efficiency,ldv,km_per_pj,road,passenger,ice,all,yearly,national,['avg_eff_no_outliers $ transport_data_system_9th'],1,3086802010.889935,avg_eff_no_outliers $ transport_data_system_9th,237446308.529995,single_datapoint,no_comment
7263,2010,09_ROK,turnover_rate,ldv,%,road,freight,ice,all,yearly,national,['manually_inputted_data $ guess'],1,0.39,manually_inputted_data $ guess,0.03,single_datapoint,no_comment
7264,2010,09_ROK,turnover_rate,ldv,%,road,passenger,ice,all,yearly,national,['manually_inputted_data $ guess'],1,0.39,manually_inputted_data $ guess,0.03,single_datapoint,no_comment
7265,2011,09_ROK,new_vehicle_efficiency,ldv,km_per_pj,road,freight,ice,all,yearly,national,['avg_eff_no_outliers $ transport_data_system_9th'],1,4776513034.843043,avg_eff_no_outliers $ transport_data_system_9th,367424079.603311,single_datapoint,no_comment
7266,2011,09_ROK,new_vehicle_efficiency,ldv,km_per_pj,road,passenger,ice,all,yearly,national,['avg_eff_no_outliers $ transport_data_system_9th'],1,3086802010.889935,avg_eff_no_outliers $ transport_data_system_9th,237446308.529995,single_datapoint,no_comment
7267,2011,09_ROK,turnover_rate,ldv,%,road,freight,ice,all,yearly,national,['manually_inputted_data $ guess'],1,0.39,manually_inputted_data $ guess,0.03,single_datapoint,no_comment
7268,2011,09_ROK,turnover_rate,ldv,%,road,passenger,ice,all,yearly,national,['manually_inputted_data $ guess'],1,0.39,manually_inputted_data $ guess,0.03,single_datapoint,no_comment
7269,2012,09_ROK,new_vehicle_efficiency,ldv,km_per_pj,road,freight,ice,all,yearly,national,['avg_eff_no_outliers $ transport_data_system_9th'],1,4776513034.843043,avg_eff_no_outliers $ transport_data_system_9th,367424079.603311,single_datapoint,no_comment
7270,2012,09_ROK,new_vehicle_efficiency,ldv,km_per_pj,road,passenger,ice,all,yearly,national,['avg_eff_no_outliers $ transport_data_system_9th'],1,3086802010.889935,avg_eff_no_outliers $ transport_data_system_9th,237446308.529995,single_datapoint,no_comment
7271,2012,09_ROK,turnover_rate,ldv,%,road,freight,ice,all,yearly,national,['manually_inputted_data $ guess'],1,0.39,manually_inputted_data $ guess,0.03,single_datapoint,no_comment
7272,2012,09_ROK,turnover_rate,ldv,%,road,passenger,ice,all,yearly,national,['manually_inputted_data $ guess'],1,0.39,manually_inputted_data $ guess,0.03,single_datapoint,no_comment
7273,2013,09_ROK,new_vehicle_efficiency,ldv,km_per_pj,road,freight,ice,all,yearly,national,['avg_eff_no_outliers $ transport_data_system_9th'],1,4776513034.843043,avg_eff_no_outliers $ transport_data_system_9th,367424079.603311,single_datapoint,no_comment
7274,2013,09_ROK,new_vehicle_efficiency,ldv,km_per_pj,road,passenger,ice,all,yearly,national,['avg_eff_no_outliers $ transport_data_system_9th'],1,3086802010.889935,avg_eff_no_outliers $ transport_data_system_9th,237446308.529995,single_datapoint,no_comment
7275,2013,09_ROK,turnover_rate,ldv,%,road,freight,ice,all,yearly,national,['manually_inputted_data $ guess'],1,0.39,manually_inputted_data $ guess,0.03,single_datapoint,no_comment
7276,2013,09_ROK,turnover_rate,ldv,%,road,passenger,ice,all,yearly,national,['manually_inputted_data $ guess'],1,0.39,manually_inputted_data $ guess,0.03,single_datapoint,no_comment
7277,2014,09_ROK,new_vehicle_efficiency,ldv,km_per_pj,road,freight,ice,all,yearly,national,['avg_eff_no_outliers $ transport_data_system_9th'],1,4776513034.843043,avg_eff_no_outliers $ transport_data_system_9th,367424079.603311,single_datapoint,no_comment
7278,2014,09_ROK,new_vehicle_efficiency,ldv,km_per_pj,road,passenger,ice,all,yearly,national,['avg_eff_no_outliers $ transport_data_system_9th'],1,3086802010.889935,avg_eff_no_outliers $ transport_data_system_9th,237446308.529995,single_datapoint,no_comment
7279,2014,09_ROK,turnover_rate,ldv,%,road,freight,ice,all,yearly,national,['manually_inputted_data $ guess'],1,0.39,manually_inputted_data $ guess,0.03,single_datapoint,no_comment
7280,2014,09_ROK,turnover_rate,ldv,%,road,passenger,ice,all,yearly,national,['manually_inputted_data $ guess'],1,0.39,manually_inputted_data $ guess,0.03,single_datapoint,no_comment
7281,2015,09_ROK,activity,ldv,passenger_km_or_freight_tonne_km,road,passenger,ice,all,yearly,national,['estimated $ calculate_energy_and_activity()'],1,2459237108808.6514,estimated $ calculate_energy_and_activity(),372503313019.2749,single_datapoint,no_comment
7282,2015,09_ROK,energy,ldv,pj,road,passenger,ice,all,yearly,national,['estimated $ calculate_energy_and_activity()'],1,4713.066434060769,estimated $ calculate_energy_and_activity(),713.8932862061731,single_datapoint,no_comment
7283,2015,09_ROK,new_vehicle_efficiency,ldv,km_per_pj,road,freight,ice,all,yearly,national,['avg_eff_no_outliers $ transport_data_system_9th'],1,4776513034.843043,avg_eff_no_outliers $ transport_data_system_9th,367424079.603311,single_datapoint,no_comment
7284,2015,09_ROK,new_vehicle_efficiency,ldv,km_per_pj,road,passenger,ice,all,yearly,national,['avg_eff_no_outliers $ transport_data_system_9th'],1,3086802010.889935,avg_eff_no_outliers $ transport_data_system_9th,237446308.529995,single_datapoint,no_comment
7285,2015,09_ROK,travel_km,ldv,km,road,passenger,ice,all,yearly,national,['estimated $ calculate_energy_and_activity()'],1,1639491405872.4343,estimated $ calculate_energy_and_activity(),248335542012.8499,single_datapoint,no_comment
7286,2015,09_ROK,turnover_rate,ldv,%,road,freight,ice,all,yearly,national,['manually_inputted_data $ guess'],1,0.39,manually_inputted_data $ guess,0.03,single_datapoint,no_comment
7287,2015,09_ROK,turnover_rate,ldv,%,road,passenger,ice,all,yearly,national,['manually_inputted_data $ guess'],1,0.39,manually_inputted_data $ guess,0.03,single_datapoint,no_comment
7288,2016,09_ROK,activity,ldv,passenger_km_or_freight_tonne_km,road,passenger,ice,all,yearly,national,['estimated $ calculate_energy_and_activity()'],1,2459237108808.6514,estimated $ calculate_energy_and_activity(),389858930484.14136,single_datapoint,no_comment
7289,2016,09_ROK,energy,ldv,pj,road,passenger,ice,all,yearly,national,['estimated $ calculate_energy_and_activity()'],1,4713.066434060769,estimated $ calculate_energy_and_activity(),747.1548931586184,single_datapoint,no_comment
7290,2016,09_ROK,new_vehicle_efficiency,ldv,km_per_pj,road,freight,ice,all,yearly,national,['avg_eff_no_outliers $ transport_data_system_9th'],1,4776513034.843043,avg_eff_no_outliers $ transport_data_system_9th,367424079.603311,single_datapoint,no_comment
7291,2016,09_ROK,new_vehicle_efficiency,ldv,km_per_pj,road,passenger,ice,all,yearly,national,['avg_eff_no_outliers $ transport_data_system_9th'],1,3086802010.889935,avg_eff_no_outliers $ transport_data_system_9th,237446308.529995,single_datapoint,no_comment
7292,2016,09_ROK,travel_km,ldv,km,road,passenger,ice,all,yearly,national,['estimated $ calculate_energy_and_activity()'],1,1639491405872.4343,estimated $ calculate_energy_and_activity(),259905953656.09424,single_datapoint,no_comment
7293,2016,09_ROK,turnover_rate,ldv,%,road,freight,ice,all,yearly,national,['manually_inputted_data $ guess'],1,0.39,manually_inputted_data $ guess,0.03,single_datapoint,no_comment
7294,2016,09_ROK,turnover_rate,ldv,%,road,passenger,ice,all,yearly,national,['manually_inputted_data $ guess'],1,0.39,manually_inputted_data $ guess,0.03,single_datapoint,no_comment
7295,2017,09_ROK,activity,ldv,passenger_km_or_freight_tonne_km,road,freight,ice,all,yearly,national,['estimated $ calculate_energy_and_activity()'],1,488665650.0,estimated $ calculate_energy_and_activity(),488665650.0,single_datapoint,no_comment
7296,2017,09_ROK,activity,ldv,passenger_km_or_freight_tonne_km,road,passenger,ice,all,yearly,national,['estimated $ calculate_energy_and_activity()'],1,2459237108808.6514,estimated $ calculate_energy_and_activity(),405168484250.8138,single_datapoint,no_comment
7297,2017,09_ROK,energy,ldv,pj,road,freight,ice,all,yearly,national,['estimated $ calculate_energy_and_activity()'],1,5.322193765687002,estimated $ calculate_energy_and_activity(),5.322193765687002,single_datapoint,no_comment
7298,2017,09_ROK,energy,ldv,pj,road,passenger,ice,all,yearly,national,['estimated $ calculate_energy_and_activity()'],1,4713.066434060769,estimated $ calculate_energy_and_activity(),776.495270188431,single_datapoint,no_comment
7299,2017,09_ROK,new_vehicle_efficiency,ldv,km_per_pj,road,freight,ice,all,yearly,national,['avg_eff_no_outliers $ transport_data_system_9th'],1,4776513034.843043,avg_eff_no_outliers $ transport_data_system_9th,367424079.603311,single_datapoint,no_comment
7300,2017,09_ROK,new_vehicle_efficiency,ldv,km_per_pj,road,passenger,ice,all,yearly,national,['avg_eff_no_outliers $ transport_data_system_9th'],1,3086802010.889935,avg_eff_no_outliers $ transport_data_system_9th,237446308.529995,single_datapoint,no_comment
7301,2017,09_ROK,travel_km,ldv,km,road,freight,ice,all,yearly,national,['estimated $ calculate_energy_and_activity()'],1,1338810000.0,estimated $ calculate_energy_and_activity(),1338810000.0,single_datapoint,no_comment
7302,2017,09_ROK,travel_km,ldv,km,road,passenger,ice,all,yearly,national,['estimated $ calculate_energy_and_activity()'],1,1639491405872.4343,estimated $ calculate_energy_and_activity(),270112322833.87585,single_datapoint,no_comment
7303,2017,09_ROK,turnover_rate,ldv,%,road,freight,ice,all,yearly,national,['manually_inputted_data $ guess'],1,0.39,manually_inputted_data $ guess,0.03,single_datapoint,no_comment
7304,2017,09_ROK,turnover_rate,ldv,%,road,passenger,ice,all,yearly,national,['manually_inputted_data $ guess'],1,0.39,manually_inputted_data $ guess,0.03,single_datapoint,no_comment
7305,2018,09_ROK,activity,ldv,passenger_km_or_freight_tonne_km,road,passenger,ice,all,yearly,national,['estimated $ calculate_energy_and_activity()'],1,2459237108808.6514,estimated $ calculate_energy_and_activity(),418802005298.97144,single_datapoint,no_comment
7306,2018,09_ROK,energy,ldv,pj,road,passenger,ice,all,yearly,national,['estimated $ calculate_energy_and_activity()'],1,4713.066434060769,estimated $ calculate_energy_and_activity(),802.6235724167838,single_datapoint,no_comment
7307,2018,09_ROK,new_vehicle_efficiency,ldv,km_per_pj,road,freight,ice,all,yearly,national,['avg_eff_no_outliers $ transport_data_system_9th'],1,4776513034.843043,avg_eff_no_outliers $ transport_data_system_9th,367424079.603311,single_datapoint,no_comment
7308,2018,09_ROK,new_vehicle_efficiency,ldv,km_per_pj,road,passenger,ice,all,yearly,national,['avg_eff_no_outliers $ transport_data_system_9th'],1,3086802010.889935,avg_eff_no_outliers $ transport_data_system_9th,237446308.529995,single_datapoint,no_comment
7309,2018,09_ROK,travel_km,ldv,km,road,passenger,ice,all,yearly,national,['estimated $ calculate_energy_and_activity()'],1,1639491405872.4343,estimated $ calculate_energy_and_activity(),279201336865.98096,single_datapoint,no_comment
7310,2018,09_ROK,turnover_rate,ldv,%,road,freight,ice,all,yearly,national,['manually_inputted_data $ guess'],1,0.39,manually_inputted_data $ guess,0.03,single_datapoint,no_comment
7311,2018,09_ROK,turnover_rate,ldv,%,road,passenger,ice,all,yearly,national,['manually_inputted_data $ guess'],1,0.39,manually_inputted_data $ guess,0.03,single_datapoint,no_comment
7312,2019,09_ROK,activity,ldv,passenger_km_or_freight_tonne_km,road,passenger,ice,all,yearly,national,['estimated $ calculate_energy_and_activity()'],1,2459237108808.6514,estimated $ calculate_energy_and_activity(),429250363093.301,single_datapoint,no_comment
7313,2019,09_ROK,energy,ldv,pj,road,passenger,ice,all,yearly,national,['estimated $ calculate_energy_and_activity()'],1,4713.066434060769,estimated $ calculate_energy_and_activity(),822.6475889034932,single_datapoint,no_comment
7314,2019,09_ROK,new_vehicle_efficiency,ldv,km_per_pj,road,freight,ice,all,yearly,national,['avg_eff_no_outliers $ transport_data_system_9th'],1,4776513034.843043,avg_eff_no_outliers $ transport_data_system_9th,367424079.603311,single_datapoint,no_comment
7315,2019,09_ROK,new_vehicle_efficiency,ldv,km_per_pj,road,passenger,ice,all,yearly,national,['avg_eff_no_outliers $ transport_data_system_9th'],1,3086802010.889935,avg_eff_no_outliers $ transport_data_system_9th,237446308.529995,single_datapoint,no_comment
7316,2019,09_ROK,travel_km,ldv,km,road,passenger,ice,all,yearly,national,['estimated $ calculate_energy_and_activity()'],1,1639491405872.4343,estimated $ calculate_energy_and_activity(),286166908728.8674,single_datapoint,no_comment
7317,2019,09_ROK,turnover_rate,ldv,%,road,freight,ice,all,yearly,national,['manually_inputted_data $ guess'],1,0.39,manually_inputted_data $ guess,0.03,single_datapoint,no_comment
7318,2019,09_ROK,turnover_rate,ldv,%,road,passenger,ice,all,yearly,national,['manually_inputted_data $ guess'],1,0.39,manually_inputted_data $ guess,0.03,single_datapoint,no_comment
7319,2020,09_ROK,activity,ldv,passenger_km_or_freight_tonne_km,road,passenger,ice,all,yearly,national,['estimated $ calculate_energy_and_activity()'],1,2459237108808.6514,estimated $ calculate_energy_and_activity(),443654012662.14905,single_datapoint,no_comment
7320,2020,09_ROK,energy,ldv,pj,road,passenger,ice,all,yearly,national,['estimated $ calculate_energy_and_activity()'],1,4713.066434060769,estimated $ calculate_energy_and_activity(),850.2518231872699,single_datapoint,no_comment
7321,2020,09_ROK,new_vehicle_efficiency,ldv,km_per_pj,road,freight,ice,all,yearly,national,['avg_eff_no_outliers $ transport_data_system_9th'],1,4776513034.843043,avg_eff_no_outliers $ transport_data_system_9th,367424079.603311,single_datapoint,no_comment
7322,2020,09_ROK,new_vehicle_efficiency,ldv,km_per_pj,road,passenger,ice,all,yearly,national,['avg_eff_no_outliers $ transport_data_system_9th'],1,3086802010.889935,avg_eff_no_outliers $ transport_data_system_9th,237446308.529995,single_datapoint,no_comment
7323,2020,09_ROK,travel_km,ldv,km,road,passenger,ice,all,yearly,national,['estimated $ calculate_energy_and_activity()'],1,1639491405872.4343,estimated $ calculate_energy_and_activity(),295769341774.76605,single_datapoint,no_comment
7324,2020,09_ROK,turnover_rate,ldv,%,road,freight,ice,all,yearly,national,['manually_inputted_data $ guess'],1,0.39,manually_inputted_data $ guess,0.03,single_datapoint,no_comment
7325,2020,09_ROK,turnover_rate,ldv,%,road,passenger,ice,all,yearly,national,['manually_inputted_data $ guess'],1,0.39,manually_inputted_data $ guess,0.03,single_datapoint,no_comment
7326,2021,09_ROK,new_vehicle_efficiency,ldv,km_per_pj,road,freight,ice,all,yearly,national,['avg_eff_no_outliers $ transport_data_system_9th'],1,4776513034.843043,avg_eff_no_outliers $ transport_data_system_9th,367424079.603311,single_datapoint,no_comment
7327,2021,09_ROK,new_vehicle_efficiency,ldv,km_per_pj,road,passenger,ice,all,yearly,national,['avg_eff_no_outliers $ transport_data_system_9th'],1,3086802010.889935,avg_eff_no_outliers $ transport_data_system_9th,237446308.529995,single_datapoint,no_comment
7328,2021,09_ROK,turnover_rate,ldv,%,road,freight,ice,all,yearly,national,['manually_inputted_data $ guess'],1,0.39,manually_inputted_data $ guess,0.03,single_datapoint,no_comment
7329,2021,09_ROK,turnover_rate,ldv,%,road,passenger,ice,all,yearly,national,['manually_inputted_data $ guess'],1,0.39,manually_inputted_data $ guess,0.03,single_datapoint,no_comment
7330,2022,09_ROK,new_vehicle_efficiency,ldv,km_per_pj,road,freight,ice,all,yearly,national,['avg_eff_no_outliers $ transport_data_system_9th'],1,4776513034.843043,avg_eff_no_outliers $ transport_data_system_9th,367424079.603311,single_datapoint,no_comment
7331,2022,09_ROK,new_vehicle_efficiency,ldv,km_per_pj,road,passenger,ice,all,yearly,national,['avg_eff_no_outliers $ transport_data_system_9th'],1,3086802010.889935,avg_eff_no_outliers $ transport_data_system_9th,237446308.529995,single_datapoint,no_comment
7332,2022,09_ROK,turnover_rate,ldv,%,road,freight,ice,all,yearly,national,['manually_inputted_data $ guess'],1,0.39,manually_inputted_data $ guess,0.03,single_datapoint,no_comment
7333,2022,09_ROK,turnover_rate,ldv,%,road,passenger,ice,all,yearly,national,['manually_inputted_data $ guess'],1,0.39,manually_inputted_data $ guess,0.03,single_datapoint,no_comment
7334,2010,09_ROK,new_vehicle_efficiency,ldv,km_per_pj,road,freight,lpg,all,yearly,national,['avg_eff_no_outliers $ transport_data_system_9th'],1,3668778329.1297708,avg_eff_no_outliers $ transport_data_system_9th,282213717.625367,single_datapoint,no_comment
7335,2010,09_ROK,new_vehicle_efficiency,ldv,km_per_pj,road,passenger,lpg,all,yearly,national,['avg_eff_no_outliers $ transport_data_system_9th'],1,4713924488.084526,avg_eff_no_outliers $ transport_data_system_9th,362609576.006502,single_datapoint,no_comment
7336,2010,09_ROK,turnover_rate,ldv,%,road,freight,lpg,all,yearly,national,['manually_inputted_data $ guess'],1,0.42,manually_inputted_data $ guess,0.03,manual,no_comment
7337,2010,09_ROK,turnover_rate,ldv,%,road,passenger,lpg,all,yearly,national,['manually_inputted_data $ guess'],1,0.42,manually_inputted_data $ guess,0.03,manual,no_comment
7338,2011,09_ROK,new_vehicle_efficiency,ldv,km_per_pj,road,freight,lpg,all,yearly,national,['avg_eff_no_outliers $ transport_data_system_9th'],1,3668778329.1297708,avg_eff_no_outliers $ transport_data_system_9th,282213717.625367,single_datapoint,no_comment
7339,2011,09_ROK,new_vehicle_efficiency,ldv,km_per_pj,road,passenger,lpg,all,yearly,national,['avg_eff_no_outliers $ transport_data_system_9th'],1,4713924488.084526,avg_eff_no_outliers $ transport_data_system_9th,362609576.006502,single_datapoint,no_comment
7340,2011,09_ROK,turnover_rate,ldv,%,road,freight,lpg,all,yearly,national,['manually_inputted_data $ guess'],1,0.42,manually_inputted_data $ guess,0.03,manual,no_comment
7341,2011,09_ROK,turnover_rate,ldv,%,road,passenger,lpg,all,yearly,national,['manually_inputted_data $ guess'],1,0.42,manually_inputted_data $ guess,0.03,manual,no_comment
7342,2012,09_ROK,new_vehicle_efficiency,ldv,km_per_pj,road,freight,lpg,all,yearly,national,['avg_eff_no_outliers $ transport_data_system_9th'],1,3668778329.1297708,avg_eff_no_outliers $ transport_data_system_9th,282213717.625367,single_datapoint,no_comment
7343,2012,09_ROK,new_vehicle_efficiency,ldv,km_per_pj,road,passenger,lpg,all,yearly,national,['avg_eff_no_outliers $ transport_data_system_9th'],1,4713924488.084526,avg_eff_no_outliers $ transport_data_system_9th,362609576.006502,single_datapoint,no_comment
7344,2012,09_ROK,turnover_rate,ldv,%,road,freight,lpg,all,yearly,national,['manually_inputted_data $ guess'],1,0.42,manually_inputted_data $ guess,0.03,manual,no_comment
7345,2012,09_ROK,turnover_rate,ldv,%,road,passenger,lpg,all,yearly,national,['manually_inputted_data $ guess'],1,0.42,manually_inputted_data $ guess,0.03,manual,no_comment
7346,2013,09_ROK,new_vehicle_efficiency,ldv,km_per_pj,road,freight,lpg,all,yearly,national,['avg_eff_no_outliers $ transport_data_system_9th'],1,3668778329.1297708,avg_eff_no_outliers $ transport_data_system_9th,282213717.625367,single_datapoint,no_comment
7347,2013,09_ROK,new_vehicle_efficiency,ldv,km_per_pj,road,passenger,lpg,all,yearly,national,['avg_eff_no_outliers $ transport_data_system_9th'],1,4713924488.084526,avg_eff_no_outliers $ transport_data_system_9th,362609576.006502,single_datapoint,no_comment
7348,2013,09_ROK,turnover_rate,ldv,%,road,freight,lpg,all,yearly,national,['manually_inputted_data $ guess'],1,0.42,manually_inputted_data $ guess,0.03,manual,no_comment
7349,2013,09_ROK,turnover_rate,ldv,%,road,passenger,lpg,all,yearly,national,['manually_inputted_data $ guess'],1,0.42,manually_inputted_data $ guess,0.03,manual,no_comment
7350,2014,09_ROK,new_vehicle_efficiency,ldv,km_per_pj,road,freight,lpg,all,yearly,national,['avg_eff_no_outliers $ transport_data_system_9th'],1,3668778329.1297708,avg_eff_no_outliers $ transport_data_system_9th,282213717.625367,single_datapoint,no_comment
7351,2014,09_ROK,new_vehicle_efficiency,ldv,km_per_pj,road,passenger,lpg,all,yearly,national,['avg_eff_no_outliers $ transport_data_system_9th'],1,4713924488.084526,avg_eff_no_outliers $ transport_data_system_9th,362609576.006502,single_datapoint,no_comment
7352,2014,09_ROK,turnover_rate,ldv,%,road,freight,lpg,all,yearly,national,['manually_inputted_data $ guess'],1,0.42,manually_inputted_data $ guess,0.03,manual,no_comment
7353,2014,09_ROK,turnover_rate,ldv,%,road,passenger,lpg,all,yearly,national,['manually_inputted_data $ guess'],1,0.42,manually_inputted_data $ guess,0.03,manual,no_comment
7354,2015,09_ROK,new_vehicle_efficiency,ldv,km_per_pj,road,freight,lpg,all,yearly,national,['avg_eff_no_outliers $ transport_data_system_9th'],1,3668778329.1297708,avg_eff_no_outliers $ transport_data_system_9th,282213717.625367,single_datapoint,no_comment
7355,2015,09_ROK,new_vehicle_efficiency,ldv,km_per_pj,road,passenger,lpg,all,yearly,national,['avg_eff_no_outliers $ transport_data_system_9th'],1,4713924488.084526,avg_eff_no_outliers $ transport_data_system_9th,362609576.006502,single_datapoint,no_comment
7356,2015,09_ROK,turnover_rate,ldv,%,road,freight,lpg,all,yearly,national,['manually_inputted_data $ guess'],1,0.42,manually_inputted_data $ guess,0.03,manual,no_comment
7357,2015,09_ROK,turnover_rate,ldv,%,road,passenger,lpg,all,yearly,national,['manually_inputted_data $ guess'],1,0.42,manually_inputted_data $ guess,0.03,manual,no_comment
7358,2016,09_ROK,new_vehicle_efficiency,ldv,km_per_pj,road,freight,lpg,all,yearly,national,['avg_eff_no_outliers $ transport_data_system_9th'],1,3668778329.1297708,avg_eff_no_outliers $ transport_data_system_9th,282213717.625367,single_datapoint,no_comment
7359,2016,09_ROK,new_vehicle_efficiency,ldv,km_per_pj,road,passenger,lpg,all,yearly,national,['avg_eff_no_outliers $ transport_data_system_9th'],1,4713924488.084526,avg_eff_no_outliers $ transport_data_system_9th,362609576.006502,single_datapoint,no_comment
7360,2016,09_ROK,turnover_rate,ldv,%,road,freight,lpg,all,yearly,national,['manually_inputted_data $ guess'],1,0.42,manually_inputted_data $ guess,0.03,manual,no_comment
7361,2016,09_ROK,turnover_rate,ldv,%,road,passenger,lpg,all,yearly,national,['manually_inputted_data $ guess'],1,0.42,manually_inputted_data $ guess,0.03,manual,no_comment
7362,2017,09_ROK,activity,ldv,passenger_km_or_freight_tonne_km,road,freight,lpg,all,yearly,national,"['8th_edition_transport_model $ reference', 'estimated $ calculate_energy_and_activity()']",2,647603331.0,estimated $ calculate_energy_and_activity(),106231425.0,manual,no_comment
7363,2017,09_ROK,activity,ldv,passenger_km_or_freight_tonne_km,road,passenger,lpg,all,yearly,national,"['8th_edition_transport_model $ reference', 'estimated $ calculate_energy_and_activity()']",2,125130992914.0,estimated $ calculate_energy_and_activity(),38687827500.0,manual,no_comment
7364,2017,09_ROK,energy,ldv,pj,road,freight,lpg,all,yearly,national,"['8th_edition_transport_model $ reference', 'estimated $ calculate_energy_and_activity()']",2,4.736790286151885,estimated $ calculate_energy_and_activity(),1.1569960521167109,manual,no_comment
7365,2017,09_ROK,energy,ldv,pj,road,passenger,lpg,all,yearly,national,"['8th_edition_transport_model $ reference', 'estimated $ calculate_energy_and_activity()']",2,157.00398297391524,estimated $ calculate_energy_and_activity(),74.1442541444549,manual,no_comment
7366,2017,09_ROK,new_vehicle_efficiency,ldv,km_per_pj,road,freight,lpg,all,yearly,national,['avg_eff_no_outliers $ transport_data_system_9th'],1,3668778329.1297708,avg_eff_no_outliers $ transport_data_system_9th,282213717.625367,single_datapoint,no_comment
7367,2017,09_ROK,new_vehicle_efficiency,ldv,km_per_pj,road,passenger,lpg,all,yearly,national,['avg_eff_no_outliers $ transport_data_system_9th'],1,4713924488.084526,avg_eff_no_outliers $ transport_data_system_9th,362609576.006502,single_datapoint,no_comment
7368,2017,09_ROK,travel_km,ldv,km,road,freight,lpg,all,yearly,national,['estimated $ calculate_energy_and_activity()'],1,291045000.0,estimated $ calculate_energy_and_activity(),291045000.0,single_datapoint,no_comment
7369,2017,09_ROK,travel_km,ldv,km,road,passenger,lpg,all,yearly,national,['estimated $ calculate_energy_and_activity()'],1,25791885000.0,estimated $ calculate_energy_and_activity(),25791885000.0,single_datapoint,no_comment
7370,2017,09_ROK,turnover_rate,ldv,%,road,freight,lpg,all,yearly,national,"['manually_inputted_data $ guess', 'turnover_rate_est']",2,0.42,manually_inputted_data $ guess,0.03,manual,no_comment
7371,2017,09_ROK,turnover_rate,ldv,%,road,passenger,lpg,all,yearly,national,"['manually_inputted_data $ guess', 'turnover_rate_est']",2,0.42,manually_inputted_data $ guess,0.03,manual,no_comment
7372,2018,09_ROK,new_vehicle_efficiency,ldv,km_per_pj,road,freight,lpg,all,yearly,national,['avg_eff_no_outliers $ transport_data_system_9th'],1,3668778329.1297708,avg_eff_no_outliers $ transport_data_system_9th,282213717.625367,single_datapoint,no_comment
7373,2018,09_ROK,new_vehicle_efficiency,ldv,km_per_pj,road,passenger,lpg,all,yearly,national,['avg_eff_no_outliers $ transport_data_system_9th'],1,4713924488.084526,avg_eff_no_outliers $ transport_data_system_9th,362609576.006502,single_datapoint,no_comment
7374,2018,09_ROK,turnover_rate,ldv,%,road,freight,lpg,all,yearly,national,['manually_inputted_data $ guess'],1,0.42,manually_inputted_data $ guess,0.03,manual,no_comment
7375,2018,09_ROK,turnover_rate,ldv,%,road,passenger,lpg,all,yearly,national,['manually_inputted_data $ guess'],1,0.42,manually_inputted_data $ guess,0.03,manual,no_comment
7376,2019,09_ROK,new_vehicle_efficiency,ldv,km_per_pj,road,freight,lpg,all,yearly,national,['avg_eff_no_outliers $ transport_data_system_9th'],1,3668778329.1297708,avg_eff_no_outliers $ transport_data_system_9th,282213717.625367,single_datapoint,no_comment
7377,2019,09_ROK,new_vehicle_efficiency,ldv,km_per_pj,road,passenger,lpg,all,yearly,national,['avg_eff_no_outliers $ transport_data_system_9th'],1,4713924488.084526,avg_eff_no_outliers $ transport_data_system_9th,362609576.006502,single_datapoint,no_comment
7378,2019,09_ROK,turnover_rate,ldv,%,road,freight,lpg,all,yearly,national,['manually_inputted_data $ guess'],1,0.42,manually_inputted_data $ guess,0.03,manual,no_comment
7379,2019,09_ROK,turnover_rate,ldv,%,road,passenger,lpg,all,yearly,national,['manually_inputted_data $ guess'],1,0.42,manually_inputted_data $ guess,0.03,manual,no_comment
7380,2020,09_ROK,new_vehicle_efficiency,ldv,km_per_pj,road,freight,lpg,all,yearly,national,['avg_eff_no_outliers $ transport_data_system_9th'],1,3668778329.1297708,avg_eff_no_outliers $ transport_data_system_9th,282213717.625367,single_datapoint,no_comment
7381,2020,09_ROK,new_vehicle_efficiency,ldv,km_per_pj,road,passenger,lpg,all,yearly,national,['avg_eff_no_outliers $ transport_data_system_9th'],1,4713924488.084526,avg_eff_no_outliers $ transport_data_system_9th,362609576.006502,single_datapoint,no_comment
7382,2020,09_ROK,turnover_rate,ldv,%,road,freight,lpg,all,yearly,national,['manually_inputted_data $ guess'],1,0.42,manually_inputted_data $ guess,0.03,manual,no_comment
7383,2020,09_ROK,turnover_rate,ldv,%,road,passenger,lpg,all,yearly,national,['manually_inputted_data $ guess'],1,0.42,manually_inputted_data $ guess,0.03,manual,no_comment
7384,2021,09_ROK,new_vehicle_efficiency,ldv,km_per_pj,road,freight,lpg,all,yearly,national,['avg_eff_no_outliers $ transport_data_system_9th'],1,3668778329.1297708,avg_eff_no_outliers $ transport_data_system_9th,282213717.625367,single_datapoint,no_comment
7385,2021,09_ROK,new_vehicle_efficiency,ldv,km_per_pj,road,passenger,lpg,all,yearly,national,['avg_eff_no_outliers $ transport_data_system_9th'],1,4713924488.084526,avg_eff_no_outliers $ transport_data_system_9th,362609576.006502,single_datapoint,no_comment
7386,2021,09_ROK,turnover_rate,ldv,%,road,freight,lpg,all,yearly,national,['manually_inputted_data $ guess'],1,0.42,manually_inputted_data $ guess,0.03,manual,no_comment
7387,2021,09_ROK,turnover_rate,ldv,%,road,passenger,lpg,all,yearly,national,['manually_inputted_data $ guess'],1,0.42,manually_inputted_data $ guess,0.03,manual,no_comment
7388,2022,09_ROK,new_vehicle_efficiency,ldv,km_per_pj,road,freight,lpg,all,yearly,national,['avg_eff_no_outliers $ transport_data_system_9th'],1,3668778329.1297708,avg_eff_no_outliers $ transport_data_system_9th,282213717.625367,single_datapoint,no_comment
7389,2022,09_ROK,new_vehicle_efficiency,ldv,km_per_pj,road,passenger,lpg,all,yearly,national,['avg_eff_no_outliers $ transport_data_system_9th'],1,4713924488.084526,avg_eff_no_outliers $ transport_data_system_9th,362609576.006502,single_datapoint,no_comment
7390,2022,09_ROK,turnover_rate,ldv,%,road,freight,lpg,all,yearly,national,['manually_inputted_data $ guess'],1,0.42,manually_inputted_data $ guess,0.03,manual,no_comment
7391,2022,09_ROK,turnover_rate,ldv,%,road,passenger,lpg,all,yearly,national,['manually_inputted_data $ guess'],1,0.42,manually_inputted_data $ guess,0.03,manual,no_comment
7392,2010,09_ROK,new_vehicle_efficiency,ldv,km_per_pj,road,freight,phev,all,yearly,national,['avg_eff_no_outliers $ transport_data_system_9th'],1,8979606259.303562,avg_eff_no_outliers $ transport_data_system_9th,690738943.023351,single_datapoint,no_comment
7393,2010,09_ROK,new_vehicle_efficiency,ldv,km_per_pj,road,passenger,phev,all,yearly,national,['avg_eff_no_outliers $ transport_data_system_9th'],1,5974718100.659283,avg_eff_no_outliers $ transport_data_system_9th,459593700.050714,single_datapoint,no_comment
7394,2010,09_ROK,turnover_rate,ldv,%,road,freight,phev,all,yearly,national,['manually_inputted_data $ guess'],1,0.39,manually_inputted_data $ guess,0.03,single_datapoint,no_comment
7395,2010,09_ROK,turnover_rate,ldv,%,road,passenger,phev,all,yearly,national,['manually_inputted_data $ guess'],1,0.39,manually_inputted_data $ guess,0.03,single_datapoint,no_comment
7396,2011,09_ROK,new_vehicle_efficiency,ldv,km_per_pj,road,freight,phev,all,yearly,national,['avg_eff_no_outliers $ transport_data_system_9th'],1,8979606259.303562,avg_eff_no_outliers $ transport_data_system_9th,690738943.023351,single_datapoint,no_comment
7397,2011,09_ROK,new_vehicle_efficiency,ldv,km_per_pj,road,passenger,phev,all,yearly,national,['avg_eff_no_outliers $ transport_data_system_9th'],1,5974718100.659283,avg_eff_no_outliers $ transport_data_system_9th,459593700.050714,single_datapoint,no_comment
7398,2011,09_ROK,turnover_rate,ldv,%,road,freight,phev,all,yearly,national,['manually_inputted_data $ guess'],1,0.39,manually_inputted_data $ guess,0.03,single_datapoint,no_comment
7399,2011,09_ROK,turnover_rate,ldv,%,road,passenger,phev,all,yearly,national,['manually_inputted_data $ guess'],1,0.39,manually_inputted_data $ guess,0.03,single_datapoint,no_comment
7400,2012,09_ROK,new_vehicle_efficiency,ldv,km_per_pj,road,freight,phev,all,yearly,national,['avg_eff_no_outliers $ transport_data_system_9th'],1,8979606259.303562,avg_eff_no_outliers $ transport_data_system_9th,690738943.023351,single_datapoint,no_comment
7401,2012,09_ROK,new_vehicle_efficiency,ldv,km_per_pj,road,passenger,phev,all,yearly,national,['avg_eff_no_outliers $ transport_data_system_9th'],1,5974718100.659283,avg_eff_no_outliers $ transport_data_system_9th,459593700.050714,single_datapoint,no_comment
7402,2012,09_ROK,turnover_rate,ldv,%,road,freight,phev,all,yearly,national,['manually_inputted_data $ guess'],1,0.39,manually_inputted_data $ guess,0.03,single_datapoint,no_comment
7403,2012,09_ROK,turnover_rate,ldv,%,road,passenger,phev,all,yearly,national,['manually_inputted_data $ guess'],1,0.39,manually_inputted_data $ guess,0.03,single_datapoint,no_comment
7404,2013,09_ROK,new_vehicle_efficiency,ldv,km_per_pj,road,freight,phev,all,yearly,national,['avg_eff_no_outliers $ transport_data_system_9th'],1,8979606259.303562,avg_eff_no_outliers $ transport_data_system_9th,690738943.023351,single_datapoint,no_comment
7405,2013,09_ROK,new_vehicle_efficiency,ldv,km_per_pj,road,passenger,phev,all,yearly,national,['avg_eff_no_outliers $ transport_data_system_9th'],1,5974718100.659283,avg_eff_no_outliers $ transport_data_system_9th,459593700.050714,single_datapoint,no_comment
7406,2013,09_ROK,turnover_rate,ldv,%,road,freight,phev,all,yearly,national,['manually_inputted_data $ guess'],1,0.39,manually_inputted_data $ guess,0.03,single_datapoint,no_comment
7407,2013,09_ROK,turnover_rate,ldv,%,road,passenger,phev,all,yearly,national,['manually_inputted_data $ guess'],1,0.39,manually_inputted_data $ guess,0.03,single_datapoint,no_comment
7408,2014,09_ROK,new_vehicle_efficiency,ldv,km_per_pj,road,freight,phev,all,yearly,national,['avg_eff_no_outliers $ transport_data_system_9th'],1,8979606259.303562,avg_eff_no_outliers $ transport_data_system_9th,690738943.023351,single_datapoint,no_comment
7409,2014,09_ROK,new_vehicle_efficiency,ldv,km_per_pj,road,passenger,phev,all,yearly,national,['avg_eff_no_outliers $ transport_data_system_9th'],1,5974718100.659283,avg_eff_no_outliers $ transport_data_system_9th,459593700.050714,single_datapoint,no_comment
7410,2014,09_ROK,turnover_rate,ldv,%,road,freight,phev,all,yearly,national,['manually_inputted_data $ guess'],1,0.39,manually_inputted_data $ guess,0.03,single_datapoint,no_comment
7411,2014,09_ROK,turnover_rate,ldv,%,road,passenger,phev,all,yearly,national,['manually_inputted_data $ guess'],1,0.39,manually_inputted_data $ guess,0.03,single_datapoint,no_comment
7412,2015,09_ROK,activity,ldv,passenger_km_or_freight_tonne_km,road,passenger,phev,all,yearly,national,['estimated $ calculate_energy_and_activity()'],1,3233925000.0,estimated $ calculate_energy_and_activity(),5625000.0,single_datapoint,no_comment
7413,2015,09_ROK,energy,ldv,pj,road,passenger,phev,all,yearly,national,['estimated $ calculate_energy_and_activity()'],1,3.5415636623188718,estimated $ calculate_energy_and_activity(),0.006160098209001029,single_datapoint,no_comment
7414,2015,09_ROK,new_vehicle_efficiency,ldv,km_per_pj,road,freight,phev,all,yearly,national,['avg_eff_no_outliers $ transport_data_system_9th'],1,8979606259.303562,avg_eff_no_outliers $ transport_data_system_9th,690738943.023351,single_datapoint,no_comment
7415,2015,09_ROK,new_vehicle_efficiency,ldv,km_per_pj,road,passenger,phev,all,yearly,national,['avg_eff_no_outliers $ transport_data_system_9th'],1,5974718100.659283,avg_eff_no_outliers $ transport_data_system_9th,459593700.050714,single_datapoint,no_comment
7416,2015,09_ROK,travel_km,ldv,km,road,passenger,phev,all,yearly,national,['estimated $ calculate_energy_and_activity()'],1,2155950000.0,estimated $ calculate_energy_and_activity(),3750000.0,single_datapoint,no_comment
7417,2015,09_ROK,turnover_rate,ldv,%,road,freight,phev,all,yearly,national,['manually_inputted_data $ guess'],1,0.39,manually_inputted_data $ guess,0.03,single_datapoint,no_comment
7418,2015,09_ROK,turnover_rate,ldv,%,road,passenger,phev,all,yearly,national,['manually_inputted_data $ guess'],1,0.39,manually_inputted_data $ guess,0.03,single_datapoint,no_comment
7419,2016,09_ROK,activity,ldv,passenger_km_or_freight_tonne_km,road,passenger,phev,all,yearly,national,['estimated $ calculate_energy_and_activity()'],1,3233925000.0,estimated $ calculate_energy_and_activity(),13050000.0,single_datapoint,no_comment
7420,2016,09_ROK,energy,ldv,pj,road,passenger,phev,all,yearly,national,['estimated $ calculate_energy_and_activity()'],1,3.5415636623188718,estimated $ calculate_energy_and_activity(),0.014291427844882389,single_datapoint,no_comment
7421,2016,09_ROK,new_vehicle_efficiency,ldv,km_per_pj,road,freight,phev,all,yearly,national,['avg_eff_no_outliers $ transport_data_system_9th'],1,8979606259.303562,avg_eff_no_outliers $ transport_data_system_9th,690738943.023351,single_datapoint,no_comment
7422,2016,09_ROK,new_vehicle_efficiency,ldv,km_per_pj,road,passenger,phev,all,yearly,national,['avg_eff_no_outliers $ transport_data_system_9th'],1,5974718100.659283,avg_eff_no_outliers $ transport_data_system_9th,459593700.050714,single_datapoint,no_comment
7423,2016,09_ROK,travel_km,ldv,km,road,passenger,phev,all,yearly,national,['estimated $ calculate_energy_and_activity()'],1,2155950000.0,estimated $ calculate_energy_and_activity(),8700000.0,single_datapoint,no_comment
7424,2016,09_ROK,turnover_rate,ldv,%,road,freight,phev,all,yearly,national,['manually_inputted_data $ guess'],1,0.39,manually_inputted_data $ guess,0.03,single_datapoint,no_comment
7425,2016,09_ROK,turnover_rate,ldv,%,road,passenger,phev,all,yearly,national,['manually_inputted_data $ guess'],1,0.39,manually_inputted_data $ guess,0.03,single_datapoint,no_comment
7426,2017,09_ROK,activity,ldv,passenger_km_or_freight_tonne_km,road,passenger,phev,all,yearly,national,['estimated $ calculate_energy_and_activity()'],1,3233925000.0,estimated $ calculate_energy_and_activity(),29250000.0,single_datapoint,no_comment
7427,2017,09_ROK,energy,ldv,pj,road,passenger,phev,all,yearly,national,['estimated $ calculate_energy_and_activity()'],1,3.5415636623188718,estimated $ calculate_energy_and_activity(),0.032032510686805356,single_datapoint,no_comment
7428,2017,09_ROK,new_vehicle_efficiency,ldv,km_per_pj,road,freight,phev,all,yearly,national,['avg_eff_no_outliers $ transport_data_system_9th'],1,8979606259.303562,avg_eff_no_outliers $ transport_data_system_9th,690738943.023351,single_datapoint,no_comment
7429,2017,09_ROK,new_vehicle_efficiency,ldv,km_per_pj,road,passenger,phev,all,yearly,national,['avg_eff_no_outliers $ transport_data_system_9th'],1,5974718100.659283,avg_eff_no_outliers $ transport_data_system_9th,459593700.050714,single_datapoint,no_comment
7430,2017,09_ROK,travel_km,ldv,km,road,passenger,phev,all,yearly,national,['estimated $ calculate_energy_and_activity()'],1,2155950000.0,estimated $ calculate_energy_and_activity(),19500000.0,single_datapoint,no_comment
7431,2017,09_ROK,turnover_rate,ldv,%,road,freight,phev,all,yearly,national,['manually_inputted_data $ guess'],1,0.39,manually_inputted_data $ guess,0.03,single_datapoint,no_comment
7432,2017,09_ROK,turnover_rate,ldv,%,road,passenger,phev,all,yearly,national,['manually_inputted_data $ guess'],1,0.39,manually_inputted_data $ guess,0.03,single_datapoint,no_comment
7433,2018,09_ROK,activity,ldv,passenger_km_or_freight_tonne_km,road,passenger,phev,all,yearly,national,['estimated $ calculate_energy_and_activity()'],1,3233925000.0,estimated $ calculate_energy_and_activity(),126000000.0,single_datapoint,no_comment
7434,2018,09_ROK,energy,ldv,pj,road,passenger,phev,all,yearly,national,['estimated $ calculate_energy_and_activity()'],1,3.5415636623188718,estimated $ calculate_energy_and_activity(),0.13798619988162306,single_datapoint,no_comment
7435,2018,09_ROK,new_vehicle_efficiency,ldv,km_per_pj,road,freight,phev,all,yearly,national,['avg_eff_no_outliers $ transport_data_system_9th'],1,8979606259.303562,avg_eff_no_outliers $ transport_data_system_9th,690738943.023351,single_datapoint,no_comment
7436,2018,09_ROK,new_vehicle_efficiency,ldv,km_per_pj,road,passenger,phev,all,yearly,national,['avg_eff_no_outliers $ transport_data_system_9th'],1,5974718100.659283,avg_eff_no_outliers $ transport_data_system_9th,459593700.050714,single_datapoint,no_comment
7437,2018,09_ROK,travel_km,ldv,km,road,passenger,phev,all,yearly,national,['estimated $ calculate_energy_and_activity()'],1,2155950000.0,estimated $ calculate_energy_and_activity(),84000000.0,single_datapoint,no_comment
7438,2018,09_ROK,turnover_rate,ldv,%,road,freight,phev,all,yearly,national,['manually_inputted_data $ guess'],1,0.39,manually_inputted_data $ guess,0.03,single_datapoint,no_comment
7439,2018,09_ROK,turnover_rate,ldv,%,road,passenger,phev,all,yearly,national,['manually_inputted_data $ guess'],1,0.39,manually_inputted_data $ guess,0.03,single_datapoint,no_comment
7440,2019,09_ROK,activity,ldv,passenger_km_or_freight_tonne_km,road,passenger,phev,all,yearly,national,['estimated $ calculate_energy_and_activity()'],1,3233925000.0,estimated $ calculate_energy_and_activity(),247500000.0,single_datapoint,no_comment
7441,2019,09_ROK,energy,ldv,pj,road,passenger,phev,all,yearly,national,['estimated $ calculate_energy_and_activity()'],1,3.5415636623188718,estimated $ calculate_energy_and_activity(),0.27104432119604527,single_datapoint,no_comment
7442,2019,09_ROK,new_vehicle_efficiency,ldv,km_per_pj,road,freight,phev,all,yearly,national,['avg_eff_no_outliers $ transport_data_system_9th'],1,8979606259.303562,avg_eff_no_outliers $ transport_data_system_9th,690738943.023351,single_datapoint,no_comment
7443,2019,09_ROK,new_vehicle_efficiency,ldv,km_per_pj,road,passenger,phev,all,yearly,national,['avg_eff_no_outliers $ transport_data_system_9th'],1,5974718100.659283,avg_eff_no_outliers $ transport_data_system_9th,459593700.050714,single_datapoint,no_comment
7444,2019,09_ROK,travel_km,ldv,km,road,passenger,phev,all,yearly,national,['estimated $ calculate_energy_and_activity()'],1,2155950000.0,estimated $ calculate_energy_and_activity(),165000000.0,single_datapoint,no_comment
7445,2019,09_ROK,turnover_rate,ldv,%,road,freight,phev,all,yearly,national,['manually_inputted_data $ guess'],1,0.39,manually_inputted_data $ guess,0.03,single_datapoint,no_comment
7446,2019,09_ROK,turnover_rate,ldv,%,road,passenger,phev,all,yearly,national,['manually_inputted_data $ guess'],1,0.39,manually_inputted_data $ guess,0.03,single_datapoint,no_comment
7447,2020,09_ROK,activity,ldv,passenger_km_or_freight_tonne_km,road,passenger,phev,all,yearly,national,['estimated $ calculate_energy_and_activity()'],1,3233925000.0,estimated $ calculate_energy_and_activity(),540000000.0,single_datapoint,no_comment
7448,2020,09_ROK,energy,ldv,pj,road,passenger,phev,all,yearly,national,['estimated $ calculate_energy_and_activity()'],1,3.5415636623188718,estimated $ calculate_energy_and_activity(),0.5913694280640989,single_datapoint,no_comment
7449,2020,09_ROK,new_vehicle_efficiency,ldv,km_per_pj,road,freight,phev,all,yearly,national,['avg_eff_no_outliers $ transport_data_system_9th'],1,8979606259.303562,avg_eff_no_outliers $ transport_data_system_9th,690738943.023351,single_datapoint,no_comment
7450,2020,09_ROK,new_vehicle_efficiency,ldv,km_per_pj,road,passenger,phev,all,yearly,national,['avg_eff_no_outliers $ transport_data_system_9th'],1,5974718100.659283,avg_eff_no_outliers $ transport_data_system_9th,459593700.050714,single_datapoint,no_comment
7451,2020,09_ROK,travel_km,ldv,km,road,passenger,phev,all,yearly,national,['estimated $ calculate_energy_and_activity()'],1,2155950000.0,estimated $ calculate_energy_and_activity(),360000000.0,single_datapoint,no_comment
7452,2020,09_ROK,turnover_rate,ldv,%,road,freight,phev,all,yearly,national,['manually_inputted_data $ guess'],1,0.39,manually_inputted_data $ guess,0.03,single_datapoint,no_comment
7453,2020,09_ROK,turnover_rate,ldv,%,road,passenger,phev,all,yearly,national,['manually_inputted_data $ guess'],1,0.39,manually_inputted_data $ guess,0.03,single_datapoint,no_comment
7454,2021,09_ROK,activity,ldv,passenger_km_or_freight_tonne_km,road,passenger,phev,all,yearly,national,['estimated $ calculate_energy_and_activity()'],1,3233925000.0,estimated $ calculate_energy_and_activity(),990000000.0,single_datapoint,no_comment
7455,2021,09_ROK,energy,ldv,pj,road,passenger,phev,all,yearly,national,['estimated $ calculate_energy_and_activity()'],1,3.5415636623188718,estimated $ calculate_energy_and_activity(),1.084177284784181,single_datapoint,no_comment
7456,2021,09_ROK,new_vehicle_efficiency,ldv,km_per_pj,road,freight,phev,all,yearly,national,['avg_eff_no_outliers $ transport_data_system_9th'],1,8979606259.303562,avg_eff_no_outliers $ transport_data_system_9th,690738943.023351,single_datapoint,no_comment
7457,2021,09_ROK,new_vehicle_efficiency,ldv,km_per_pj,road,passenger,phev,all,yearly,national,['avg_eff_no_outliers $ transport_data_system_9th'],1,5974718100.659283,avg_eff_no_outliers $ transport_data_system_9th,459593700.050714,single_datapoint,no_comment
7458,2021,09_ROK,travel_km,ldv,km,road,passenger,phev,all,yearly,national,['estimated $ calculate_energy_and_activity()'],1,2155950000.0,estimated $ calculate_energy_and_activity(),660000000.0,single_datapoint,no_comment
7459,2021,09_ROK,turnover_rate,ldv,%,road,freight,phev,all,yearly,national,['manually_inputted_data $ guess'],1,0.39,manually_inputted_data $ guess,0.03,single_datapoint,no_comment
7460,2021,09_ROK,turnover_rate,ldv,%,road,passenger,phev,all,yearly,national,['manually_inputted_data $ guess'],1,0.39,manually_inputted_data $ guess,0.03,single_datapoint,no_comment
7461,2022,09_ROK,activity,ldv,passenger_km_or_freight_tonne_km,road,passenger,phev,all,yearly,national,['estimated $ calculate_energy_and_activity()'],1,3233925000.0,estimated $ calculate_energy_and_activity(),1282500000.0,single_datapoint,no_comment
7462,2022,09_ROK,energy,ldv,pj,road,passenger,phev,all,yearly,national,['estimated $ calculate_energy_and_activity()'],1,3.5415636623188718,estimated $ calculate_energy_and_activity(),1.4045023916522348,single_datapoint,no_comment
7463,2022,09_ROK,new_vehicle_efficiency,ldv,km_per_pj,road,freight,phev,all,yearly,national,['avg_eff_no_outliers $ transport_data_system_9th'],1,8979606259.303562,avg_eff_no_outliers $ transport_data_system_9th,690738943.023351,single_datapoint,no_comment
7464,2022,09_ROK,new_vehicle_efficiency,ldv,km_per_pj,road,passenger,phev,all,yearly,national,['avg_eff_no_outliers $ transport_data_system_9th'],1,5974718100.659283,avg_eff_no_outliers $ transport_data_system_9th,459593700.050714,single_datapoint,no_comment
7465,2022,09_ROK,travel_km,ldv,km,road,passenger,phev,all,yearly,national,['estimated $ calculate_energy_and_activity()'],1,2155950000.0,estimated $ calculate_energy_and_activity(),855000000.0,single_datapoint,no_comment
7466,2022,09_ROK,turnover_rate,ldv,%,road,freight,phev,all,yearly,national,['manually_inputted_data $ guess'],1,0.39,manually_inputted_data $ guess,0.03,single_datapoint,no_comment
7467,2022,09_ROK,turnover_rate,ldv,%,road,passenger,phev,all,yearly,national,['manually_inputted_data $ guess'],1,0.39,manually_inputted_data $ guess,0.03,single_datapoint,no_comment
7468,2010,10_MAS,new_vehicle_efficiency,2w,km_per_pj,road,passenger,bev,all,yearly,national,['avg_eff_no_outliers $ transport_data_system_9th'],1,33137029391.83156,avg_eff_no_outliers $ transport_data_system_9th,2549002260.91012,single_datapoint,no_comment
7469,2010,10_MAS,turnover_rate,2w,%,road,passenger,bev,all,yearly,national,['manually_inputted_data $ guess'],1,0.42,manually_inputted_data $ guess,0.03,manual,no_comment
7470,2011,10_MAS,new_vehicle_efficiency,2w,km_per_pj,road,passenger,bev,all,yearly,national,['avg_eff_no_outliers $ transport_data_system_9th'],1,33137029391.83156,avg_eff_no_outliers $ transport_data_system_9th,2549002260.91012,single_datapoint,no_comment
7471,2011,10_MAS,turnover_rate,2w,%,road,passenger,bev,all,yearly,national,['manually_inputted_data $ guess'],1,0.42,manually_inputted_data $ guess,0.03,manual,no_comment
7472,2012,10_MAS,new_vehicle_efficiency,2w,km_per_pj,road,passenger,bev,all,yearly,national,['avg_eff_no_outliers $ transport_data_system_9th'],1,33137029391.83156,avg_eff_no_outliers $ transport_data_system_9th,2549002260.91012,single_datapoint,no_comment
7473,2012,10_MAS,turnover_rate,2w,%,road,passenger,bev,all,yearly,national,['manually_inputted_data $ guess'],1,0.42,manually_inputted_data $ guess,0.03,manual,no_comment
7474,2013,10_MAS,new_vehicle_efficiency,2w,km_per_pj,road,passenger,bev,all,yearly,national,['avg_eff_no_outliers $ transport_data_system_9th'],1,33137029391.83156,avg_eff_no_outliers $ transport_data_system_9th,2549002260.91012,single_datapoint,no_comment
7475,2013,10_MAS,turnover_rate,2w,%,road,passenger,bev,all,yearly,national,['manually_inputted_data $ guess'],1,0.42,manually_inputted_data $ guess,0.03,manual,no_comment
7476,2014,10_MAS,new_vehicle_efficiency,2w,km_per_pj,road,passenger,bev,all,yearly,national,['avg_eff_no_outliers $ transport_data_system_9th'],1,33137029391.83156,avg_eff_no_outliers $ transport_data_system_9th,2549002260.91012,single_datapoint,no_comment
7477,2014,10_MAS,turnover_rate,2w,%,road,passenger,bev,all,yearly,national,['manually_inputted_data $ guess'],1,0.42,manually_inputted_data $ guess,0.03,manual,no_comment
7478,2015,10_MAS,new_vehicle_efficiency,2w,km_per_pj,road,passenger,bev,all,yearly,national,['avg_eff_no_outliers $ transport_data_system_9th'],1,33137029391.83156,avg_eff_no_outliers $ transport_data_system_9th,2549002260.91012,single_datapoint,no_comment
7479,2015,10_MAS,turnover_rate,2w,%,road,passenger,bev,all,yearly,national,['manually_inputted_data $ guess'],1,0.42,manually_inputted_data $ guess,0.03,manual,no_comment
7480,2016,10_MAS,new_vehicle_efficiency,2w,km_per_pj,road,passenger,bev,all,yearly,national,['avg_eff_no_outliers $ transport_data_system_9th'],1,33137029391.83156,avg_eff_no_outliers $ transport_data_system_9th,2549002260.91012,single_datapoint,no_comment
7481,2016,10_MAS,turnover_rate,2w,%,road,passenger,bev,all,yearly,national,['manually_inputted_data $ guess'],1,0.42,manually_inputted_data $ guess,0.03,manual,no_comment
7482,2017,10_MAS,activity,2w,passenger_km_or_freight_tonne_km,road,passenger,bev,all,yearly,national,"['8th_edition_transport_model $ reference', 'estimated $ calculate_energy_and_activity()']",2,138329262.65378073,8th_edition_transport_model $ reference,33892512.653780706,manual,no_comment
7483,2017,10_MAS,energy,2w,pj,road,passenger,bev,all,yearly,national,"['8th_edition_transport_model $ reference', 'estimated $ calculate_energy_and_activity()']",2,0.050773515786705414,estimated $ calculate_energy_and_activity(),0.04288937577525921,manual,no_comment
7484,2017,10_MAS,new_vehicle_efficiency,2w,km_per_pj,road,passenger,bev,all,yearly,national,['avg_eff_no_outliers $ transport_data_system_9th'],1,33137029391.83156,avg_eff_no_outliers $ transport_data_system_9th,2549002260.91012,single_datapoint,no_comment
7485,2017,10_MAS,travel_km,2w,km,road,passenger,bev,all,yearly,national,['estimated $ calculate_energy_and_activity()'],1,94942500.0,estimated $ calculate_energy_and_activity(),94942500.0,single_datapoint,no_comment
7486,2017,10_MAS,turnover_rate,2w,%,road,passenger,bev,all,yearly,national,"['manually_inputted_data $ guess', 'turnover_rate_est']",2,0.42,manually_inputted_data $ guess,0.03,manual,no_comment
7487,2018,10_MAS,new_vehicle_efficiency,2w,km_per_pj,road,passenger,bev,all,yearly,national,['avg_eff_no_outliers $ transport_data_system_9th'],1,33137029391.83156,avg_eff_no_outliers $ transport_data_system_9th,2549002260.91012,single_datapoint,no_comment
7488,2018,10_MAS,turnover_rate,2w,%,road,passenger,bev,all,yearly,national,['manually_inputted_data $ guess'],1,0.42,manually_inputted_data $ guess,0.03,manual,no_comment
7489,2019,10_MAS,new_vehicle_efficiency,2w,km_per_pj,road,passenger,bev,all,yearly,national,['avg_eff_no_outliers $ transport_data_system_9th'],1,33137029391.83156,avg_eff_no_outliers $ transport_data_system_9th,2549002260.91012,single_datapoint,no_comment
7490,2019,10_MAS,turnover_rate,2w,%,road,passenger,bev,all,yearly,national,['manually_inputted_data $ guess'],1,0.42,manually_inputted_data $ guess,0.03,manual,no_comment
7491,2020,10_MAS,new_vehicle_efficiency,2w,km_per_pj,road,passenger,bev,all,yearly,national,['avg_eff_no_outliers $ transport_data_system_9th'],1,33137029391.83156,avg_eff_no_outliers $ transport_data_system_9th,2549002260.91012,single_datapoint,no_comment
7492,2020,10_MAS,turnover_rate,2w,%,road,passenger,bev,all,yearly,national,['manually_inputted_data $ guess'],1,0.42,manually_inputted_data $ guess,0.03,manual,no_comment
7493,2021,10_MAS,new_vehicle_efficiency,2w,km_per_pj,road,passenger,bev,all,yearly,national,['avg_eff_no_outliers $ transport_data_system_9th'],1,33137029391.83156,avg_eff_no_outliers $ transport_data_system_9th,2549002260.91012,single_datapoint,no_comment
7494,2021,10_MAS,turnover_rate,2w,%,road,passenger,bev,all,yearly,national,['manually_inputted_data $ guess'],1,0.42,manually_inputted_data $ guess,0.03,manual,no_comment
7495,2022,10_MAS,new_vehicle_efficiency,2w,km_per_pj,road,passenger,bev,all,yearly,national,['avg_eff_no_outliers $ transport_data_system_9th'],1,33137029391.83156,avg_eff_no_outliers $ transport_data_system_9th,2549002260.91012,single_datapoint,no_comment
7496,2022,10_MAS,turnover_rate,2w,%,road,passenger,bev,all,yearly,national,['manually_inputted_data $ guess'],1,0.42,manually_inputted_data $ guess,0.03,manual,no_comment
7497,2010,10_MAS,activity,2w,passenger_km_or_freight_tonne_km,road,passenger,ice,all,yearly,national,['estimated $ calculate_energy_and_activity()'],1,1097632164750.0001,estimated $ calculate_energy_and_activity(),77895732750.0,single_datapoint,no_comment
7498,2010,10_MAS,energy,2w,pj,road,passenger,ice,all,yearly,national,['estimated $ calculate_energy_and_activity()'],1,1577.6884508509595,estimated $ calculate_energy_and_activity(),111.96391822048949,single_datapoint,no_comment
7499,2010,10_MAS,new_vehicle_efficiency,2w,km_per_pj,road,passenger,ice,all,yearly,national,['avg_eff_no_outliers $ transport_data_system_9th'],1,7669072338.574219,avg_eff_no_outliers $ transport_data_system_9th,589928641.428786,single_datapoint,no_comment
7500,2010,10_MAS,travel_km,2w,km,road,passenger,ice,all,yearly,national,['estimated $ calculate_energy_and_activity()'],1,997847422500.0,estimated $ calculate_energy_and_activity(),70814302500.0,single_datapoint,no_comment
7501,2010,10_MAS,turnover_rate,2w,%,road,passenger,ice,all,yearly,national,['manually_inputted_data $ guess'],1,0.39,manually_inputted_data $ guess,0.03,single_datapoint,no_comment
7502,2011,10_MAS,activity,2w,passenger_km_or_freight_tonne_km,road,passenger,ice,all,yearly,national,['estimated $ calculate_energy_and_activity()'],1,1097632164750.0001,estimated $ calculate_energy_and_activity(),82085635500.0,single_datapoint,no_comment
7503,2011,10_MAS,energy,2w,pj,road,passenger,ice,all,yearly,national,['estimated $ calculate_energy_and_activity()'],1,1577.6884508509595,estimated $ calculate_energy_and_activity(),117.98630111992763,single_datapoint,no_comment
7504,2011,10_MAS,new_vehicle_efficiency,2w,km_per_pj,road,passenger,ice,all,yearly,national,['avg_eff_no_outliers $ transport_data_system_9th'],1,7669072338.574219,avg_eff_no_outliers $ transport_data_system_9th,589928641.428786,single_datapoint,no_comment
7505,2011,10_MAS,travel_km,2w,km,road,passenger,ice,all,yearly,national,['estimated $ calculate_energy_and_activity()'],1,997847422500.0,estimated $ calculate_energy_and_activity(),74623305000.0,single_datapoint,no_comment
7506,2011,10_MAS,turnover_rate,2w,%,road,passenger,ice,all,yearly,national,['manually_inputted_data $ guess'],1,0.39,manually_inputted_data $ guess,0.03,single_datapoint,no_comment
7507,2012,10_MAS,activity,2w,passenger_km_or_freight_tonne_km,road,passenger,ice,all,yearly,national,['estimated $ calculate_energy_and_activity()'],1,1097632164750.0001,estimated $ calculate_energy_and_activity(),87114802500.0,single_datapoint,no_comment
7508,2012,10_MAS,energy,2w,pj,road,passenger,ice,all,yearly,national,['estimated $ calculate_energy_and_activity()'],1,1577.6884508509595,estimated $ calculate_energy_and_activity(),125.21500573346995,single_datapoint,no_comment
7509,2012,10_MAS,new_vehicle_efficiency,2w,km_per_pj,road,passenger,ice,all,yearly,national,['avg_eff_no_outliers $ transport_data_system_9th'],1,7669072338.574219,avg_eff_no_outliers $ transport_data_system_9th,589928641.428786,single_datapoint,no_comment
7510,2012,10_MAS,travel_km,2w,km,road,passenger,ice,all,yearly,national,['estimated $ calculate_energy_and_activity()'],1,997847422500.0,estimated $ calculate_energy_and_activity(),79195275000.0,single_datapoint,no_comment
7511,2012,10_MAS,turnover_rate,2w,%,road,passenger,ice,all,yearly,national,['manually_inputted_data $ guess'],1,0.39,manually_inputted_data $ guess,0.03,single_datapoint,no_comment
7512,2013,10_MAS,activity,2w,passenger_km_or_freight_tonne_km,road,passenger,ice,all,yearly,national,['estimated $ calculate_energy_and_activity()'],1,1097632164750.0001,estimated $ calculate_energy_and_activity(),91474993500.0,single_datapoint,no_comment
7513,2013,10_MAS,energy,2w,pj,road,passenger,ice,all,yearly,national,['estimated $ calculate_energy_and_activity()'],1,1577.6884508509595,estimated $ calculate_energy_and_activity(),131.48215351313718,single_datapoint,no_comment
7514,2013,10_MAS,new_vehicle_efficiency,2w,km_per_pj,road,passenger,ice,all,yearly,national,['avg_eff_no_outliers $ transport_data_system_9th'],1,7669072338.574219,avg_eff_no_outliers $ transport_data_system_9th,589928641.428786,single_datapoint,no_comment
7515,2013,10_MAS,travel_km,2w,km,road,passenger,ice,all,yearly,national,['estimated $ calculate_energy_and_activity()'],1,997847422500.0,estimated $ calculate_energy_and_activity(),83159085000.0,single_datapoint,no_comment
7516,2013,10_MAS,turnover_rate,2w,%,road,passenger,ice,all,yearly,national,['manually_inputted_data $ guess'],1,0.39,manually_inputted_data $ guess,0.03,single_datapoint,no_comment
7517,2014,10_MAS,activity,2w,passenger_km_or_freight_tonne_km,road,passenger,ice,all,yearly,national,['estimated $ calculate_energy_and_activity()'],1,1097632164750.0001,estimated $ calculate_energy_and_activity(),95941436250.00002,single_datapoint,no_comment
7518,2014,10_MAS,energy,2w,pj,road,passenger,ice,all,yearly,national,['estimated $ calculate_energy_and_activity()'],1,1577.6884508509595,estimated $ calculate_energy_and_activity(),137.90202290960931,single_datapoint,no_comment
7519,2014,10_MAS,new_vehicle_efficiency,2w,km_per_pj,road,passenger,ice,all,yearly,national,['avg_eff_no_outliers $ transport_data_system_9th'],1,7669072338.574219,avg_eff_no_outliers $ transport_data_system_9th,589928641.428786,single_datapoint,no_comment
7520,2014,10_MAS,travel_km,2w,km,road,passenger,ice,all,yearly,national,['estimated $ calculate_energy_and_activity()'],1,997847422500.0,estimated $ calculate_energy_and_activity(),87219487500.0,single_datapoint,no_comment
7521,2014,10_MAS,turnover_rate,2w,%,road,passenger,ice,all,yearly,national,['manually_inputted_data $ guess'],1,0.39,manually_inputted_data $ guess,0.03,single_datapoint,no_comment
7522,2015,10_MAS,activity,2w,passenger_km_or_freight_tonne_km,road,passenger,ice,all,yearly,national,['estimated $ calculate_energy_and_activity()'],1,1097632164750.0001,estimated $ calculate_energy_and_activity(),97941492000.00002,single_datapoint,no_comment
7523,2015,10_MAS,energy,2w,pj,road,passenger,ice,all,yearly,national,['estimated $ calculate_energy_and_activity()'],1,1577.6884508509595,estimated $ calculate_energy_and_activity(),140.776815539754,single_datapoint,no_comment
7524,2015,10_MAS,new_vehicle_efficiency,2w,km_per_pj,road,passenger,ice,all,yearly,national,['avg_eff_no_outliers $ transport_data_system_9th'],1,7669072338.574219,avg_eff_no_outliers $ transport_data_system_9th,589928641.428786,single_datapoint,no_comment
7525,2015,10_MAS,travel_km,2w,km,road,passenger,ice,all,yearly,national,['estimated $ calculate_energy_and_activity()'],1,997847422500.0,estimated $ calculate_energy_and_activity(),89037720000.0,single_datapoint,no_comment
7526,2015,10_MAS,turnover_rate,2w,%,road,passenger,ice,all,yearly,national,['manually_inputted_data $ guess'],1,0.39,manually_inputted_data $ guess,0.03,single_datapoint,no_comment
7527,2016,10_MAS,activity,2w,passenger_km_or_freight_tonne_km,road,passenger,ice,all,yearly,national,['estimated $ calculate_energy_and_activity()'],1,1097632164750.0001,estimated $ calculate_energy_and_activity(),104587065000.00002,single_datapoint,no_comment
7528,2016,10_MAS,energy,2w,pj,road,passenger,ice,all,yearly,national,['estimated $ calculate_energy_and_activity()'],1,1577.6884508509595,estimated $ calculate_energy_and_activity(),150.32887141794066,single_datapoint,no_comment
7529,2016,10_MAS,new_vehicle_efficiency,2w,km_per_pj,road,passenger,ice,all,yearly,national,['avg_eff_no_outliers $ transport_data_system_9th'],1,7669072338.574219,avg_eff_no_outliers $ transport_data_system_9th,589928641.428786,single_datapoint,no_comment
7530,2016,10_MAS,travel_km,2w,km,road,passenger,ice,all,yearly,national,['estimated $ calculate_energy_and_activity()'],1,997847422500.0,estimated $ calculate_energy_and_activity(),95079150000.0,single_datapoint,no_comment
7531,2016,10_MAS,turnover_rate,2w,%,road,passenger,ice,all,yearly,national,['manually_inputted_data $ guess'],1,0.39,manually_inputted_data $ guess,0.03,single_datapoint,no_comment
7532,2017,10_MAS,activity,2w,passenger_km_or_freight_tonne_km,road,passenger,ice,all,yearly,national,['estimated $ calculate_energy_and_activity()'],1,1097632164750.0001,estimated $ calculate_energy_and_activity(),106332765000.00002,single_datapoint,no_comment
7533,2017,10_MAS,energy,2w,pj,road,passenger,ice,all,yearly,national,['estimated $ calculate_energy_and_activity()'],1,1577.6884508509595,estimated $ calculate_energy_and_activity(),152.83806422141305,single_datapoint,no_comment
7534,2017,10_MAS,new_vehicle_efficiency,2w,km_per_pj,road,passenger,ice,all,yearly,national,['avg_eff_no_outliers $ transport_data_system_9th'],1,7669072338.574219,avg_eff_no_outliers $ transport_data_system_9th,589928641.428786,single_datapoint,no_comment
7535,2017,10_MAS,travel_km,2w,km,road,passenger,ice,all,yearly,national,['estimated $ calculate_energy_and_activity()'],1,997847422500.0,estimated $ calculate_energy_and_activity(),96666150000.0,single_datapoint,no_comment
7536,2017,10_MAS,turnover_rate,2w,%,road,passenger,ice,all,yearly,national,['manually_inputted_data $ guess'],1,0.39,manually_inputted_data $ guess,0.03,single_datapoint,no_comment
7537,2018,10_MAS,activity,2w,passenger_km_or_freight_tonne_km,road,passenger,ice,all,yearly,national,['estimated $ calculate_energy_and_activity()'],1,1097632164750.0001,estimated $ calculate_energy_and_activity(),113243905500.00002,single_datapoint,no_comment
7538,2018,10_MAS,energy,2w,pj,road,passenger,ice,all,yearly,national,['estimated $ calculate_energy_and_activity()'],1,1577.6884508509595,estimated $ calculate_energy_and_activity(),162.7718352051941,single_datapoint,no_comment
7539,2018,10_MAS,new_vehicle_efficiency,2w,km_per_pj,road,passenger,ice,all,yearly,national,['avg_eff_no_outliers $ transport_data_system_9th'],1,7669072338.574219,avg_eff_no_outliers $ transport_data_system_9th,589928641.428786,single_datapoint,no_comment
7540,2018,10_MAS,travel_km,2w,km,road,passenger,ice,all,yearly,national,['estimated $ calculate_energy_and_activity()'],1,997847422500.0,estimated $ calculate_energy_and_activity(),102949005000.0,single_datapoint,no_comment
7541,2018,10_MAS,turnover_rate,2w,%,road,passenger,ice,all,yearly,national,['manually_inputted_data $ guess'],1,0.39,manually_inputted_data $ guess,0.03,single_datapoint,no_comment
7542,2019,10_MAS,activity,2w,passenger_km_or_freight_tonne_km,road,passenger,ice,all,yearly,national,['estimated $ calculate_energy_and_activity()'],1,1097632164750.0001,estimated $ calculate_energy_and_activity(),118158760500.00002,single_datapoint,no_comment
7543,2019,10_MAS,energy,2w,pj,road,passenger,ice,all,yearly,national,['estimated $ calculate_energy_and_activity()'],1,1577.6884508509595,estimated $ calculate_energy_and_activity(),169.83623275122736,single_datapoint,no_comment
7544,2019,10_MAS,new_vehicle_efficiency,2w,km_per_pj,road,passenger,ice,all,yearly,national,['avg_eff_no_outliers $ transport_data_system_9th'],1,7669072338.574219,avg_eff_no_outliers $ transport_data_system_9th,589928641.428786,single_datapoint,no_comment
7545,2019,10_MAS,travel_km,2w,km,road,passenger,ice,all,yearly,national,['estimated $ calculate_energy_and_activity()'],1,997847422500.0,estimated $ calculate_energy_and_activity(),107417055000.0,single_datapoint,no_comment
7546,2019,10_MAS,turnover_rate,2w,%,road,passenger,ice,all,yearly,national,['manually_inputted_data $ guess'],1,0.39,manually_inputted_data $ guess,0.03,single_datapoint,no_comment
7547,2020,10_MAS,activity,2w,passenger_km_or_freight_tonne_km,road,passenger,ice,all,yearly,national,['estimated $ calculate_energy_and_activity()'],1,1097632164750.0001,estimated $ calculate_energy_and_activity(),122855576250.00002,single_datapoint,no_comment
7548,2020,10_MAS,energy,2w,pj,road,passenger,ice,all,yearly,national,['estimated $ calculate_energy_and_activity()'],1,1577.6884508509595,estimated $ calculate_energy_and_activity(),176.5872302187967,single_datapoint,no_comment
7549,2020,10_MAS,new_vehicle_efficiency,2w,km_per_pj,road,passenger,ice,all,yearly,national,['avg_eff_no_outliers $ transport_data_system_9th'],1,7669072338.574219,avg_eff_no_outliers $ transport_data_system_9th,589928641.428786,single_datapoint,no_comment
7550,2020,10_MAS,travel_km,2w,km,road,passenger,ice,all,yearly,national,['estimated $ calculate_energy_and_activity()'],1,997847422500.0,estimated $ calculate_energy_and_activity(),111686887500.0,single_datapoint,no_comment
7551,2020,10_MAS,turnover_rate,2w,%,road,passenger,ice,all,yearly,national,['manually_inputted_data $ guess'],1,0.39,manually_inputted_data $ guess,0.03,single_datapoint,no_comment
7552,2021,10_MAS,new_vehicle_efficiency,2w,km_per_pj,road,passenger,ice,all,yearly,national,['avg_eff_no_outliers $ transport_data_system_9th'],1,7669072338.574219,avg_eff_no_outliers $ transport_data_system_9th,589928641.428786,single_datapoint,no_comment
7553,2021,10_MAS,turnover_rate,2w,%,road,passenger,ice,all,yearly,national,['manually_inputted_data $ guess'],1,0.39,manually_inputted_data $ guess,0.03,single_datapoint,no_comment
7554,2022,10_MAS,new_vehicle_efficiency,2w,km_per_pj,road,passenger,ice,all,yearly,national,['avg_eff_no_outliers $ transport_data_system_9th'],1,7669072338.574219,avg_eff_no_outliers $ transport_data_system_9th,589928641.428786,single_datapoint,no_comment
7555,2022,10_MAS,turnover_rate,2w,%,road,passenger,ice,all,yearly,national,['manually_inputted_data $ guess'],1,0.39,manually_inputted_data $ guess,0.03,single_datapoint,no_comment
7556,2010,10_MAS,intensity,all,pj_per_passenger_or_freight_tonne_km,air,freight,all,all,yearly,national,['manually_inputted_data $ energy-intensity-of-passenger-transport-modes-2018'],1,4.0300000000000004e-08,manually_inputted_data $ energy-intensity-of-passenger-transport-modes-2018,3.1e-09,single_datapoint,assumed_to_be_same_as_passenger_air_because_of_lack_of_data
7557,2010,10_MAS,intensity,all,pj_per_passenger_or_freight_tonne_km,rail,freight,all,all,yearly,national,['manually_inputted_data $ iea_howtocalculatetheindicatorsforthetransportsectors.pdf'],1,2.86e-09,manually_inputted_data $ iea_howtocalculatetheindicatorsforthetransportsectors.pdf,2.2e-10,single_datapoint,from_how_to_calculate_the_indicators_for_the_transport_sector
7558,2010,10_MAS,intensity,all,pj_per_passenger_or_freight_tonne_km,ship,freight,all,all,yearly,national,['manually_inputted_data $ iea_howtocalculatetheindicatorsforthetransportsectors.pdf'],1,7.02e-09,manually_inputted_data $ iea_howtocalculatetheindicatorsforthetransportsectors.pdf,5.4e-10,single_datapoint,from_how_to_calculate_the_indicators_for_the_transport_sector
7559,2010,10_MAS,intensity,all,pj_per_passenger_or_freight_tonne_km,air,passenger,all,all,yearly,national,['manually_inputted_data $ energy-intensity-of-passenger-transport-modes-2018'],1,4.0300000000000004e-08,manually_inputted_data $ energy-intensity-of-passenger-transport-modes-2018,3.1e-09,single_datapoint,no_comment
7560,2010,10_MAS,intensity,all,pj_per_passenger_or_freight_tonne_km,rail,passenger,all,all,yearly,national,['manually_inputted_data $ energy-intensity-of-passenger-transport-modes-2018'],1,2.6e-09,manually_inputted_data $ energy-intensity-of-passenger-transport-modes-2018,2e-10,single_datapoint,no_comment
7561,2010,10_MAS,intensity,all,pj_per_passenger_or_freight_tonne_km,ship,passenger,all,all,yearly,national,['manually_inputted_data $ iea_howtocalculatetheindicatorsforthetransportsectors.pdf'],1,7.02e-09,manually_inputted_data $ iea_howtocalculatetheindicatorsforthetransportsectors.pdf,5.4e-10,single_datapoint,assumed_to_be_the_same_as_ship_freight_from_iea_how_to
7562,2011,10_MAS,intensity,all,pj_per_passenger_or_freight_tonne_km,air,freight,all,all,yearly,national,['manually_inputted_data $ energy-intensity-of-passenger-transport-modes-2018'],1,4.0300000000000004e-08,manually_inputted_data $ energy-intensity-of-passenger-transport-modes-2018,3.1e-09,single_datapoint,assumed_to_be_same_as_passenger_air_because_of_lack_of_data
7563,2011,10_MAS,intensity,all,pj_per_passenger_or_freight_tonne_km,rail,freight,all,all,yearly,national,['manually_inputted_data $ iea_howtocalculatetheindicatorsforthetransportsectors.pdf'],1,2.86e-09,manually_inputted_data $ iea_howtocalculatetheindicatorsforthetransportsectors.pdf,2.2e-10,single_datapoint,from_how_to_calculate_the_indicators_for_the_transport_sector
7564,2011,10_MAS,intensity,all,pj_per_passenger_or_freight_tonne_km,ship,freight,all,all,yearly,national,['manually_inputted_data $ iea_howtocalculatetheindicatorsforthetransportsectors.pdf'],1,7.02e-09,manually_inputted_data $ iea_howtocalculatetheindicatorsforthetransportsectors.pdf,5.4e-10,single_datapoint,from_how_to_calculate_the_indicators_for_the_transport_sector
7565,2011,10_MAS,intensity,all,pj_per_passenger_or_freight_tonne_km,air,passenger,all,all,yearly,national,['manually_inputted_data $ energy-intensity-of-passenger-transport-modes-2018'],1,4.0300000000000004e-08,manually_inputted_data $ energy-intensity-of-passenger-transport-modes-2018,3.1e-09,single_datapoint,no_comment
7566,2011,10_MAS,intensity,all,pj_per_passenger_or_freight_tonne_km,rail,passenger,all,all,yearly,national,['manually_inputted_data $ energy-intensity-of-passenger-transport-modes-2018'],1,2.6e-09,manually_inputted_data $ energy-intensity-of-passenger-transport-modes-2018,2e-10,single_datapoint,no_comment
7567,2011,10_MAS,intensity,all,pj_per_passenger_or_freight_tonne_km,ship,passenger,all,all,yearly,national,['manually_inputted_data $ iea_howtocalculatetheindicatorsforthetransportsectors.pdf'],1,7.02e-09,manually_inputted_data $ iea_howtocalculatetheindicatorsforthetransportsectors.pdf,5.4e-10,single_datapoint,assumed_to_be_the_same_as_ship_freight_from_iea_how_to
7568,2012,10_MAS,intensity,all,pj_per_passenger_or_freight_tonne_km,air,freight,all,all,yearly,national,['manually_inputted_data $ energy-intensity-of-passenger-transport-modes-2018'],1,4.0300000000000004e-08,manually_inputted_data $ energy-intensity-of-passenger-transport-modes-2018,3.1e-09,single_datapoint,assumed_to_be_same_as_passenger_air_because_of_lack_of_data
7569,2012,10_MAS,intensity,all,pj_per_passenger_or_freight_tonne_km,rail,freight,all,all,yearly,national,['manually_inputted_data $ iea_howtocalculatetheindicatorsforthetransportsectors.pdf'],1,2.86e-09,manually_inputted_data $ iea_howtocalculatetheindicatorsforthetransportsectors.pdf,2.2e-10,single_datapoint,from_how_to_calculate_the_indicators_for_the_transport_sector
7570,2012,10_MAS,intensity,all,pj_per_passenger_or_freight_tonne_km,ship,freight,all,all,yearly,national,['manually_inputted_data $ iea_howtocalculatetheindicatorsforthetransportsectors.pdf'],1,7.02e-09,manually_inputted_data $ iea_howtocalculatetheindicatorsforthetransportsectors.pdf,5.4e-10,single_datapoint,from_how_to_calculate_the_indicators_for_the_transport_sector
7571,2012,10_MAS,intensity,all,pj_per_passenger_or_freight_tonne_km,air,passenger,all,all,yearly,national,['manually_inputted_data $ energy-intensity-of-passenger-transport-modes-2018'],1,4.0300000000000004e-08,manually_inputted_data $ energy-intensity-of-passenger-transport-modes-2018,3.1e-09,single_datapoint,no_comment
7572,2012,10_MAS,intensity,all,pj_per_passenger_or_freight_tonne_km,rail,passenger,all,all,yearly,national,['manually_inputted_data $ energy-intensity-of-passenger-transport-modes-2018'],1,2.6e-09,manually_inputted_data $ energy-intensity-of-passenger-transport-modes-2018,2e-10,single_datapoint,no_comment
7573,2012,10_MAS,intensity,all,pj_per_passenger_or_freight_tonne_km,ship,passenger,all,all,yearly,national,['manually_inputted_data $ iea_howtocalculatetheindicatorsforthetransportsectors.pdf'],1,7.02e-09,manually_inputted_data $ iea_howtocalculatetheindicatorsforthetransportsectors.pdf,5.4e-10,single_datapoint,assumed_to_be_the_same_as_ship_freight_from_iea_how_to
7574,2013,10_MAS,intensity,all,pj_per_passenger_or_freight_tonne_km,air,freight,all,all,yearly,national,['manually_inputted_data $ energy-intensity-of-passenger-transport-modes-2018'],1,4.0300000000000004e-08,manually_inputted_data $ energy-intensity-of-passenger-transport-modes-2018,3.1e-09,single_datapoint,assumed_to_be_same_as_passenger_air_because_of_lack_of_data
7575,2013,10_MAS,intensity,all,pj_per_passenger_or_freight_tonne_km,rail,freight,all,all,yearly,national,['manually_inputted_data $ iea_howtocalculatetheindicatorsforthetransportsectors.pdf'],1,2.86e-09,manually_inputted_data $ iea_howtocalculatetheindicatorsforthetransportsectors.pdf,2.2e-10,single_datapoint,from_how_to_calculate_the_indicators_for_the_transport_sector
7576,2013,10_MAS,intensity,all,pj_per_passenger_or_freight_tonne_km,ship,freight,all,all,yearly,national,['manually_inputted_data $ iea_howtocalculatetheindicatorsforthetransportsectors.pdf'],1,7.02e-09,manually_inputted_data $ iea_howtocalculatetheindicatorsforthetransportsectors.pdf,5.4e-10,single_datapoint,from_how_to_calculate_the_indicators_for_the_transport_sector
7577,2013,10_MAS,intensity,all,pj_per_passenger_or_freight_tonne_km,air,passenger,all,all,yearly,national,['manually_inputted_data $ energy-intensity-of-passenger-transport-modes-2018'],1,4.0300000000000004e-08,manually_inputted_data $ energy-intensity-of-passenger-transport-modes-2018,3.1e-09,single_datapoint,no_comment
7578,2013,10_MAS,intensity,all,pj_per_passenger_or_freight_tonne_km,rail,passenger,all,all,yearly,national,['manually_inputted_data $ energy-intensity-of-passenger-transport-modes-2018'],1,2.6e-09,manually_inputted_data $ energy-intensity-of-passenger-transport-modes-2018,2e-10,single_datapoint,no_comment
7579,2013,10_MAS,intensity,all,pj_per_passenger_or_freight_tonne_km,ship,passenger,all,all,yearly,national,['manually_inputted_data $ iea_howtocalculatetheindicatorsforthetransportsectors.pdf'],1,7.02e-09,manually_inputted_data $ iea_howtocalculatetheindicatorsforthetransportsectors.pdf,5.4e-10,single_datapoint,assumed_to_be_the_same_as_ship_freight_from_iea_how_to
7580,2014,10_MAS,intensity,all,pj_per_passenger_or_freight_tonne_km,air,freight,all,all,yearly,national,['manually_inputted_data $ energy-intensity-of-passenger-transport-modes-2018'],1,4.0300000000000004e-08,manually_inputted_data $ energy-intensity-of-passenger-transport-modes-2018,3.1e-09,single_datapoint,assumed_to_be_same_as_passenger_air_because_of_lack_of_data
7581,2014,10_MAS,intensity,all,pj_per_passenger_or_freight_tonne_km,rail,freight,all,all,yearly,national,['manually_inputted_data $ iea_howtocalculatetheindicatorsforthetransportsectors.pdf'],1,2.86e-09,manually_inputted_data $ iea_howtocalculatetheindicatorsforthetransportsectors.pdf,2.2e-10,single_datapoint,from_how_to_calculate_the_indicators_for_the_transport_sector
7582,2014,10_MAS,intensity,all,pj_per_passenger_or_freight_tonne_km,ship,freight,all,all,yearly,national,['manually_inputted_data $ iea_howtocalculatetheindicatorsforthetransportsectors.pdf'],1,7.02e-09,manually_inputted_data $ iea_howtocalculatetheindicatorsforthetransportsectors.pdf,5.4e-10,single_datapoint,from_how_to_calculate_the_indicators_for_the_transport_sector
7583,2014,10_MAS,intensity,all,pj_per_passenger_or_freight_tonne_km,air,passenger,all,all,yearly,national,['manually_inputted_data $ energy-intensity-of-passenger-transport-modes-2018'],1,4.0300000000000004e-08,manually_inputted_data $ energy-intensity-of-passenger-transport-modes-2018,3.1e-09,single_datapoint,no_comment
7584,2014,10_MAS,intensity,all,pj_per_passenger_or_freight_tonne_km,rail,passenger,all,all,yearly,national,['manually_inputted_data $ energy-intensity-of-passenger-transport-modes-2018'],1,2.6e-09,manually_inputted_data $ energy-intensity-of-passenger-transport-modes-2018,2e-10,single_datapoint,no_comment
7585,2014,10_MAS,intensity,all,pj_per_passenger_or_freight_tonne_km,ship,passenger,all,all,yearly,national,['manually_inputted_data $ iea_howtocalculatetheindicatorsforthetransportsectors.pdf'],1,7.02e-09,manually_inputted_data $ iea_howtocalculatetheindicatorsforthetransportsectors.pdf,5.4e-10,single_datapoint,assumed_to_be_the_same_as_ship_freight_from_iea_how_to
7586,2015,10_MAS,intensity,all,pj_per_passenger_or_freight_tonne_km,air,freight,all,all,yearly,national,['manually_inputted_data $ energy-intensity-of-passenger-transport-modes-2018'],1,4.0300000000000004e-08,manually_inputted_data $ energy-intensity-of-passenger-transport-modes-2018,3.1e-09,single_datapoint,assumed_to_be_same_as_passenger_air_because_of_lack_of_data
7587,2015,10_MAS,intensity,all,pj_per_passenger_or_freight_tonne_km,rail,freight,all,all,yearly,national,['manually_inputted_data $ iea_howtocalculatetheindicatorsforthetransportsectors.pdf'],1,2.86e-09,manually_inputted_data $ iea_howtocalculatetheindicatorsforthetransportsectors.pdf,2.2e-10,single_datapoint,from_how_to_calculate_the_indicators_for_the_transport_sector
7588,2015,10_MAS,intensity,all,pj_per_passenger_or_freight_tonne_km,ship,freight,all,all,yearly,national,['manually_inputted_data $ iea_howtocalculatetheindicatorsforthetransportsectors.pdf'],1,7.02e-09,manually_inputted_data $ iea_howtocalculatetheindicatorsforthetransportsectors.pdf,5.4e-10,single_datapoint,from_how_to_calculate_the_indicators_for_the_transport_sector
7589,2015,10_MAS,intensity,all,pj_per_passenger_or_freight_tonne_km,air,passenger,all,all,yearly,national,['manually_inputted_data $ energy-intensity-of-passenger-transport-modes-2018'],1,4.0300000000000004e-08,manually_inputted_data $ energy-intensity-of-passenger-transport-modes-2018,3.1e-09,single_datapoint,no_comment
7590,2015,10_MAS,intensity,all,pj_per_passenger_or_freight_tonne_km,rail,passenger,all,all,yearly,national,['manually_inputted_data $ energy-intensity-of-passenger-transport-modes-2018'],1,2.6e-09,manually_inputted_data $ energy-intensity-of-passenger-transport-modes-2018,2e-10,single_datapoint,no_comment
7591,2015,10_MAS,intensity,all,pj_per_passenger_or_freight_tonne_km,ship,passenger,all,all,yearly,national,['manually_inputted_data $ iea_howtocalculatetheindicatorsforthetransportsectors.pdf'],1,7.02e-09,manually_inputted_data $ iea_howtocalculatetheindicatorsforthetransportsectors.pdf,5.4e-10,single_datapoint,assumed_to_be_the_same_as_ship_freight_from_iea_how_to
7592,2016,10_MAS,intensity,all,pj_per_passenger_or_freight_tonne_km,air,freight,all,all,yearly,national,['manually_inputted_data $ energy-intensity-of-passenger-transport-modes-2018'],1,4.0300000000000004e-08,manually_inputted_data $ energy-intensity-of-passenger-transport-modes-2018,3.1e-09,single_datapoint,assumed_to_be_same_as_passenger_air_because_of_lack_of_data
7593,2016,10_MAS,intensity,all,pj_per_passenger_or_freight_tonne_km,rail,freight,all,all,yearly,national,['manually_inputted_data $ iea_howtocalculatetheindicatorsforthetransportsectors.pdf'],1,2.86e-09,manually_inputted_data $ iea_howtocalculatetheindicatorsforthetransportsectors.pdf,2.2e-10,single_datapoint,from_how_to_calculate_the_indicators_for_the_transport_sector
7594,2016,10_MAS,intensity,all,pj_per_passenger_or_freight_tonne_km,ship,freight,all,all,yearly,national,['manually_inputted_data $ iea_howtocalculatetheindicatorsforthetransportsectors.pdf'],1,7.02e-09,manually_inputted_data $ iea_howtocalculatetheindicatorsforthetransportsectors.pdf,5.4e-10,single_datapoint,from_how_to_calculate_the_indicators_for_the_transport_sector
7595,2016,10_MAS,intensity,all,pj_per_passenger_or_freight_tonne_km,air,passenger,all,all,yearly,national,['manually_inputted_data $ energy-intensity-of-passenger-transport-modes-2018'],1,4.0300000000000004e-08,manually_inputted_data $ energy-intensity-of-passenger-transport-modes-2018,3.1e-09,single_datapoint,no_comment
7596,2016,10_MAS,intensity,all,pj_per_passenger_or_freight_tonne_km,rail,passenger,all,all,yearly,national,['manually_inputted_data $ energy-intensity-of-passenger-transport-modes-2018'],1,2.6e-09,manually_inputted_data $ energy-intensity-of-passenger-transport-modes-2018,2e-10,single_datapoint,no_comment
7597,2016,10_MAS,intensity,all,pj_per_passenger_or_freight_tonne_km,ship,passenger,all,all,yearly,national,['manually_inputted_data $ iea_howtocalculatetheindicatorsforthetransportsectors.pdf'],1,7.02e-09,manually_inputted_data $ iea_howtocalculatetheindicatorsforthetransportsectors.pdf,5.4e-10,single_datapoint,assumed_to_be_the_same_as_ship_freight_from_iea_how_to
7598,2017,10_MAS,intensity,all,pj_per_passenger_or_freight_tonne_km,air,freight,all,all,yearly,national,['manually_inputted_data $ energy-intensity-of-passenger-transport-modes-2018'],1,4.0300000000000004e-08,manually_inputted_data $ energy-intensity-of-passenger-transport-modes-2018,3.1e-09,single_datapoint,assumed_to_be_same_as_passenger_air_because_of_lack_of_data
7599,2017,10_MAS,intensity,all,pj_per_passenger_or_freight_tonne_km,rail,freight,all,all,yearly,national,['manually_inputted_data $ iea_howtocalculatetheindicatorsforthetransportsectors.pdf'],1,2.86e-09,manually_inputted_data $ iea_howtocalculatetheindicatorsforthetransportsectors.pdf,2.2e-10,single_datapoint,from_how_to_calculate_the_indicators_for_the_transport_sector
7600,2017,10_MAS,intensity,all,pj_per_passenger_or_freight_tonne_km,ship,freight,all,all,yearly,national,['manually_inputted_data $ iea_howtocalculatetheindicatorsforthetransportsectors.pdf'],1,7.02e-09,manually_inputted_data $ iea_howtocalculatetheindicatorsforthetransportsectors.pdf,5.4e-10,single_datapoint,from_how_to_calculate_the_indicators_for_the_transport_sector
7601,2017,10_MAS,intensity,all,pj_per_passenger_or_freight_tonne_km,air,passenger,all,all,yearly,national,['manually_inputted_data $ energy-intensity-of-passenger-transport-modes-2018'],1,4.0300000000000004e-08,manually_inputted_data $ energy-intensity-of-passenger-transport-modes-2018,3.1e-09,single_datapoint,no_comment
7602,2017,10_MAS,intensity,all,pj_per_passenger_or_freight_tonne_km,rail,passenger,all,all,yearly,national,['manually_inputted_data $ energy-intensity-of-passenger-transport-modes-2018'],1,2.6e-09,manually_inputted_data $ energy-intensity-of-passenger-transport-modes-2018,2e-10,single_datapoint,no_comment
7603,2017,10_MAS,intensity,all,pj_per_passenger_or_freight_tonne_km,ship,passenger,all,all,yearly,national,['manually_inputted_data $ iea_howtocalculatetheindicatorsforthetransportsectors.pdf'],1,7.02e-09,manually_inputted_data $ iea_howtocalculatetheindicatorsforthetransportsectors.pdf,5.4e-10,single_datapoint,assumed_to_be_the_same_as_ship_freight_from_iea_how_to
7604,2018,10_MAS,intensity,all,pj_per_passenger_or_freight_tonne_km,air,freight,all,all,yearly,national,['manually_inputted_data $ energy-intensity-of-passenger-transport-modes-2018'],1,4.0300000000000004e-08,manually_inputted_data $ energy-intensity-of-passenger-transport-modes-2018,3.1e-09,single_datapoint,assumed_to_be_same_as_passenger_air_because_of_lack_of_data
7605,2018,10_MAS,intensity,all,pj_per_passenger_or_freight_tonne_km,rail,freight,all,all,yearly,national,['manually_inputted_data $ iea_howtocalculatetheindicatorsforthetransportsectors.pdf'],1,2.86e-09,manually_inputted_data $ iea_howtocalculatetheindicatorsforthetransportsectors.pdf,2.2e-10,single_datapoint,from_how_to_calculate_the_indicators_for_the_transport_sector
7606,2018,10_MAS,intensity,all,pj_per_passenger_or_freight_tonne_km,ship,freight,all,all,yearly,national,['manually_inputted_data $ iea_howtocalculatetheindicatorsforthetransportsectors.pdf'],1,7.02e-09,manually_inputted_data $ iea_howtocalculatetheindicatorsforthetransportsectors.pdf,5.4e-10,single_datapoint,from_how_to_calculate_the_indicators_for_the_transport_sector
7607,2018,10_MAS,intensity,all,pj_per_passenger_or_freight_tonne_km,air,passenger,all,all,yearly,national,['manually_inputted_data $ energy-intensity-of-passenger-transport-modes-2018'],1,4.0300000000000004e-08,manually_inputted_data $ energy-intensity-of-passenger-transport-modes-2018,3.1e-09,single_datapoint,no_comment
7608,2018,10_MAS,intensity,all,pj_per_passenger_or_freight_tonne_km,rail,passenger,all,all,yearly,national,['manually_inputted_data $ energy-intensity-of-passenger-transport-modes-2018'],1,2.6e-09,manually_inputted_data $ energy-intensity-of-passenger-transport-modes-2018,2e-10,single_datapoint,no_comment
7609,2018,10_MAS,intensity,all,pj_per_passenger_or_freight_tonne_km,ship,passenger,all,all,yearly,national,['manually_inputted_data $ iea_howtocalculatetheindicatorsforthetransportsectors.pdf'],1,7.02e-09,manually_inputted_data $ iea_howtocalculatetheindicatorsforthetransportsectors.pdf,5.4e-10,single_datapoint,assumed_to_be_the_same_as_ship_freight_from_iea_how_to
7610,2019,10_MAS,intensity,all,pj_per_passenger_or_freight_tonne_km,air,freight,all,all,yearly,national,['manually_inputted_data $ energy-intensity-of-passenger-transport-modes-2018'],1,4.0300000000000004e-08,manually_inputted_data $ energy-intensity-of-passenger-transport-modes-2018,3.1e-09,single_datapoint,assumed_to_be_same_as_passenger_air_because_of_lack_of_data
7611,2019,10_MAS,intensity,all,pj_per_passenger_or_freight_tonne_km,rail,freight,all,all,yearly,national,['manually_inputted_data $ iea_howtocalculatetheindicatorsforthetransportsectors.pdf'],1,2.86e-09,manually_inputted_data $ iea_howtocalculatetheindicatorsforthetransportsectors.pdf,2.2e-10,single_datapoint,from_how_to_calculate_the_indicators_for_the_transport_sector
7612,2019,10_MAS,intensity,all,pj_per_passenger_or_freight_tonne_km,ship,freight,all,all,yearly,national,['manually_inputted_data $ iea_howtocalculatetheindicatorsforthetransportsectors.pdf'],1,7.02e-09,manually_inputted_data $ iea_howtocalculatetheindicatorsforthetransportsectors.pdf,5.4e-10,single_datapoint,from_how_to_calculate_the_indicators_for_the_transport_sector
7613,2019,10_MAS,intensity,all,pj_per_passenger_or_freight_tonne_km,air,passenger,all,all,yearly,national,['manually_inputted_data $ energy-intensity-of-passenger-transport-modes-2018'],1,4.0300000000000004e-08,manually_inputted_data $ energy-intensity-of-passenger-transport-modes-2018,3.1e-09,single_datapoint,no_comment
7614,2019,10_MAS,intensity,all,pj_per_passenger_or_freight_tonne_km,rail,passenger,all,all,yearly,national,['manually_inputted_data $ energy-intensity-of-passenger-transport-modes-2018'],1,2.6e-09,manually_inputted_data $ energy-intensity-of-passenger-transport-modes-2018,2e-10,single_datapoint,no_comment
7615,2019,10_MAS,intensity,all,pj_per_passenger_or_freight_tonne_km,ship,passenger,all,all,yearly,national,['manually_inputted_data $ iea_howtocalculatetheindicatorsforthetransportsectors.pdf'],1,7.02e-09,manually_inputted_data $ iea_howtocalculatetheindicatorsforthetransportsectors.pdf,5.4e-10,single_datapoint,assumed_to_be_the_same_as_ship_freight_from_iea_how_to
7616,2020,10_MAS,intensity,all,pj_per_passenger_or_freight_tonne_km,air,freight,all,all,yearly,national,['manually_inputted_data $ energy-intensity-of-passenger-transport-modes-2018'],1,4.0300000000000004e-08,manually_inputted_data $ energy-intensity-of-passenger-transport-modes-2018,3.1e-09,single_datapoint,assumed_to_be_same_as_passenger_air_because_of_lack_of_data
7617,2020,10_MAS,intensity,all,pj_per_passenger_or_freight_tonne_km,rail,freight,all,all,yearly,national,['manually_inputted_data $ iea_howtocalculatetheindicatorsforthetransportsectors.pdf'],1,2.86e-09,manually_inputted_data $ iea_howtocalculatetheindicatorsforthetransportsectors.pdf,2.2e-10,single_datapoint,from_how_to_calculate_the_indicators_for_the_transport_sector
7618,2020,10_MAS,intensity,all,pj_per_passenger_or_freight_tonne_km,ship,freight,all,all,yearly,national,['manually_inputted_data $ iea_howtocalculatetheindicatorsforthetransportsectors.pdf'],1,7.02e-09,manually_inputted_data $ iea_howtocalculatetheindicatorsforthetransportsectors.pdf,5.4e-10,single_datapoint,from_how_to_calculate_the_indicators_for_the_transport_sector
7619,2020,10_MAS,intensity,all,pj_per_passenger_or_freight_tonne_km,air,passenger,all,all,yearly,national,['manually_inputted_data $ energy-intensity-of-passenger-transport-modes-2018'],1,4.0300000000000004e-08,manually_inputted_data $ energy-intensity-of-passenger-transport-modes-2018,3.1e-09,single_datapoint,no_comment
7620,2020,10_MAS,intensity,all,pj_per_passenger_or_freight_tonne_km,rail,passenger,all,all,yearly,national,['manually_inputted_data $ energy-intensity-of-passenger-transport-modes-2018'],1,2.6e-09,manually_inputted_data $ energy-intensity-of-passenger-transport-modes-2018,2e-10,single_datapoint,no_comment
7621,2020,10_MAS,intensity,all,pj_per_passenger_or_freight_tonne_km,ship,passenger,all,all,yearly,national,['manually_inputted_data $ iea_howtocalculatetheindicatorsforthetransportsectors.pdf'],1,7.02e-09,manually_inputted_data $ iea_howtocalculatetheindicatorsforthetransportsectors.pdf,5.4e-10,single_datapoint,assumed_to_be_the_same_as_ship_freight_from_iea_how_to
7622,2021,10_MAS,intensity,all,pj_per_passenger_or_freight_tonne_km,air,freight,all,all,yearly,national,['manually_inputted_data $ energy-intensity-of-passenger-transport-modes-2018'],1,4.0300000000000004e-08,manually_inputted_data $ energy-intensity-of-passenger-transport-modes-2018,3.1e-09,single_datapoint,assumed_to_be_same_as_passenger_air_because_of_lack_of_data
7623,2021,10_MAS,intensity,all,pj_per_passenger_or_freight_tonne_km,rail,freight,all,all,yearly,national,['manually_inputted_data $ iea_howtocalculatetheindicatorsforthetransportsectors.pdf'],1,2.86e-09,manually_inputted_data $ iea_howtocalculatetheindicatorsforthetransportsectors.pdf,2.2e-10,single_datapoint,from_how_to_calculate_the_indicators_for_the_transport_sector
7624,2021,10_MAS,intensity,all,pj_per_passenger_or_freight_tonne_km,ship,freight,all,all,yearly,national,['manually_inputted_data $ iea_howtocalculatetheindicatorsforthetransportsectors.pdf'],1,7.02e-09,manually_inputted_data $ iea_howtocalculatetheindicatorsforthetransportsectors.pdf,5.4e-10,single_datapoint,from_how_to_calculate_the_indicators_for_the_transport_sector
7625,2021,10_MAS,intensity,all,pj_per_passenger_or_freight_tonne_km,air,passenger,all,all,yearly,national,['manually_inputted_data $ energy-intensity-of-passenger-transport-modes-2018'],1,4.0300000000000004e-08,manually_inputted_data $ energy-intensity-of-passenger-transport-modes-2018,3.1e-09,single_datapoint,no_comment
7626,2021,10_MAS,intensity,all,pj_per_passenger_or_freight_tonne_km,rail,passenger,all,all,yearly,national,['manually_inputted_data $ energy-intensity-of-passenger-transport-modes-2018'],1,2.6e-09,manually_inputted_data $ energy-intensity-of-passenger-transport-modes-2018,2e-10,single_datapoint,no_comment
7627,2021,10_MAS,intensity,all,pj_per_passenger_or_freight_tonne_km,ship,passenger,all,all,yearly,national,['manually_inputted_data $ iea_howtocalculatetheindicatorsforthetransportsectors.pdf'],1,7.02e-09,manually_inputted_data $ iea_howtocalculatetheindicatorsforthetransportsectors.pdf,5.4e-10,single_datapoint,assumed_to_be_the_same_as_ship_freight_from_iea_how_to
7628,2022,10_MAS,intensity,all,pj_per_passenger_or_freight_tonne_km,air,freight,all,all,yearly,national,['manually_inputted_data $ energy-intensity-of-passenger-transport-modes-2018'],1,4.0300000000000004e-08,manually_inputted_data $ energy-intensity-of-passenger-transport-modes-2018,3.1e-09,single_datapoint,assumed_to_be_same_as_passenger_air_because_of_lack_of_data
7629,2022,10_MAS,intensity,all,pj_per_passenger_or_freight_tonne_km,rail,freight,all,all,yearly,national,['manually_inputted_data $ iea_howtocalculatetheindicatorsforthetransportsectors.pdf'],1,2.86e-09,manually_inputted_data $ iea_howtocalculatetheindicatorsforthetransportsectors.pdf,2.2e-10,single_datapoint,from_how_to_calculate_the_indicators_for_the_transport_sector
7630,2022,10_MAS,intensity,all,pj_per_passenger_or_freight_tonne_km,ship,freight,all,all,yearly,national,['manually_inputted_data $ iea_howtocalculatetheindicatorsforthetransportsectors.pdf'],1,7.02e-09,manually_inputted_data $ iea_howtocalculatetheindicatorsforthetransportsectors.pdf,5.4e-10,single_datapoint,from_how_to_calculate_the_indicators_for_the_transport_sector
7631,2022,10_MAS,intensity,all,pj_per_passenger_or_freight_tonne_km,air,passenger,all,all,yearly,national,['manually_inputted_data $ energy-intensity-of-passenger-transport-modes-2018'],1,4.0300000000000004e-08,manually_inputted_data $ energy-intensity-of-passenger-transport-modes-2018,3.1e-09,single_datapoint,no_comment
7632,2022,10_MAS,intensity,all,pj_per_passenger_or_freight_tonne_km,rail,passenger,all,all,yearly,national,['manually_inputted_data $ energy-intensity-of-passenger-transport-modes-2018'],1,2.6e-09,manually_inputted_data $ energy-intensity-of-passenger-transport-modes-2018,2e-10,single_datapoint,no_comment
7633,2022,10_MAS,intensity,all,pj_per_passenger_or_freight_tonne_km,ship,passenger,all,all,yearly,national,['manually_inputted_data $ iea_howtocalculatetheindicatorsforthetransportsectors.pdf'],1,7.02e-09,manually_inputted_data $ iea_howtocalculatetheindicatorsforthetransportsectors.pdf,5.4e-10,single_datapoint,assumed_to_be_the_same_as_ship_freight_from_iea_how_to
7634,2010,10_MAS,new_vehicle_efficiency,bus,km_per_pj,road,passenger,bev,all,yearly,national,['avg_eff_no_outliers $ transport_data_system_9th'],1,1058314235.1561403,avg_eff_no_outliers $ transport_data_system_9th,81408787.3197031,single_datapoint,no_comment
7635,2010,10_MAS,turnover_rate,bus,%,road,passenger,bev,all,yearly,national,['manually_inputted_data $ guess'],1,0.42,manually_inputted_data $ guess,0.03,manual,no_comment
7636,2011,10_MAS,new_vehicle_efficiency,bus,km_per_pj,road,passenger,bev,all,yearly,national,['avg_eff_no_outliers $ transport_data_system_9th'],1,1058314235.1561403,avg_eff_no_outliers $ transport_data_system_9th,81408787.3197031,single_datapoint,no_comment
7637,2011,10_MAS,turnover_rate,bus,%,road,passenger,bev,all,yearly,national,['manually_inputted_data $ guess'],1,0.42,manually_inputted_data $ guess,0.03,manual,no_comment
7638,2012,10_MAS,new_vehicle_efficiency,bus,km_per_pj,road,passenger,bev,all,yearly,national,['avg_eff_no_outliers $ transport_data_system_9th'],1,1058314235.1561403,avg_eff_no_outliers $ transport_data_system_9th,81408787.3197031,single_datapoint,no_comment
7639,2012,10_MAS,turnover_rate,bus,%,road,passenger,bev,all,yearly,national,['manually_inputted_data $ guess'],1,0.42,manually_inputted_data $ guess,0.03,manual,no_comment
7640,2013,10_MAS,new_vehicle_efficiency,bus,km_per_pj,road,passenger,bev,all,yearly,national,['avg_eff_no_outliers $ transport_data_system_9th'],1,1058314235.1561403,avg_eff_no_outliers $ transport_data_system_9th,81408787.3197031,single_datapoint,no_comment
7641,2013,10_MAS,turnover_rate,bus,%,road,passenger,bev,all,yearly,national,['manually_inputted_data $ guess'],1,0.42,manually_inputted_data $ guess,0.03,manual,no_comment
7642,2014,10_MAS,new_vehicle_efficiency,bus,km_per_pj,road,passenger,bev,all,yearly,national,['avg_eff_no_outliers $ transport_data_system_9th'],1,1058314235.1561403,avg_eff_no_outliers $ transport_data_system_9th,81408787.3197031,single_datapoint,no_comment
7643,2014,10_MAS,turnover_rate,bus,%,road,passenger,bev,all,yearly,national,['manually_inputted_data $ guess'],1,0.42,manually_inputted_data $ guess,0.03,manual,no_comment
7644,2015,10_MAS,new_vehicle_efficiency,bus,km_per_pj,road,passenger,bev,all,yearly,national,['avg_eff_no_outliers $ transport_data_system_9th'],1,1058314235.1561403,avg_eff_no_outliers $ transport_data_system_9th,81408787.3197031,single_datapoint,no_comment
7645,2015,10_MAS,turnover_rate,bus,%,road,passenger,bev,all,yearly,national,['manually_inputted_data $ guess'],1,0.42,manually_inputted_data $ guess,0.03,manual,no_comment
7646,2016,10_MAS,new_vehicle_efficiency,bus,km_per_pj,road,passenger,bev,all,yearly,national,['avg_eff_no_outliers $ transport_data_system_9th'],1,1058314235.1561403,avg_eff_no_outliers $ transport_data_system_9th,81408787.3197031,single_datapoint,no_comment
7647,2016,10_MAS,turnover_rate,bus,%,road,passenger,bev,all,yearly,national,['manually_inputted_data $ guess'],1,0.42,manually_inputted_data $ guess,0.03,manual,no_comment
7648,2017,10_MAS,new_vehicle_efficiency,bus,km_per_pj,road,passenger,bev,all,yearly,national,['avg_eff_no_outliers $ transport_data_system_9th'],1,1058314235.1561403,avg_eff_no_outliers $ transport_data_system_9th,81408787.3197031,single_datapoint,no_comment
7649,2017,10_MAS,turnover_rate,bus,%,road,passenger,bev,all,yearly,national,"['manually_inputted_data $ guess', 'turnover_rate_est']",2,0.42,manually_inputted_data $ guess,0.03,manual,no_comment
7650,2018,10_MAS,new_vehicle_efficiency,bus,km_per_pj,road,passenger,bev,all,yearly,national,['avg_eff_no_outliers $ transport_data_system_9th'],1,1058314235.1561403,avg_eff_no_outliers $ transport_data_system_9th,81408787.3197031,single_datapoint,no_comment
7651,2018,10_MAS,turnover_rate,bus,%,road,passenger,bev,all,yearly,national,['manually_inputted_data $ guess'],1,0.42,manually_inputted_data $ guess,0.03,manual,no_comment
7652,2019,10_MAS,new_vehicle_efficiency,bus,km_per_pj,road,passenger,bev,all,yearly,national,['avg_eff_no_outliers $ transport_data_system_9th'],1,1058314235.1561403,avg_eff_no_outliers $ transport_data_system_9th,81408787.3197031,single_datapoint,no_comment
7653,2019,10_MAS,turnover_rate,bus,%,road,passenger,bev,all,yearly,national,['manually_inputted_data $ guess'],1,0.42,manually_inputted_data $ guess,0.03,manual,no_comment
7654,2020,10_MAS,new_vehicle_efficiency,bus,km_per_pj,road,passenger,bev,all,yearly,national,['avg_eff_no_outliers $ transport_data_system_9th'],1,1058314235.1561403,avg_eff_no_outliers $ transport_data_system_9th,81408787.3197031,single_datapoint,no_comment
7655,2020,10_MAS,turnover_rate,bus,%,road,passenger,bev,all,yearly,national,['manually_inputted_data $ guess'],1,0.42,manually_inputted_data $ guess,0.03,manual,no_comment
7656,2021,10_MAS,new_vehicle_efficiency,bus,km_per_pj,road,passenger,bev,all,yearly,national,['avg_eff_no_outliers $ transport_data_system_9th'],1,1058314235.1561403,avg_eff_no_outliers $ transport_data_system_9th,81408787.3197031,single_datapoint,no_comment
7657,2021,10_MAS,turnover_rate,bus,%,road,passenger,bev,all,yearly,national,['manually_inputted_data $ guess'],1,0.42,manually_inputted_data $ guess,0.03,manual,no_comment
7658,2022,10_MAS,new_vehicle_efficiency,bus,km_per_pj,road,passenger,bev,all,yearly,national,['avg_eff_no_outliers $ transport_data_system_9th'],1,1058314235.1561403,avg_eff_no_outliers $ transport_data_system_9th,81408787.3197031,single_datapoint,no_comment
7659,2022,10_MAS,turnover_rate,bus,%,road,passenger,bev,all,yearly,national,['manually_inputted_data $ guess'],1,0.42,manually_inputted_data $ guess,0.03,manual,no_comment
7660,2010,10_MAS,new_vehicle_efficiency,bus,km_per_pj,road,passenger,cng,all,yearly,national,['avg_eff_no_outliers $ transport_data_system_9th'],1,1813839119.6717222,avg_eff_no_outliers $ transport_data_system_9th,139526086.128594,single_datapoint,no_comment
7661,2010,10_MAS,turnover_rate,bus,%,road,passenger,cng,all,yearly,national,['manually_inputted_data $ guess'],1,0.42,manually_inputted_data $ guess,0.03,manual,no_comment
7662,2011,10_MAS,new_vehicle_efficiency,bus,km_per_pj,road,passenger,cng,all,yearly,national,['avg_eff_no_outliers $ transport_data_system_9th'],1,1813839119.6717222,avg_eff_no_outliers $ transport_data_system_9th,139526086.128594,single_datapoint,no_comment
7663,2011,10_MAS,turnover_rate,bus,%,road,passenger,cng,all,yearly,national,['manually_inputted_data $ guess'],1,0.42,manually_inputted_data $ guess,0.03,manual,no_comment
7664,2012,10_MAS,new_vehicle_efficiency,bus,km_per_pj,road,passenger,cng,all,yearly,national,['avg_eff_no_outliers $ transport_data_system_9th'],1,1813839119.6717222,avg_eff_no_outliers $ transport_data_system_9th,139526086.128594,single_datapoint,no_comment
7665,2012,10_MAS,turnover_rate,bus,%,road,passenger,cng,all,yearly,national,['manually_inputted_data $ guess'],1,0.42,manually_inputted_data $ guess,0.03,manual,no_comment
7666,2013,10_MAS,new_vehicle_efficiency,bus,km_per_pj,road,passenger,cng,all,yearly,national,['avg_eff_no_outliers $ transport_data_system_9th'],1,1813839119.6717222,avg_eff_no_outliers $ transport_data_system_9th,139526086.128594,single_datapoint,no_comment
7667,2013,10_MAS,turnover_rate,bus,%,road,passenger,cng,all,yearly,national,['manually_inputted_data $ guess'],1,0.42,manually_inputted_data $ guess,0.03,manual,no_comment
7668,2014,10_MAS,new_vehicle_efficiency,bus,km_per_pj,road,passenger,cng,all,yearly,national,['avg_eff_no_outliers $ transport_data_system_9th'],1,1813839119.6717222,avg_eff_no_outliers $ transport_data_system_9th,139526086.128594,single_datapoint,no_comment
7669,2014,10_MAS,turnover_rate,bus,%,road,passenger,cng,all,yearly,national,['manually_inputted_data $ guess'],1,0.42,manually_inputted_data $ guess,0.03,manual,no_comment
7670,2015,10_MAS,new_vehicle_efficiency,bus,km_per_pj,road,passenger,cng,all,yearly,national,['avg_eff_no_outliers $ transport_data_system_9th'],1,1813839119.6717222,avg_eff_no_outliers $ transport_data_system_9th,139526086.128594,single_datapoint,no_comment
7671,2015,10_MAS,turnover_rate,bus,%,road,passenger,cng,all,yearly,national,['manually_inputted_data $ guess'],1,0.42,manually_inputted_data $ guess,0.03,manual,no_comment
7672,2016,10_MAS,new_vehicle_efficiency,bus,km_per_pj,road,passenger,cng,all,yearly,national,['avg_eff_no_outliers $ transport_data_system_9th'],1,1813839119.6717222,avg_eff_no_outliers $ transport_data_system_9th,139526086.128594,single_datapoint,no_comment
7673,2016,10_MAS,turnover_rate,bus,%,road,passenger,cng,all,yearly,national,['manually_inputted_data $ guess'],1,0.42,manually_inputted_data $ guess,0.03,manual,no_comment
7674,2017,10_MAS,activity,bus,passenger_km_or_freight_tonne_km,road,passenger,cng,all,yearly,national,"['8th_edition_transport_model $ reference', 'estimated $ calculate_energy_and_activity()']",2,750927453.599246,8th_edition_transport_model $ reference,173802453.59924608,manual,no_comment
7675,2017,10_MAS,energy,bus,pj,road,passenger,cng,all,yearly,national,"['8th_edition_transport_model $ reference', 'estimated $ calculate_energy_and_activity()']",2,0.555022776604078,estimated $ calculate_energy_and_activity(),0.5169984901040603,manual,no_comment
7676,2017,10_MAS,new_vehicle_efficiency,bus,km_per_pj,road,passenger,cng,all,yearly,national,['avg_eff_no_outliers $ transport_data_system_9th'],1,1813839119.6717222,avg_eff_no_outliers $ transport_data_system_9th,139526086.128594,single_datapoint,no_comment
7677,2017,10_MAS,travel_km,bus,km,road,passenger,cng,all,yearly,national,['estimated $ calculate_energy_and_activity()'],1,38475000.0,estimated $ calculate_energy_and_activity(),38475000.0,single_datapoint,no_comment
7678,2017,10_MAS,turnover_rate,bus,%,road,passenger,cng,all,yearly,national,"['manually_inputted_data $ guess', 'turnover_rate_est']",2,0.42,manually_inputted_data $ guess,0.03,manual,no_comment
7679,2018,10_MAS,new_vehicle_efficiency,bus,km_per_pj,road,passenger,cng,all,yearly,national,['avg_eff_no_outliers $ transport_data_system_9th'],1,1813839119.6717222,avg_eff_no_outliers $ transport_data_system_9th,139526086.128594,single_datapoint,no_comment
7680,2018,10_MAS,turnover_rate,bus,%,road,passenger,cng,all,yearly,national,['manually_inputted_data $ guess'],1,0.42,manually_inputted_data $ guess,0.03,manual,no_comment
7681,2019,10_MAS,new_vehicle_efficiency,bus,km_per_pj,road,passenger,cng,all,yearly,national,['avg_eff_no_outliers $ transport_data_system_9th'],1,1813839119.6717222,avg_eff_no_outliers $ transport_data_system_9th,139526086.128594,single_datapoint,no_comment
7682,2019,10_MAS,turnover_rate,bus,%,road,passenger,cng,all,yearly,national,['manually_inputted_data $ guess'],1,0.42,manually_inputted_data $ guess,0.03,manual,no_comment
7683,2020,10_MAS,new_vehicle_efficiency,bus,km_per_pj,road,passenger,cng,all,yearly,national,['avg_eff_no_outliers $ transport_data_system_9th'],1,1813839119.6717222,avg_eff_no_outliers $ transport_data_system_9th,139526086.128594,single_datapoint,no_comment
7684,2020,10_MAS,turnover_rate,bus,%,road,passenger,cng,all,yearly,national,['manually_inputted_data $ guess'],1,0.42,manually_inputted_data $ guess,0.03,manual,no_comment
7685,2021,10_MAS,new_vehicle_efficiency,bus,km_per_pj,road,passenger,cng,all,yearly,national,['avg_eff_no_outliers $ transport_data_system_9th'],1,1813839119.6717222,avg_eff_no_outliers $ transport_data_system_9th,139526086.128594,single_datapoint,no_comment
7686,2021,10_MAS,turnover_rate,bus,%,road,passenger,cng,all,yearly,national,['manually_inputted_data $ guess'],1,0.42,manually_inputted_data $ guess,0.03,manual,no_comment
7687,2022,10_MAS,new_vehicle_efficiency,bus,km_per_pj,road,passenger,cng,all,yearly,national,['avg_eff_no_outliers $ transport_data_system_9th'],1,1813839119.6717222,avg_eff_no_outliers $ transport_data_system_9th,139526086.128594,single_datapoint,no_comment
7688,2022,10_MAS,turnover_rate,bus,%,road,passenger,cng,all,yearly,national,['manually_inputted_data $ guess'],1,0.42,manually_inputted_data $ guess,0.03,manual,no_comment
7689,2017,10_MAS,turnover_rate,bus,%,road,passenger,fcev,all,yearly,national,['turnover_rate_est'],1,0.03,turnover_rate_est,0.03,single_datapoint,no_comment
7690,2010,10_MAS,activity,bus,passenger_km_or_freight_tonne_km,road,passenger,ice,all,yearly,national,['estimated $ calculate_energy_and_activity()'],1,1312662375000.0,estimated $ calculate_energy_and_activity(),77792625000.0,single_datapoint,no_comment
7691,2010,10_MAS,energy,bus,pj,road,passenger,ice,all,yearly,national,['estimated $ calculate_energy_and_activity()'],1,1175.9055072842275,estimated $ calculate_energy_and_activity(),69.68796996531319,single_datapoint,no_comment
7692,2010,10_MAS,new_vehicle_efficiency,bus,km_per_pj,road,passenger,ice,all,yearly,national,['avg_eff_no_outliers $ transport_data_system_9th'],1,910941040.8338033,avg_eff_no_outliers $ transport_data_system_9th,70072387.7564464,single_datapoint,no_comment
7693,2010,10_MAS,travel_km,bus,km,road,passenger,ice,all,yearly,national,['estimated $ calculate_energy_and_activity()'],1,87510825000.0,estimated $ calculate_energy_and_activity(),5186175000.0,single_datapoint,no_comment
7694,2010,10_MAS,turnover_rate,bus,%,road,passenger,ice,all,yearly,national,['manually_inputted_data $ guess'],1,0.39,manually_inputted_data $ guess,0.03,single_datapoint,no_comment
7695,2011,10_MAS,activity,bus,passenger_km_or_freight_tonne_km,road,passenger,ice,all,yearly,national,['estimated $ calculate_energy_and_activity()'],1,1312662375000.0,estimated $ calculate_energy_and_activity(),80757000000.0,single_datapoint,no_comment
7696,2011,10_MAS,energy,bus,pj,road,passenger,ice,all,yearly,national,['estimated $ calculate_energy_and_activity()'],1,1175.9055072842275,estimated $ calculate_energy_and_activity(),72.34350801877167,single_datapoint,no_comment
7697,2011,10_MAS,new_vehicle_efficiency,bus,km_per_pj,road,passenger,ice,all,yearly,national,['avg_eff_no_outliers $ transport_data_system_9th'],1,910941040.8338033,avg_eff_no_outliers $ transport_data_system_9th,70072387.7564464,single_datapoint,no_comment
7698,2011,10_MAS,travel_km,bus,km,road,passenger,ice,all,yearly,national,['estimated $ calculate_energy_and_activity()'],1,87510825000.0,estimated $ calculate_energy_and_activity(),5383800000.0,single_datapoint,no_comment
7699,2011,10_MAS,turnover_rate,bus,%,road,passenger,ice,all,yearly,national,['manually_inputted_data $ guess'],1,0.39,manually_inputted_data $ guess,0.03,single_datapoint,no_comment
7700,2012,10_MAS,activity,bus,passenger_km_or_freight_tonne_km,road,passenger,ice,all,yearly,national,['estimated $ calculate_energy_and_activity()'],1,1312662375000.0,estimated $ calculate_energy_and_activity(),82728000000.0,single_datapoint,no_comment
7701,2012,10_MAS,energy,bus,pj,road,passenger,ice,all,yearly,national,['estimated $ calculate_energy_and_activity()'],1,1175.9055072842275,estimated $ calculate_energy_and_activity(),74.10916368088144,single_datapoint,no_comment
7702,2012,10_MAS,new_vehicle_efficiency,bus,km_per_pj,road,passenger,ice,all,yearly,national,['avg_eff_no_outliers $ transport_data_system_9th'],1,910941040.8338033,avg_eff_no_outliers $ transport_data_system_9th,70072387.7564464,single_datapoint,no_comment
7703,2012,10_MAS,travel_km,bus,km,road,passenger,ice,all,yearly,national,['estimated $ calculate_energy_and_activity()'],1,87510825000.0,estimated $ calculate_energy_and_activity(),5515200000.0,single_datapoint,no_comment
7704,2012,10_MAS,turnover_rate,bus,%,road,passenger,ice,all,yearly,national,['manually_inputted_data $ guess'],1,0.39,manually_inputted_data $ guess,0.03,single_datapoint,no_comment
7705,2013,10_MAS,activity,bus,passenger_km_or_freight_tonne_km,road,passenger,ice,all,yearly,national,['estimated $ calculate_energy_and_activity()'],1,1312662375000.0,estimated $ calculate_energy_and_activity(),70632000000.0,single_datapoint,no_comment
7706,2013,10_MAS,energy,bus,pj,road,passenger,ice,all,yearly,national,['estimated $ calculate_energy_and_activity()'],1,1175.9055072842275,estimated $ calculate_energy_and_activity(),63.27335906957762,single_datapoint,no_comment
7707,2013,10_MAS,new_vehicle_efficiency,bus,km_per_pj,road,passenger,ice,all,yearly,national,['avg_eff_no_outliers $ transport_data_system_9th'],1,910941040.8338033,avg_eff_no_outliers $ transport_data_system_9th,70072387.7564464,single_datapoint,no_comment
7708,2013,10_MAS,travel_km,bus,km,road,passenger,ice,all,yearly,national,['estimated $ calculate_energy_and_activity()'],1,87510825000.0,estimated $ calculate_energy_and_activity(),4708800000.0,single_datapoint,no_comment
7709,2013,10_MAS,turnover_rate,bus,%,road,passenger,ice,all,yearly,national,['manually_inputted_data $ guess'],1,0.39,manually_inputted_data $ guess,0.03,single_datapoint,no_comment
7710,2014,10_MAS,new_vehicle_efficiency,bus,km_per_pj,road,passenger,ice,all,yearly,national,['avg_eff_no_outliers $ transport_data_system_9th'],1,910941040.8338033,avg_eff_no_outliers $ transport_data_system_9th,70072387.7564464,single_datapoint,no_comment
7711,2014,10_MAS,turnover_rate,bus,%,road,passenger,ice,all,yearly,national,['manually_inputted_data $ guess'],1,0.39,manually_inputted_data $ guess,0.03,single_datapoint,no_comment
7712,2015,10_MAS,new_vehicle_efficiency,bus,km_per_pj,road,passenger,ice,all,yearly,national,['avg_eff_no_outliers $ transport_data_system_9th'],1,910941040.8338033,avg_eff_no_outliers $ transport_data_system_9th,70072387.7564464,single_datapoint,no_comment
7713,2015,10_MAS,turnover_rate,bus,%,road,passenger,ice,all,yearly,national,['manually_inputted_data $ guess'],1,0.39,manually_inputted_data $ guess,0.03,single_datapoint,no_comment
7714,2016,10_MAS,activity,bus,passenger_km_or_freight_tonne_km,road,passenger,ice,all,yearly,national,['estimated $ calculate_energy_and_activity()'],1,1312662375000.0,estimated $ calculate_energy_and_activity(),206987625000.0,single_datapoint,no_comment
7715,2016,10_MAS,energy,bus,pj,road,passenger,ice,all,yearly,national,['estimated $ calculate_energy_and_activity()'],1,1175.9055072842275,estimated $ calculate_energy_and_activity(),185.42307055702915,single_datapoint,no_comment
7716,2016,10_MAS,new_vehicle_efficiency,bus,km_per_pj,road,passenger,ice,all,yearly,national,['avg_eff_no_outliers $ transport_data_system_9th'],1,910941040.8338033,avg_eff_no_outliers $ transport_data_system_9th,70072387.7564464,single_datapoint,no_comment
7717,2016,10_MAS,travel_km,bus,km,road,passenger,ice,all,yearly,national,['estimated $ calculate_energy_and_activity()'],1,87510825000.0,estimated $ calculate_energy_and_activity(),13799175000.0,single_datapoint,no_comment
7718,2016,10_MAS,turnover_rate,bus,%,road,passenger,ice,all,yearly,national,['manually_inputted_data $ guess'],1,0.39,manually_inputted_data $ guess,0.03,single_datapoint,no_comment
7719,2017,10_MAS,activity,bus,passenger_km_or_freight_tonne_km,road,passenger,ice,all,yearly,national,['estimated $ calculate_energy_and_activity()'],1,1312662375000.0,estimated $ calculate_energy_and_activity(),186175125000.0,single_datapoint,no_comment
7720,2017,10_MAS,energy,bus,pj,road,passenger,ice,all,yearly,national,['estimated $ calculate_energy_and_activity()'],1,1175.9055072842275,estimated $ calculate_energy_and_activity(),166.77887549479695,single_datapoint,no_comment
7721,2017,10_MAS,new_vehicle_efficiency,bus,km_per_pj,road,passenger,ice,all,yearly,national,['avg_eff_no_outliers $ transport_data_system_9th'],1,910941040.8338033,avg_eff_no_outliers $ transport_data_system_9th,70072387.7564464,single_datapoint,no_comment
7722,2017,10_MAS,travel_km,bus,km,road,passenger,ice,all,yearly,national,['estimated $ calculate_energy_and_activity()'],1,87510825000.0,estimated $ calculate_energy_and_activity(),12411675000.0,single_datapoint,no_comment
7723,2017,10_MAS,turnover_rate,bus,%,road,passenger,ice,all,yearly,national,['manually_inputted_data $ guess'],1,0.39,manually_inputted_data $ guess,0.03,single_datapoint,no_comment
7724,2018,10_MAS,activity,bus,passenger_km_or_freight_tonne_km,road,passenger,ice,all,yearly,national,['estimated $ calculate_energy_and_activity()'],1,1312662375000.0,estimated $ calculate_energy_and_activity(),195661125000.0,single_datapoint,no_comment
7725,2018,10_MAS,energy,bus,pj,road,passenger,ice,all,yearly,national,['estimated $ calculate_energy_and_activity()'],1,1175.9055072842275,estimated $ calculate_energy_and_activity(),175.27659726586407,single_datapoint,no_comment
7726,2018,10_MAS,new_vehicle_efficiency,bus,km_per_pj,road,passenger,ice,all,yearly,national,['avg_eff_no_outliers $ transport_data_system_9th'],1,910941040.8338033,avg_eff_no_outliers $ transport_data_system_9th,70072387.7564464,single_datapoint,no_comment
7727,2018,10_MAS,travel_km,bus,km,road,passenger,ice,all,yearly,national,['estimated $ calculate_energy_and_activity()'],1,87510825000.0,estimated $ calculate_energy_and_activity(),13044075000.0,single_datapoint,no_comment
7728,2018,10_MAS,turnover_rate,bus,%,road,passenger,ice,all,yearly,national,['manually_inputted_data $ guess'],1,0.39,manually_inputted_data $ guess,0.03,single_datapoint,no_comment
7729,2019,10_MAS,activity,bus,passenger_km_or_freight_tonne_km,road,passenger,ice,all,yearly,national,['estimated $ calculate_energy_and_activity()'],1,1312662375000.0,estimated $ calculate_energy_and_activity(),204395625000.0,single_datapoint,no_comment
7730,2019,10_MAS,energy,bus,pj,road,passenger,ice,all,yearly,national,['estimated $ calculate_energy_and_activity()'],1,1175.9055072842275,estimated $ calculate_energy_and_activity(),183.10111242603546,single_datapoint,no_comment
7731,2019,10_MAS,new_vehicle_efficiency,bus,km_per_pj,road,passenger,ice,all,yearly,national,['avg_eff_no_outliers $ transport_data_system_9th'],1,910941040.8338033,avg_eff_no_outliers $ transport_data_system_9th,70072387.7564464,single_datapoint,no_comment
7732,2019,10_MAS,travel_km,bus,km,road,passenger,ice,all,yearly,national,['estimated $ calculate_energy_and_activity()'],1,87510825000.0,estimated $ calculate_energy_and_activity(),13626375000.0,single_datapoint,no_comment
7733,2019,10_MAS,turnover_rate,bus,%,road,passenger,ice,all,yearly,national,['manually_inputted_data $ guess'],1,0.39,manually_inputted_data $ guess,0.03,single_datapoint,no_comment
7734,2020,10_MAS,activity,bus,passenger_km_or_freight_tonne_km,road,passenger,ice,all,yearly,national,['estimated $ calculate_energy_and_activity()'],1,1312662375000.0,estimated $ calculate_energy_and_activity(),207533250000.0,single_datapoint,no_comment
7735,2020,10_MAS,energy,bus,pj,road,passenger,ice,all,yearly,national,['estimated $ calculate_energy_and_activity()'],1,1175.9055072842275,estimated $ calculate_energy_and_activity(),185.91185080595793,single_datapoint,no_comment
7736,2020,10_MAS,new_vehicle_efficiency,bus,km_per_pj,road,passenger,ice,all,yearly,national,['avg_eff_no_outliers $ transport_data_system_9th'],1,910941040.8338033,avg_eff_no_outliers $ transport_data_system_9th,70072387.7564464,single_datapoint,no_comment
7737,2020,10_MAS,travel_km,bus,km,road,passenger,ice,all,yearly,national,['estimated $ calculate_energy_and_activity()'],1,87510825000.0,estimated $ calculate_energy_and_activity(),13835550000.0,single_datapoint,no_comment
7738,2020,10_MAS,turnover_rate,bus,%,road,passenger,ice,all,yearly,national,['manually_inputted_data $ guess'],1,0.39,manually_inputted_data $ guess,0.03,single_datapoint,no_comment
7739,2021,10_MAS,new_vehicle_efficiency,bus,km_per_pj,road,passenger,ice,all,yearly,national,['avg_eff_no_outliers $ transport_data_system_9th'],1,910941040.8338033,avg_eff_no_outliers $ transport_data_system_9th,70072387.7564464,single_datapoint,no_comment
7740,2021,10_MAS,turnover_rate,bus,%,road,passenger,ice,all,yearly,national,['manually_inputted_data $ guess'],1,0.39,manually_inputted_data $ guess,0.03,single_datapoint,no_comment
7741,2022,10_MAS,new_vehicle_efficiency,bus,km_per_pj,road,passenger,ice,all,yearly,national,['avg_eff_no_outliers $ transport_data_system_9th'],1,910941040.8338033,avg_eff_no_outliers $ transport_data_system_9th,70072387.7564464,single_datapoint,no_comment
7742,2022,10_MAS,turnover_rate,bus,%,road,passenger,ice,all,yearly,national,['manually_inputted_data $ guess'],1,0.39,manually_inputted_data $ guess,0.03,single_datapoint,no_comment
7743,2010,10_MAS,new_vehicle_efficiency,bus,km_per_pj,road,passenger,lpg,all,yearly,national,['avg_eff_no_outliers $ transport_data_system_9th'],1,1295830676.4857378,avg_eff_no_outliers $ transport_data_system_9th,99679282.8065952,single_datapoint,no_comment
7744,2010,10_MAS,turnover_rate,bus,%,road,passenger,lpg,all,yearly,national,['manually_inputted_data $ guess'],1,0.42,manually_inputted_data $ guess,0.03,manual,no_comment
7745,2011,10_MAS,new_vehicle_efficiency,bus,km_per_pj,road,passenger,lpg,all,yearly,national,['avg_eff_no_outliers $ transport_data_system_9th'],1,1295830676.4857378,avg_eff_no_outliers $ transport_data_system_9th,99679282.8065952,single_datapoint,no_comment
7746,2011,10_MAS,turnover_rate,bus,%,road,passenger,lpg,all,yearly,national,['manually_inputted_data $ guess'],1,0.42,manually_inputted_data $ guess,0.03,manual,no_comment
7747,2012,10_MAS,new_vehicle_efficiency,bus,km_per_pj,road,passenger,lpg,all,yearly,national,['avg_eff_no_outliers $ transport_data_system_9th'],1,1295830676.4857378,avg_eff_no_outliers $ transport_data_system_9th,99679282.8065952,single_datapoint,no_comment
7748,2012,10_MAS,turnover_rate,bus,%,road,passenger,lpg,all,yearly,national,['manually_inputted_data $ guess'],1,0.42,manually_inputted_data $ guess,0.03,manual,no_comment
7749,2013,10_MAS,new_vehicle_efficiency,bus,km_per_pj,road,passenger,lpg,all,yearly,national,['avg_eff_no_outliers $ transport_data_system_9th'],1,1295830676.4857378,avg_eff_no_outliers $ transport_data_system_9th,99679282.8065952,single_datapoint,no_comment
7750,2013,10_MAS,turnover_rate,bus,%,road,passenger,lpg,all,yearly,national,['manually_inputted_data $ guess'],1,0.42,manually_inputted_data $ guess,0.03,manual,no_comment
7751,2014,10_MAS,new_vehicle_efficiency,bus,km_per_pj,road,passenger,lpg,all,yearly,national,['avg_eff_no_outliers $ transport_data_system_9th'],1,1295830676.4857378,avg_eff_no_outliers $ transport_data_system_9th,99679282.8065952,single_datapoint,no_comment
7752,2014,10_MAS,turnover_rate,bus,%,road,passenger,lpg,all,yearly,national,['manually_inputted_data $ guess'],1,0.42,manually_inputted_data $ guess,0.03,manual,no_comment
7753,2015,10_MAS,new_vehicle_efficiency,bus,km_per_pj,road,passenger,lpg,all,yearly,national,['avg_eff_no_outliers $ transport_data_system_9th'],1,1295830676.4857378,avg_eff_no_outliers $ transport_data_system_9th,99679282.8065952,single_datapoint,no_comment
7754,2015,10_MAS,turnover_rate,bus,%,road,passenger,lpg,all,yearly,national,['manually_inputted_data $ guess'],1,0.42,manually_inputted_data $ guess,0.03,manual,no_comment
7755,2016,10_MAS,new_vehicle_efficiency,bus,km_per_pj,road,passenger,lpg,all,yearly,national,['avg_eff_no_outliers $ transport_data_system_9th'],1,1295830676.4857378,avg_eff_no_outliers $ transport_data_system_9th,99679282.8065952,single_datapoint,no_comment
7756,2016,10_MAS,turnover_rate,bus,%,road,passenger,lpg,all,yearly,national,['manually_inputted_data $ guess'],1,0.42,manually_inputted_data $ guess,0.03,manual,no_comment
7757,2017,10_MAS,new_vehicle_efficiency,bus,km_per_pj,road,passenger,lpg,all,yearly,national,['avg_eff_no_outliers $ transport_data_system_9th'],1,1295830676.4857378,avg_eff_no_outliers $ transport_data_system_9th,99679282.8065952,single_datapoint,no_comment
7758,2017,10_MAS,turnover_rate,bus,%,road,passenger,lpg,all,yearly,national,"['manually_inputted_data $ guess', 'turnover_rate_est']",2,0.42,manually_inputted_data $ guess,0.03,manual,no_comment
7759,2018,10_MAS,new_vehicle_efficiency,bus,km_per_pj,road,passenger,lpg,all,yearly,national,['avg_eff_no_outliers $ transport_data_system_9th'],1,1295830676.4857378,avg_eff_no_outliers $ transport_data_system_9th,99679282.8065952,single_datapoint,no_comment
7760,2018,10_MAS,turnover_rate,bus,%,road,passenger,lpg,all,yearly,national,['manually_inputted_data $ guess'],1,0.42,manually_inputted_data $ guess,0.03,manual,no_comment
7761,2019,10_MAS,new_vehicle_efficiency,bus,km_per_pj,road,passenger,lpg,all,yearly,national,['avg_eff_no_outliers $ transport_data_system_9th'],1,1295830676.4857378,avg_eff_no_outliers $ transport_data_system_9th,99679282.8065952,single_datapoint,no_comment
7762,2019,10_MAS,turnover_rate,bus,%,road,passenger,lpg,all,yearly,national,['manually_inputted_data $ guess'],1,0.42,manually_inputted_data $ guess,0.03,manual,no_comment
7763,2020,10_MAS,new_vehicle_efficiency,bus,km_per_pj,road,passenger,lpg,all,yearly,national,['avg_eff_no_outliers $ transport_data_system_9th'],1,1295830676.4857378,avg_eff_no_outliers $ transport_data_system_9th,99679282.8065952,single_datapoint,no_comment
7764,2020,10_MAS,turnover_rate,bus,%,road,passenger,lpg,all,yearly,national,['manually_inputted_data $ guess'],1,0.42,manually_inputted_data $ guess,0.03,manual,no_comment
7765,2021,10_MAS,new_vehicle_efficiency,bus,km_per_pj,road,passenger,lpg,all,yearly,national,['avg_eff_no_outliers $ transport_data_system_9th'],1,1295830676.4857378,avg_eff_no_outliers $ transport_data_system_9th,99679282.8065952,single_datapoint,no_comment
7766,2021,10_MAS,turnover_rate,bus,%,road,passenger,lpg,all,yearly,national,['manually_inputted_data $ guess'],1,0.42,manually_inputted_data $ guess,0.03,manual,no_comment
7767,2022,10_MAS,new_vehicle_efficiency,bus,km_per_pj,road,passenger,lpg,all,yearly,national,['avg_eff_no_outliers $ transport_data_system_9th'],1,1295830676.4857378,avg_eff_no_outliers $ transport_data_system_9th,99679282.8065952,single_datapoint,no_comment
7768,2022,10_MAS,turnover_rate,bus,%,road,passenger,lpg,all,yearly,national,['manually_inputted_data $ guess'],1,0.42,manually_inputted_data $ guess,0.03,manual,no_comment
7769,2010,10_MAS,new_vehicle_efficiency,bus,km_per_pj,road,passenger,phev,all,yearly,national,['avg_eff_no_outliers $ transport_data_system_9th'],1,1472018422.278209,avg_eff_no_outliers $ transport_data_system_9th,113232186.329093,single_datapoint,no_comment
7770,2010,10_MAS,turnover_rate,bus,%,road,passenger,phev,all,yearly,national,['manually_inputted_data $ guess'],1,0.39,manually_inputted_data $ guess,0.03,single_datapoint,no_comment
7771,2011,10_MAS,new_vehicle_efficiency,bus,km_per_pj,road,passenger,phev,all,yearly,national,['avg_eff_no_outliers $ transport_data_system_9th'],1,1472018422.278209,avg_eff_no_outliers $ transport_data_system_9th,113232186.329093,single_datapoint,no_comment
7772,2011,10_MAS,turnover_rate,bus,%,road,passenger,phev,all,yearly,national,['manually_inputted_data $ guess'],1,0.39,manually_inputted_data $ guess,0.03,single_datapoint,no_comment
7773,2012,10_MAS,new_vehicle_efficiency,bus,km_per_pj,road,passenger,phev,all,yearly,national,['avg_eff_no_outliers $ transport_data_system_9th'],1,1472018422.278209,avg_eff_no_outliers $ transport_data_system_9th,113232186.329093,single_datapoint,no_comment
7774,2012,10_MAS,turnover_rate,bus,%,road,passenger,phev,all,yearly,national,['manually_inputted_data $ guess'],1,0.39,manually_inputted_data $ guess,0.03,single_datapoint,no_comment
7775,2013,10_MAS,new_vehicle_efficiency,bus,km_per_pj,road,passenger,phev,all,yearly,national,['avg_eff_no_outliers $ transport_data_system_9th'],1,1472018422.278209,avg_eff_no_outliers $ transport_data_system_9th,113232186.329093,single_datapoint,no_comment
7776,2013,10_MAS,turnover_rate,bus,%,road,passenger,phev,all,yearly,national,['manually_inputted_data $ guess'],1,0.39,manually_inputted_data $ guess,0.03,single_datapoint,no_comment
7777,2014,10_MAS,new_vehicle_efficiency,bus,km_per_pj,road,passenger,phev,all,yearly,national,['avg_eff_no_outliers $ transport_data_system_9th'],1,1472018422.278209,avg_eff_no_outliers $ transport_data_system_9th,113232186.329093,single_datapoint,no_comment
7778,2014,10_MAS,turnover_rate,bus,%,road,passenger,phev,all,yearly,national,['manually_inputted_data $ guess'],1,0.39,manually_inputted_data $ guess,0.03,single_datapoint,no_comment
7779,2015,10_MAS,new_vehicle_efficiency,bus,km_per_pj,road,passenger,phev,all,yearly,national,['avg_eff_no_outliers $ transport_data_system_9th'],1,1472018422.278209,avg_eff_no_outliers $ transport_data_system_9th,113232186.329093,single_datapoint,no_comment
7780,2015,10_MAS,turnover_rate,bus,%,road,passenger,phev,all,yearly,national,['manually_inputted_data $ guess'],1,0.39,manually_inputted_data $ guess,0.03,single_datapoint,no_comment
7781,2016,10_MAS,new_vehicle_efficiency,bus,km_per_pj,road,passenger,phev,all,yearly,national,['avg_eff_no_outliers $ transport_data_system_9th'],1,1472018422.278209,avg_eff_no_outliers $ transport_data_system_9th,113232186.329093,single_datapoint,no_comment
7782,2016,10_MAS,turnover_rate,bus,%,road,passenger,phev,all,yearly,national,['manually_inputted_data $ guess'],1,0.39,manually_inputted_data $ guess,0.03,single_datapoint,no_comment
7783,2017,10_MAS,new_vehicle_efficiency,bus,km_per_pj,road,passenger,phev,all,yearly,national,['avg_eff_no_outliers $ transport_data_system_9th'],1,1472018422.278209,avg_eff_no_outliers $ transport_data_system_9th,113232186.329093,single_datapoint,no_comment
7784,2017,10_MAS,turnover_rate,bus,%,road,passenger,phev,all,yearly,national,['manually_inputted_data $ guess'],1,0.39,manually_inputted_data $ guess,0.03,single_datapoint,no_comment
7785,2018,10_MAS,new_vehicle_efficiency,bus,km_per_pj,road,passenger,phev,all,yearly,national,['avg_eff_no_outliers $ transport_data_system_9th'],1,1472018422.278209,avg_eff_no_outliers $ transport_data_system_9th,113232186.329093,single_datapoint,no_comment
7786,2018,10_MAS,turnover_rate,bus,%,road,passenger,phev,all,yearly,national,['manually_inputted_data $ guess'],1,0.39,manually_inputted_data $ guess,0.03,single_datapoint,no_comment
7787,2019,10_MAS,new_vehicle_efficiency,bus,km_per_pj,road,passenger,phev,all,yearly,national,['avg_eff_no_outliers $ transport_data_system_9th'],1,1472018422.278209,avg_eff_no_outliers $ transport_data_system_9th,113232186.329093,single_datapoint,no_comment
7788,2019,10_MAS,turnover_rate,bus,%,road,passenger,phev,all,yearly,national,['manually_inputted_data $ guess'],1,0.39,manually_inputted_data $ guess,0.03,single_datapoint,no_comment
7789,2020,10_MAS,new_vehicle_efficiency,bus,km_per_pj,road,passenger,phev,all,yearly,national,['avg_eff_no_outliers $ transport_data_system_9th'],1,1472018422.278209,avg_eff_no_outliers $ transport_data_system_9th,113232186.329093,single_datapoint,no_comment
7790,2020,10_MAS,turnover_rate,bus,%,road,passenger,phev,all,yearly,national,['manually_inputted_data $ guess'],1,0.39,manually_inputted_data $ guess,0.03,single_datapoint,no_comment
7791,2021,10_MAS,new_vehicle_efficiency,bus,km_per_pj,road,passenger,phev,all,yearly,national,['avg_eff_no_outliers $ transport_data_system_9th'],1,1472018422.278209,avg_eff_no_outliers $ transport_data_system_9th,113232186.329093,single_datapoint,no_comment
7792,2021,10_MAS,turnover_rate,bus,%,road,passenger,phev,all,yearly,national,['manually_inputted_data $ guess'],1,0.39,manually_inputted_data $ guess,0.03,single_datapoint,no_comment
7793,2022,10_MAS,new_vehicle_efficiency,bus,km_per_pj,road,passenger,phev,all,yearly,national,['avg_eff_no_outliers $ transport_data_system_9th'],1,1472018422.278209,avg_eff_no_outliers $ transport_data_system_9th,113232186.329093,single_datapoint,no_comment
7794,2022,10_MAS,turnover_rate,bus,%,road,passenger,phev,all,yearly,national,['manually_inputted_data $ guess'],1,0.39,manually_inputted_data $ guess,0.03,single_datapoint,no_comment
7795,2010,10_MAS,new_vehicle_efficiency,ht,km_per_pj,road,freight,bev,all,yearly,national,['avg_eff_no_outliers $ transport_data_system_9th'],1,3249486640.872147,avg_eff_no_outliers $ transport_data_system_9th,249960510.836319,single_datapoint,no_comment
7796,2010,10_MAS,turnover_rate,ht,%,road,freight,bev,all,yearly,national,['manually_inputted_data $ guess'],1,0.42,manually_inputted_data $ guess,0.03,manual,no_comment
7797,2011,10_MAS,new_vehicle_efficiency,ht,km_per_pj,road,freight,bev,all,yearly,national,['avg_eff_no_outliers $ transport_data_system_9th'],1,3249486640.872147,avg_eff_no_outliers $ transport_data_system_9th,249960510.836319,single_datapoint,no_comment
7798,2011,10_MAS,turnover_rate,ht,%,road,freight,bev,all,yearly,national,['manually_inputted_data $ guess'],1,0.42,manually_inputted_data $ guess,0.03,manual,no_comment
7799,2012,10_MAS,new_vehicle_efficiency,ht,km_per_pj,road,freight,bev,all,yearly,national,['avg_eff_no_outliers $ transport_data_system_9th'],1,3249486640.872147,avg_eff_no_outliers $ transport_data_system_9th,249960510.836319,single_datapoint,no_comment
7800,2012,10_MAS,turnover_rate,ht,%,road,freight,bev,all,yearly,national,['manually_inputted_data $ guess'],1,0.42,manually_inputted_data $ guess,0.03,manual,no_comment
7801,2013,10_MAS,new_vehicle_efficiency,ht,km_per_pj,road,freight,bev,all,yearly,national,['avg_eff_no_outliers $ transport_data_system_9th'],1,3249486640.872147,avg_eff_no_outliers $ transport_data_system_9th,249960510.836319,single_datapoint,no_comment
7802,2013,10_MAS,turnover_rate,ht,%,road,freight,bev,all,yearly,national,['manually_inputted_data $ guess'],1,0.42,manually_inputted_data $ guess,0.03,manual,no_comment
7803,2014,10_MAS,new_vehicle_efficiency,ht,km_per_pj,road,freight,bev,all,yearly,national,['avg_eff_no_outliers $ transport_data_system_9th'],1,3249486640.872147,avg_eff_no_outliers $ transport_data_system_9th,249960510.836319,single_datapoint,no_comment
7804,2014,10_MAS,turnover_rate,ht,%,road,freight,bev,all,yearly,national,['manually_inputted_data $ guess'],1,0.42,manually_inputted_data $ guess,0.03,manual,no_comment
7805,2015,10_MAS,new_vehicle_efficiency,ht,km_per_pj,road,freight,bev,all,yearly,national,['avg_eff_no_outliers $ transport_data_system_9th'],1,3249486640.872147,avg_eff_no_outliers $ transport_data_system_9th,249960510.836319,single_datapoint,no_comment
7806,2015,10_MAS,turnover_rate,ht,%,road,freight,bev,all,yearly,national,['manually_inputted_data $ guess'],1,0.42,manually_inputted_data $ guess,0.03,manual,no_comment
7807,2016,10_MAS,new_vehicle_efficiency,ht,km_per_pj,road,freight,bev,all,yearly,national,['avg_eff_no_outliers $ transport_data_system_9th'],1,3249486640.872147,avg_eff_no_outliers $ transport_data_system_9th,249960510.836319,single_datapoint,no_comment
7808,2016,10_MAS,turnover_rate,ht,%,road,freight,bev,all,yearly,national,['manually_inputted_data $ guess'],1,0.42,manually_inputted_data $ guess,0.03,manual,no_comment
7809,2017,10_MAS,activity,ht,passenger_km_or_freight_tonne_km,road,freight,bev,all,yearly,national,"['8th_edition_transport_model $ reference', 'estimated $ calculate_energy_and_activity()']",2,162818658.7555811,estimated $ calculate_energy_and_activity(),137109375.0,manual,no_comment
7810,2017,10_MAS,energy,ht,pj,road,freight,bev,all,yearly,national,"['8th_edition_transport_model $ reference', 'estimated $ calculate_energy_and_activity()']",2,0.11927120744553915,8th_edition_transport_model $ reference,0.0205874263077169,manual,no_comment
7811,2017,10_MAS,new_vehicle_efficiency,ht,km_per_pj,road,freight,bev,all,yearly,national,['avg_eff_no_outliers $ transport_data_system_9th'],1,3249486640.872147,avg_eff_no_outliers $ transport_data_system_9th,249960510.836319,single_datapoint,no_comment
7812,2017,10_MAS,travel_km,ht,km,road,freight,bev,all,yearly,national,['estimated $ calculate_energy_and_activity()'],1,24375000.0,estimated $ calculate_energy_and_activity(),24375000.0,single_datapoint,no_comment
7813,2017,10_MAS,turnover_rate,ht,%,road,freight,bev,all,yearly,national,"['manually_inputted_data $ guess', 'turnover_rate_est']",2,0.42,manually_inputted_data $ guess,0.03,manual,no_comment
7814,2018,10_MAS,new_vehicle_efficiency,ht,km_per_pj,road,freight,bev,all,yearly,national,['avg_eff_no_outliers $ transport_data_system_9th'],1,3249486640.872147,avg_eff_no_outliers $ transport_data_system_9th,249960510.836319,single_datapoint,no_comment
7815,2018,10_MAS,turnover_rate,ht,%,road,freight,bev,all,yearly,national,['manually_inputted_data $ guess'],1,0.42,manually_inputted_data $ guess,0.03,manual,no_comment
7816,2019,10_MAS,new_vehicle_efficiency,ht,km_per_pj,road,freight,bev,all,yearly,national,['avg_eff_no_outliers $ transport_data_system_9th'],1,3249486640.872147,avg_eff_no_outliers $ transport_data_system_9th,249960510.836319,single_datapoint,no_comment
7817,2019,10_MAS,turnover_rate,ht,%,road,freight,bev,all,yearly,national,['manually_inputted_data $ guess'],1,0.42,manually_inputted_data $ guess,0.03,manual,no_comment
7818,2020,10_MAS,new_vehicle_efficiency,ht,km_per_pj,road,freight,bev,all,yearly,national,['avg_eff_no_outliers $ transport_data_system_9th'],1,3249486640.872147,avg_eff_no_outliers $ transport_data_system_9th,249960510.836319,single_datapoint,no_comment
7819,2020,10_MAS,turnover_rate,ht,%,road,freight,bev,all,yearly,national,['manually_inputted_data $ guess'],1,0.42,manually_inputted_data $ guess,0.03,manual,no_comment
7820,2021,10_MAS,new_vehicle_efficiency,ht,km_per_pj,road,freight,bev,all,yearly,national,['avg_eff_no_outliers $ transport_data_system_9th'],1,3249486640.872147,avg_eff_no_outliers $ transport_data_system_9th,249960510.836319,single_datapoint,no_comment
7821,2021,10_MAS,turnover_rate,ht,%,road,freight,bev,all,yearly,national,['manually_inputted_data $ guess'],1,0.42,manually_inputted_data $ guess,0.03,manual,no_comment
7822,2022,10_MAS,new_vehicle_efficiency,ht,km_per_pj,road,freight,bev,all,yearly,national,['avg_eff_no_outliers $ transport_data_system_9th'],1,3249486640.872147,avg_eff_no_outliers $ transport_data_system_9th,249960510.836319,single_datapoint,no_comment
7823,2022,10_MAS,turnover_rate,ht,%,road,freight,bev,all,yearly,national,['manually_inputted_data $ guess'],1,0.42,manually_inputted_data $ guess,0.03,manual,no_comment
7824,2010,10_MAS,new_vehicle_efficiency,ht,km_per_pj,road,freight,cng,all,yearly,national,['avg_eff_no_outliers $ transport_data_system_9th'],1,1775178058.548531,avg_eff_no_outliers $ transport_data_system_9th,136552158.349887,single_datapoint,no_comment
7825,2010,10_MAS,turnover_rate,ht,%,road,freight,cng,all,yearly,national,['manually_inputted_data $ guess'],1,0.42,manually_inputted_data $ guess,0.03,manual,no_comment
7826,2011,10_MAS,new_vehicle_efficiency,ht,km_per_pj,road,freight,cng,all,yearly,national,['avg_eff_no_outliers $ transport_data_system_9th'],1,1775178058.548531,avg_eff_no_outliers $ transport_data_system_9th,136552158.349887,single_datapoint,no_comment
7827,2011,10_MAS,turnover_rate,ht,%,road,freight,cng,all,yearly,national,['manually_inputted_data $ guess'],1,0.42,manually_inputted_data $ guess,0.03,manual,no_comment
7828,2012,10_MAS,new_vehicle_efficiency,ht,km_per_pj,road,freight,cng,all,yearly,national,['avg_eff_no_outliers $ transport_data_system_9th'],1,1775178058.548531,avg_eff_no_outliers $ transport_data_system_9th,136552158.349887,single_datapoint,no_comment
7829,2012,10_MAS,turnover_rate,ht,%,road,freight,cng,all,yearly,national,['manually_inputted_data $ guess'],1,0.42,manually_inputted_data $ guess,0.03,manual,no_comment
7830,2013,10_MAS,new_vehicle_efficiency,ht,km_per_pj,road,freight,cng,all,yearly,national,['avg_eff_no_outliers $ transport_data_system_9th'],1,1775178058.548531,avg_eff_no_outliers $ transport_data_system_9th,136552158.349887,single_datapoint,no_comment
7831,2013,10_MAS,turnover_rate,ht,%,road,freight,cng,all,yearly,national,['manually_inputted_data $ guess'],1,0.42,manually_inputted_data $ guess,0.03,manual,no_comment
7832,2014,10_MAS,new_vehicle_efficiency,ht,km_per_pj,road,freight,cng,all,yearly,national,['avg_eff_no_outliers $ transport_data_system_9th'],1,1775178058.548531,avg_eff_no_outliers $ transport_data_system_9th,136552158.349887,single_datapoint,no_comment
7833,2014,10_MAS,turnover_rate,ht,%,road,freight,cng,all,yearly,national,['manually_inputted_data $ guess'],1,0.42,manually_inputted_data $ guess,0.03,manual,no_comment
7834,2015,10_MAS,new_vehicle_efficiency,ht,km_per_pj,road,freight,cng,all,yearly,national,['avg_eff_no_outliers $ transport_data_system_9th'],1,1775178058.548531,avg_eff_no_outliers $ transport_data_system_9th,136552158.349887,single_datapoint,no_comment
7835,2015,10_MAS,turnover_rate,ht,%,road,freight,cng,all,yearly,national,['manually_inputted_data $ guess'],1,0.42,manually_inputted_data $ guess,0.03,manual,no_comment
7836,2016,10_MAS,new_vehicle_efficiency,ht,km_per_pj,road,freight,cng,all,yearly,national,['avg_eff_no_outliers $ transport_data_system_9th'],1,1775178058.548531,avg_eff_no_outliers $ transport_data_system_9th,136552158.349887,single_datapoint,no_comment
7837,2016,10_MAS,turnover_rate,ht,%,road,freight,cng,all,yearly,national,['manually_inputted_data $ guess'],1,0.42,manually_inputted_data $ guess,0.03,manual,no_comment
7838,2017,10_MAS,activity,ht,passenger_km_or_freight_tonne_km,road,freight,cng,all,yearly,national,"['8th_edition_transport_model $ reference', 'estimated $ calculate_energy_and_activity()']",2,30191858666.059177,8th_edition_transport_model $ reference,4764046166.059176,manual,no_comment
7839,2017,10_MAS,energy,ht,pj,road,freight,cng,all,yearly,national,"['8th_edition_transport_model $ reference', 'estimated $ calculate_energy_and_activity()']",2,68.51728734913658,8th_edition_transport_model $ reference,4.461898047912409,manual,no_comment
7840,2017,10_MAS,new_vehicle_efficiency,ht,km_per_pj,road,freight,cng,all,yearly,national,['avg_eff_no_outliers $ transport_data_system_9th'],1,1775178058.548531,avg_eff_no_outliers $ transport_data_system_9th,136552158.349887,single_datapoint,no_comment
7841,2017,10_MAS,travel_km,ht,km,road,freight,cng,all,yearly,national,['estimated $ calculate_energy_and_activity()'],1,4520500000.0,estimated $ calculate_energy_and_activity(),4520500000.0,single_datapoint,no_comment
7842,2017,10_MAS,turnover_rate,ht,%,road,freight,cng,all,yearly,national,"['manually_inputted_data $ guess', 'turnover_rate_est']",2,0.42,manually_inputted_data $ guess,0.03,manual,no_comment
7843,2018,10_MAS,new_vehicle_efficiency,ht,km_per_pj,road,freight,cng,all,yearly,national,['avg_eff_no_outliers $ transport_data_system_9th'],1,1775178058.548531,avg_eff_no_outliers $ transport_data_system_9th,136552158.349887,single_datapoint,no_comment
7844,2018,10_MAS,turnover_rate,ht,%,road,freight,cng,all,yearly,national,['manually_inputted_data $ guess'],1,0.42,manually_inputted_data $ guess,0.03,manual,no_comment
7845,2019,10_MAS,new_vehicle_efficiency,ht,km_per_pj,road,freight,cng,all,yearly,national,['avg_eff_no_outliers $ transport_data_system_9th'],1,1775178058.548531,avg_eff_no_outliers $ transport_data_system_9th,136552158.349887,single_datapoint,no_comment
7846,2019,10_MAS,turnover_rate,ht,%,road,freight,cng,all,yearly,national,['manually_inputted_data $ guess'],1,0.42,manually_inputted_data $ guess,0.03,manual,no_comment
7847,2020,10_MAS,new_vehicle_efficiency,ht,km_per_pj,road,freight,cng,all,yearly,national,['avg_eff_no_outliers $ transport_data_system_9th'],1,1775178058.548531,avg_eff_no_outliers $ transport_data_system_9th,136552158.349887,single_datapoint,no_comment
7848,2020,10_MAS,turnover_rate,ht,%,road,freight,cng,all,yearly,national,['manually_inputted_data $ guess'],1,0.42,manually_inputted_data $ guess,0.03,manual,no_comment
7849,2021,10_MAS,new_vehicle_efficiency,ht,km_per_pj,road,freight,cng,all,yearly,national,['avg_eff_no_outliers $ transport_data_system_9th'],1,1775178058.548531,avg_eff_no_outliers $ transport_data_system_9th,136552158.349887,single_datapoint,no_comment
7850,2021,10_MAS,turnover_rate,ht,%,road,freight,cng,all,yearly,national,['manually_inputted_data $ guess'],1,0.42,manually_inputted_data $ guess,0.03,manual,no_comment
7851,2022,10_MAS,new_vehicle_efficiency,ht,km_per_pj,road,freight,cng,all,yearly,national,['avg_eff_no_outliers $ transport_data_system_9th'],1,1775178058.548531,avg_eff_no_outliers $ transport_data_system_9th,136552158.349887,single_datapoint,no_comment
7852,2022,10_MAS,turnover_rate,ht,%,road,freight,cng,all,yearly,national,['manually_inputted_data $ guess'],1,0.42,manually_inputted_data $ guess,0.03,manual,no_comment
7853,2017,10_MAS,turnover_rate,ht,%,road,freight,fcev,all,yearly,national,['turnover_rate_est'],1,0.03,turnover_rate_est,0.03,single_datapoint,no_comment
7854,2010,10_MAS,new_vehicle_efficiency,ht,km_per_pj,road,freight,ice,all,yearly,national,['avg_eff_no_outliers $ transport_data_system_9th'],1,1058551713.3301452,avg_eff_no_outliers $ transport_data_system_9th,81427054.87154964,single_datapoint,no_comment
7855,2010,10_MAS,turnover_rate,ht,%,road,freight,ice,all,yearly,national,['manually_inputted_data $ guess'],1,0.39,manually_inputted_data $ guess,0.03,single_datapoint,no_comment
7856,2011,10_MAS,new_vehicle_efficiency,ht,km_per_pj,road,freight,ice,all,yearly,national,['avg_eff_no_outliers $ transport_data_system_9th'],1,1058551713.3301452,avg_eff_no_outliers $ transport_data_system_9th,81427054.87154964,single_datapoint,no_comment
7857,2011,10_MAS,turnover_rate,ht,%,road,freight,ice,all,yearly,national,['manually_inputted_data $ guess'],1,0.39,manually_inputted_data $ guess,0.03,single_datapoint,no_comment
7858,2012,10_MAS,new_vehicle_efficiency,ht,km_per_pj,road,freight,ice,all,yearly,national,['avg_eff_no_outliers $ transport_data_system_9th'],1,1058551713.3301452,avg_eff_no_outliers $ transport_data_system_9th,81427054.87154964,single_datapoint,no_comment
7859,2012,10_MAS,turnover_rate,ht,%,road,freight,ice,all,yearly,national,['manually_inputted_data $ guess'],1,0.39,manually_inputted_data $ guess,0.03,single_datapoint,no_comment
7860,2013,10_MAS,new_vehicle_efficiency,ht,km_per_pj,road,freight,ice,all,yearly,national,['avg_eff_no_outliers $ transport_data_system_9th'],1,1058551713.3301452,avg_eff_no_outliers $ transport_data_system_9th,81427054.87154964,single_datapoint,no_comment
7861,2013,10_MAS,turnover_rate,ht,%,road,freight,ice,all,yearly,national,['manually_inputted_data $ guess'],1,0.39,manually_inputted_data $ guess,0.03,single_datapoint,no_comment
7862,2014,10_MAS,new_vehicle_efficiency,ht,km_per_pj,road,freight,ice,all,yearly,national,['avg_eff_no_outliers $ transport_data_system_9th'],1,1058551713.3301452,avg_eff_no_outliers $ transport_data_system_9th,81427054.87154964,single_datapoint,no_comment
7863,2014,10_MAS,turnover_rate,ht,%,road,freight,ice,all,yearly,national,['manually_inputted_data $ guess'],1,0.39,manually_inputted_data $ guess,0.03,single_datapoint,no_comment
7864,2015,10_MAS,new_vehicle_efficiency,ht,km_per_pj,road,freight,ice,all,yearly,national,['avg_eff_no_outliers $ transport_data_system_9th'],1,1058551713.3301452,avg_eff_no_outliers $ transport_data_system_9th,81427054.87154964,single_datapoint,no_comment
7865,2015,10_MAS,turnover_rate,ht,%,road,freight,ice,all,yearly,national,['manually_inputted_data $ guess'],1,0.39,manually_inputted_data $ guess,0.03,single_datapoint,no_comment
7866,2016,10_MAS,new_vehicle_efficiency,ht,km_per_pj,road,freight,ice,all,yearly,national,['avg_eff_no_outliers $ transport_data_system_9th'],1,1058551713.3301452,avg_eff_no_outliers $ transport_data_system_9th,81427054.87154964,single_datapoint,no_comment
7867,2016,10_MAS,turnover_rate,ht,%,road,freight,ice,all,yearly,national,['manually_inputted_data $ guess'],1,0.39,manually_inputted_data $ guess,0.03,single_datapoint,no_comment
7868,2017,10_MAS,activity,ht,passenger_km_or_freight_tonne_km,road,freight,ice,all,yearly,national,['estimated $ calculate_energy_and_activity()'],1,879101718750.0,estimated $ calculate_energy_and_activity(),879101718750.0,single_datapoint,no_comment
7869,2017,10_MAS,energy,ht,pj,road,freight,ice,all,yearly,national,['estimated $ calculate_energy_and_activity()'],1,2214.551598959074,estimated $ calculate_energy_and_activity(),2214.551598959074,single_datapoint,no_comment
7870,2017,10_MAS,new_vehicle_efficiency,ht,km_per_pj,road,freight,ice,all,yearly,national,['avg_eff_no_outliers $ transport_data_system_9th'],1,1058551713.3301452,avg_eff_no_outliers $ transport_data_system_9th,81427054.87154964,single_datapoint,no_comment
7871,2017,10_MAS,travel_km,ht,km,road,freight,ice,all,yearly,national,['estimated $ calculate_energy_and_activity()'],1,156284750000.0,estimated $ calculate_energy_and_activity(),156284750000.0,single_datapoint,no_comment
7872,2017,10_MAS,turnover_rate,ht,%,road,freight,ice,all,yearly,national,['manually_inputted_data $ guess'],1,0.39,manually_inputted_data $ guess,0.03,single_datapoint,no_comment
7873,2018,10_MAS,new_vehicle_efficiency,ht,km_per_pj,road,freight,ice,all,yearly,national,['avg_eff_no_outliers $ transport_data_system_9th'],1,1058551713.3301452,avg_eff_no_outliers $ transport_data_system_9th,81427054.87154964,single_datapoint,no_comment
7874,2018,10_MAS,turnover_rate,ht,%,road,freight,ice,all,yearly,national,['manually_inputted_data $ guess'],1,0.39,manually_inputted_data $ guess,0.03,single_datapoint,no_comment
7875,2019,10_MAS,new_vehicle_efficiency,ht,km_per_pj,road,freight,ice,all,yearly,national,['avg_eff_no_outliers $ transport_data_system_9th'],1,1058551713.3301452,avg_eff_no_outliers $ transport_data_system_9th,81427054.87154964,single_datapoint,no_comment
7876,2019,10_MAS,turnover_rate,ht,%,road,freight,ice,all,yearly,national,['manually_inputted_data $ guess'],1,0.39,manually_inputted_data $ guess,0.03,single_datapoint,no_comment
7877,2020,10_MAS,new_vehicle_efficiency,ht,km_per_pj,road,freight,ice,all,yearly,national,['avg_eff_no_outliers $ transport_data_system_9th'],1,1058551713.3301452,avg_eff_no_outliers $ transport_data_system_9th,81427054.87154964,single_datapoint,no_comment
7878,2020,10_MAS,turnover_rate,ht,%,road,freight,ice,all,yearly,national,['manually_inputted_data $ guess'],1,0.39,manually_inputted_data $ guess,0.03,single_datapoint,no_comment
7879,2021,10_MAS,new_vehicle_efficiency,ht,km_per_pj,road,freight,ice,all,yearly,national,['avg_eff_no_outliers $ transport_data_system_9th'],1,1058551713.3301452,avg_eff_no_outliers $ transport_data_system_9th,81427054.87154964,single_datapoint,no_comment
7880,2021,10_MAS,turnover_rate,ht,%,road,freight,ice,all,yearly,national,['manually_inputted_data $ guess'],1,0.39,manually_inputted_data $ guess,0.03,single_datapoint,no_comment
7881,2022,10_MAS,new_vehicle_efficiency,ht,km_per_pj,road,freight,ice,all,yearly,national,['avg_eff_no_outliers $ transport_data_system_9th'],1,1058551713.3301452,avg_eff_no_outliers $ transport_data_system_9th,81427054.87154964,single_datapoint,no_comment
7882,2022,10_MAS,turnover_rate,ht,%,road,freight,ice,all,yearly,national,['manually_inputted_data $ guess'],1,0.39,manually_inputted_data $ guess,0.03,single_datapoint,no_comment
7883,2010,10_MAS,new_vehicle_efficiency,ht,km_per_pj,road,freight,lpg,all,yearly,national,['avg_eff_no_outliers $ transport_data_system_9th'],1,1405649677.815799,avg_eff_no_outliers $ transport_data_system_9th,108126898.293523,single_datapoint,no_comment
7884,2010,10_MAS,turnover_rate,ht,%,road,freight,lpg,all,yearly,national,['manually_inputted_data $ guess'],1,0.42,manually_inputted_data $ guess,0.03,manual,no_comment
7885,2011,10_MAS,new_vehicle_efficiency,ht,km_per_pj,road,freight,lpg,all,yearly,national,['avg_eff_no_outliers $ transport_data_system_9th'],1,1405649677.815799,avg_eff_no_outliers $ transport_data_system_9th,108126898.293523,single_datapoint,no_comment
7886,2011,10_MAS,turnover_rate,ht,%,road,freight,lpg,all,yearly,national,['manually_inputted_data $ guess'],1,0.42,manually_inputted_data $ guess,0.03,manual,no_comment
7887,2012,10_MAS,new_vehicle_efficiency,ht,km_per_pj,road,freight,lpg,all,yearly,national,['avg_eff_no_outliers $ transport_data_system_9th'],1,1405649677.815799,avg_eff_no_outliers $ transport_data_system_9th,108126898.293523,single_datapoint,no_comment
7888,2012,10_MAS,turnover_rate,ht,%,road,freight,lpg,all,yearly,national,['manually_inputted_data $ guess'],1,0.42,manually_inputted_data $ guess,0.03,manual,no_comment
7889,2013,10_MAS,new_vehicle_efficiency,ht,km_per_pj,road,freight,lpg,all,yearly,national,['avg_eff_no_outliers $ transport_data_system_9th'],1,1405649677.815799,avg_eff_no_outliers $ transport_data_system_9th,108126898.293523,single_datapoint,no_comment
7890,2013,10_MAS,turnover_rate,ht,%,road,freight,lpg,all,yearly,national,['manually_inputted_data $ guess'],1,0.42,manually_inputted_data $ guess,0.03,manual,no_comment
7891,2014,10_MAS,new_vehicle_efficiency,ht,km_per_pj,road,freight,lpg,all,yearly,national,['avg_eff_no_outliers $ transport_data_system_9th'],1,1405649677.815799,avg_eff_no_outliers $ transport_data_system_9th,108126898.293523,single_datapoint,no_comment
7892,2014,10_MAS,turnover_rate,ht,%,road,freight,lpg,all,yearly,national,['manually_inputted_data $ guess'],1,0.42,manually_inputted_data $ guess,0.03,manual,no_comment
7893,2015,10_MAS,new_vehicle_efficiency,ht,km_per_pj,road,freight,lpg,all,yearly,national,['avg_eff_no_outliers $ transport_data_system_9th'],1,1405649677.815799,avg_eff_no_outliers $ transport_data_system_9th,108126898.293523,single_datapoint,no_comment
7894,2015,10_MAS,turnover_rate,ht,%,road,freight,lpg,all,yearly,national,['manually_inputted_data $ guess'],1,0.42,manually_inputted_data $ guess,0.03,manual,no_comment
7895,2016,10_MAS,new_vehicle_efficiency,ht,km_per_pj,road,freight,lpg,all,yearly,national,['avg_eff_no_outliers $ transport_data_system_9th'],1,1405649677.815799,avg_eff_no_outliers $ transport_data_system_9th,108126898.293523,single_datapoint,no_comment
7896,2016,10_MAS,turnover_rate,ht,%,road,freight,lpg,all,yearly,national,['manually_inputted_data $ guess'],1,0.42,manually_inputted_data $ guess,0.03,manual,no_comment
7897,2017,10_MAS,new_vehicle_efficiency,ht,km_per_pj,road,freight,lpg,all,yearly,national,['avg_eff_no_outliers $ transport_data_system_9th'],1,1405649677.815799,avg_eff_no_outliers $ transport_data_system_9th,108126898.293523,single_datapoint,no_comment
7898,2017,10_MAS,turnover_rate,ht,%,road,freight,lpg,all,yearly,national,"['manually_inputted_data $ guess', 'turnover_rate_est']",2,0.42,manually_inputted_data $ guess,0.03,manual,no_comment
7899,2018,10_MAS,new_vehicle_efficiency,ht,km_per_pj,road,freight,lpg,all,yearly,national,['avg_eff_no_outliers $ transport_data_system_9th'],1,1405649677.815799,avg_eff_no_outliers $ transport_data_system_9th,108126898.293523,single_datapoint,no_comment
7900,2018,10_MAS,turnover_rate,ht,%,road,freight,lpg,all,yearly,national,['manually_inputted_data $ guess'],1,0.42,manually_inputted_data $ guess,0.03,manual,no_comment
7901,2019,10_MAS,new_vehicle_efficiency,ht,km_per_pj,road,freight,lpg,all,yearly,national,['avg_eff_no_outliers $ transport_data_system_9th'],1,1405649677.815799,avg_eff_no_outliers $ transport_data_system_9th,108126898.293523,single_datapoint,no_comment
7902,2019,10_MAS,turnover_rate,ht,%,road,freight,lpg,all,yearly,national,['manually_inputted_data $ guess'],1,0.42,manually_inputted_data $ guess,0.03,manual,no_comment
7903,2020,10_MAS,new_vehicle_efficiency,ht,km_per_pj,road,freight,lpg,all,yearly,national,['avg_eff_no_outliers $ transport_data_system_9th'],1,1405649677.815799,avg_eff_no_outliers $ transport_data_system_9th,108126898.293523,single_datapoint,no_comment
7904,2020,10_MAS,turnover_rate,ht,%,road,freight,lpg,all,yearly,national,['manually_inputted_data $ guess'],1,0.42,manually_inputted_data $ guess,0.03,manual,no_comment
7905,2021,10_MAS,new_vehicle_efficiency,ht,km_per_pj,road,freight,lpg,all,yearly,national,['avg_eff_no_outliers $ transport_data_system_9th'],1,1405649677.815799,avg_eff_no_outliers $ transport_data_system_9th,108126898.293523,single_datapoint,no_comment
7906,2021,10_MAS,turnover_rate,ht,%,road,freight,lpg,all,yearly,national,['manually_inputted_data $ guess'],1,0.42,manually_inputted_data $ guess,0.03,manual,no_comment
7907,2022,10_MAS,new_vehicle_efficiency,ht,km_per_pj,road,freight,lpg,all,yearly,national,['avg_eff_no_outliers $ transport_data_system_9th'],1,1405649677.815799,avg_eff_no_outliers $ transport_data_system_9th,108126898.293523,single_datapoint,no_comment
7908,2022,10_MAS,turnover_rate,ht,%,road,freight,lpg,all,yearly,national,['manually_inputted_data $ guess'],1,0.42,manually_inputted_data $ guess,0.03,manual,no_comment
7909,2010,10_MAS,new_vehicle_efficiency,ldv,km_per_pj,road,freight,bev,all,yearly,national,['avg_eff_no_outliers $ transport_data_system_9th'],1,7200566335.010296,avg_eff_no_outliers $ transport_data_system_9th,553889718.077715,single_datapoint,no_comment
7910,2010,10_MAS,new_vehicle_efficiency,ldv,km_per_pj,road,passenger,bev,all,yearly,national,['avg_eff_no_outliers $ transport_data_system_9th'],1,9901716082.423439,avg_eff_no_outliers $ transport_data_system_9th,761670467.878726,single_datapoint,no_comment
7911,2010,10_MAS,turnover_rate,ldv,%,road,freight,bev,all,yearly,national,['manually_inputted_data $ guess'],1,0.42,manually_inputted_data $ guess,0.03,manual,no_comment
7912,2010,10_MAS,turnover_rate,ldv,%,road,passenger,bev,all,yearly,national,['manually_inputted_data $ guess'],1,0.42,manually_inputted_data $ guess,0.03,manual,no_comment
7913,2011,10_MAS,new_vehicle_efficiency,ldv,km_per_pj,road,freight,bev,all,yearly,national,['avg_eff_no_outliers $ transport_data_system_9th'],1,7200566335.010296,avg_eff_no_outliers $ transport_data_system_9th,553889718.077715,single_datapoint,no_comment
7914,2011,10_MAS,new_vehicle_efficiency,ldv,km_per_pj,road,passenger,bev,all,yearly,national,['avg_eff_no_outliers $ transport_data_system_9th'],1,9901716082.423439,avg_eff_no_outliers $ transport_data_system_9th,761670467.878726,single_datapoint,no_comment
7915,2011,10_MAS,turnover_rate,ldv,%,road,freight,bev,all,yearly,national,['manually_inputted_data $ guess'],1,0.42,manually_inputted_data $ guess,0.03,manual,no_comment
7916,2011,10_MAS,turnover_rate,ldv,%,road,passenger,bev,all,yearly,national,['manually_inputted_data $ guess'],1,0.42,manually_inputted_data $ guess,0.03,manual,no_comment
7917,2012,10_MAS,new_vehicle_efficiency,ldv,km_per_pj,road,freight,bev,all,yearly,national,['avg_eff_no_outliers $ transport_data_system_9th'],1,7200566335.010296,avg_eff_no_outliers $ transport_data_system_9th,553889718.077715,single_datapoint,no_comment
7918,2012,10_MAS,new_vehicle_efficiency,ldv,km_per_pj,road,passenger,bev,all,yearly,national,['avg_eff_no_outliers $ transport_data_system_9th'],1,9901716082.423439,avg_eff_no_outliers $ transport_data_system_9th,761670467.878726,single_datapoint,no_comment
7919,2012,10_MAS,turnover_rate,ldv,%,road,freight,bev,all,yearly,national,['manually_inputted_data $ guess'],1,0.42,manually_inputted_data $ guess,0.03,manual,no_comment
7920,2012,10_MAS,turnover_rate,ldv,%,road,passenger,bev,all,yearly,national,['manually_inputted_data $ guess'],1,0.42,manually_inputted_data $ guess,0.03,manual,no_comment
7921,2013,10_MAS,new_vehicle_efficiency,ldv,km_per_pj,road,freight,bev,all,yearly,national,['avg_eff_no_outliers $ transport_data_system_9th'],1,7200566335.010296,avg_eff_no_outliers $ transport_data_system_9th,553889718.077715,single_datapoint,no_comment
7922,2013,10_MAS,new_vehicle_efficiency,ldv,km_per_pj,road,passenger,bev,all,yearly,national,['avg_eff_no_outliers $ transport_data_system_9th'],1,9901716082.423439,avg_eff_no_outliers $ transport_data_system_9th,761670467.878726,single_datapoint,no_comment
7923,2013,10_MAS,turnover_rate,ldv,%,road,freight,bev,all,yearly,national,['manually_inputted_data $ guess'],1,0.42,manually_inputted_data $ guess,0.03,manual,no_comment
7924,2013,10_MAS,turnover_rate,ldv,%,road,passenger,bev,all,yearly,national,['manually_inputted_data $ guess'],1,0.42,manually_inputted_data $ guess,0.03,manual,no_comment
7925,2014,10_MAS,new_vehicle_efficiency,ldv,km_per_pj,road,freight,bev,all,yearly,national,['avg_eff_no_outliers $ transport_data_system_9th'],1,7200566335.010296,avg_eff_no_outliers $ transport_data_system_9th,553889718.077715,single_datapoint,no_comment
7926,2014,10_MAS,new_vehicle_efficiency,ldv,km_per_pj,road,passenger,bev,all,yearly,national,['avg_eff_no_outliers $ transport_data_system_9th'],1,9901716082.423439,avg_eff_no_outliers $ transport_data_system_9th,761670467.878726,single_datapoint,no_comment
7927,2014,10_MAS,turnover_rate,ldv,%,road,freight,bev,all,yearly,national,['manually_inputted_data $ guess'],1,0.42,manually_inputted_data $ guess,0.03,manual,no_comment
7928,2014,10_MAS,turnover_rate,ldv,%,road,passenger,bev,all,yearly,national,['manually_inputted_data $ guess'],1,0.42,manually_inputted_data $ guess,0.03,manual,no_comment
7929,2015,10_MAS,new_vehicle_efficiency,ldv,km_per_pj,road,freight,bev,all,yearly,national,['avg_eff_no_outliers $ transport_data_system_9th'],1,7200566335.010296,avg_eff_no_outliers $ transport_data_system_9th,553889718.077715,single_datapoint,no_comment
7930,2015,10_MAS,new_vehicle_efficiency,ldv,km_per_pj,road,passenger,bev,all,yearly,national,['avg_eff_no_outliers $ transport_data_system_9th'],1,9901716082.423439,avg_eff_no_outliers $ transport_data_system_9th,761670467.878726,single_datapoint,no_comment
7931,2015,10_MAS,turnover_rate,ldv,%,road,freight,bev,all,yearly,national,['manually_inputted_data $ guess'],1,0.42,manually_inputted_data $ guess,0.03,manual,no_comment
7932,2015,10_MAS,turnover_rate,ldv,%,road,passenger,bev,all,yearly,national,['manually_inputted_data $ guess'],1,0.42,manually_inputted_data $ guess,0.03,manual,no_comment
7933,2016,10_MAS,new_vehicle_efficiency,ldv,km_per_pj,road,freight,bev,all,yearly,national,['avg_eff_no_outliers $ transport_data_system_9th'],1,7200566335.010296,avg_eff_no_outliers $ transport_data_system_9th,553889718.077715,single_datapoint,no_comment
7934,2016,10_MAS,new_vehicle_efficiency,ldv,km_per_pj,road,passenger,bev,all,yearly,national,['avg_eff_no_outliers $ transport_data_system_9th'],1,9901716082.423439,avg_eff_no_outliers $ transport_data_system_9th,761670467.878726,single_datapoint,no_comment
7935,2016,10_MAS,turnover_rate,ldv,%,road,freight,bev,all,yearly,national,['manually_inputted_data $ guess'],1,0.42,manually_inputted_data $ guess,0.03,manual,no_comment
7936,2016,10_MAS,turnover_rate,ldv,%,road,passenger,bev,all,yearly,national,['manually_inputted_data $ guess'],1,0.42,manually_inputted_data $ guess,0.03,manual,no_comment
7937,2017,10_MAS,activity,ldv,passenger_km_or_freight_tonne_km,road,passenger,bev,all,yearly,national,"['8th_edition_transport_model $ reference', 'estimated $ calculate_energy_and_activity()']",2,19506210.711434603,8th_edition_transport_model $ reference,9156210.7114346,manual,no_comment
7938,2017,10_MAS,energy,ldv,pj,road,passenger,bev,all,yearly,national,"['8th_edition_transport_model $ reference', 'estimated $ calculate_energy_and_activity()']",2,0.009261555583920947,8th_edition_transport_model $ reference,0.00359426523164,manual,no_comment
7939,2017,10_MAS,new_vehicle_efficiency,ldv,km_per_pj,road,freight,bev,all,yearly,national,['avg_eff_no_outliers $ transport_data_system_9th'],1,7200566335.010296,avg_eff_no_outliers $ transport_data_system_9th,553889718.077715,single_datapoint,no_comment
7940,2017,10_MAS,new_vehicle_efficiency,ldv,km_per_pj,road,passenger,bev,all,yearly,national,['avg_eff_no_outliers $ transport_data_system_9th'],1,9901716082.423439,avg_eff_no_outliers $ transport_data_system_9th,761670467.878726,single_datapoint,no_comment
7941,2017,10_MAS,travel_km,ldv,km,road,passenger,bev,all,yearly,national,['estimated $ calculate_energy_and_activity()'],1,6900000.0,estimated $ calculate_energy_and_activity(),6900000.0,single_datapoint,no_comment
7942,2017,10_MAS,turnover_rate,ldv,%,road,freight,bev,all,yearly,national,"['manually_inputted_data $ guess', 'turnover_rate_est']",2,0.42,manually_inputted_data $ guess,0.03,manual,no_comment
7943,2017,10_MAS,turnover_rate,ldv,%,road,passenger,bev,all,yearly,national,"['manually_inputted_data $ guess', 'turnover_rate_est']",2,0.42,manually_inputted_data $ guess,0.03,manual,no_comment
7944,2018,10_MAS,new_vehicle_efficiency,ldv,km_per_pj,road,freight,bev,all,yearly,national,['avg_eff_no_outliers $ transport_data_system_9th'],1,7200566335.010296,avg_eff_no_outliers $ transport_data_system_9th,553889718.077715,single_datapoint,no_comment
7945,2018,10_MAS,new_vehicle_efficiency,ldv,km_per_pj,road,passenger,bev,all,yearly,national,['avg_eff_no_outliers $ transport_data_system_9th'],1,9901716082.423439,avg_eff_no_outliers $ transport_data_system_9th,761670467.878726,single_datapoint,no_comment
7946,2018,10_MAS,turnover_rate,ldv,%,road,freight,bev,all,yearly,national,['manually_inputted_data $ guess'],1,0.42,manually_inputted_data $ guess,0.03,manual,no_comment
7947,2018,10_MAS,turnover_rate,ldv,%,road,passenger,bev,all,yearly,national,['manually_inputted_data $ guess'],1,0.42,manually_inputted_data $ guess,0.03,manual,no_comment
7948,2019,10_MAS,new_vehicle_efficiency,ldv,km_per_pj,road,freight,bev,all,yearly,national,['avg_eff_no_outliers $ transport_data_system_9th'],1,7200566335.010296,avg_eff_no_outliers $ transport_data_system_9th,553889718.077715,single_datapoint,no_comment
7949,2019,10_MAS,new_vehicle_efficiency,ldv,km_per_pj,road,passenger,bev,all,yearly,national,['avg_eff_no_outliers $ transport_data_system_9th'],1,9901716082.423439,avg_eff_no_outliers $ transport_data_system_9th,761670467.878726,single_datapoint,no_comment
7950,2019,10_MAS,turnover_rate,ldv,%,road,freight,bev,all,yearly,national,['manually_inputted_data $ guess'],1,0.42,manually_inputted_data $ guess,0.03,manual,no_comment
7951,2019,10_MAS,turnover_rate,ldv,%,road,passenger,bev,all,yearly,national,['manually_inputted_data $ guess'],1,0.42,manually_inputted_data $ guess,0.03,manual,no_comment
7952,2020,10_MAS,new_vehicle_efficiency,ldv,km_per_pj,road,freight,bev,all,yearly,national,['avg_eff_no_outliers $ transport_data_system_9th'],1,7200566335.010296,avg_eff_no_outliers $ transport_data_system_9th,553889718.077715,single_datapoint,no_comment
7953,2020,10_MAS,new_vehicle_efficiency,ldv,km_per_pj,road,passenger,bev,all,yearly,national,['avg_eff_no_outliers $ transport_data_system_9th'],1,9901716082.423439,avg_eff_no_outliers $ transport_data_system_9th,761670467.878726,single_datapoint,no_comment
7954,2020,10_MAS,turnover_rate,ldv,%,road,freight,bev,all,yearly,national,['manually_inputted_data $ guess'],1,0.42,manually_inputted_data $ guess,0.03,manual,no_comment
7955,2020,10_MAS,turnover_rate,ldv,%,road,passenger,bev,all,yearly,national,['manually_inputted_data $ guess'],1,0.42,manually_inputted_data $ guess,0.03,manual,no_comment
7956,2021,10_MAS,new_vehicle_efficiency,ldv,km_per_pj,road,freight,bev,all,yearly,national,['avg_eff_no_outliers $ transport_data_system_9th'],1,7200566335.010296,avg_eff_no_outliers $ transport_data_system_9th,553889718.077715,single_datapoint,no_comment
7957,2021,10_MAS,new_vehicle_efficiency,ldv,km_per_pj,road,passenger,bev,all,yearly,national,['avg_eff_no_outliers $ transport_data_system_9th'],1,9901716082.423439,avg_eff_no_outliers $ transport_data_system_9th,761670467.878726,single_datapoint,no_comment
7958,2021,10_MAS,turnover_rate,ldv,%,road,freight,bev,all,yearly,national,['manually_inputted_data $ guess'],1,0.42,manually_inputted_data $ guess,0.03,manual,no_comment
7959,2021,10_MAS,turnover_rate,ldv,%,road,passenger,bev,all,yearly,national,['manually_inputted_data $ guess'],1,0.42,manually_inputted_data $ guess,0.03,manual,no_comment
7960,2022,10_MAS,new_vehicle_efficiency,ldv,km_per_pj,road,freight,bev,all,yearly,national,['avg_eff_no_outliers $ transport_data_system_9th'],1,7200566335.010296,avg_eff_no_outliers $ transport_data_system_9th,553889718.077715,single_datapoint,no_comment
7961,2022,10_MAS,new_vehicle_efficiency,ldv,km_per_pj,road,passenger,bev,all,yearly,national,['avg_eff_no_outliers $ transport_data_system_9th'],1,9901716082.423439,avg_eff_no_outliers $ transport_data_system_9th,761670467.878726,single_datapoint,no_comment
7962,2022,10_MAS,turnover_rate,ldv,%,road,freight,bev,all,yearly,national,['manually_inputted_data $ guess'],1,0.42,manually_inputted_data $ guess,0.03,manual,no_comment
7963,2022,10_MAS,turnover_rate,ldv,%,road,passenger,bev,all,yearly,national,['manually_inputted_data $ guess'],1,0.42,manually_inputted_data $ guess,0.03,manual,no_comment
7964,2010,10_MAS,new_vehicle_efficiency,ldv,km_per_pj,road,freight,cng,all,yearly,national,['avg_eff_no_outliers $ transport_data_system_9th'],1,7214767129.708009,avg_eff_no_outliers $ transport_data_system_9th,554982086.900616,single_datapoint,no_comment
7965,2010,10_MAS,new_vehicle_efficiency,ldv,km_per_pj,road,passenger,cng,all,yearly,national,['avg_eff_no_outliers $ transport_data_system_9th'],1,5429169522.90635,avg_eff_no_outliers $ transport_data_system_9th,417628424.83895,single_datapoint,no_comment
7966,2010,10_MAS,turnover_rate,ldv,%,road,freight,cng,all,yearly,national,['manually_inputted_data $ guess'],1,0.42,manually_inputted_data $ guess,0.03,manual,no_comment
7967,2010,10_MAS,turnover_rate,ldv,%,road,passenger,cng,all,yearly,national,['manually_inputted_data $ guess'],1,0.42,manually_inputted_data $ guess,0.03,manual,no_comment
7968,2011,10_MAS,new_vehicle_efficiency,ldv,km_per_pj,road,freight,cng,all,yearly,national,['avg_eff_no_outliers $ transport_data_system_9th'],1,7214767129.708009,avg_eff_no_outliers $ transport_data_system_9th,554982086.900616,single_datapoint,no_comment
7969,2011,10_MAS,new_vehicle_efficiency,ldv,km_per_pj,road,passenger,cng,all,yearly,national,['avg_eff_no_outliers $ transport_data_system_9th'],1,5429169522.90635,avg_eff_no_outliers $ transport_data_system_9th,417628424.83895,single_datapoint,no_comment
7970,2011,10_MAS,turnover_rate,ldv,%,road,freight,cng,all,yearly,national,['manually_inputted_data $ guess'],1,0.42,manually_inputted_data $ guess,0.03,manual,no_comment
7971,2011,10_MAS,turnover_rate,ldv,%,road,passenger,cng,all,yearly,national,['manually_inputted_data $ guess'],1,0.42,manually_inputted_data $ guess,0.03,manual,no_comment
7972,2012,10_MAS,new_vehicle_efficiency,ldv,km_per_pj,road,freight,cng,all,yearly,national,['avg_eff_no_outliers $ transport_data_system_9th'],1,7214767129.708009,avg_eff_no_outliers $ transport_data_system_9th,554982086.900616,single_datapoint,no_comment
7973,2012,10_MAS,new_vehicle_efficiency,ldv,km_per_pj,road,passenger,cng,all,yearly,national,['avg_eff_no_outliers $ transport_data_system_9th'],1,5429169522.90635,avg_eff_no_outliers $ transport_data_system_9th,417628424.83895,single_datapoint,no_comment
7974,2012,10_MAS,turnover_rate,ldv,%,road,freight,cng,all,yearly,national,['manually_inputted_data $ guess'],1,0.42,manually_inputted_data $ guess,0.03,manual,no_comment
7975,2012,10_MAS,turnover_rate,ldv,%,road,passenger,cng,all,yearly,national,['manually_inputted_data $ guess'],1,0.42,manually_inputted_data $ guess,0.03,manual,no_comment
7976,2013,10_MAS,new_vehicle_efficiency,ldv,km_per_pj,road,freight,cng,all,yearly,national,['avg_eff_no_outliers $ transport_data_system_9th'],1,7214767129.708009,avg_eff_no_outliers $ transport_data_system_9th,554982086.900616,single_datapoint,no_comment
7977,2013,10_MAS,new_vehicle_efficiency,ldv,km_per_pj,road,passenger,cng,all,yearly,national,['avg_eff_no_outliers $ transport_data_system_9th'],1,5429169522.90635,avg_eff_no_outliers $ transport_data_system_9th,417628424.83895,single_datapoint,no_comment
7978,2013,10_MAS,turnover_rate,ldv,%,road,freight,cng,all,yearly,national,['manually_inputted_data $ guess'],1,0.42,manually_inputted_data $ guess,0.03,manual,no_comment
7979,2013,10_MAS,turnover_rate,ldv,%,road,passenger,cng,all,yearly,national,['manually_inputted_data $ guess'],1,0.42,manually_inputted_data $ guess,0.03,manual,no_comment
7980,2014,10_MAS,new_vehicle_efficiency,ldv,km_per_pj,road,freight,cng,all,yearly,national,['avg_eff_no_outliers $ transport_data_system_9th'],1,7214767129.708009,avg_eff_no_outliers $ transport_data_system_9th,554982086.900616,single_datapoint,no_comment
7981,2014,10_MAS,new_vehicle_efficiency,ldv,km_per_pj,road,passenger,cng,all,yearly,national,['avg_eff_no_outliers $ transport_data_system_9th'],1,5429169522.90635,avg_eff_no_outliers $ transport_data_system_9th,417628424.83895,single_datapoint,no_comment
7982,2014,10_MAS,turnover_rate,ldv,%,road,freight,cng,all,yearly,national,['manually_inputted_data $ guess'],1,0.42,manually_inputted_data $ guess,0.03,manual,no_comment
7983,2014,10_MAS,turnover_rate,ldv,%,road,passenger,cng,all,yearly,national,['manually_inputted_data $ guess'],1,0.42,manually_inputted_data $ guess,0.03,manual,no_comment
7984,2015,10_MAS,new_vehicle_efficiency,ldv,km_per_pj,road,freight,cng,all,yearly,national,['avg_eff_no_outliers $ transport_data_system_9th'],1,7214767129.708009,avg_eff_no_outliers $ transport_data_system_9th,554982086.900616,single_datapoint,no_comment
7985,2015,10_MAS,new_vehicle_efficiency,ldv,km_per_pj,road,passenger,cng,all,yearly,national,['avg_eff_no_outliers $ transport_data_system_9th'],1,5429169522.90635,avg_eff_no_outliers $ transport_data_system_9th,417628424.83895,single_datapoint,no_comment
7986,2015,10_MAS,turnover_rate,ldv,%,road,freight,cng,all,yearly,national,['manually_inputted_data $ guess'],1,0.42,manually_inputted_data $ guess,0.03,manual,no_comment
7987,2015,10_MAS,turnover_rate,ldv,%,road,passenger,cng,all,yearly,national,['manually_inputted_data $ guess'],1,0.42,manually_inputted_data $ guess,0.03,manual,no_comment
7988,2016,10_MAS,new_vehicle_efficiency,ldv,km_per_pj,road,freight,cng,all,yearly,national,['avg_eff_no_outliers $ transport_data_system_9th'],1,7214767129.708009,avg_eff_no_outliers $ transport_data_system_9th,554982086.900616,single_datapoint,no_comment
7989,2016,10_MAS,new_vehicle_efficiency,ldv,km_per_pj,road,passenger,cng,all,yearly,national,['avg_eff_no_outliers $ transport_data_system_9th'],1,5429169522.90635,avg_eff_no_outliers $ transport_data_system_9th,417628424.83895,single_datapoint,no_comment
7990,2016,10_MAS,turnover_rate,ldv,%,road,freight,cng,all,yearly,national,['manually_inputted_data $ guess'],1,0.42,manually_inputted_data $ guess,0.03,manual,no_comment
7991,2016,10_MAS,turnover_rate,ldv,%,road,passenger,cng,all,yearly,national,['manually_inputted_data $ guess'],1,0.42,manually_inputted_data $ guess,0.03,manual,no_comment
7992,2017,10_MAS,activity,ldv,passenger_km_or_freight_tonne_km,road,passenger,cng,all,yearly,national,"['8th_edition_transport_model $ reference', 'estimated $ calculate_energy_and_activity()']",2,4536391599.1022625,8th_edition_transport_model $ reference,2129566599.102262,manual,no_comment
7993,2017,10_MAS,energy,ldv,pj,road,passenger,cng,all,yearly,national,"['8th_edition_transport_model $ reference', 'estimated $ calculate_energy_and_activity()']",2,6.294829882801553,8th_edition_transport_model $ reference,1.682209944883672,manual,no_comment
7994,2017,10_MAS,new_vehicle_efficiency,ldv,km_per_pj,road,freight,cng,all,yearly,national,['avg_eff_no_outliers $ transport_data_system_9th'],1,7214767129.708009,avg_eff_no_outliers $ transport_data_system_9th,554982086.900616,single_datapoint,no_comment
7995,2017,10_MAS,new_vehicle_efficiency,ldv,km_per_pj,road,passenger,cng,all,yearly,national,['avg_eff_no_outliers $ transport_data_system_9th'],1,5429169522.90635,avg_eff_no_outliers $ transport_data_system_9th,417628424.83895,single_datapoint,no_comment
7996,2017,10_MAS,travel_km,ldv,km,road,passenger,cng,all,yearly,national,['estimated $ calculate_energy_and_activity()'],1,1604550000.0,estimated $ calculate_energy_and_activity(),1604550000.0,single_datapoint,no_comment
7997,2017,10_MAS,turnover_rate,ldv,%,road,freight,cng,all,yearly,national,"['manually_inputted_data $ guess', 'turnover_rate_est']",2,0.42,manually_inputted_data $ guess,0.03,manual,no_comment
7998,2017,10_MAS,turnover_rate,ldv,%,road,passenger,cng,all,yearly,national,"['manually_inputted_data $ guess', 'turnover_rate_est']",2,0.42,manually_inputted_data $ guess,0.03,manual,no_comment
7999,2018,10_MAS,new_vehicle_efficiency,ldv,km_per_pj,road,freight,cng,all,yearly,national,['avg_eff_no_outliers $ transport_data_system_9th'],1,7214767129.708009,avg_eff_no_outliers $ transport_data_system_9th,554982086.900616,single_datapoint,no_comment
8000,2018,10_MAS,new_vehicle_efficiency,ldv,km_per_pj,road,passenger,cng,all,yearly,national,['avg_eff_no_outliers $ transport_data_system_9th'],1,5429169522.90635,avg_eff_no_outliers $ transport_data_system_9th,417628424.83895,single_datapoint,no_comment
8001,2018,10_MAS,turnover_rate,ldv,%,road,freight,cng,all,yearly,national,['manually_inputted_data $ guess'],1,0.42,manually_inputted_data $ guess,0.03,manual,no_comment
8002,2018,10_MAS,turnover_rate,ldv,%,road,passenger,cng,all,yearly,national,['manually_inputted_data $ guess'],1,0.42,manually_inputted_data $ guess,0.03,manual,no_comment
8003,2019,10_MAS,new_vehicle_efficiency,ldv,km_per_pj,road,freight,cng,all,yearly,national,['avg_eff_no_outliers $ transport_data_system_9th'],1,7214767129.708009,avg_eff_no_outliers $ transport_data_system_9th,554982086.900616,single_datapoint,no_comment
8004,2019,10_MAS,new_vehicle_efficiency,ldv,km_per_pj,road,passenger,cng,all,yearly,national,['avg_eff_no_outliers $ transport_data_system_9th'],1,5429169522.90635,avg_eff_no_outliers $ transport_data_system_9th,417628424.83895,single_datapoint,no_comment
8005,2019,10_MAS,turnover_rate,ldv,%,road,freight,cng,all,yearly,national,['manually_inputted_data $ guess'],1,0.42,manually_inputted_data $ guess,0.03,manual,no_comment
8006,2019,10_MAS,turnover_rate,ldv,%,road,passenger,cng,all,yearly,national,['manually_inputted_data $ guess'],1,0.42,manually_inputted_data $ guess,0.03,manual,no_comment
8007,2020,10_MAS,new_vehicle_efficiency,ldv,km_per_pj,road,freight,cng,all,yearly,national,['avg_eff_no_outliers $ transport_data_system_9th'],1,7214767129.708009,avg_eff_no_outliers $ transport_data_system_9th,554982086.900616,single_datapoint,no_comment
8008,2020,10_MAS,new_vehicle_efficiency,ldv,km_per_pj,road,passenger,cng,all,yearly,national,['avg_eff_no_outliers $ transport_data_system_9th'],1,5429169522.90635,avg_eff_no_outliers $ transport_data_system_9th,417628424.83895,single_datapoint,no_comment
8009,2020,10_MAS,turnover_rate,ldv,%,road,freight,cng,all,yearly,national,['manually_inputted_data $ guess'],1,0.42,manually_inputted_data $ guess,0.03,manual,no_comment
8010,2020,10_MAS,turnover_rate,ldv,%,road,passenger,cng,all,yearly,national,['manually_inputted_data $ guess'],1,0.42,manually_inputted_data $ guess,0.03,manual,no_comment
8011,2021,10_MAS,new_vehicle_efficiency,ldv,km_per_pj,road,freight,cng,all,yearly,national,['avg_eff_no_outliers $ transport_data_system_9th'],1,7214767129.708009,avg_eff_no_outliers $ transport_data_system_9th,554982086.900616,single_datapoint,no_comment
8012,2021,10_MAS,new_vehicle_efficiency,ldv,km_per_pj,road,passenger,cng,all,yearly,national,['avg_eff_no_outliers $ transport_data_system_9th'],1,5429169522.90635,avg_eff_no_outliers $ transport_data_system_9th,417628424.83895,single_datapoint,no_comment
8013,2021,10_MAS,turnover_rate,ldv,%,road,freight,cng,all,yearly,national,['manually_inputted_data $ guess'],1,0.42,manually_inputted_data $ guess,0.03,manual,no_comment
8014,2021,10_MAS,turnover_rate,ldv,%,road,passenger,cng,all,yearly,national,['manually_inputted_data $ guess'],1,0.42,manually_inputted_data $ guess,0.03,manual,no_comment
8015,2022,10_MAS,new_vehicle_efficiency,ldv,km_per_pj,road,freight,cng,all,yearly,national,['avg_eff_no_outliers $ transport_data_system_9th'],1,7214767129.708009,avg_eff_no_outliers $ transport_data_system_9th,554982086.900616,single_datapoint,no_comment
8016,2022,10_MAS,new_vehicle_efficiency,ldv,km_per_pj,road,passenger,cng,all,yearly,national,['avg_eff_no_outliers $ transport_data_system_9th'],1,5429169522.90635,avg_eff_no_outliers $ transport_data_system_9th,417628424.83895,single_datapoint,no_comment
8017,2022,10_MAS,turnover_rate,ldv,%,road,freight,cng,all,yearly,national,['manually_inputted_data $ guess'],1,0.42,manually_inputted_data $ guess,0.03,manual,no_comment
8018,2022,10_MAS,turnover_rate,ldv,%,road,passenger,cng,all,yearly,national,['manually_inputted_data $ guess'],1,0.42,manually_inputted_data $ guess,0.03,manual,no_comment
8019,2010,10_MAS,new_vehicle_efficiency,ldv,km_per_pj,road,passenger,fcev,all,yearly,national,['avg_eff_no_outliers $ transport_data_system_9th'],1,1469603353.601357,avg_eff_no_outliers $ transport_data_system_9th,113046411.815489,single_datapoint,no_comment
8020,2010,10_MAS,turnover_rate,ldv,%,road,passenger,fcev,all,yearly,national,['manually_inputted_data $ guess'],1,0.42,manually_inputted_data $ guess,0.03,manual,no_comment
8021,2011,10_MAS,new_vehicle_efficiency,ldv,km_per_pj,road,passenger,fcev,all,yearly,national,['avg_eff_no_outliers $ transport_data_system_9th'],1,1469603353.601357,avg_eff_no_outliers $ transport_data_system_9th,113046411.815489,single_datapoint,no_comment
8022,2011,10_MAS,turnover_rate,ldv,%,road,passenger,fcev,all,yearly,national,['manually_inputted_data $ guess'],1,0.42,manually_inputted_data $ guess,0.03,manual,no_comment
8023,2012,10_MAS,new_vehicle_efficiency,ldv,km_per_pj,road,passenger,fcev,all,yearly,national,['avg_eff_no_outliers $ transport_data_system_9th'],1,1469603353.601357,avg_eff_no_outliers $ transport_data_system_9th,113046411.815489,single_datapoint,no_comment
8024,2012,10_MAS,turnover_rate,ldv,%,road,passenger,fcev,all,yearly,national,['manually_inputted_data $ guess'],1,0.42,manually_inputted_data $ guess,0.03,manual,no_comment
8025,2013,10_MAS,new_vehicle_efficiency,ldv,km_per_pj,road,passenger,fcev,all,yearly,national,['avg_eff_no_outliers $ transport_data_system_9th'],1,1469603353.601357,avg_eff_no_outliers $ transport_data_system_9th,113046411.815489,single_datapoint,no_comment
8026,2013,10_MAS,turnover_rate,ldv,%,road,passenger,fcev,all,yearly,national,['manually_inputted_data $ guess'],1,0.42,manually_inputted_data $ guess,0.03,manual,no_comment
8027,2014,10_MAS,new_vehicle_efficiency,ldv,km_per_pj,road,passenger,fcev,all,yearly,national,['avg_eff_no_outliers $ transport_data_system_9th'],1,1469603353.601357,avg_eff_no_outliers $ transport_data_system_9th,113046411.815489,single_datapoint,no_comment
8028,2014,10_MAS,turnover_rate,ldv,%,road,passenger,fcev,all,yearly,national,['manually_inputted_data $ guess'],1,0.42,manually_inputted_data $ guess,0.03,manual,no_comment
8029,2015,10_MAS,new_vehicle_efficiency,ldv,km_per_pj,road,passenger,fcev,all,yearly,national,['avg_eff_no_outliers $ transport_data_system_9th'],1,1469603353.601357,avg_eff_no_outliers $ transport_data_system_9th,113046411.815489,single_datapoint,no_comment
8030,2015,10_MAS,turnover_rate,ldv,%,road,passenger,fcev,all,yearly,national,['manually_inputted_data $ guess'],1,0.42,manually_inputted_data $ guess,0.03,manual,no_comment
8031,2016,10_MAS,new_vehicle_efficiency,ldv,km_per_pj,road,passenger,fcev,all,yearly,national,['avg_eff_no_outliers $ transport_data_system_9th'],1,1469603353.601357,avg_eff_no_outliers $ transport_data_system_9th,113046411.815489,single_datapoint,no_comment
8032,2016,10_MAS,turnover_rate,ldv,%,road,passenger,fcev,all,yearly,national,['manually_inputted_data $ guess'],1,0.42,manually_inputted_data $ guess,0.03,manual,no_comment
8033,2017,10_MAS,new_vehicle_efficiency,ldv,km_per_pj,road,passenger,fcev,all,yearly,national,['avg_eff_no_outliers $ transport_data_system_9th'],1,1469603353.601357,avg_eff_no_outliers $ transport_data_system_9th,113046411.815489,single_datapoint,no_comment
8034,2017,10_MAS,turnover_rate,ldv,%,road,freight,fcev,all,yearly,national,['turnover_rate_est'],1,0.03,turnover_rate_est,0.03,single_datapoint,no_comment
8035,2017,10_MAS,turnover_rate,ldv,%,road,passenger,fcev,all,yearly,national,"['manually_inputted_data $ guess', 'turnover_rate_est']",2,0.42,manually_inputted_data $ guess,0.03,manual,no_comment
8036,2018,10_MAS,new_vehicle_efficiency,ldv,km_per_pj,road,passenger,fcev,all,yearly,national,['avg_eff_no_outliers $ transport_data_system_9th'],1,1469603353.601357,avg_eff_no_outliers $ transport_data_system_9th,113046411.815489,single_datapoint,no_comment
8037,2018,10_MAS,turnover_rate,ldv,%,road,passenger,fcev,all,yearly,national,['manually_inputted_data $ guess'],1,0.42,manually_inputted_data $ guess,0.03,manual,no_comment
8038,2019,10_MAS,new_vehicle_efficiency,ldv,km_per_pj,road,passenger,fcev,all,yearly,national,['avg_eff_no_outliers $ transport_data_system_9th'],1,1469603353.601357,avg_eff_no_outliers $ transport_data_system_9th,113046411.815489,single_datapoint,no_comment
8039,2019,10_MAS,turnover_rate,ldv,%,road,passenger,fcev,all,yearly,national,['manually_inputted_data $ guess'],1,0.42,manually_inputted_data $ guess,0.03,manual,no_comment
8040,2020,10_MAS,new_vehicle_efficiency,ldv,km_per_pj,road,passenger,fcev,all,yearly,national,['avg_eff_no_outliers $ transport_data_system_9th'],1,1469603353.601357,avg_eff_no_outliers $ transport_data_system_9th,113046411.815489,single_datapoint,no_comment
8041,2020,10_MAS,turnover_rate,ldv,%,road,passenger,fcev,all,yearly,national,['manually_inputted_data $ guess'],1,0.42,manually_inputted_data $ guess,0.03,manual,no_comment
8042,2021,10_MAS,new_vehicle_efficiency,ldv,km_per_pj,road,passenger,fcev,all,yearly,national,['avg_eff_no_outliers $ transport_data_system_9th'],1,1469603353.601357,avg_eff_no_outliers $ transport_data_system_9th,113046411.815489,single_datapoint,no_comment
8043,2021,10_MAS,turnover_rate,ldv,%,road,passenger,fcev,all,yearly,national,['manually_inputted_data $ guess'],1,0.42,manually_inputted_data $ guess,0.03,manual,no_comment
8044,2022,10_MAS,new_vehicle_efficiency,ldv,km_per_pj,road,passenger,fcev,all,yearly,national,['avg_eff_no_outliers $ transport_data_system_9th'],1,1469603353.601357,avg_eff_no_outliers $ transport_data_system_9th,113046411.815489,single_datapoint,no_comment
8045,2022,10_MAS,turnover_rate,ldv,%,road,passenger,fcev,all,yearly,national,['manually_inputted_data $ guess'],1,0.42,manually_inputted_data $ guess,0.03,manual,no_comment
8046,2010,10_MAS,activity,ldv,passenger_km_or_freight_tonne_km,road,passenger,ice,all,yearly,national,['estimated $ calculate_energy_and_activity()'],1,2966346967500.0,estimated $ calculate_energy_and_activity(),207402322500.0,single_datapoint,no_comment
8047,2010,10_MAS,energy,ldv,pj,road,passenger,ice,all,yearly,national,['estimated $ calculate_energy_and_activity()'],1,5684.92979966252,estimated $ calculate_energy_and_activity(),397.48136567219234,single_datapoint,no_comment
8048,2010,10_MAS,new_vehicle_efficiency,ldv,km_per_pj,road,freight,ice,all,yearly,national,['avg_eff_no_outliers $ transport_data_system_9th'],1,4776513034.843043,avg_eff_no_outliers $ transport_data_system_9th,367424079.603311,single_datapoint,no_comment
8049,2010,10_MAS,new_vehicle_efficiency,ldv,km_per_pj,road,passenger,ice,all,yearly,national,['avg_eff_no_outliers $ transport_data_system_9th'],1,3086802010.889935,avg_eff_no_outliers $ transport_data_system_9th,237446308.529995,single_datapoint,no_comment
8050,2010,10_MAS,travel_km,ldv,km,road,passenger,ice,all,yearly,national,['estimated $ calculate_energy_and_activity()'],1,1977564645000.0,estimated $ calculate_energy_and_activity(),138268215000.0,single_datapoint,no_comment
8051,2010,10_MAS,turnover_rate,ldv,%,road,freight,ice,all,yearly,national,['manually_inputted_data $ guess'],1,0.39,manually_inputted_data $ guess,0.03,single_datapoint,no_comment
8052,2010,10_MAS,turnover_rate,ldv,%,road,passenger,ice,all,yearly,national,['manually_inputted_data $ guess'],1,0.39,manually_inputted_data $ guess,0.03,single_datapoint,no_comment
8053,2011,10_MAS,activity,ldv,passenger_km_or_freight_tonne_km,road,passenger,ice,all,yearly,national,['estimated $ calculate_energy_and_activity()'],1,2966346967500.0,estimated $ calculate_energy_and_activity(),212253525000.0,single_datapoint,no_comment
8054,2011,10_MAS,energy,ldv,pj,road,passenger,ice,all,yearly,national,['estimated $ calculate_energy_and_activity()'],1,5684.92979966252,estimated $ calculate_energy_and_activity(),406.77857397540384,single_datapoint,no_comment
8055,2011,10_MAS,new_vehicle_efficiency,ldv,km_per_pj,road,freight,ice,all,yearly,national,['avg_eff_no_outliers $ transport_data_system_9th'],1,4776513034.843043,avg_eff_no_outliers $ transport_data_system_9th,367424079.603311,single_datapoint,no_comment
8056,2011,10_MAS,new_vehicle_efficiency,ldv,km_per_pj,road,passenger,ice,all,yearly,national,['avg_eff_no_outliers $ transport_data_system_9th'],1,3086802010.889935,avg_eff_no_outliers $ transport_data_system_9th,237446308.529995,single_datapoint,no_comment
8057,2011,10_MAS,travel_km,ldv,km,road,passenger,ice,all,yearly,national,['estimated $ calculate_energy_and_activity()'],1,1977564645000.0,estimated $ calculate_energy_and_activity(),141502350000.0,single_datapoint,no_comment
8058,2011,10_MAS,turnover_rate,ldv,%,road,freight,ice,all,yearly,national,['manually_inputted_data $ guess'],1,0.39,manually_inputted_data $ guess,0.03,single_datapoint,no_comment
8059,2011,10_MAS,turnover_rate,ldv,%,road,passenger,ice,all,yearly,national,['manually_inputted_data $ guess'],1,0.39,manually_inputted_data $ guess,0.03,single_datapoint,no_comment
8060,2012,10_MAS,activity,ldv,passenger_km_or_freight_tonne_km,road,passenger,ice,all,yearly,national,['estimated $ calculate_energy_and_activity()'],1,2966346967500.0,estimated $ calculate_energy_and_activity(),226459147500.0,single_datapoint,no_comment
8061,2012,10_MAS,energy,ldv,pj,road,passenger,ice,all,yearly,national,['estimated $ calculate_energy_and_activity()'],1,5684.92979966252,estimated $ calculate_energy_and_activity(),434.00329433273555,single_datapoint,no_comment
8062,2012,10_MAS,new_vehicle_efficiency,ldv,km_per_pj,road,freight,ice,all,yearly,national,['avg_eff_no_outliers $ transport_data_system_9th'],1,4776513034.843043,avg_eff_no_outliers $ transport_data_system_9th,367424079.603311,single_datapoint,no_comment
8063,2012,10_MAS,new_vehicle_efficiency,ldv,km_per_pj,road,passenger,ice,all,yearly,national,['avg_eff_no_outliers $ transport_data_system_9th'],1,3086802010.889935,avg_eff_no_outliers $ transport_data_system_9th,237446308.529995,single_datapoint,no_comment
8064,2012,10_MAS,travel_km,ldv,km,road,passenger,ice,all,yearly,national,['estimated $ calculate_energy_and_activity()'],1,1977564645000.0,estimated $ calculate_energy_and_activity(),150972765000.0,single_datapoint,no_comment
8065,2012,10_MAS,turnover_rate,ldv,%,road,freight,ice,all,yearly,national,['manually_inputted_data $ guess'],1,0.39,manually_inputted_data $ guess,0.03,single_datapoint,no_comment
8066,2012,10_MAS,turnover_rate,ldv,%,road,passenger,ice,all,yearly,national,['manually_inputted_data $ guess'],1,0.39,manually_inputted_data $ guess,0.03,single_datapoint,no_comment
8067,2013,10_MAS,activity,ldv,passenger_km_or_freight_tonne_km,road,passenger,ice,all,yearly,national,['estimated $ calculate_energy_and_activity()'],1,2966346967500.0,estimated $ calculate_energy_and_activity(),240512625000.0,single_datapoint,no_comment
8068,2013,10_MAS,energy,ldv,pj,road,passenger,ice,all,yearly,national,['estimated $ calculate_energy_and_activity()'],1,5684.92979966252,estimated $ calculate_energy_and_activity(),460.9364326014424,single_datapoint,no_comment
8069,2013,10_MAS,new_vehicle_efficiency,ldv,km_per_pj,road,freight,ice,all,yearly,national,['avg_eff_no_outliers $ transport_data_system_9th'],1,4776513034.843043,avg_eff_no_outliers $ transport_data_system_9th,367424079.603311,single_datapoint,no_comment
8070,2013,10_MAS,new_vehicle_efficiency,ldv,km_per_pj,road,passenger,ice,all,yearly,national,['avg_eff_no_outliers $ transport_data_system_9th'],1,3086802010.889935,avg_eff_no_outliers $ transport_data_system_9th,237446308.529995,single_datapoint,no_comment
8071,2013,10_MAS,travel_km,ldv,km,road,passenger,ice,all,yearly,national,['estimated $ calculate_energy_and_activity()'],1,1977564645000.0,estimated $ calculate_energy_and_activity(),160341750000.0,single_datapoint,no_comment
8072,2013,10_MAS,turnover_rate,ldv,%,road,freight,ice,all,yearly,national,['manually_inputted_data $ guess'],1,0.39,manually_inputted_data $ guess,0.03,single_datapoint,no_comment
8073,2013,10_MAS,turnover_rate,ldv,%,road,passenger,ice,all,yearly,national,['manually_inputted_data $ guess'],1,0.39,manually_inputted_data $ guess,0.03,single_datapoint,no_comment
8074,2014,10_MAS,activity,ldv,passenger_km_or_freight_tonne_km,road,passenger,ice,all,yearly,national,['estimated $ calculate_energy_and_activity()'],1,2966346967500.0,estimated $ calculate_energy_and_activity(),251997975000.0,single_datapoint,no_comment
8075,2014,10_MAS,energy,ldv,pj,road,passenger,ice,all,yearly,national,['estimated $ calculate_energy_and_activity()'],1,5684.92979966252,estimated $ calculate_energy_and_activity(),482.94781872380906,single_datapoint,no_comment
8076,2014,10_MAS,new_vehicle_efficiency,ldv,km_per_pj,road,freight,ice,all,yearly,national,['avg_eff_no_outliers $ transport_data_system_9th'],1,4776513034.843043,avg_eff_no_outliers $ transport_data_system_9th,367424079.603311,single_datapoint,no_comment
8077,2014,10_MAS,new_vehicle_efficiency,ldv,km_per_pj,road,passenger,ice,all,yearly,national,['avg_eff_no_outliers $ transport_data_system_9th'],1,3086802010.889935,avg_eff_no_outliers $ transport_data_system_9th,237446308.529995,single_datapoint,no_comment
8078,2014,10_MAS,travel_km,ldv,km,road,passenger,ice,all,yearly,national,['estimated $ calculate_energy_and_activity()'],1,1977564645000.0,estimated $ calculate_energy_and_activity(),167998650000.0,single_datapoint,no_comment
8079,2014,10_MAS,turnover_rate,ldv,%,road,freight,ice,all,yearly,national,['manually_inputted_data $ guess'],1,0.39,manually_inputted_data $ guess,0.03,single_datapoint,no_comment
8080,2014,10_MAS,turnover_rate,ldv,%,road,passenger,ice,all,yearly,national,['manually_inputted_data $ guess'],1,0.39,manually_inputted_data $ guess,0.03,single_datapoint,no_comment
8081,2015,10_MAS,activity,ldv,passenger_km_or_freight_tonne_km,road,passenger,ice,all,yearly,national,['estimated $ calculate_energy_and_activity()'],1,2966346967500.0,estimated $ calculate_energy_and_activity(),272132775000.0,single_datapoint,no_comment
8082,2015,10_MAS,energy,ldv,pj,road,passenger,ice,all,yearly,national,['estimated $ calculate_energy_and_activity()'],1,5684.92979966252,estimated $ calculate_energy_and_activity(),521.5356595207049,single_datapoint,no_comment
8083,2015,10_MAS,new_vehicle_efficiency,ldv,km_per_pj,road,freight,ice,all,yearly,national,['avg_eff_no_outliers $ transport_data_system_9th'],1,4776513034.843043,avg_eff_no_outliers $ transport_data_system_9th,367424079.603311,single_datapoint,no_comment
8084,2015,10_MAS,new_vehicle_efficiency,ldv,km_per_pj,road,passenger,ice,all,yearly,national,['avg_eff_no_outliers $ transport_data_system_9th'],1,3086802010.889935,avg_eff_no_outliers $ transport_data_system_9th,237446308.529995,single_datapoint,no_comment
8085,2015,10_MAS,travel_km,ldv,km,road,passenger,ice,all,yearly,national,['estimated $ calculate_energy_and_activity()'],1,1977564645000.0,estimated $ calculate_energy_and_activity(),181421850000.0,single_datapoint,no_comment
8086,2015,10_MAS,turnover_rate,ldv,%,road,freight,ice,all,yearly,national,['manually_inputted_data $ guess'],1,0.39,manually_inputted_data $ guess,0.03,single_datapoint,no_comment
8087,2015,10_MAS,turnover_rate,ldv,%,road,passenger,ice,all,yearly,national,['manually_inputted_data $ guess'],1,0.39,manually_inputted_data $ guess,0.03,single_datapoint,no_comment
8088,2016,10_MAS,activity,ldv,passenger_km_or_freight_tonne_km,road,passenger,ice,all,yearly,national,['estimated $ calculate_energy_and_activity()'],1,2966346967500.0,estimated $ calculate_energy_and_activity(),292508055000.0,single_datapoint,no_comment
8089,2016,10_MAS,energy,ldv,pj,road,passenger,ice,all,yearly,national,['estimated $ calculate_energy_and_activity()'],1,5684.92979966252,estimated $ calculate_energy_and_activity(),560.5843742252055,single_datapoint,no_comment
8090,2016,10_MAS,new_vehicle_efficiency,ldv,km_per_pj,road,freight,ice,all,yearly,national,['avg_eff_no_outliers $ transport_data_system_9th'],1,4776513034.843043,avg_eff_no_outliers $ transport_data_system_9th,367424079.603311,single_datapoint,no_comment
8091,2016,10_MAS,new_vehicle_efficiency,ldv,km_per_pj,road,passenger,ice,all,yearly,national,['avg_eff_no_outliers $ transport_data_system_9th'],1,3086802010.889935,avg_eff_no_outliers $ transport_data_system_9th,237446308.529995,single_datapoint,no_comment
8092,2016,10_MAS,travel_km,ldv,km,road,passenger,ice,all,yearly,national,['estimated $ calculate_energy_and_activity()'],1,1977564645000.0,estimated $ calculate_energy_and_activity(),195005370000.0,single_datapoint,no_comment
8093,2016,10_MAS,turnover_rate,ldv,%,road,freight,ice,all,yearly,national,['manually_inputted_data $ guess'],1,0.39,manually_inputted_data $ guess,0.03,single_datapoint,no_comment
8094,2016,10_MAS,turnover_rate,ldv,%,road,passenger,ice,all,yearly,national,['manually_inputted_data $ guess'],1,0.39,manually_inputted_data $ guess,0.03,single_datapoint,no_comment
8095,2017,10_MAS,activity,ldv,passenger_km_or_freight_tonne_km,road,passenger,ice,all,yearly,national,['estimated $ calculate_energy_and_activity()'],1,2966346967500.0,estimated $ calculate_energy_and_activity(),271824592500.0,single_datapoint,no_comment
8096,2017,10_MAS,energy,ldv,pj,road,passenger,ice,all,yearly,national,['estimated $ calculate_energy_and_activity()'],1,5684.92979966252,estimated $ calculate_energy_and_activity(),520.9450354645242,single_datapoint,no_comment
8097,2017,10_MAS,new_vehicle_efficiency,ldv,km_per_pj,road,freight,ice,all,yearly,national,['avg_eff_no_outliers $ transport_data_system_9th'],1,4776513034.843043,avg_eff_no_outliers $ transport_data_system_9th,367424079.603311,single_datapoint,no_comment
8098,2017,10_MAS,new_vehicle_efficiency,ldv,km_per_pj,road,passenger,ice,all,yearly,national,['avg_eff_no_outliers $ transport_data_system_9th'],1,3086802010.889935,avg_eff_no_outliers $ transport_data_system_9th,237446308.529995,single_datapoint,no_comment
8099,2017,10_MAS,travel_km,ldv,km,road,passenger,ice,all,yearly,national,['estimated $ calculate_energy_and_activity()'],1,1977564645000.0,estimated $ calculate_energy_and_activity(),181216395000.0,single_datapoint,no_comment
8100,2017,10_MAS,turnover_rate,ldv,%,road,freight,ice,all,yearly,national,['manually_inputted_data $ guess'],1,0.39,manually_inputted_data $ guess,0.03,single_datapoint,no_comment
8101,2017,10_MAS,turnover_rate,ldv,%,road,passenger,ice,all,yearly,national,['manually_inputted_data $ guess'],1,0.39,manually_inputted_data $ guess,0.03,single_datapoint,no_comment
8102,2018,10_MAS,activity,ldv,passenger_km_or_freight_tonne_km,road,passenger,ice,all,yearly,national,['estimated $ calculate_energy_and_activity()'],1,2966346967500.0,estimated $ calculate_energy_and_activity(),317644582500.0,single_datapoint,no_comment
8103,2018,10_MAS,energy,ldv,pj,road,passenger,ice,all,yearly,national,['estimated $ calculate_energy_and_activity()'],1,5684.92979966252,estimated $ calculate_energy_and_activity(),608.7579007244403,single_datapoint,no_comment
8104,2018,10_MAS,new_vehicle_efficiency,ldv,km_per_pj,road,freight,ice,all,yearly,national,['avg_eff_no_outliers $ transport_data_system_9th'],1,4776513034.843043,avg_eff_no_outliers $ transport_data_system_9th,367424079.603311,single_datapoint,no_comment
8105,2018,10_MAS,new_vehicle_efficiency,ldv,km_per_pj,road,passenger,ice,all,yearly,national,['avg_eff_no_outliers $ transport_data_system_9th'],1,3086802010.889935,avg_eff_no_outliers $ transport_data_system_9th,237446308.529995,single_datapoint,no_comment
8106,2018,10_MAS,travel_km,ldv,km,road,passenger,ice,all,yearly,national,['estimated $ calculate_energy_and_activity()'],1,1977564645000.0,estimated $ calculate_energy_and_activity(),211763055000.0,single_datapoint,no_comment
8107,2018,10_MAS,turnover_rate,ldv,%,road,freight,ice,all,yearly,national,['manually_inputted_data $ guess'],1,0.39,manually_inputted_data $ guess,0.03,single_datapoint,no_comment
8108,2018,10_MAS,turnover_rate,ldv,%,road,passenger,ice,all,yearly,national,['manually_inputted_data $ guess'],1,0.39,manually_inputted_data $ guess,0.03,single_datapoint,no_comment
8109,2019,10_MAS,activity,ldv,passenger_km_or_freight_tonne_km,road,passenger,ice,all,yearly,national,['estimated $ calculate_energy_and_activity()'],1,2966346967500.0,estimated $ calculate_energy_and_activity(),330699307500.0,single_datapoint,no_comment
8110,2019,10_MAS,energy,ldv,pj,road,passenger,ice,all,yearly,national,['estimated $ calculate_energy_and_activity()'],1,5684.92979966252,estimated $ calculate_energy_and_activity(),633.7769547973518,single_datapoint,no_comment
8111,2019,10_MAS,new_vehicle_efficiency,ldv,km_per_pj,road,freight,ice,all,yearly,national,['avg_eff_no_outliers $ transport_data_system_9th'],1,4776513034.843043,avg_eff_no_outliers $ transport_data_system_9th,367424079.603311,single_datapoint,no_comment
8112,2019,10_MAS,new_vehicle_efficiency,ldv,km_per_pj,road,passenger,ice,all,yearly,national,['avg_eff_no_outliers $ transport_data_system_9th'],1,3086802010.889935,avg_eff_no_outliers $ transport_data_system_9th,237446308.529995,single_datapoint,no_comment
8113,2019,10_MAS,travel_km,ldv,km,road,passenger,ice,all,yearly,national,['estimated $ calculate_energy_and_activity()'],1,1977564645000.0,estimated $ calculate_energy_and_activity(),220466205000.0,single_datapoint,no_comment
8114,2019,10_MAS,turnover_rate,ldv,%,road,freight,ice,all,yearly,national,['manually_inputted_data $ guess'],1,0.39,manually_inputted_data $ guess,0.03,single_datapoint,no_comment
8115,2019,10_MAS,turnover_rate,ldv,%,road,passenger,ice,all,yearly,national,['manually_inputted_data $ guess'],1,0.39,manually_inputted_data $ guess,0.03,single_datapoint,no_comment
8116,2020,10_MAS,activity,ldv,passenger_km_or_freight_tonne_km,road,passenger,ice,all,yearly,national,['estimated $ calculate_energy_and_activity()'],1,2966346967500.0,estimated $ calculate_energy_and_activity(),342912060000.0,single_datapoint,no_comment
8117,2020,10_MAS,energy,ldv,pj,road,passenger,ice,all,yearly,national,['estimated $ calculate_energy_and_activity()'],1,5684.92979966252,estimated $ calculate_energy_and_activity(),657.18238962471,single_datapoint,no_comment
8118,2020,10_MAS,new_vehicle_efficiency,ldv,km_per_pj,road,freight,ice,all,yearly,national,['avg_eff_no_outliers $ transport_data_system_9th'],1,4776513034.843043,avg_eff_no_outliers $ transport_data_system_9th,367424079.603311,single_datapoint,no_comment
8119,2020,10_MAS,new_vehicle_efficiency,ldv,km_per_pj,road,passenger,ice,all,yearly,national,['avg_eff_no_outliers $ transport_data_system_9th'],1,3086802010.889935,avg_eff_no_outliers $ transport_data_system_9th,237446308.529995,single_datapoint,no_comment
8120,2020,10_MAS,travel_km,ldv,km,road,passenger,ice,all,yearly,national,['estimated $ calculate_energy_and_activity()'],1,1977564645000.0,estimated $ calculate_energy_and_activity(),228608040000.0,single_datapoint,no_comment
8121,2020,10_MAS,turnover_rate,ldv,%,road,freight,ice,all,yearly,national,['manually_inputted_data $ guess'],1,0.39,manually_inputted_data $ guess,0.03,single_datapoint,no_comment
8122,2020,10_MAS,turnover_rate,ldv,%,road,passenger,ice,all,yearly,national,['manually_inputted_data $ guess'],1,0.39,manually_inputted_data $ guess,0.03,single_datapoint,no_comment
8123,2021,10_MAS,new_vehicle_efficiency,ldv,km_per_pj,road,freight,ice,all,yearly,national,['avg_eff_no_outliers $ transport_data_system_9th'],1,4776513034.843043,avg_eff_no_outliers $ transport_data_system_9th,367424079.603311,single_datapoint,no_comment
8124,2021,10_MAS,new_vehicle_efficiency,ldv,km_per_pj,road,passenger,ice,all,yearly,national,['avg_eff_no_outliers $ transport_data_system_9th'],1,3086802010.889935,avg_eff_no_outliers $ transport_data_system_9th,237446308.529995,single_datapoint,no_comment
8125,2021,10_MAS,turnover_rate,ldv,%,road,freight,ice,all,yearly,national,['manually_inputted_data $ guess'],1,0.39,manually_inputted_data $ guess,0.03,single_datapoint,no_comment
8126,2021,10_MAS,turnover_rate,ldv,%,road,passenger,ice,all,yearly,national,['manually_inputted_data $ guess'],1,0.39,manually_inputted_data $ guess,0.03,single_datapoint,no_comment
8127,2022,10_MAS,new_vehicle_efficiency,ldv,km_per_pj,road,freight,ice,all,yearly,national,['avg_eff_no_outliers $ transport_data_system_9th'],1,4776513034.843043,avg_eff_no_outliers $ transport_data_system_9th,367424079.603311,single_datapoint,no_comment
8128,2022,10_MAS,new_vehicle_efficiency,ldv,km_per_pj,road,passenger,ice,all,yearly,national,['avg_eff_no_outliers $ transport_data_system_9th'],1,3086802010.889935,avg_eff_no_outliers $ transport_data_system_9th,237446308.529995,single_datapoint,no_comment
8129,2022,10_MAS,turnover_rate,ldv,%,road,freight,ice,all,yearly,national,['manually_inputted_data $ guess'],1,0.39,manually_inputted_data $ guess,0.03,single_datapoint,no_comment
8130,2022,10_MAS,turnover_rate,ldv,%,road,passenger,ice,all,yearly,national,['manually_inputted_data $ guess'],1,0.39,manually_inputted_data $ guess,0.03,single_datapoint,no_comment
8131,2010,10_MAS,new_vehicle_efficiency,ldv,km_per_pj,road,freight,lpg,all,yearly,national,['avg_eff_no_outliers $ transport_data_system_9th'],1,3668778329.1297708,avg_eff_no_outliers $ transport_data_system_9th,282213717.625367,single_datapoint,no_comment
8132,2010,10_MAS,new_vehicle_efficiency,ldv,km_per_pj,road,passenger,lpg,all,yearly,national,['avg_eff_no_outliers $ transport_data_system_9th'],1,4713924488.084526,avg_eff_no_outliers $ transport_data_system_9th,362609576.006502,single_datapoint,no_comment
8133,2010,10_MAS,turnover_rate,ldv,%,road,freight,lpg,all,yearly,national,['manually_inputted_data $ guess'],1,0.42,manually_inputted_data $ guess,0.03,manual,no_comment
8134,2010,10_MAS,turnover_rate,ldv,%,road,passenger,lpg,all,yearly,national,['manually_inputted_data $ guess'],1,0.42,manually_inputted_data $ guess,0.03,manual,no_comment
8135,2011,10_MAS,new_vehicle_efficiency,ldv,km_per_pj,road,freight,lpg,all,yearly,national,['avg_eff_no_outliers $ transport_data_system_9th'],1,3668778329.1297708,avg_eff_no_outliers $ transport_data_system_9th,282213717.625367,single_datapoint,no_comment
8136,2011,10_MAS,new_vehicle_efficiency,ldv,km_per_pj,road,passenger,lpg,all,yearly,national,['avg_eff_no_outliers $ transport_data_system_9th'],1,4713924488.084526,avg_eff_no_outliers $ transport_data_system_9th,362609576.006502,single_datapoint,no_comment
8137,2011,10_MAS,turnover_rate,ldv,%,road,freight,lpg,all,yearly,national,['manually_inputted_data $ guess'],1,0.42,manually_inputted_data $ guess,0.03,manual,no_comment
8138,2011,10_MAS,turnover_rate,ldv,%,road,passenger,lpg,all,yearly,national,['manually_inputted_data $ guess'],1,0.42,manually_inputted_data $ guess,0.03,manual,no_comment
8139,2012,10_MAS,new_vehicle_efficiency,ldv,km_per_pj,road,freight,lpg,all,yearly,national,['avg_eff_no_outliers $ transport_data_system_9th'],1,3668778329.1297708,avg_eff_no_outliers $ transport_data_system_9th,282213717.625367,single_datapoint,no_comment
8140,2012,10_MAS,new_vehicle_efficiency,ldv,km_per_pj,road,passenger,lpg,all,yearly,national,['avg_eff_no_outliers $ transport_data_system_9th'],1,4713924488.084526,avg_eff_no_outliers $ transport_data_system_9th,362609576.006502,single_datapoint,no_comment
8141,2012,10_MAS,turnover_rate,ldv,%,road,freight,lpg,all,yearly,national,['manually_inputted_data $ guess'],1,0.42,manually_inputted_data $ guess,0.03,manual,no_comment
8142,2012,10_MAS,turnover_rate,ldv,%,road,passenger,lpg,all,yearly,national,['manually_inputted_data $ guess'],1,0.42,manually_inputted_data $ guess,0.03,manual,no_comment
8143,2013,10_MAS,new_vehicle_efficiency,ldv,km_per_pj,road,freight,lpg,all,yearly,national,['avg_eff_no_outliers $ transport_data_system_9th'],1,3668778329.1297708,avg_eff_no_outliers $ transport_data_system_9th,282213717.625367,single_datapoint,no_comment
8144,2013,10_MAS,new_vehicle_efficiency,ldv,km_per_pj,road,passenger,lpg,all,yearly,national,['avg_eff_no_outliers $ transport_data_system_9th'],1,4713924488.084526,avg_eff_no_outliers $ transport_data_system_9th,362609576.006502,single_datapoint,no_comment
8145,2013,10_MAS,turnover_rate,ldv,%,road,freight,lpg,all,yearly,national,['manually_inputted_data $ guess'],1,0.42,manually_inputted_data $ guess,0.03,manual,no_comment
8146,2013,10_MAS,turnover_rate,ldv,%,road,passenger,lpg,all,yearly,national,['manually_inputted_data $ guess'],1,0.42,manually_inputted_data $ guess,0.03,manual,no_comment
8147,2014,10_MAS,new_vehicle_efficiency,ldv,km_per_pj,road,freight,lpg,all,yearly,national,['avg_eff_no_outliers $ transport_data_system_9th'],1,3668778329.1297708,avg_eff_no_outliers $ transport_data_system_9th,282213717.625367,single_datapoint,no_comment
8148,2014,10_MAS,new_vehicle_efficiency,ldv,km_per_pj,road,passenger,lpg,all,yearly,national,['avg_eff_no_outliers $ transport_data_system_9th'],1,4713924488.084526,avg_eff_no_outliers $ transport_data_system_9th,362609576.006502,single_datapoint,no_comment
8149,2014,10_MAS,turnover_rate,ldv,%,road,freight,lpg,all,yearly,national,['manually_inputted_data $ guess'],1,0.42,manually_inputted_data $ guess,0.03,manual,no_comment
8150,2014,10_MAS,turnover_rate,ldv,%,road,passenger,lpg,all,yearly,national,['manually_inputted_data $ guess'],1,0.42,manually_inputted_data $ guess,0.03,manual,no_comment
8151,2015,10_MAS,new_vehicle_efficiency,ldv,km_per_pj,road,freight,lpg,all,yearly,national,['avg_eff_no_outliers $ transport_data_system_9th'],1,3668778329.1297708,avg_eff_no_outliers $ transport_data_system_9th,282213717.625367,single_datapoint,no_comment
8152,2015,10_MAS,new_vehicle_efficiency,ldv,km_per_pj,road,passenger,lpg,all,yearly,national,['avg_eff_no_outliers $ transport_data_system_9th'],1,4713924488.084526,avg_eff_no_outliers $ transport_data_system_9th,362609576.006502,single_datapoint,no_comment
8153,2015,10_MAS,turnover_rate,ldv,%,road,freight,lpg,all,yearly,national,['manually_inputted_data $ guess'],1,0.42,manually_inputted_data $ guess,0.03,manual,no_comment
8154,2015,10_MAS,turnover_rate,ldv,%,road,passenger,lpg,all,yearly,national,['manually_inputted_data $ guess'],1,0.42,manually_inputted_data $ guess,0.03,manual,no_comment
8155,2016,10_MAS,new_vehicle_efficiency,ldv,km_per_pj,road,freight,lpg,all,yearly,national,['avg_eff_no_outliers $ transport_data_system_9th'],1,3668778329.1297708,avg_eff_no_outliers $ transport_data_system_9th,282213717.625367,single_datapoint,no_comment
8156,2016,10_MAS,new_vehicle_efficiency,ldv,km_per_pj,road,passenger,lpg,all,yearly,national,['avg_eff_no_outliers $ transport_data_system_9th'],1,4713924488.084526,avg_eff_no_outliers $ transport_data_system_9th,362609576.006502,single_datapoint,no_comment
8157,2016,10_MAS,turnover_rate,ldv,%,road,freight,lpg,all,yearly,national,['manually_inputted_data $ guess'],1,0.42,manually_inputted_data $ guess,0.03,manual,no_comment
8158,2016,10_MAS,turnover_rate,ldv,%,road,passenger,lpg,all,yearly,national,['manually_inputted_data $ guess'],1,0.42,manually_inputted_data $ guess,0.03,manual,no_comment
8159,2017,10_MAS,new_vehicle_efficiency,ldv,km_per_pj,road,freight,lpg,all,yearly,national,['avg_eff_no_outliers $ transport_data_system_9th'],1,3668778329.1297708,avg_eff_no_outliers $ transport_data_system_9th,282213717.625367,single_datapoint,no_comment
8160,2017,10_MAS,new_vehicle_efficiency,ldv,km_per_pj,road,passenger,lpg,all,yearly,national,['avg_eff_no_outliers $ transport_data_system_9th'],1,4713924488.084526,avg_eff_no_outliers $ transport_data_system_9th,362609576.006502,single_datapoint,no_comment
8161,2017,10_MAS,turnover_rate,ldv,%,road,freight,lpg,all,yearly,national,"['manually_inputted_data $ guess', 'turnover_rate_est']",2,0.42,manually_inputted_data $ guess,0.03,manual,no_comment
8162,2017,10_MAS,turnover_rate,ldv,%,road,passenger,lpg,all,yearly,national,"['manually_inputted_data $ guess', 'turnover_rate_est']",2,0.42,manually_inputted_data $ guess,0.03,manual,no_comment
8163,2018,10_MAS,new_vehicle_efficiency,ldv,km_per_pj,road,freight,lpg,all,yearly,national,['avg_eff_no_outliers $ transport_data_system_9th'],1,3668778329.1297708,avg_eff_no_outliers $ transport_data_system_9th,282213717.625367,single_datapoint,no_comment
8164,2018,10_MAS,new_vehicle_efficiency,ldv,km_per_pj,road,passenger,lpg,all,yearly,national,['avg_eff_no_outliers $ transport_data_system_9th'],1,4713924488.084526,avg_eff_no_outliers $ transport_data_system_9th,362609576.006502,single_datapoint,no_comment
8165,2018,10_MAS,turnover_rate,ldv,%,road,freight,lpg,all,yearly,national,['manually_inputted_data $ guess'],1,0.42,manually_inputted_data $ guess,0.03,manual,no_comment
8166,2018,10_MAS,turnover_rate,ldv,%,road,passenger,lpg,all,yearly,national,['manually_inputted_data $ guess'],1,0.42,manually_inputted_data $ guess,0.03,manual,no_comment
8167,2019,10_MAS,new_vehicle_efficiency,ldv,km_per_pj,road,freight,lpg,all,yearly,national,['avg_eff_no_outliers $ transport_data_system_9th'],1,3668778329.1297708,avg_eff_no_outliers $ transport_data_system_9th,282213717.625367,single_datapoint,no_comment
8168,2019,10_MAS,new_vehicle_efficiency,ldv,km_per_pj,road,passenger,lpg,all,yearly,national,['avg_eff_no_outliers $ transport_data_system_9th'],1,4713924488.084526,avg_eff_no_outliers $ transport_data_system_9th,362609576.006502,single_datapoint,no_comment
8169,2019,10_MAS,turnover_rate,ldv,%,road,freight,lpg,all,yearly,national,['manually_inputted_data $ guess'],1,0.42,manually_inputted_data $ guess,0.03,manual,no_comment
8170,2019,10_MAS,turnover_rate,ldv,%,road,passenger,lpg,all,yearly,national,['manually_inputted_data $ guess'],1,0.42,manually_inputted_data $ guess,0.03,manual,no_comment
8171,2020,10_MAS,new_vehicle_efficiency,ldv,km_per_pj,road,freight,lpg,all,yearly,national,['avg_eff_no_outliers $ transport_data_system_9th'],1,3668778329.1297708,avg_eff_no_outliers $ transport_data_system_9th,282213717.625367,single_datapoint,no_comment
8172,2020,10_MAS,new_vehicle_efficiency,ldv,km_per_pj,road,passenger,lpg,all,yearly,national,['avg_eff_no_outliers $ transport_data_system_9th'],1,4713924488.084526,avg_eff_no_outliers $ transport_data_system_9th,362609576.006502,single_datapoint,no_comment
8173,2020,10_MAS,turnover_rate,ldv,%,road,freight,lpg,all,yearly,national,['manually_inputted_data $ guess'],1,0.42,manually_inputted_data $ guess,0.03,manual,no_comment
8174,2020,10_MAS,turnover_rate,ldv,%,road,passenger,lpg,all,yearly,national,['manually_inputted_data $ guess'],1,0.42,manually_inputted_data $ guess,0.03,manual,no_comment
8175,2021,10_MAS,new_vehicle_efficiency,ldv,km_per_pj,road,freight,lpg,all,yearly,national,['avg_eff_no_outliers $ transport_data_system_9th'],1,3668778329.1297708,avg_eff_no_outliers $ transport_data_system_9th,282213717.625367,single_datapoint,no_comment
8176,2021,10_MAS,new_vehicle_efficiency,ldv,km_per_pj,road,passenger,lpg,all,yearly,national,['avg_eff_no_outliers $ transport_data_system_9th'],1,4713924488.084526,avg_eff_no_outliers $ transport_data_system_9th,362609576.006502,single_datapoint,no_comment
8177,2021,10_MAS,turnover_rate,ldv,%,road,freight,lpg,all,yearly,national,['manually_inputted_data $ guess'],1,0.42,manually_inputted_data $ guess,0.03,manual,no_comment
8178,2021,10_MAS,turnover_rate,ldv,%,road,passenger,lpg,all,yearly,national,['manually_inputted_data $ guess'],1,0.42,manually_inputted_data $ guess,0.03,manual,no_comment
8179,2022,10_MAS,new_vehicle_efficiency,ldv,km_per_pj,road,freight,lpg,all,yearly,national,['avg_eff_no_outliers $ transport_data_system_9th'],1,3668778329.1297708,avg_eff_no_outliers $ transport_data_system_9th,282213717.625367,single_datapoint,no_comment
8180,2022,10_MAS,new_vehicle_efficiency,ldv,km_per_pj,road,passenger,lpg,all,yearly,national,['avg_eff_no_outliers $ transport_data_system_9th'],1,4713924488.084526,avg_eff_no_outliers $ transport_data_system_9th,362609576.006502,single_datapoint,no_comment
8181,2022,10_MAS,turnover_rate,ldv,%,road,freight,lpg,all,yearly,national,['manually_inputted_data $ guess'],1,0.42,manually_inputted_data $ guess,0.03,manual,no_comment
8182,2022,10_MAS,turnover_rate,ldv,%,road,passenger,lpg,all,yearly,national,['manually_inputted_data $ guess'],1,0.42,manually_inputted_data $ guess,0.03,manual,no_comment
8183,2010,10_MAS,new_vehicle_efficiency,ldv,km_per_pj,road,freight,phev,all,yearly,national,['avg_eff_no_outliers $ transport_data_system_9th'],1,8979606259.303562,avg_eff_no_outliers $ transport_data_system_9th,690738943.023351,single_datapoint,no_comment
8184,2010,10_MAS,new_vehicle_efficiency,ldv,km_per_pj,road,passenger,phev,all,yearly,national,['avg_eff_no_outliers $ transport_data_system_9th'],1,5974718100.659283,avg_eff_no_outliers $ transport_data_system_9th,459593700.050714,single_datapoint,no_comment
8185,2010,10_MAS,turnover_rate,ldv,%,road,freight,phev,all,yearly,national,['manually_inputted_data $ guess'],1,0.39,manually_inputted_data $ guess,0.03,single_datapoint,no_comment
8186,2010,10_MAS,turnover_rate,ldv,%,road,passenger,phev,all,yearly,national,['manually_inputted_data $ guess'],1,0.39,manually_inputted_data $ guess,0.03,single_datapoint,no_comment
8187,2011,10_MAS,new_vehicle_efficiency,ldv,km_per_pj,road,freight,phev,all,yearly,national,['avg_eff_no_outliers $ transport_data_system_9th'],1,8979606259.303562,avg_eff_no_outliers $ transport_data_system_9th,690738943.023351,single_datapoint,no_comment
8188,2011,10_MAS,new_vehicle_efficiency,ldv,km_per_pj,road,passenger,phev,all,yearly,national,['avg_eff_no_outliers $ transport_data_system_9th'],1,5974718100.659283,avg_eff_no_outliers $ transport_data_system_9th,459593700.050714,single_datapoint,no_comment
8189,2011,10_MAS,turnover_rate,ldv,%,road,freight,phev,all,yearly,national,['manually_inputted_data $ guess'],1,0.39,manually_inputted_data $ guess,0.03,single_datapoint,no_comment
8190,2011,10_MAS,turnover_rate,ldv,%,road,passenger,phev,all,yearly,national,['manually_inputted_data $ guess'],1,0.39,manually_inputted_data $ guess,0.03,single_datapoint,no_comment
8191,2012,10_MAS,new_vehicle_efficiency,ldv,km_per_pj,road,freight,phev,all,yearly,national,['avg_eff_no_outliers $ transport_data_system_9th'],1,8979606259.303562,avg_eff_no_outliers $ transport_data_system_9th,690738943.023351,single_datapoint,no_comment
8192,2012,10_MAS,new_vehicle_efficiency,ldv,km_per_pj,road,passenger,phev,all,yearly,national,['avg_eff_no_outliers $ transport_data_system_9th'],1,5974718100.659283,avg_eff_no_outliers $ transport_data_system_9th,459593700.050714,single_datapoint,no_comment
8193,2012,10_MAS,turnover_rate,ldv,%,road,freight,phev,all,yearly,national,['manually_inputted_data $ guess'],1,0.39,manually_inputted_data $ guess,0.03,single_datapoint,no_comment
8194,2012,10_MAS,turnover_rate,ldv,%,road,passenger,phev,all,yearly,national,['manually_inputted_data $ guess'],1,0.39,manually_inputted_data $ guess,0.03,single_datapoint,no_comment
8195,2013,10_MAS,new_vehicle_efficiency,ldv,km_per_pj,road,freight,phev,all,yearly,national,['avg_eff_no_outliers $ transport_data_system_9th'],1,8979606259.303562,avg_eff_no_outliers $ transport_data_system_9th,690738943.023351,single_datapoint,no_comment
8196,2013,10_MAS,new_vehicle_efficiency,ldv,km_per_pj,road,passenger,phev,all,yearly,national,['avg_eff_no_outliers $ transport_data_system_9th'],1,5974718100.659283,avg_eff_no_outliers $ transport_data_system_9th,459593700.050714,single_datapoint,no_comment
8197,2013,10_MAS,turnover_rate,ldv,%,road,freight,phev,all,yearly,national,['manually_inputted_data $ guess'],1,0.39,manually_inputted_data $ guess,0.03,single_datapoint,no_comment
8198,2013,10_MAS,turnover_rate,ldv,%,road,passenger,phev,all,yearly,national,['manually_inputted_data $ guess'],1,0.39,manually_inputted_data $ guess,0.03,single_datapoint,no_comment
8199,2014,10_MAS,new_vehicle_efficiency,ldv,km_per_pj,road,freight,phev,all,yearly,national,['avg_eff_no_outliers $ transport_data_system_9th'],1,8979606259.303562,avg_eff_no_outliers $ transport_data_system_9th,690738943.023351,single_datapoint,no_comment
8200,2014,10_MAS,new_vehicle_efficiency,ldv,km_per_pj,road,passenger,phev,all,yearly,national,['avg_eff_no_outliers $ transport_data_system_9th'],1,5974718100.659283,avg_eff_no_outliers $ transport_data_system_9th,459593700.050714,single_datapoint,no_comment
8201,2014,10_MAS,turnover_rate,ldv,%,road,freight,phev,all,yearly,national,['manually_inputted_data $ guess'],1,0.39,manually_inputted_data $ guess,0.03,single_datapoint,no_comment
8202,2014,10_MAS,turnover_rate,ldv,%,road,passenger,phev,all,yearly,national,['manually_inputted_data $ guess'],1,0.39,manually_inputted_data $ guess,0.03,single_datapoint,no_comment
8203,2015,10_MAS,new_vehicle_efficiency,ldv,km_per_pj,road,freight,phev,all,yearly,national,['avg_eff_no_outliers $ transport_data_system_9th'],1,8979606259.303562,avg_eff_no_outliers $ transport_data_system_9th,690738943.023351,single_datapoint,no_comment
8204,2015,10_MAS,new_vehicle_efficiency,ldv,km_per_pj,road,passenger,phev,all,yearly,national,['avg_eff_no_outliers $ transport_data_system_9th'],1,5974718100.659283,avg_eff_no_outliers $ transport_data_system_9th,459593700.050714,single_datapoint,no_comment
8205,2015,10_MAS,turnover_rate,ldv,%,road,freight,phev,all,yearly,national,['manually_inputted_data $ guess'],1,0.39,manually_inputted_data $ guess,0.03,single_datapoint,no_comment
8206,2015,10_MAS,turnover_rate,ldv,%,road,passenger,phev,all,yearly,national,['manually_inputted_data $ guess'],1,0.39,manually_inputted_data $ guess,0.03,single_datapoint,no_comment
8207,2016,10_MAS,new_vehicle_efficiency,ldv,km_per_pj,road,freight,phev,all,yearly,national,['avg_eff_no_outliers $ transport_data_system_9th'],1,8979606259.303562,avg_eff_no_outliers $ transport_data_system_9th,690738943.023351,single_datapoint,no_comment
8208,2016,10_MAS,new_vehicle_efficiency,ldv,km_per_pj,road,passenger,phev,all,yearly,national,['avg_eff_no_outliers $ transport_data_system_9th'],1,5974718100.659283,avg_eff_no_outliers $ transport_data_system_9th,459593700.050714,single_datapoint,no_comment
8209,2016,10_MAS,turnover_rate,ldv,%,road,freight,phev,all,yearly,national,['manually_inputted_data $ guess'],1,0.39,manually_inputted_data $ guess,0.03,single_datapoint,no_comment
8210,2016,10_MAS,turnover_rate,ldv,%,road,passenger,phev,all,yearly,national,['manually_inputted_data $ guess'],1,0.39,manually_inputted_data $ guess,0.03,single_datapoint,no_comment
8211,2017,10_MAS,new_vehicle_efficiency,ldv,km_per_pj,road,freight,phev,all,yearly,national,['avg_eff_no_outliers $ transport_data_system_9th'],1,8979606259.303562,avg_eff_no_outliers $ transport_data_system_9th,690738943.023351,single_datapoint,no_comment
8212,2017,10_MAS,new_vehicle_efficiency,ldv,km_per_pj,road,passenger,phev,all,yearly,national,['avg_eff_no_outliers $ transport_data_system_9th'],1,5974718100.659283,avg_eff_no_outliers $ transport_data_system_9th,459593700.050714,single_datapoint,no_comment
8213,2017,10_MAS,turnover_rate,ldv,%,road,freight,phev,all,yearly,national,['manually_inputted_data $ guess'],1,0.39,manually_inputted_data $ guess,0.03,single_datapoint,no_comment
8214,2017,10_MAS,turnover_rate,ldv,%,road,passenger,phev,all,yearly,national,['manually_inputted_data $ guess'],1,0.39,manually_inputted_data $ guess,0.03,single_datapoint,no_comment
8215,2018,10_MAS,new_vehicle_efficiency,ldv,km_per_pj,road,freight,phev,all,yearly,national,['avg_eff_no_outliers $ transport_data_system_9th'],1,8979606259.303562,avg_eff_no_outliers $ transport_data_system_9th,690738943.023351,single_datapoint,no_comment
8216,2018,10_MAS,new_vehicle_efficiency,ldv,km_per_pj,road,passenger,phev,all,yearly,national,['avg_eff_no_outliers $ transport_data_system_9th'],1,5974718100.659283,avg_eff_no_outliers $ transport_data_system_9th,459593700.050714,single_datapoint,no_comment
8217,2018,10_MAS,turnover_rate,ldv,%,road,freight,phev,all,yearly,national,['manually_inputted_data $ guess'],1,0.39,manually_inputted_data $ guess,0.03,single_datapoint,no_comment
8218,2018,10_MAS,turnover_rate,ldv,%,road,passenger,phev,all,yearly,national,['manually_inputted_data $ guess'],1,0.39,manually_inputted_data $ guess,0.03,single_datapoint,no_comment
8219,2019,10_MAS,new_vehicle_efficiency,ldv,km_per_pj,road,freight,phev,all,yearly,national,['avg_eff_no_outliers $ transport_data_system_9th'],1,8979606259.303562,avg_eff_no_outliers $ transport_data_system_9th,690738943.023351,single_datapoint,no_comment
8220,2019,10_MAS,new_vehicle_efficiency,ldv,km_per_pj,road,passenger,phev,all,yearly,national,['avg_eff_no_outliers $ transport_data_system_9th'],1,5974718100.659283,avg_eff_no_outliers $ transport_data_system_9th,459593700.050714,single_datapoint,no_comment
8221,2019,10_MAS,turnover_rate,ldv,%,road,freight,phev,all,yearly,national,['manually_inputted_data $ guess'],1,0.39,manually_inputted_data $ guess,0.03,single_datapoint,no_comment
8222,2019,10_MAS,turnover_rate,ldv,%,road,passenger,phev,all,yearly,national,['manually_inputted_data $ guess'],1,0.39,manually_inputted_data $ guess,0.03,single_datapoint,no_comment
8223,2020,10_MAS,new_vehicle_efficiency,ldv,km_per_pj,road,freight,phev,all,yearly,national,['avg_eff_no_outliers $ transport_data_system_9th'],1,8979606259.303562,avg_eff_no_outliers $ transport_data_system_9th,690738943.023351,single_datapoint,no_comment
8224,2020,10_MAS,new_vehicle_efficiency,ldv,km_per_pj,road,passenger,phev,all,yearly,national,['avg_eff_no_outliers $ transport_data_system_9th'],1,5974718100.659283,avg_eff_no_outliers $ transport_data_system_9th,459593700.050714,single_datapoint,no_comment
8225,2020,10_MAS,turnover_rate,ldv,%,road,freight,phev,all,yearly,national,['manually_inputted_data $ guess'],1,0.39,manually_inputted_data $ guess,0.03,single_datapoint,no_comment
8226,2020,10_MAS,turnover_rate,ldv,%,road,passenger,phev,all,yearly,national,['manually_inputted_data $ guess'],1,0.39,manually_inputted_data $ guess,0.03,single_datapoint,no_comment
8227,2021,10_MAS,new_vehicle_efficiency,ldv,km_per_pj,road,freight,phev,all,yearly,national,['avg_eff_no_outliers $ transport_data_system_9th'],1,8979606259.303562,avg_eff_no_outliers $ transport_data_system_9th,690738943.023351,single_datapoint,no_comment
8228,2021,10_MAS,new_vehicle_efficiency,ldv,km_per_pj,road,passenger,phev,all,yearly,national,['avg_eff_no_outliers $ transport_data_system_9th'],1,5974718100.659283,avg_eff_no_outliers $ transport_data_system_9th,459593700.050714,single_datapoint,no_comment
8229,2021,10_MAS,turnover_rate,ldv,%,road,freight,phev,all,yearly,national,['manually_inputted_data $ guess'],1,0.39,manually_inputted_data $ guess,0.03,single_datapoint,no_comment
8230,2021,10_MAS,turnover_rate,ldv,%,road,passenger,phev,all,yearly,national,['manually_inputted_data $ guess'],1,0.39,manually_inputted_data $ guess,0.03,single_datapoint,no_comment
8231,2022,10_MAS,new_vehicle_efficiency,ldv,km_per_pj,road,freight,phev,all,yearly,national,['avg_eff_no_outliers $ transport_data_system_9th'],1,8979606259.303562,avg_eff_no_outliers $ transport_data_system_9th,690738943.023351,single_datapoint,no_comment
8232,2022,10_MAS,new_vehicle_efficiency,ldv,km_per_pj,road,passenger,phev,all,yearly,national,['avg_eff_no_outliers $ transport_data_system_9th'],1,5974718100.659283,avg_eff_no_outliers $ transport_data_system_9th,459593700.050714,single_datapoint,no_comment
8233,2022,10_MAS,turnover_rate,ldv,%,road,freight,phev,all,yearly,national,['manually_inputted_data $ guess'],1,0.39,manually_inputted_data $ guess,0.03,single_datapoint,no_comment
8234,2022,10_MAS,turnover_rate,ldv,%,road,passenger,phev,all,yearly,national,['manually_inputted_data $ guess'],1,0.39,manually_inputted_data $ guess,0.03,single_datapoint,no_comment
8235,2010,11_MEX,new_vehicle_efficiency,2w,km_per_pj,road,passenger,bev,all,yearly,national,['avg_eff_no_outliers $ transport_data_system_9th'],1,33137029391.83156,avg_eff_no_outliers $ transport_data_system_9th,2549002260.91012,single_datapoint,no_comment
8236,2010,11_MEX,turnover_rate,2w,%,road,passenger,bev,all,yearly,national,['manually_inputted_data $ guess'],1,0.42,manually_inputted_data $ guess,0.03,manual,no_comment
8237,2011,11_MEX,new_vehicle_efficiency,2w,km_per_pj,road,passenger,bev,all,yearly,national,['avg_eff_no_outliers $ transport_data_system_9th'],1,33137029391.83156,avg_eff_no_outliers $ transport_data_system_9th,2549002260.91012,single_datapoint,no_comment
8238,2011,11_MEX,turnover_rate,2w,%,road,passenger,bev,all,yearly,national,['manually_inputted_data $ guess'],1,0.42,manually_inputted_data $ guess,0.03,manual,no_comment
8239,2012,11_MEX,new_vehicle_efficiency,2w,km_per_pj,road,passenger,bev,all,yearly,national,['avg_eff_no_outliers $ transport_data_system_9th'],1,33137029391.83156,avg_eff_no_outliers $ transport_data_system_9th,2549002260.91012,single_datapoint,no_comment
8240,2012,11_MEX,turnover_rate,2w,%,road,passenger,bev,all,yearly,national,['manually_inputted_data $ guess'],1,0.42,manually_inputted_data $ guess,0.03,manual,no_comment
8241,2013,11_MEX,new_vehicle_efficiency,2w,km_per_pj,road,passenger,bev,all,yearly,national,['avg_eff_no_outliers $ transport_data_system_9th'],1,33137029391.83156,avg_eff_no_outliers $ transport_data_system_9th,2549002260.91012,single_datapoint,no_comment
8242,2013,11_MEX,turnover_rate,2w,%,road,passenger,bev,all,yearly,national,['manually_inputted_data $ guess'],1,0.42,manually_inputted_data $ guess,0.03,manual,no_comment
8243,2014,11_MEX,new_vehicle_efficiency,2w,km_per_pj,road,passenger,bev,all,yearly,national,['avg_eff_no_outliers $ transport_data_system_9th'],1,33137029391.83156,avg_eff_no_outliers $ transport_data_system_9th,2549002260.91012,single_datapoint,no_comment
8244,2014,11_MEX,turnover_rate,2w,%,road,passenger,bev,all,yearly,national,['manually_inputted_data $ guess'],1,0.42,manually_inputted_data $ guess,0.03,manual,no_comment
8245,2015,11_MEX,new_vehicle_efficiency,2w,km_per_pj,road,passenger,bev,all,yearly,national,['avg_eff_no_outliers $ transport_data_system_9th'],1,33137029391.83156,avg_eff_no_outliers $ transport_data_system_9th,2549002260.91012,single_datapoint,no_comment
8246,2015,11_MEX,turnover_rate,2w,%,road,passenger,bev,all,yearly,national,['manually_inputted_data $ guess'],1,0.42,manually_inputted_data $ guess,0.03,manual,no_comment
8247,2016,11_MEX,new_vehicle_efficiency,2w,km_per_pj,road,passenger,bev,all,yearly,national,['avg_eff_no_outliers $ transport_data_system_9th'],1,33137029391.83156,avg_eff_no_outliers $ transport_data_system_9th,2549002260.91012,single_datapoint,no_comment
8248,2016,11_MEX,turnover_rate,2w,%,road,passenger,bev,all,yearly,national,['manually_inputted_data $ guess'],1,0.42,manually_inputted_data $ guess,0.03,manual,no_comment
8249,2017,11_MEX,new_vehicle_efficiency,2w,km_per_pj,road,passenger,bev,all,yearly,national,['avg_eff_no_outliers $ transport_data_system_9th'],1,33137029391.83156,avg_eff_no_outliers $ transport_data_system_9th,2549002260.91012,single_datapoint,no_comment
8250,2017,11_MEX,turnover_rate,2w,%,road,passenger,bev,all,yearly,national,"['manually_inputted_data $ guess', 'turnover_rate_est']",2,0.42,manually_inputted_data $ guess,0.03,manual,no_comment
8251,2018,11_MEX,new_vehicle_efficiency,2w,km_per_pj,road,passenger,bev,all,yearly,national,['avg_eff_no_outliers $ transport_data_system_9th'],1,33137029391.83156,avg_eff_no_outliers $ transport_data_system_9th,2549002260.91012,single_datapoint,no_comment
8252,2018,11_MEX,turnover_rate,2w,%,road,passenger,bev,all,yearly,national,['manually_inputted_data $ guess'],1,0.42,manually_inputted_data $ guess,0.03,manual,no_comment
8253,2019,11_MEX,new_vehicle_efficiency,2w,km_per_pj,road,passenger,bev,all,yearly,national,['avg_eff_no_outliers $ transport_data_system_9th'],1,33137029391.83156,avg_eff_no_outliers $ transport_data_system_9th,2549002260.91012,single_datapoint,no_comment
8254,2019,11_MEX,turnover_rate,2w,%,road,passenger,bev,all,yearly,national,['manually_inputted_data $ guess'],1,0.42,manually_inputted_data $ guess,0.03,manual,no_comment
8255,2020,11_MEX,new_vehicle_efficiency,2w,km_per_pj,road,passenger,bev,all,yearly,national,['avg_eff_no_outliers $ transport_data_system_9th'],1,33137029391.83156,avg_eff_no_outliers $ transport_data_system_9th,2549002260.91012,single_datapoint,no_comment
8256,2020,11_MEX,turnover_rate,2w,%,road,passenger,bev,all,yearly,national,['manually_inputted_data $ guess'],1,0.42,manually_inputted_data $ guess,0.03,manual,no_comment
8257,2021,11_MEX,new_vehicle_efficiency,2w,km_per_pj,road,passenger,bev,all,yearly,national,['avg_eff_no_outliers $ transport_data_system_9th'],1,33137029391.83156,avg_eff_no_outliers $ transport_data_system_9th,2549002260.91012,single_datapoint,no_comment
8258,2021,11_MEX,turnover_rate,2w,%,road,passenger,bev,all,yearly,national,['manually_inputted_data $ guess'],1,0.42,manually_inputted_data $ guess,0.03,manual,no_comment
8259,2022,11_MEX,new_vehicle_efficiency,2w,km_per_pj,road,passenger,bev,all,yearly,national,['avg_eff_no_outliers $ transport_data_system_9th'],1,33137029391.83156,avg_eff_no_outliers $ transport_data_system_9th,2549002260.91012,single_datapoint,no_comment
8260,2022,11_MEX,turnover_rate,2w,%,road,passenger,bev,all,yearly,national,['manually_inputted_data $ guess'],1,0.42,manually_inputted_data $ guess,0.03,manual,no_comment
8261,2010,11_MEX,new_vehicle_efficiency,2w,km_per_pj,road,passenger,ice,all,yearly,national,['avg_eff_no_outliers $ transport_data_system_9th'],1,7669072338.574219,avg_eff_no_outliers $ transport_data_system_9th,589928641.428786,single_datapoint,no_comment
8262,2010,11_MEX,turnover_rate,2w,%,road,passenger,ice,all,yearly,national,['manually_inputted_data $ guess'],1,0.39,manually_inputted_data $ guess,0.03,single_datapoint,no_comment
8263,2011,11_MEX,new_vehicle_efficiency,2w,km_per_pj,road,passenger,ice,all,yearly,national,['avg_eff_no_outliers $ transport_data_system_9th'],1,7669072338.574219,avg_eff_no_outliers $ transport_data_system_9th,589928641.428786,single_datapoint,no_comment
8264,2011,11_MEX,turnover_rate,2w,%,road,passenger,ice,all,yearly,national,['manually_inputted_data $ guess'],1,0.39,manually_inputted_data $ guess,0.03,single_datapoint,no_comment
8265,2012,11_MEX,new_vehicle_efficiency,2w,km_per_pj,road,passenger,ice,all,yearly,national,['avg_eff_no_outliers $ transport_data_system_9th'],1,7669072338.574219,avg_eff_no_outliers $ transport_data_system_9th,589928641.428786,single_datapoint,no_comment
8266,2012,11_MEX,turnover_rate,2w,%,road,passenger,ice,all,yearly,national,['manually_inputted_data $ guess'],1,0.39,manually_inputted_data $ guess,0.03,single_datapoint,no_comment
8267,2013,11_MEX,new_vehicle_efficiency,2w,km_per_pj,road,passenger,ice,all,yearly,national,['avg_eff_no_outliers $ transport_data_system_9th'],1,7669072338.574219,avg_eff_no_outliers $ transport_data_system_9th,589928641.428786,single_datapoint,no_comment
8268,2013,11_MEX,turnover_rate,2w,%,road,passenger,ice,all,yearly,national,['manually_inputted_data $ guess'],1,0.39,manually_inputted_data $ guess,0.03,single_datapoint,no_comment
8269,2014,11_MEX,new_vehicle_efficiency,2w,km_per_pj,road,passenger,ice,all,yearly,national,['avg_eff_no_outliers $ transport_data_system_9th'],1,7669072338.574219,avg_eff_no_outliers $ transport_data_system_9th,589928641.428786,single_datapoint,no_comment
8270,2014,11_MEX,turnover_rate,2w,%,road,passenger,ice,all,yearly,national,['manually_inputted_data $ guess'],1,0.39,manually_inputted_data $ guess,0.03,single_datapoint,no_comment
8271,2015,11_MEX,new_vehicle_efficiency,2w,km_per_pj,road,passenger,ice,all,yearly,national,['avg_eff_no_outliers $ transport_data_system_9th'],1,7669072338.574219,avg_eff_no_outliers $ transport_data_system_9th,589928641.428786,single_datapoint,no_comment
8272,2015,11_MEX,turnover_rate,2w,%,road,passenger,ice,all,yearly,national,['manually_inputted_data $ guess'],1,0.39,manually_inputted_data $ guess,0.03,single_datapoint,no_comment
8273,2016,11_MEX,new_vehicle_efficiency,2w,km_per_pj,road,passenger,ice,all,yearly,national,['avg_eff_no_outliers $ transport_data_system_9th'],1,7669072338.574219,avg_eff_no_outliers $ transport_data_system_9th,589928641.428786,single_datapoint,no_comment
8274,2016,11_MEX,turnover_rate,2w,%,road,passenger,ice,all,yearly,national,['manually_inputted_data $ guess'],1,0.39,manually_inputted_data $ guess,0.03,single_datapoint,no_comment
8275,2017,11_MEX,activity,2w,passenger_km_or_freight_tonne_km,road,passenger,ice,all,yearly,national,['estimated $ calculate_energy_and_activity()'],1,22563197250.0,estimated $ calculate_energy_and_activity(),22563197250.0,single_datapoint,no_comment
8276,2017,11_MEX,energy,2w,pj,road,passenger,ice,all,yearly,national,['estimated $ calculate_energy_and_activity()'],1,32.43135255944779,estimated $ calculate_energy_and_activity(),32.43135255944779,single_datapoint,no_comment
8277,2017,11_MEX,new_vehicle_efficiency,2w,km_per_pj,road,passenger,ice,all,yearly,national,['avg_eff_no_outliers $ transport_data_system_9th'],1,7669072338.574219,avg_eff_no_outliers $ transport_data_system_9th,589928641.428786,single_datapoint,no_comment
8278,2017,11_MEX,travel_km,2w,km,road,passenger,ice,all,yearly,national,['estimated $ calculate_energy_and_activity()'],1,20511997500.0,estimated $ calculate_energy_and_activity(),20511997500.0,single_datapoint,no_comment
8279,2017,11_MEX,turnover_rate,2w,%,road,passenger,ice,all,yearly,national,['manually_inputted_data $ guess'],1,0.39,manually_inputted_data $ guess,0.03,single_datapoint,no_comment
8280,2018,11_MEX,new_vehicle_efficiency,2w,km_per_pj,road,passenger,ice,all,yearly,national,['avg_eff_no_outliers $ transport_data_system_9th'],1,7669072338.574219,avg_eff_no_outliers $ transport_data_system_9th,589928641.428786,single_datapoint,no_comment
8281,2018,11_MEX,turnover_rate,2w,%,road,passenger,ice,all,yearly,national,['manually_inputted_data $ guess'],1,0.39,manually_inputted_data $ guess,0.03,single_datapoint,no_comment
8282,2019,11_MEX,new_vehicle_efficiency,2w,km_per_pj,road,passenger,ice,all,yearly,national,['avg_eff_no_outliers $ transport_data_system_9th'],1,7669072338.574219,avg_eff_no_outliers $ transport_data_system_9th,589928641.428786,single_datapoint,no_comment
8283,2019,11_MEX,turnover_rate,2w,%,road,passenger,ice,all,yearly,national,['manually_inputted_data $ guess'],1,0.39,manually_inputted_data $ guess,0.03,single_datapoint,no_comment
8284,2020,11_MEX,new_vehicle_efficiency,2w,km_per_pj,road,passenger,ice,all,yearly,national,['avg_eff_no_outliers $ transport_data_system_9th'],1,7669072338.574219,avg_eff_no_outliers $ transport_data_system_9th,589928641.428786,single_datapoint,no_comment
8285,2020,11_MEX,turnover_rate,2w,%,road,passenger,ice,all,yearly,national,['manually_inputted_data $ guess'],1,0.39,manually_inputted_data $ guess,0.03,single_datapoint,no_comment
8286,2021,11_MEX,new_vehicle_efficiency,2w,km_per_pj,road,passenger,ice,all,yearly,national,['avg_eff_no_outliers $ transport_data_system_9th'],1,7669072338.574219,avg_eff_no_outliers $ transport_data_system_9th,589928641.428786,single_datapoint,no_comment
8287,2021,11_MEX,turnover_rate,2w,%,road,passenger,ice,all,yearly,national,['manually_inputted_data $ guess'],1,0.39,manually_inputted_data $ guess,0.03,single_datapoint,no_comment
8288,2022,11_MEX,new_vehicle_efficiency,2w,km_per_pj,road,passenger,ice,all,yearly,national,['avg_eff_no_outliers $ transport_data_system_9th'],1,7669072338.574219,avg_eff_no_outliers $ transport_data_system_9th,589928641.428786,single_datapoint,no_comment
8289,2022,11_MEX,turnover_rate,2w,%,road,passenger,ice,all,yearly,national,['manually_inputted_data $ guess'],1,0.39,manually_inputted_data $ guess,0.03,single_datapoint,no_comment
8290,2010,11_MEX,intensity,all,pj_per_passenger_or_freight_tonne_km,air,freight,all,all,yearly,national,['manually_inputted_data $ energy-intensity-of-passenger-transport-modes-2018'],1,4.0300000000000004e-08,manually_inputted_data $ energy-intensity-of-passenger-transport-modes-2018,3.1e-09,single_datapoint,assumed_to_be_same_as_passenger_air_because_of_lack_of_data
8291,2010,11_MEX,intensity,all,pj_per_passenger_or_freight_tonne_km,rail,freight,all,all,yearly,national,['manually_inputted_data $ iea_howtocalculatetheindicatorsforthetransportsectors.pdf'],1,2.86e-09,manually_inputted_data $ iea_howtocalculatetheindicatorsforthetransportsectors.pdf,2.2e-10,single_datapoint,from_how_to_calculate_the_indicators_for_the_transport_sector
8292,2010,11_MEX,intensity,all,pj_per_passenger_or_freight_tonne_km,ship,freight,all,all,yearly,national,['manually_inputted_data $ iea_howtocalculatetheindicatorsforthetransportsectors.pdf'],1,7.02e-09,manually_inputted_data $ iea_howtocalculatetheindicatorsforthetransportsectors.pdf,5.4e-10,single_datapoint,from_how_to_calculate_the_indicators_for_the_transport_sector
8293,2010,11_MEX,intensity,all,pj_per_passenger_or_freight_tonne_km,air,passenger,all,all,yearly,national,['manually_inputted_data $ energy-intensity-of-passenger-transport-modes-2018'],1,4.0300000000000004e-08,manually_inputted_data $ energy-intensity-of-passenger-transport-modes-2018,3.1e-09,single_datapoint,no_comment
8294,2010,11_MEX,intensity,all,pj_per_passenger_or_freight_tonne_km,rail,passenger,all,all,yearly,national,['manually_inputted_data $ energy-intensity-of-passenger-transport-modes-2018'],1,2.6e-09,manually_inputted_data $ energy-intensity-of-passenger-transport-modes-2018,2e-10,single_datapoint,no_comment
8295,2010,11_MEX,intensity,all,pj_per_passenger_or_freight_tonne_km,ship,passenger,all,all,yearly,national,['manually_inputted_data $ iea_howtocalculatetheindicatorsforthetransportsectors.pdf'],1,7.02e-09,manually_inputted_data $ iea_howtocalculatetheindicatorsforthetransportsectors.pdf,5.4e-10,single_datapoint,assumed_to_be_the_same_as_ship_freight_from_iea_how_to
8296,2011,11_MEX,intensity,all,pj_per_passenger_or_freight_tonne_km,air,freight,all,all,yearly,national,['manually_inputted_data $ energy-intensity-of-passenger-transport-modes-2018'],1,4.0300000000000004e-08,manually_inputted_data $ energy-intensity-of-passenger-transport-modes-2018,3.1e-09,single_datapoint,assumed_to_be_same_as_passenger_air_because_of_lack_of_data
8297,2011,11_MEX,intensity,all,pj_per_passenger_or_freight_tonne_km,rail,freight,all,all,yearly,national,['manually_inputted_data $ iea_howtocalculatetheindicatorsforthetransportsectors.pdf'],1,2.86e-09,manually_inputted_data $ iea_howtocalculatetheindicatorsforthetransportsectors.pdf,2.2e-10,single_datapoint,from_how_to_calculate_the_indicators_for_the_transport_sector
8298,2011,11_MEX,intensity,all,pj_per_passenger_or_freight_tonne_km,ship,freight,all,all,yearly,national,['manually_inputted_data $ iea_howtocalculatetheindicatorsforthetransportsectors.pdf'],1,7.02e-09,manually_inputted_data $ iea_howtocalculatetheindicatorsforthetransportsectors.pdf,5.4e-10,single_datapoint,from_how_to_calculate_the_indicators_for_the_transport_sector
8299,2011,11_MEX,intensity,all,pj_per_passenger_or_freight_tonne_km,air,passenger,all,all,yearly,national,['manually_inputted_data $ energy-intensity-of-passenger-transport-modes-2018'],1,4.0300000000000004e-08,manually_inputted_data $ energy-intensity-of-passenger-transport-modes-2018,3.1e-09,single_datapoint,no_comment
8300,2011,11_MEX,intensity,all,pj_per_passenger_or_freight_tonne_km,rail,passenger,all,all,yearly,national,['manually_inputted_data $ energy-intensity-of-passenger-transport-modes-2018'],1,2.6e-09,manually_inputted_data $ energy-intensity-of-passenger-transport-modes-2018,2e-10,single_datapoint,no_comment
8301,2011,11_MEX,intensity,all,pj_per_passenger_or_freight_tonne_km,ship,passenger,all,all,yearly,national,['manually_inputted_data $ iea_howtocalculatetheindicatorsforthetransportsectors.pdf'],1,7.02e-09,manually_inputted_data $ iea_howtocalculatetheindicatorsforthetransportsectors.pdf,5.4e-10,single_datapoint,assumed_to_be_the_same_as_ship_freight_from_iea_how_to
8302,2012,11_MEX,intensity,all,pj_per_passenger_or_freight_tonne_km,air,freight,all,all,yearly,national,['manually_inputted_data $ energy-intensity-of-passenger-transport-modes-2018'],1,4.0300000000000004e-08,manually_inputted_data $ energy-intensity-of-passenger-transport-modes-2018,3.1e-09,single_datapoint,assumed_to_be_same_as_passenger_air_because_of_lack_of_data
8303,2012,11_MEX,intensity,all,pj_per_passenger_or_freight_tonne_km,rail,freight,all,all,yearly,national,['manually_inputted_data $ iea_howtocalculatetheindicatorsforthetransportsectors.pdf'],1,2.86e-09,manually_inputted_data $ iea_howtocalculatetheindicatorsforthetransportsectors.pdf,2.2e-10,single_datapoint,from_how_to_calculate_the_indicators_for_the_transport_sector
8304,2012,11_MEX,intensity,all,pj_per_passenger_or_freight_tonne_km,ship,freight,all,all,yearly,national,['manually_inputted_data $ iea_howtocalculatetheindicatorsforthetransportsectors.pdf'],1,7.02e-09,manually_inputted_data $ iea_howtocalculatetheindicatorsforthetransportsectors.pdf,5.4e-10,single_datapoint,from_how_to_calculate_the_indicators_for_the_transport_sector
8305,2012,11_MEX,intensity,all,pj_per_passenger_or_freight_tonne_km,air,passenger,all,all,yearly,national,['manually_inputted_data $ energy-intensity-of-passenger-transport-modes-2018'],1,4.0300000000000004e-08,manually_inputted_data $ energy-intensity-of-passenger-transport-modes-2018,3.1e-09,single_datapoint,no_comment
8306,2012,11_MEX,intensity,all,pj_per_passenger_or_freight_tonne_km,rail,passenger,all,all,yearly,national,['manually_inputted_data $ energy-intensity-of-passenger-transport-modes-2018'],1,2.6e-09,manually_inputted_data $ energy-intensity-of-passenger-transport-modes-2018,2e-10,single_datapoint,no_comment
8307,2012,11_MEX,intensity,all,pj_per_passenger_or_freight_tonne_km,ship,passenger,all,all,yearly,national,['manually_inputted_data $ iea_howtocalculatetheindicatorsforthetransportsectors.pdf'],1,7.02e-09,manually_inputted_data $ iea_howtocalculatetheindicatorsforthetransportsectors.pdf,5.4e-10,single_datapoint,assumed_to_be_the_same_as_ship_freight_from_iea_how_to
8308,2013,11_MEX,intensity,all,pj_per_passenger_or_freight_tonne_km,air,freight,all,all,yearly,national,['manually_inputted_data $ energy-intensity-of-passenger-transport-modes-2018'],1,4.0300000000000004e-08,manually_inputted_data $ energy-intensity-of-passenger-transport-modes-2018,3.1e-09,single_datapoint,assumed_to_be_same_as_passenger_air_because_of_lack_of_data
8309,2013,11_MEX,intensity,all,pj_per_passenger_or_freight_tonne_km,rail,freight,all,all,yearly,national,['manually_inputted_data $ iea_howtocalculatetheindicatorsforthetransportsectors.pdf'],1,2.86e-09,manually_inputted_data $ iea_howtocalculatetheindicatorsforthetransportsectors.pdf,2.2e-10,single_datapoint,from_how_to_calculate_the_indicators_for_the_transport_sector
8310,2013,11_MEX,intensity,all,pj_per_passenger_or_freight_tonne_km,ship,freight,all,all,yearly,national,['manually_inputted_data $ iea_howtocalculatetheindicatorsforthetransportsectors.pdf'],1,7.02e-09,manually_inputted_data $ iea_howtocalculatetheindicatorsforthetransportsectors.pdf,5.4e-10,single_datapoint,from_how_to_calculate_the_indicators_for_the_transport_sector
8311,2013,11_MEX,intensity,all,pj_per_passenger_or_freight_tonne_km,air,passenger,all,all,yearly,national,['manually_inputted_data $ energy-intensity-of-passenger-transport-modes-2018'],1,4.0300000000000004e-08,manually_inputted_data $ energy-intensity-of-passenger-transport-modes-2018,3.1e-09,single_datapoint,no_comment
8312,2013,11_MEX,intensity,all,pj_per_passenger_or_freight_tonne_km,rail,passenger,all,all,yearly,national,['manually_inputted_data $ energy-intensity-of-passenger-transport-modes-2018'],1,2.6e-09,manually_inputted_data $ energy-intensity-of-passenger-transport-modes-2018,2e-10,single_datapoint,no_comment
8313,2013,11_MEX,intensity,all,pj_per_passenger_or_freight_tonne_km,ship,passenger,all,all,yearly,national,['manually_inputted_data $ iea_howtocalculatetheindicatorsforthetransportsectors.pdf'],1,7.02e-09,manually_inputted_data $ iea_howtocalculatetheindicatorsforthetransportsectors.pdf,5.4e-10,single_datapoint,assumed_to_be_the_same_as_ship_freight_from_iea_how_to
8314,2014,11_MEX,intensity,all,pj_per_passenger_or_freight_tonne_km,air,freight,all,all,yearly,national,['manually_inputted_data $ energy-intensity-of-passenger-transport-modes-2018'],1,4.0300000000000004e-08,manually_inputted_data $ energy-intensity-of-passenger-transport-modes-2018,3.1e-09,single_datapoint,assumed_to_be_same_as_passenger_air_because_of_lack_of_data
8315,2014,11_MEX,intensity,all,pj_per_passenger_or_freight_tonne_km,rail,freight,all,all,yearly,national,['manually_inputted_data $ iea_howtocalculatetheindicatorsforthetransportsectors.pdf'],1,2.86e-09,manually_inputted_data $ iea_howtocalculatetheindicatorsforthetransportsectors.pdf,2.2e-10,single_datapoint,from_how_to_calculate_the_indicators_for_the_transport_sector
8316,2014,11_MEX,intensity,all,pj_per_passenger_or_freight_tonne_km,ship,freight,all,all,yearly,national,['manually_inputted_data $ iea_howtocalculatetheindicatorsforthetransportsectors.pdf'],1,7.02e-09,manually_inputted_data $ iea_howtocalculatetheindicatorsforthetransportsectors.pdf,5.4e-10,single_datapoint,from_how_to_calculate_the_indicators_for_the_transport_sector
8317,2014,11_MEX,intensity,all,pj_per_passenger_or_freight_tonne_km,air,passenger,all,all,yearly,national,['manually_inputted_data $ energy-intensity-of-passenger-transport-modes-2018'],1,4.0300000000000004e-08,manually_inputted_data $ energy-intensity-of-passenger-transport-modes-2018,3.1e-09,single_datapoint,no_comment
8318,2014,11_MEX,intensity,all,pj_per_passenger_or_freight_tonne_km,rail,passenger,all,all,yearly,national,['manually_inputted_data $ energy-intensity-of-passenger-transport-modes-2018'],1,2.6e-09,manually_inputted_data $ energy-intensity-of-passenger-transport-modes-2018,2e-10,single_datapoint,no_comment
8319,2014,11_MEX,intensity,all,pj_per_passenger_or_freight_tonne_km,ship,passenger,all,all,yearly,national,['manually_inputted_data $ iea_howtocalculatetheindicatorsforthetransportsectors.pdf'],1,7.02e-09,manually_inputted_data $ iea_howtocalculatetheindicatorsforthetransportsectors.pdf,5.4e-10,single_datapoint,assumed_to_be_the_same_as_ship_freight_from_iea_how_to
8320,2015,11_MEX,intensity,all,pj_per_passenger_or_freight_tonne_km,air,freight,all,all,yearly,national,['manually_inputted_data $ energy-intensity-of-passenger-transport-modes-2018'],1,4.0300000000000004e-08,manually_inputted_data $ energy-intensity-of-passenger-transport-modes-2018,3.1e-09,single_datapoint,assumed_to_be_same_as_passenger_air_because_of_lack_of_data
8321,2015,11_MEX,intensity,all,pj_per_passenger_or_freight_tonne_km,rail,freight,all,all,yearly,national,['manually_inputted_data $ iea_howtocalculatetheindicatorsforthetransportsectors.pdf'],1,2.86e-09,manually_inputted_data $ iea_howtocalculatetheindicatorsforthetransportsectors.pdf,2.2e-10,single_datapoint,from_how_to_calculate_the_indicators_for_the_transport_sector
8322,2015,11_MEX,intensity,all,pj_per_passenger_or_freight_tonne_km,ship,freight,all,all,yearly,national,['manually_inputted_data $ iea_howtocalculatetheindicatorsforthetransportsectors.pdf'],1,7.02e-09,manually_inputted_data $ iea_howtocalculatetheindicatorsforthetransportsectors.pdf,5.4e-10,single_datapoint,from_how_to_calculate_the_indicators_for_the_transport_sector
8323,2015,11_MEX,intensity,all,pj_per_passenger_or_freight_tonne_km,air,passenger,all,all,yearly,national,['manually_inputted_data $ energy-intensity-of-passenger-transport-modes-2018'],1,4.0300000000000004e-08,manually_inputted_data $ energy-intensity-of-passenger-transport-modes-2018,3.1e-09,single_datapoint,no_comment
8324,2015,11_MEX,intensity,all,pj_per_passenger_or_freight_tonne_km,rail,passenger,all,all,yearly,national,['manually_inputted_data $ energy-intensity-of-passenger-transport-modes-2018'],1,2.6e-09,manually_inputted_data $ energy-intensity-of-passenger-transport-modes-2018,2e-10,single_datapoint,no_comment
8325,2015,11_MEX,intensity,all,pj_per_passenger_or_freight_tonne_km,ship,passenger,all,all,yearly,national,['manually_inputted_data $ iea_howtocalculatetheindicatorsforthetransportsectors.pdf'],1,7.02e-09,manually_inputted_data $ iea_howtocalculatetheindicatorsforthetransportsectors.pdf,5.4e-10,single_datapoint,assumed_to_be_the_same_as_ship_freight_from_iea_how_to
8326,2016,11_MEX,intensity,all,pj_per_passenger_or_freight_tonne_km,air,freight,all,all,yearly,national,['manually_inputted_data $ energy-intensity-of-passenger-transport-modes-2018'],1,4.0300000000000004e-08,manually_inputted_data $ energy-intensity-of-passenger-transport-modes-2018,3.1e-09,single_datapoint,assumed_to_be_same_as_passenger_air_because_of_lack_of_data
8327,2016,11_MEX,intensity,all,pj_per_passenger_or_freight_tonne_km,rail,freight,all,all,yearly,national,['manually_inputted_data $ iea_howtocalculatetheindicatorsforthetransportsectors.pdf'],1,2.86e-09,manually_inputted_data $ iea_howtocalculatetheindicatorsforthetransportsectors.pdf,2.2e-10,single_datapoint,from_how_to_calculate_the_indicators_for_the_transport_sector
8328,2016,11_MEX,intensity,all,pj_per_passenger_or_freight_tonne_km,ship,freight,all,all,yearly,national,['manually_inputted_data $ iea_howtocalculatetheindicatorsforthetransportsectors.pdf'],1,7.02e-09,manually_inputted_data $ iea_howtocalculatetheindicatorsforthetransportsectors.pdf,5.4e-10,single_datapoint,from_how_to_calculate_the_indicators_for_the_transport_sector
8329,2016,11_MEX,intensity,all,pj_per_passenger_or_freight_tonne_km,air,passenger,all,all,yearly,national,['manually_inputted_data $ energy-intensity-of-passenger-transport-modes-2018'],1,4.0300000000000004e-08,manually_inputted_data $ energy-intensity-of-passenger-transport-modes-2018,3.1e-09,single_datapoint,no_comment
8330,2016,11_MEX,intensity,all,pj_per_passenger_or_freight_tonne_km,rail,passenger,all,all,yearly,national,['manually_inputted_data $ energy-intensity-of-passenger-transport-modes-2018'],1,2.6e-09,manually_inputted_data $ energy-intensity-of-passenger-transport-modes-2018,2e-10,single_datapoint,no_comment
8331,2016,11_MEX,intensity,all,pj_per_passenger_or_freight_tonne_km,ship,passenger,all,all,yearly,national,['manually_inputted_data $ iea_howtocalculatetheindicatorsforthetransportsectors.pdf'],1,7.02e-09,manually_inputted_data $ iea_howtocalculatetheindicatorsforthetransportsectors.pdf,5.4e-10,single_datapoint,assumed_to_be_the_same_as_ship_freight_from_iea_how_to
8332,2017,11_MEX,intensity,all,pj_per_passenger_or_freight_tonne_km,air,freight,all,all,yearly,national,['manually_inputted_data $ energy-intensity-of-passenger-transport-modes-2018'],1,4.0300000000000004e-08,manually_inputted_data $ energy-intensity-of-passenger-transport-modes-2018,3.1e-09,single_datapoint,assumed_to_be_same_as_passenger_air_because_of_lack_of_data
8333,2017,11_MEX,intensity,all,pj_per_passenger_or_freight_tonne_km,rail,freight,all,all,yearly,national,['manually_inputted_data $ iea_howtocalculatetheindicatorsforthetransportsectors.pdf'],1,2.86e-09,manually_inputted_data $ iea_howtocalculatetheindicatorsforthetransportsectors.pdf,2.2e-10,single_datapoint,from_how_to_calculate_the_indicators_for_the_transport_sector
8334,2017,11_MEX,intensity,all,pj_per_passenger_or_freight_tonne_km,ship,freight,all,all,yearly,national,['manually_inputted_data $ iea_howtocalculatetheindicatorsforthetransportsectors.pdf'],1,7.02e-09,manually_inputted_data $ iea_howtocalculatetheindicatorsforthetransportsectors.pdf,5.4e-10,single_datapoint,from_how_to_calculate_the_indicators_for_the_transport_sector
8335,2017,11_MEX,intensity,all,pj_per_passenger_or_freight_tonne_km,air,passenger,all,all,yearly,national,['manually_inputted_data $ energy-intensity-of-passenger-transport-modes-2018'],1,4.0300000000000004e-08,manually_inputted_data $ energy-intensity-of-passenger-transport-modes-2018,3.1e-09,single_datapoint,no_comment
8336,2017,11_MEX,intensity,all,pj_per_passenger_or_freight_tonne_km,rail,passenger,all,all,yearly,national,['manually_inputted_data $ energy-intensity-of-passenger-transport-modes-2018'],1,2.6e-09,manually_inputted_data $ energy-intensity-of-passenger-transport-modes-2018,2e-10,single_datapoint,no_comment
8337,2017,11_MEX,intensity,all,pj_per_passenger_or_freight_tonne_km,ship,passenger,all,all,yearly,national,['manually_inputted_data $ iea_howtocalculatetheindicatorsforthetransportsectors.pdf'],1,7.02e-09,manually_inputted_data $ iea_howtocalculatetheindicatorsforthetransportsectors.pdf,5.4e-10,single_datapoint,assumed_to_be_the_same_as_ship_freight_from_iea_how_to
8338,2018,11_MEX,intensity,all,pj_per_passenger_or_freight_tonne_km,air,freight,all,all,yearly,national,['manually_inputted_data $ energy-intensity-of-passenger-transport-modes-2018'],1,4.0300000000000004e-08,manually_inputted_data $ energy-intensity-of-passenger-transport-modes-2018,3.1e-09,single_datapoint,assumed_to_be_same_as_passenger_air_because_of_lack_of_data
8339,2018,11_MEX,intensity,all,pj_per_passenger_or_freight_tonne_km,rail,freight,all,all,yearly,national,['manually_inputted_data $ iea_howtocalculatetheindicatorsforthetransportsectors.pdf'],1,2.86e-09,manually_inputted_data $ iea_howtocalculatetheindicatorsforthetransportsectors.pdf,2.2e-10,single_datapoint,from_how_to_calculate_the_indicators_for_the_transport_sector
8340,2018,11_MEX,intensity,all,pj_per_passenger_or_freight_tonne_km,ship,freight,all,all,yearly,national,['manually_inputted_data $ iea_howtocalculatetheindicatorsforthetransportsectors.pdf'],1,7.02e-09,manually_inputted_data $ iea_howtocalculatetheindicatorsforthetransportsectors.pdf,5.4e-10,single_datapoint,from_how_to_calculate_the_indicators_for_the_transport_sector
8341,2018,11_MEX,intensity,all,pj_per_passenger_or_freight_tonne_km,air,passenger,all,all,yearly,national,['manually_inputted_data $ energy-intensity-of-passenger-transport-modes-2018'],1,4.0300000000000004e-08,manually_inputted_data $ energy-intensity-of-passenger-transport-modes-2018,3.1e-09,single_datapoint,no_comment
8342,2018,11_MEX,intensity,all,pj_per_passenger_or_freight_tonne_km,rail,passenger,all,all,yearly,national,['manually_inputted_data $ energy-intensity-of-passenger-transport-modes-2018'],1,2.6e-09,manually_inputted_data $ energy-intensity-of-passenger-transport-modes-2018,2e-10,single_datapoint,no_comment
8343,2018,11_MEX,intensity,all,pj_per_passenger_or_freight_tonne_km,ship,passenger,all,all,yearly,national,['manually_inputted_data $ iea_howtocalculatetheindicatorsforthetransportsectors.pdf'],1,7.02e-09,manually_inputted_data $ iea_howtocalculatetheindicatorsforthetransportsectors.pdf,5.4e-10,single_datapoint,assumed_to_be_the_same_as_ship_freight_from_iea_how_to
8344,2019,11_MEX,intensity,all,pj_per_passenger_or_freight_tonne_km,air,freight,all,all,yearly,national,['manually_inputted_data $ energy-intensity-of-passenger-transport-modes-2018'],1,4.0300000000000004e-08,manually_inputted_data $ energy-intensity-of-passenger-transport-modes-2018,3.1e-09,single_datapoint,assumed_to_be_same_as_passenger_air_because_of_lack_of_data
8345,2019,11_MEX,intensity,all,pj_per_passenger_or_freight_tonne_km,rail,freight,all,all,yearly,national,['manually_inputted_data $ iea_howtocalculatetheindicatorsforthetransportsectors.pdf'],1,2.86e-09,manually_inputted_data $ iea_howtocalculatetheindicatorsforthetransportsectors.pdf,2.2e-10,single_datapoint,from_how_to_calculate_the_indicators_for_the_transport_sector
8346,2019,11_MEX,intensity,all,pj_per_passenger_or_freight_tonne_km,ship,freight,all,all,yearly,national,['manually_inputted_data $ iea_howtocalculatetheindicatorsforthetransportsectors.pdf'],1,7.02e-09,manually_inputted_data $ iea_howtocalculatetheindicatorsforthetransportsectors.pdf,5.4e-10,single_datapoint,from_how_to_calculate_the_indicators_for_the_transport_sector
8347,2019,11_MEX,intensity,all,pj_per_passenger_or_freight_tonne_km,air,passenger,all,all,yearly,national,['manually_inputted_data $ energy-intensity-of-passenger-transport-modes-2018'],1,4.0300000000000004e-08,manually_inputted_data $ energy-intensity-of-passenger-transport-modes-2018,3.1e-09,single_datapoint,no_comment
8348,2019,11_MEX,intensity,all,pj_per_passenger_or_freight_tonne_km,rail,passenger,all,all,yearly,national,['manually_inputted_data $ energy-intensity-of-passenger-transport-modes-2018'],1,2.6e-09,manually_inputted_data $ energy-intensity-of-passenger-transport-modes-2018,2e-10,single_datapoint,no_comment
8349,2019,11_MEX,intensity,all,pj_per_passenger_or_freight_tonne_km,ship,passenger,all,all,yearly,national,['manually_inputted_data $ iea_howtocalculatetheindicatorsforthetransportsectors.pdf'],1,7.02e-09,manually_inputted_data $ iea_howtocalculatetheindicatorsforthetransportsectors.pdf,5.4e-10,single_datapoint,assumed_to_be_the_same_as_ship_freight_from_iea_how_to
8350,2020,11_MEX,intensity,all,pj_per_passenger_or_freight_tonne_km,air,freight,all,all,yearly,national,['manually_inputted_data $ energy-intensity-of-passenger-transport-modes-2018'],1,4.0300000000000004e-08,manually_inputted_data $ energy-intensity-of-passenger-transport-modes-2018,3.1e-09,single_datapoint,assumed_to_be_same_as_passenger_air_because_of_lack_of_data
8351,2020,11_MEX,intensity,all,pj_per_passenger_or_freight_tonne_km,rail,freight,all,all,yearly,national,['manually_inputted_data $ iea_howtocalculatetheindicatorsforthetransportsectors.pdf'],1,2.86e-09,manually_inputted_data $ iea_howtocalculatetheindicatorsforthetransportsectors.pdf,2.2e-10,single_datapoint,from_how_to_calculate_the_indicators_for_the_transport_sector
8352,2020,11_MEX,intensity,all,pj_per_passenger_or_freight_tonne_km,ship,freight,all,all,yearly,national,['manually_inputted_data $ iea_howtocalculatetheindicatorsforthetransportsectors.pdf'],1,7.02e-09,manually_inputted_data $ iea_howtocalculatetheindicatorsforthetransportsectors.pdf,5.4e-10,single_datapoint,from_how_to_calculate_the_indicators_for_the_transport_sector
8353,2020,11_MEX,intensity,all,pj_per_passenger_or_freight_tonne_km,air,passenger,all,all,yearly,national,['manually_inputted_data $ energy-intensity-of-passenger-transport-modes-2018'],1,4.0300000000000004e-08,manually_inputted_data $ energy-intensity-of-passenger-transport-modes-2018,3.1e-09,single_datapoint,no_comment
8354,2020,11_MEX,intensity,all,pj_per_passenger_or_freight_tonne_km,rail,passenger,all,all,yearly,national,['manually_inputted_data $ energy-intensity-of-passenger-transport-modes-2018'],1,2.6e-09,manually_inputted_data $ energy-intensity-of-passenger-transport-modes-2018,2e-10,single_datapoint,no_comment
8355,2020,11_MEX,intensity,all,pj_per_passenger_or_freight_tonne_km,ship,passenger,all,all,yearly,national,['manually_inputted_data $ iea_howtocalculatetheindicatorsforthetransportsectors.pdf'],1,7.02e-09,manually_inputted_data $ iea_howtocalculatetheindicatorsforthetransportsectors.pdf,5.4e-10,single_datapoint,assumed_to_be_the_same_as_ship_freight_from_iea_how_to
8356,2021,11_MEX,intensity,all,pj_per_passenger_or_freight_tonne_km,air,freight,all,all,yearly,national,['manually_inputted_data $ energy-intensity-of-passenger-transport-modes-2018'],1,4.0300000000000004e-08,manually_inputted_data $ energy-intensity-of-passenger-transport-modes-2018,3.1e-09,single_datapoint,assumed_to_be_same_as_passenger_air_because_of_lack_of_data
8357,2021,11_MEX,intensity,all,pj_per_passenger_or_freight_tonne_km,rail,freight,all,all,yearly,national,['manually_inputted_data $ iea_howtocalculatetheindicatorsforthetransportsectors.pdf'],1,2.86e-09,manually_inputted_data $ iea_howtocalculatetheindicatorsforthetransportsectors.pdf,2.2e-10,single_datapoint,from_how_to_calculate_the_indicators_for_the_transport_sector
8358,2021,11_MEX,intensity,all,pj_per_passenger_or_freight_tonne_km,ship,freight,all,all,yearly,national,['manually_inputted_data $ iea_howtocalculatetheindicatorsforthetransportsectors.pdf'],1,7.02e-09,manually_inputted_data $ iea_howtocalculatetheindicatorsforthetransportsectors.pdf,5.4e-10,single_datapoint,from_how_to_calculate_the_indicators_for_the_transport_sector
8359,2021,11_MEX,intensity,all,pj_per_passenger_or_freight_tonne_km,air,passenger,all,all,yearly,national,['manually_inputted_data $ energy-intensity-of-passenger-transport-modes-2018'],1,4.0300000000000004e-08,manually_inputted_data $ energy-intensity-of-passenger-transport-modes-2018,3.1e-09,single_datapoint,no_comment
8360,2021,11_MEX,intensity,all,pj_per_passenger_or_freight_tonne_km,rail,passenger,all,all,yearly,national,['manually_inputted_data $ energy-intensity-of-passenger-transport-modes-2018'],1,2.6e-09,manually_inputted_data $ energy-intensity-of-passenger-transport-modes-2018,2e-10,single_datapoint,no_comment
8361,2021,11_MEX,intensity,all,pj_per_passenger_or_freight_tonne_km,ship,passenger,all,all,yearly,national,['manually_inputted_data $ iea_howtocalculatetheindicatorsforthetransportsectors.pdf'],1,7.02e-09,manually_inputted_data $ iea_howtocalculatetheindicatorsforthetransportsectors.pdf,5.4e-10,single_datapoint,assumed_to_be_the_same_as_ship_freight_from_iea_how_to
8362,2022,11_MEX,intensity,all,pj_per_passenger_or_freight_tonne_km,air,freight,all,all,yearly,national,['manually_inputted_data $ energy-intensity-of-passenger-transport-modes-2018'],1,4.0300000000000004e-08,manually_inputted_data $ energy-intensity-of-passenger-transport-modes-2018,3.1e-09,single_datapoint,assumed_to_be_same_as_passenger_air_because_of_lack_of_data
8363,2022,11_MEX,intensity,all,pj_per_passenger_or_freight_tonne_km,rail,freight,all,all,yearly,national,['manually_inputted_data $ iea_howtocalculatetheindicatorsforthetransportsectors.pdf'],1,2.86e-09,manually_inputted_data $ iea_howtocalculatetheindicatorsforthetransportsectors.pdf,2.2e-10,single_datapoint,from_how_to_calculate_the_indicators_for_the_transport_sector
8364,2022,11_MEX,intensity,all,pj_per_passenger_or_freight_tonne_km,ship,freight,all,all,yearly,national,['manually_inputted_data $ iea_howtocalculatetheindicatorsforthetransportsectors.pdf'],1,7.02e-09,manually_inputted_data $ iea_howtocalculatetheindicatorsforthetransportsectors.pdf,5.4e-10,single_datapoint,from_how_to_calculate_the_indicators_for_the_transport_sector
8365,2022,11_MEX,intensity,all,pj_per_passenger_or_freight_tonne_km,air,passenger,all,all,yearly,national,['manually_inputted_data $ energy-intensity-of-passenger-transport-modes-2018'],1,4.0300000000000004e-08,manually_inputted_data $ energy-intensity-of-passenger-transport-modes-2018,3.1e-09,single_datapoint,no_comment
8366,2022,11_MEX,intensity,all,pj_per_passenger_or_freight_tonne_km,rail,passenger,all,all,yearly,national,['manually_inputted_data $ energy-intensity-of-passenger-transport-modes-2018'],1,2.6e-09,manually_inputted_data $ energy-intensity-of-passenger-transport-modes-2018,2e-10,single_datapoint,no_comment
8367,2022,11_MEX,intensity,all,pj_per_passenger_or_freight_tonne_km,ship,passenger,all,all,yearly,national,['manually_inputted_data $ iea_howtocalculatetheindicatorsforthetransportsectors.pdf'],1,7.02e-09,manually_inputted_data $ iea_howtocalculatetheindicatorsforthetransportsectors.pdf,5.4e-10,single_datapoint,assumed_to_be_the_same_as_ship_freight_from_iea_how_to
8368,2010,11_MEX,new_vehicle_efficiency,bus,km_per_pj,road,passenger,bev,all,yearly,national,['avg_eff_no_outliers $ transport_data_system_9th'],1,1058314235.1561403,avg_eff_no_outliers $ transport_data_system_9th,81408787.3197031,single_datapoint,no_comment
8369,2010,11_MEX,turnover_rate,bus,%,road,passenger,bev,all,yearly,national,['manually_inputted_data $ guess'],1,0.42,manually_inputted_data $ guess,0.03,manual,no_comment
8370,2011,11_MEX,new_vehicle_efficiency,bus,km_per_pj,road,passenger,bev,all,yearly,national,['avg_eff_no_outliers $ transport_data_system_9th'],1,1058314235.1561403,avg_eff_no_outliers $ transport_data_system_9th,81408787.3197031,single_datapoint,no_comment
8371,2011,11_MEX,turnover_rate,bus,%,road,passenger,bev,all,yearly,national,['manually_inputted_data $ guess'],1,0.42,manually_inputted_data $ guess,0.03,manual,no_comment
8372,2012,11_MEX,new_vehicle_efficiency,bus,km_per_pj,road,passenger,bev,all,yearly,national,['avg_eff_no_outliers $ transport_data_system_9th'],1,1058314235.1561403,avg_eff_no_outliers $ transport_data_system_9th,81408787.3197031,single_datapoint,no_comment
8373,2012,11_MEX,turnover_rate,bus,%,road,passenger,bev,all,yearly,national,['manually_inputted_data $ guess'],1,0.42,manually_inputted_data $ guess,0.03,manual,no_comment
8374,2013,11_MEX,new_vehicle_efficiency,bus,km_per_pj,road,passenger,bev,all,yearly,national,['avg_eff_no_outliers $ transport_data_system_9th'],1,1058314235.1561403,avg_eff_no_outliers $ transport_data_system_9th,81408787.3197031,single_datapoint,no_comment
8375,2013,11_MEX,turnover_rate,bus,%,road,passenger,bev,all,yearly,national,['manually_inputted_data $ guess'],1,0.42,manually_inputted_data $ guess,0.03,manual,no_comment
8376,2014,11_MEX,new_vehicle_efficiency,bus,km_per_pj,road,passenger,bev,all,yearly,national,['avg_eff_no_outliers $ transport_data_system_9th'],1,1058314235.1561403,avg_eff_no_outliers $ transport_data_system_9th,81408787.3197031,single_datapoint,no_comment
8377,2014,11_MEX,turnover_rate,bus,%,road,passenger,bev,all,yearly,national,['manually_inputted_data $ guess'],1,0.42,manually_inputted_data $ guess,0.03,manual,no_comment
8378,2015,11_MEX,new_vehicle_efficiency,bus,km_per_pj,road,passenger,bev,all,yearly,national,['avg_eff_no_outliers $ transport_data_system_9th'],1,1058314235.1561403,avg_eff_no_outliers $ transport_data_system_9th,81408787.3197031,single_datapoint,no_comment
8379,2015,11_MEX,turnover_rate,bus,%,road,passenger,bev,all,yearly,national,['manually_inputted_data $ guess'],1,0.42,manually_inputted_data $ guess,0.03,manual,no_comment
8380,2016,11_MEX,new_vehicle_efficiency,bus,km_per_pj,road,passenger,bev,all,yearly,national,['avg_eff_no_outliers $ transport_data_system_9th'],1,1058314235.1561403,avg_eff_no_outliers $ transport_data_system_9th,81408787.3197031,single_datapoint,no_comment
8381,2016,11_MEX,turnover_rate,bus,%,road,passenger,bev,all,yearly,national,['manually_inputted_data $ guess'],1,0.42,manually_inputted_data $ guess,0.03,manual,no_comment
8382,2017,11_MEX,new_vehicle_efficiency,bus,km_per_pj,road,passenger,bev,all,yearly,national,['avg_eff_no_outliers $ transport_data_system_9th'],1,1058314235.1561403,avg_eff_no_outliers $ transport_data_system_9th,81408787.3197031,single_datapoint,no_comment
8383,2017,11_MEX,turnover_rate,bus,%,road,passenger,bev,all,yearly,national,"['manually_inputted_data $ guess', 'turnover_rate_est']",2,0.42,manually_inputted_data $ guess,0.03,manual,no_comment
8384,2018,11_MEX,new_vehicle_efficiency,bus,km_per_pj,road,passenger,bev,all,yearly,national,['avg_eff_no_outliers $ transport_data_system_9th'],1,1058314235.1561403,avg_eff_no_outliers $ transport_data_system_9th,81408787.3197031,single_datapoint,no_comment
8385,2018,11_MEX,turnover_rate,bus,%,road,passenger,bev,all,yearly,national,['manually_inputted_data $ guess'],1,0.42,manually_inputted_data $ guess,0.03,manual,no_comment
8386,2019,11_MEX,new_vehicle_efficiency,bus,km_per_pj,road,passenger,bev,all,yearly,national,['avg_eff_no_outliers $ transport_data_system_9th'],1,1058314235.1561403,avg_eff_no_outliers $ transport_data_system_9th,81408787.3197031,single_datapoint,no_comment
8387,2019,11_MEX,turnover_rate,bus,%,road,passenger,bev,all,yearly,national,['manually_inputted_data $ guess'],1,0.42,manually_inputted_data $ guess,0.03,manual,no_comment
8388,2020,11_MEX,new_vehicle_efficiency,bus,km_per_pj,road,passenger,bev,all,yearly,national,['avg_eff_no_outliers $ transport_data_system_9th'],1,1058314235.1561403,avg_eff_no_outliers $ transport_data_system_9th,81408787.3197031,single_datapoint,no_comment
8389,2020,11_MEX,turnover_rate,bus,%,road,passenger,bev,all,yearly,national,['manually_inputted_data $ guess'],1,0.42,manually_inputted_data $ guess,0.03,manual,no_comment
8390,2021,11_MEX,new_vehicle_efficiency,bus,km_per_pj,road,passenger,bev,all,yearly,national,['avg_eff_no_outliers $ transport_data_system_9th'],1,1058314235.1561403,avg_eff_no_outliers $ transport_data_system_9th,81408787.3197031,single_datapoint,no_comment
8391,2021,11_MEX,turnover_rate,bus,%,road,passenger,bev,all,yearly,national,['manually_inputted_data $ guess'],1,0.42,manually_inputted_data $ guess,0.03,manual,no_comment
8392,2022,11_MEX,new_vehicle_efficiency,bus,km_per_pj,road,passenger,bev,all,yearly,national,['avg_eff_no_outliers $ transport_data_system_9th'],1,1058314235.1561403,avg_eff_no_outliers $ transport_data_system_9th,81408787.3197031,single_datapoint,no_comment
8393,2022,11_MEX,turnover_rate,bus,%,road,passenger,bev,all,yearly,national,['manually_inputted_data $ guess'],1,0.42,manually_inputted_data $ guess,0.03,manual,no_comment
8394,2010,11_MEX,new_vehicle_efficiency,bus,km_per_pj,road,passenger,cng,all,yearly,national,['avg_eff_no_outliers $ transport_data_system_9th'],1,1813839119.6717222,avg_eff_no_outliers $ transport_data_system_9th,139526086.128594,single_datapoint,no_comment
8395,2010,11_MEX,turnover_rate,bus,%,road,passenger,cng,all,yearly,national,['manually_inputted_data $ guess'],1,0.42,manually_inputted_data $ guess,0.03,manual,no_comment
8396,2011,11_MEX,new_vehicle_efficiency,bus,km_per_pj,road,passenger,cng,all,yearly,national,['avg_eff_no_outliers $ transport_data_system_9th'],1,1813839119.6717222,avg_eff_no_outliers $ transport_data_system_9th,139526086.128594,single_datapoint,no_comment
8397,2011,11_MEX,turnover_rate,bus,%,road,passenger,cng,all,yearly,national,['manually_inputted_data $ guess'],1,0.42,manually_inputted_data $ guess,0.03,manual,no_comment
8398,2012,11_MEX,new_vehicle_efficiency,bus,km_per_pj,road,passenger,cng,all,yearly,national,['avg_eff_no_outliers $ transport_data_system_9th'],1,1813839119.6717222,avg_eff_no_outliers $ transport_data_system_9th,139526086.128594,single_datapoint,no_comment
8399,2012,11_MEX,turnover_rate,bus,%,road,passenger,cng,all,yearly,national,['manually_inputted_data $ guess'],1,0.42,manually_inputted_data $ guess,0.03,manual,no_comment
8400,2013,11_MEX,new_vehicle_efficiency,bus,km_per_pj,road,passenger,cng,all,yearly,national,['avg_eff_no_outliers $ transport_data_system_9th'],1,1813839119.6717222,avg_eff_no_outliers $ transport_data_system_9th,139526086.128594,single_datapoint,no_comment
8401,2013,11_MEX,turnover_rate,bus,%,road,passenger,cng,all,yearly,national,['manually_inputted_data $ guess'],1,0.42,manually_inputted_data $ guess,0.03,manual,no_comment
8402,2014,11_MEX,new_vehicle_efficiency,bus,km_per_pj,road,passenger,cng,all,yearly,national,['avg_eff_no_outliers $ transport_data_system_9th'],1,1813839119.6717222,avg_eff_no_outliers $ transport_data_system_9th,139526086.128594,single_datapoint,no_comment
8403,2014,11_MEX,turnover_rate,bus,%,road,passenger,cng,all,yearly,national,['manually_inputted_data $ guess'],1,0.42,manually_inputted_data $ guess,0.03,manual,no_comment
8404,2015,11_MEX,new_vehicle_efficiency,bus,km_per_pj,road,passenger,cng,all,yearly,national,['avg_eff_no_outliers $ transport_data_system_9th'],1,1813839119.6717222,avg_eff_no_outliers $ transport_data_system_9th,139526086.128594,single_datapoint,no_comment
8405,2015,11_MEX,turnover_rate,bus,%,road,passenger,cng,all,yearly,national,['manually_inputted_data $ guess'],1,0.42,manually_inputted_data $ guess,0.03,manual,no_comment
8406,2016,11_MEX,new_vehicle_efficiency,bus,km_per_pj,road,passenger,cng,all,yearly,national,['avg_eff_no_outliers $ transport_data_system_9th'],1,1813839119.6717222,avg_eff_no_outliers $ transport_data_system_9th,139526086.128594,single_datapoint,no_comment
8407,2016,11_MEX,turnover_rate,bus,%,road,passenger,cng,all,yearly,national,['manually_inputted_data $ guess'],1,0.42,manually_inputted_data $ guess,0.03,manual,no_comment
8408,2017,11_MEX,activity,bus,passenger_km_or_freight_tonne_km,road,passenger,cng,all,yearly,national,"['8th_edition_transport_model $ reference', 'estimated $ calculate_energy_and_activity()']",2,30570626830.946125,8th_edition_transport_model $ reference,4737251830.946125,manual,no_comment
8409,2017,11_MEX,energy,bus,pj,road,passenger,cng,all,yearly,national,"['8th_edition_transport_model $ reference', 'estimated $ calculate_energy_and_activity()']",2,25.106001238483884,estimated $ calculate_energy_and_activity(),23.14198114670475,manual,no_comment
8410,2017,11_MEX,new_vehicle_efficiency,bus,km_per_pj,road,passenger,cng,all,yearly,national,['avg_eff_no_outliers $ transport_data_system_9th'],1,1813839119.6717222,avg_eff_no_outliers $ transport_data_system_9th,139526086.128594,single_datapoint,no_comment
8411,2017,11_MEX,travel_km,bus,km,road,passenger,cng,all,yearly,national,['estimated $ calculate_energy_and_activity()'],1,1722225000.0,estimated $ calculate_energy_and_activity(),1722225000.0,single_datapoint,no_comment
8412,2017,11_MEX,turnover_rate,bus,%,road,passenger,cng,all,yearly,national,"['manually_inputted_data $ guess', 'turnover_rate_est']",2,0.42,manually_inputted_data $ guess,0.03,manual,no_comment
8413,2018,11_MEX,new_vehicle_efficiency,bus,km_per_pj,road,passenger,cng,all,yearly,national,['avg_eff_no_outliers $ transport_data_system_9th'],1,1813839119.6717222,avg_eff_no_outliers $ transport_data_system_9th,139526086.128594,single_datapoint,no_comment
8414,2018,11_MEX,turnover_rate,bus,%,road,passenger,cng,all,yearly,national,['manually_inputted_data $ guess'],1,0.42,manually_inputted_data $ guess,0.03,manual,no_comment
8415,2019,11_MEX,new_vehicle_efficiency,bus,km_per_pj,road,passenger,cng,all,yearly,national,['avg_eff_no_outliers $ transport_data_system_9th'],1,1813839119.6717222,avg_eff_no_outliers $ transport_data_system_9th,139526086.128594,single_datapoint,no_comment
8416,2019,11_MEX,turnover_rate,bus,%,road,passenger,cng,all,yearly,national,['manually_inputted_data $ guess'],1,0.42,manually_inputted_data $ guess,0.03,manual,no_comment
8417,2020,11_MEX,new_vehicle_efficiency,bus,km_per_pj,road,passenger,cng,all,yearly,national,['avg_eff_no_outliers $ transport_data_system_9th'],1,1813839119.6717222,avg_eff_no_outliers $ transport_data_system_9th,139526086.128594,single_datapoint,no_comment
8418,2020,11_MEX,turnover_rate,bus,%,road,passenger,cng,all,yearly,national,['manually_inputted_data $ guess'],1,0.42,manually_inputted_data $ guess,0.03,manual,no_comment
8419,2021,11_MEX,new_vehicle_efficiency,bus,km_per_pj,road,passenger,cng,all,yearly,national,['avg_eff_no_outliers $ transport_data_system_9th'],1,1813839119.6717222,avg_eff_no_outliers $ transport_data_system_9th,139526086.128594,single_datapoint,no_comment
8420,2021,11_MEX,turnover_rate,bus,%,road,passenger,cng,all,yearly,national,['manually_inputted_data $ guess'],1,0.42,manually_inputted_data $ guess,0.03,manual,no_comment
8421,2022,11_MEX,new_vehicle_efficiency,bus,km_per_pj,road,passenger,cng,all,yearly,national,['avg_eff_no_outliers $ transport_data_system_9th'],1,1813839119.6717222,avg_eff_no_outliers $ transport_data_system_9th,139526086.128594,single_datapoint,no_comment
8422,2022,11_MEX,turnover_rate,bus,%,road,passenger,cng,all,yearly,national,['manually_inputted_data $ guess'],1,0.42,manually_inputted_data $ guess,0.03,manual,no_comment
8423,2017,11_MEX,turnover_rate,bus,%,road,passenger,fcev,all,yearly,national,['turnover_rate_est'],1,0.03,turnover_rate_est,0.03,single_datapoint,no_comment
8424,2010,11_MEX,new_vehicle_efficiency,bus,km_per_pj,road,passenger,ice,all,yearly,national,['avg_eff_no_outliers $ transport_data_system_9th'],1,910941040.8338033,avg_eff_no_outliers $ transport_data_system_9th,70072387.7564464,single_datapoint,no_comment
8425,2010,11_MEX,turnover_rate,bus,%,road,passenger,ice,all,yearly,national,['manually_inputted_data $ guess'],1,0.39,manually_inputted_data $ guess,0.03,single_datapoint,no_comment
8426,2011,11_MEX,new_vehicle_efficiency,bus,km_per_pj,road,passenger,ice,all,yearly,national,['avg_eff_no_outliers $ transport_data_system_9th'],1,910941040.8338033,avg_eff_no_outliers $ transport_data_system_9th,70072387.7564464,single_datapoint,no_comment
8427,2011,11_MEX,turnover_rate,bus,%,road,passenger,ice,all,yearly,national,['manually_inputted_data $ guess'],1,0.39,manually_inputted_data $ guess,0.03,single_datapoint,no_comment
8428,2012,11_MEX,new_vehicle_efficiency,bus,km_per_pj,road,passenger,ice,all,yearly,national,['avg_eff_no_outliers $ transport_data_system_9th'],1,910941040.8338033,avg_eff_no_outliers $ transport_data_system_9th,70072387.7564464,single_datapoint,no_comment
8429,2012,11_MEX,turnover_rate,bus,%,road,passenger,ice,all,yearly,national,['manually_inputted_data $ guess'],1,0.39,manually_inputted_data $ guess,0.03,single_datapoint,no_comment
8430,2013,11_MEX,new_vehicle_efficiency,bus,km_per_pj,road,passenger,ice,all,yearly,national,['avg_eff_no_outliers $ transport_data_system_9th'],1,910941040.8338033,avg_eff_no_outliers $ transport_data_system_9th,70072387.7564464,single_datapoint,no_comment
8431,2013,11_MEX,turnover_rate,bus,%,road,passenger,ice,all,yearly,national,['manually_inputted_data $ guess'],1,0.39,manually_inputted_data $ guess,0.03,single_datapoint,no_comment
8432,2014,11_MEX,new_vehicle_efficiency,bus,km_per_pj,road,passenger,ice,all,yearly,national,['avg_eff_no_outliers $ transport_data_system_9th'],1,910941040.8338033,avg_eff_no_outliers $ transport_data_system_9th,70072387.7564464,single_datapoint,no_comment
8433,2014,11_MEX,turnover_rate,bus,%,road,passenger,ice,all,yearly,national,['manually_inputted_data $ guess'],1,0.39,manually_inputted_data $ guess,0.03,single_datapoint,no_comment
8434,2015,11_MEX,new_vehicle_efficiency,bus,km_per_pj,road,passenger,ice,all,yearly,national,['avg_eff_no_outliers $ transport_data_system_9th'],1,910941040.8338033,avg_eff_no_outliers $ transport_data_system_9th,70072387.7564464,single_datapoint,no_comment
8435,2015,11_MEX,turnover_rate,bus,%,road,passenger,ice,all,yearly,national,['manually_inputted_data $ guess'],1,0.39,manually_inputted_data $ guess,0.03,single_datapoint,no_comment
8436,2016,11_MEX,new_vehicle_efficiency,bus,km_per_pj,road,passenger,ice,all,yearly,national,['avg_eff_no_outliers $ transport_data_system_9th'],1,910941040.8338033,avg_eff_no_outliers $ transport_data_system_9th,70072387.7564464,single_datapoint,no_comment
8437,2016,11_MEX,turnover_rate,bus,%,road,passenger,ice,all,yearly,national,['manually_inputted_data $ guess'],1,0.39,manually_inputted_data $ guess,0.03,single_datapoint,no_comment
8438,2017,11_MEX,activity,bus,passenger_km_or_freight_tonne_km,road,passenger,ice,all,yearly,national,['estimated $ calculate_energy_and_activity()'],1,406726875000.0,estimated $ calculate_energy_and_activity(),406726875000.0,single_datapoint,no_comment
8439,2017,11_MEX,energy,bus,pj,road,passenger,ice,all,yearly,national,['estimated $ calculate_energy_and_activity()'],1,364.352922260763,estimated $ calculate_energy_and_activity(),364.352922260763,single_datapoint,no_comment
8440,2017,11_MEX,new_vehicle_efficiency,bus,km_per_pj,road,passenger,ice,all,yearly,national,['avg_eff_no_outliers $ transport_data_system_9th'],1,910941040.8338033,avg_eff_no_outliers $ transport_data_system_9th,70072387.7564464,single_datapoint,no_comment
8441,2017,11_MEX,travel_km,bus,km,road,passenger,ice,all,yearly,national,['estimated $ calculate_energy_and_activity()'],1,27115125000.0,estimated $ calculate_energy_and_activity(),27115125000.0,single_datapoint,no_comment
8442,2017,11_MEX,turnover_rate,bus,%,road,passenger,ice,all,yearly,national,['manually_inputted_data $ guess'],1,0.39,manually_inputted_data $ guess,0.03,single_datapoint,no_comment
8443,2018,11_MEX,new_vehicle_efficiency,bus,km_per_pj,road,passenger,ice,all,yearly,national,['avg_eff_no_outliers $ transport_data_system_9th'],1,910941040.8338033,avg_eff_no_outliers $ transport_data_system_9th,70072387.7564464,single_datapoint,no_comment
8444,2018,11_MEX,turnover_rate,bus,%,road,passenger,ice,all,yearly,national,['manually_inputted_data $ guess'],1,0.39,manually_inputted_data $ guess,0.03,single_datapoint,no_comment
8445,2019,11_MEX,new_vehicle_efficiency,bus,km_per_pj,road,passenger,ice,all,yearly,national,['avg_eff_no_outliers $ transport_data_system_9th'],1,910941040.8338033,avg_eff_no_outliers $ transport_data_system_9th,70072387.7564464,single_datapoint,no_comment
8446,2019,11_MEX,turnover_rate,bus,%,road,passenger,ice,all,yearly,national,['manually_inputted_data $ guess'],1,0.39,manually_inputted_data $ guess,0.03,single_datapoint,no_comment
8447,2020,11_MEX,new_vehicle_efficiency,bus,km_per_pj,road,passenger,ice,all,yearly,national,['avg_eff_no_outliers $ transport_data_system_9th'],1,910941040.8338033,avg_eff_no_outliers $ transport_data_system_9th,70072387.7564464,single_datapoint,no_comment
8448,2020,11_MEX,turnover_rate,bus,%,road,passenger,ice,all,yearly,national,['manually_inputted_data $ guess'],1,0.39,manually_inputted_data $ guess,0.03,single_datapoint,no_comment
8449,2021,11_MEX,new_vehicle_efficiency,bus,km_per_pj,road,passenger,ice,all,yearly,national,['avg_eff_no_outliers $ transport_data_system_9th'],1,910941040.8338033,avg_eff_no_outliers $ transport_data_system_9th,70072387.7564464,single_datapoint,no_comment
8450,2021,11_MEX,turnover_rate,bus,%,road,passenger,ice,all,yearly,national,['manually_inputted_data $ guess'],1,0.39,manually_inputted_data $ guess,0.03,single_datapoint,no_comment
8451,2022,11_MEX,new_vehicle_efficiency,bus,km_per_pj,road,passenger,ice,all,yearly,national,['avg_eff_no_outliers $ transport_data_system_9th'],1,910941040.8338033,avg_eff_no_outliers $ transport_data_system_9th,70072387.7564464,single_datapoint,no_comment
8452,2022,11_MEX,turnover_rate,bus,%,road,passenger,ice,all,yearly,national,['manually_inputted_data $ guess'],1,0.39,manually_inputted_data $ guess,0.03,single_datapoint,no_comment
8453,2010,11_MEX,new_vehicle_efficiency,bus,km_per_pj,road,passenger,lpg,all,yearly,national,['avg_eff_no_outliers $ transport_data_system_9th'],1,1295830676.4857378,avg_eff_no_outliers $ transport_data_system_9th,99679282.8065952,single_datapoint,no_comment
8454,2010,11_MEX,turnover_rate,bus,%,road,passenger,lpg,all,yearly,national,['manually_inputted_data $ guess'],1,0.42,manually_inputted_data $ guess,0.03,manual,no_comment
8455,2011,11_MEX,new_vehicle_efficiency,bus,km_per_pj,road,passenger,lpg,all,yearly,national,['avg_eff_no_outliers $ transport_data_system_9th'],1,1295830676.4857378,avg_eff_no_outliers $ transport_data_system_9th,99679282.8065952,single_datapoint,no_comment
8456,2011,11_MEX,turnover_rate,bus,%,road,passenger,lpg,all,yearly,national,['manually_inputted_data $ guess'],1,0.42,manually_inputted_data $ guess,0.03,manual,no_comment
8457,2012,11_MEX,new_vehicle_efficiency,bus,km_per_pj,road,passenger,lpg,all,yearly,national,['avg_eff_no_outliers $ transport_data_system_9th'],1,1295830676.4857378,avg_eff_no_outliers $ transport_data_system_9th,99679282.8065952,single_datapoint,no_comment
8458,2012,11_MEX,turnover_rate,bus,%,road,passenger,lpg,all,yearly,national,['manually_inputted_data $ guess'],1,0.42,manually_inputted_data $ guess,0.03,manual,no_comment
8459,2013,11_MEX,new_vehicle_efficiency,bus,km_per_pj,road,passenger,lpg,all,yearly,national,['avg_eff_no_outliers $ transport_data_system_9th'],1,1295830676.4857378,avg_eff_no_outliers $ transport_data_system_9th,99679282.8065952,single_datapoint,no_comment
8460,2013,11_MEX,turnover_rate,bus,%,road,passenger,lpg,all,yearly,national,['manually_inputted_data $ guess'],1,0.42,manually_inputted_data $ guess,0.03,manual,no_comment
8461,2014,11_MEX,new_vehicle_efficiency,bus,km_per_pj,road,passenger,lpg,all,yearly,national,['avg_eff_no_outliers $ transport_data_system_9th'],1,1295830676.4857378,avg_eff_no_outliers $ transport_data_system_9th,99679282.8065952,single_datapoint,no_comment
8462,2014,11_MEX,turnover_rate,bus,%,road,passenger,lpg,all,yearly,national,['manually_inputted_data $ guess'],1,0.42,manually_inputted_data $ guess,0.03,manual,no_comment
8463,2015,11_MEX,new_vehicle_efficiency,bus,km_per_pj,road,passenger,lpg,all,yearly,national,['avg_eff_no_outliers $ transport_data_system_9th'],1,1295830676.4857378,avg_eff_no_outliers $ transport_data_system_9th,99679282.8065952,single_datapoint,no_comment
8464,2015,11_MEX,turnover_rate,bus,%,road,passenger,lpg,all,yearly,national,['manually_inputted_data $ guess'],1,0.42,manually_inputted_data $ guess,0.03,manual,no_comment
8465,2016,11_MEX,new_vehicle_efficiency,bus,km_per_pj,road,passenger,lpg,all,yearly,national,['avg_eff_no_outliers $ transport_data_system_9th'],1,1295830676.4857378,avg_eff_no_outliers $ transport_data_system_9th,99679282.8065952,single_datapoint,no_comment
8466,2016,11_MEX,turnover_rate,bus,%,road,passenger,lpg,all,yearly,national,['manually_inputted_data $ guess'],1,0.42,manually_inputted_data $ guess,0.03,manual,no_comment
8467,2017,11_MEX,activity,bus,passenger_km_or_freight_tonne_km,road,passenger,lpg,all,yearly,national,"['8th_edition_transport_model $ reference', 'estimated $ calculate_energy_and_activity()']",2,101863134416.29436,estimated $ calculate_energy_and_activity(),77500125000.0,manual,no_comment
8468,2017,11_MEX,energy,bus,pj,road,passenger,lpg,all,yearly,national,"['8th_edition_transport_model $ reference', 'estimated $ calculate_energy_and_activity()']",2,109.34933029230729,8th_edition_transport_model $ reference,39.92338685219303,manual,no_comment
8469,2017,11_MEX,new_vehicle_efficiency,bus,km_per_pj,road,passenger,lpg,all,yearly,national,['avg_eff_no_outliers $ transport_data_system_9th'],1,1295830676.4857378,avg_eff_no_outliers $ transport_data_system_9th,99679282.8065952,single_datapoint,no_comment
8470,2017,11_MEX,travel_km,bus,km,road,passenger,lpg,all,yearly,national,['estimated $ calculate_energy_and_activity()'],1,5166675000.0,estimated $ calculate_energy_and_activity(),5166675000.0,single_datapoint,no_comment
8471,2017,11_MEX,turnover_rate,bus,%,road,passenger,lpg,all,yearly,national,"['manually_inputted_data $ guess', 'turnover_rate_est']",2,0.42,manually_inputted_data $ guess,0.03,manual,no_comment
8472,2018,11_MEX,new_vehicle_efficiency,bus,km_per_pj,road,passenger,lpg,all,yearly,national,['avg_eff_no_outliers $ transport_data_system_9th'],1,1295830676.4857378,avg_eff_no_outliers $ transport_data_system_9th,99679282.8065952,single_datapoint,no_comment
8473,2018,11_MEX,turnover_rate,bus,%,road,passenger,lpg,all,yearly,national,['manually_inputted_data $ guess'],1,0.42,manually_inputted_data $ guess,0.03,manual,no_comment
8474,2019,11_MEX,new_vehicle_efficiency,bus,km_per_pj,road,passenger,lpg,all,yearly,national,['avg_eff_no_outliers $ transport_data_system_9th'],1,1295830676.4857378,avg_eff_no_outliers $ transport_data_system_9th,99679282.8065952,single_datapoint,no_comment
8475,2019,11_MEX,turnover_rate,bus,%,road,passenger,lpg,all,yearly,national,['manually_inputted_data $ guess'],1,0.42,manually_inputted_data $ guess,0.03,manual,no_comment
8476,2020,11_MEX,new_vehicle_efficiency,bus,km_per_pj,road,passenger,lpg,all,yearly,national,['avg_eff_no_outliers $ transport_data_system_9th'],1,1295830676.4857378,avg_eff_no_outliers $ transport_data_system_9th,99679282.8065952,single_datapoint,no_comment
8477,2020,11_MEX,turnover_rate,bus,%,road,passenger,lpg,all,yearly,national,['manually_inputted_data $ guess'],1,0.42,manually_inputted_data $ guess,0.03,manual,no_comment
8478,2021,11_MEX,new_vehicle_efficiency,bus,km_per_pj,road,passenger,lpg,all,yearly,national,['avg_eff_no_outliers $ transport_data_system_9th'],1,1295830676.4857378,avg_eff_no_outliers $ transport_data_system_9th,99679282.8065952,single_datapoint,no_comment
8479,2021,11_MEX,turnover_rate,bus,%,road,passenger,lpg,all,yearly,national,['manually_inputted_data $ guess'],1,0.42,manually_inputted_data $ guess,0.03,manual,no_comment
8480,2022,11_MEX,new_vehicle_efficiency,bus,km_per_pj,road,passenger,lpg,all,yearly,national,['avg_eff_no_outliers $ transport_data_system_9th'],1,1295830676.4857378,avg_eff_no_outliers $ transport_data_system_9th,99679282.8065952,single_datapoint,no_comment
8481,2022,11_MEX,turnover_rate,bus,%,road,passenger,lpg,all,yearly,national,['manually_inputted_data $ guess'],1,0.42,manually_inputted_data $ guess,0.03,manual,no_comment
8482,2010,11_MEX,new_vehicle_efficiency,bus,km_per_pj,road,passenger,phev,all,yearly,national,['avg_eff_no_outliers $ transport_data_system_9th'],1,1472018422.278209,avg_eff_no_outliers $ transport_data_system_9th,113232186.329093,single_datapoint,no_comment
8483,2010,11_MEX,turnover_rate,bus,%,road,passenger,phev,all,yearly,national,['manually_inputted_data $ guess'],1,0.39,manually_inputted_data $ guess,0.03,single_datapoint,no_comment
8484,2011,11_MEX,new_vehicle_efficiency,bus,km_per_pj,road,passenger,phev,all,yearly,national,['avg_eff_no_outliers $ transport_data_system_9th'],1,1472018422.278209,avg_eff_no_outliers $ transport_data_system_9th,113232186.329093,single_datapoint,no_comment
8485,2011,11_MEX,turnover_rate,bus,%,road,passenger,phev,all,yearly,national,['manually_inputted_data $ guess'],1,0.39,manually_inputted_data $ guess,0.03,single_datapoint,no_comment
8486,2012,11_MEX,new_vehicle_efficiency,bus,km_per_pj,road,passenger,phev,all,yearly,national,['avg_eff_no_outliers $ transport_data_system_9th'],1,1472018422.278209,avg_eff_no_outliers $ transport_data_system_9th,113232186.329093,single_datapoint,no_comment
8487,2012,11_MEX,turnover_rate,bus,%,road,passenger,phev,all,yearly,national,['manually_inputted_data $ guess'],1,0.39,manually_inputted_data $ guess,0.03,single_datapoint,no_comment
8488,2013,11_MEX,new_vehicle_efficiency,bus,km_per_pj,road,passenger,phev,all,yearly,national,['avg_eff_no_outliers $ transport_data_system_9th'],1,1472018422.278209,avg_eff_no_outliers $ transport_data_system_9th,113232186.329093,single_datapoint,no_comment
8489,2013,11_MEX,turnover_rate,bus,%,road,passenger,phev,all,yearly,national,['manually_inputted_data $ guess'],1,0.39,manually_inputted_data $ guess,0.03,single_datapoint,no_comment
8490,2014,11_MEX,new_vehicle_efficiency,bus,km_per_pj,road,passenger,phev,all,yearly,national,['avg_eff_no_outliers $ transport_data_system_9th'],1,1472018422.278209,avg_eff_no_outliers $ transport_data_system_9th,113232186.329093,single_datapoint,no_comment
8491,2014,11_MEX,turnover_rate,bus,%,road,passenger,phev,all,yearly,national,['manually_inputted_data $ guess'],1,0.39,manually_inputted_data $ guess,0.03,single_datapoint,no_comment
8492,2015,11_MEX,new_vehicle_efficiency,bus,km_per_pj,road,passenger,phev,all,yearly,national,['avg_eff_no_outliers $ transport_data_system_9th'],1,1472018422.278209,avg_eff_no_outliers $ transport_data_system_9th,113232186.329093,single_datapoint,no_comment
8493,2015,11_MEX,turnover_rate,bus,%,road,passenger,phev,all,yearly,national,['manually_inputted_data $ guess'],1,0.39,manually_inputted_data $ guess,0.03,single_datapoint,no_comment
8494,2016,11_MEX,new_vehicle_efficiency,bus,km_per_pj,road,passenger,phev,all,yearly,national,['avg_eff_no_outliers $ transport_data_system_9th'],1,1472018422.278209,avg_eff_no_outliers $ transport_data_system_9th,113232186.329093,single_datapoint,no_comment
8495,2016,11_MEX,turnover_rate,bus,%,road,passenger,phev,all,yearly,national,['manually_inputted_data $ guess'],1,0.39,manually_inputted_data $ guess,0.03,single_datapoint,no_comment
8496,2017,11_MEX,new_vehicle_efficiency,bus,km_per_pj,road,passenger,phev,all,yearly,national,['avg_eff_no_outliers $ transport_data_system_9th'],1,1472018422.278209,avg_eff_no_outliers $ transport_data_system_9th,113232186.329093,single_datapoint,no_comment
8497,2017,11_MEX,turnover_rate,bus,%,road,passenger,phev,all,yearly,national,['manually_inputted_data $ guess'],1,0.39,manually_inputted_data $ guess,0.03,single_datapoint,no_comment
8498,2018,11_MEX,new_vehicle_efficiency,bus,km_per_pj,road,passenger,phev,all,yearly,national,['avg_eff_no_outliers $ transport_data_system_9th'],1,1472018422.278209,avg_eff_no_outliers $ transport_data_system_9th,113232186.329093,single_datapoint,no_comment
8499,2018,11_MEX,turnover_rate,bus,%,road,passenger,phev,all,yearly,national,['manually_inputted_data $ guess'],1,0.39,manually_inputted_data $ guess,0.03,single_datapoint,no_comment
8500,2019,11_MEX,new_vehicle_efficiency,bus,km_per_pj,road,passenger,phev,all,yearly,national,['avg_eff_no_outliers $ transport_data_system_9th'],1,1472018422.278209,avg_eff_no_outliers $ transport_data_system_9th,113232186.329093,single_datapoint,no_comment
8501,2019,11_MEX,turnover_rate,bus,%,road,passenger,phev,all,yearly,national,['manually_inputted_data $ guess'],1,0.39,manually_inputted_data $ guess,0.03,single_datapoint,no_comment
8502,2020,11_MEX,new_vehicle_efficiency,bus,km_per_pj,road,passenger,phev,all,yearly,national,['avg_eff_no_outliers $ transport_data_system_9th'],1,1472018422.278209,avg_eff_no_outliers $ transport_data_system_9th,113232186.329093,single_datapoint,no_comment
8503,2020,11_MEX,turnover_rate,bus,%,road,passenger,phev,all,yearly,national,['manually_inputted_data $ guess'],1,0.39,manually_inputted_data $ guess,0.03,single_datapoint,no_comment
8504,2021,11_MEX,new_vehicle_efficiency,bus,km_per_pj,road,passenger,phev,all,yearly,national,['avg_eff_no_outliers $ transport_data_system_9th'],1,1472018422.278209,avg_eff_no_outliers $ transport_data_system_9th,113232186.329093,single_datapoint,no_comment
8505,2021,11_MEX,turnover_rate,bus,%,road,passenger,phev,all,yearly,national,['manually_inputted_data $ guess'],1,0.39,manually_inputted_data $ guess,0.03,single_datapoint,no_comment
8506,2022,11_MEX,new_vehicle_efficiency,bus,km_per_pj,road,passenger,phev,all,yearly,national,['avg_eff_no_outliers $ transport_data_system_9th'],1,1472018422.278209,avg_eff_no_outliers $ transport_data_system_9th,113232186.329093,single_datapoint,no_comment
8507,2022,11_MEX,turnover_rate,bus,%,road,passenger,phev,all,yearly,national,['manually_inputted_data $ guess'],1,0.39,manually_inputted_data $ guess,0.03,single_datapoint,no_comment
8508,2010,11_MEX,new_vehicle_efficiency,ht,km_per_pj,road,freight,bev,all,yearly,national,['avg_eff_no_outliers $ transport_data_system_9th'],1,3249486640.872147,avg_eff_no_outliers $ transport_data_system_9th,249960510.836319,single_datapoint,no_comment
8509,2010,11_MEX,turnover_rate,ht,%,road,freight,bev,all,yearly,national,['manually_inputted_data $ guess'],1,0.42,manually_inputted_data $ guess,0.03,manual,no_comment
8510,2011,11_MEX,new_vehicle_efficiency,ht,km_per_pj,road,freight,bev,all,yearly,national,['avg_eff_no_outliers $ transport_data_system_9th'],1,3249486640.872147,avg_eff_no_outliers $ transport_data_system_9th,249960510.836319,single_datapoint,no_comment
8511,2011,11_MEX,turnover_rate,ht,%,road,freight,bev,all,yearly,national,['manually_inputted_data $ guess'],1,0.42,manually_inputted_data $ guess,0.03,manual,no_comment
8512,2012,11_MEX,new_vehicle_efficiency,ht,km_per_pj,road,freight,bev,all,yearly,national,['avg_eff_no_outliers $ transport_data_system_9th'],1,3249486640.872147,avg_eff_no_outliers $ transport_data_system_9th,249960510.836319,single_datapoint,no_comment
8513,2012,11_MEX,turnover_rate,ht,%,road,freight,bev,all,yearly,national,['manually_inputted_data $ guess'],1,0.42,manually_inputted_data $ guess,0.03,manual,no_comment
8514,2013,11_MEX,new_vehicle_efficiency,ht,km_per_pj,road,freight,bev,all,yearly,national,['avg_eff_no_outliers $ transport_data_system_9th'],1,3249486640.872147,avg_eff_no_outliers $ transport_data_system_9th,249960510.836319,single_datapoint,no_comment
8515,2013,11_MEX,turnover_rate,ht,%,road,freight,bev,all,yearly,national,['manually_inputted_data $ guess'],1,0.42,manually_inputted_data $ guess,0.03,manual,no_comment
8516,2014,11_MEX,new_vehicle_efficiency,ht,km_per_pj,road,freight,bev,all,yearly,national,['avg_eff_no_outliers $ transport_data_system_9th'],1,3249486640.872147,avg_eff_no_outliers $ transport_data_system_9th,249960510.836319,single_datapoint,no_comment
8517,2014,11_MEX,turnover_rate,ht,%,road,freight,bev,all,yearly,national,['manually_inputted_data $ guess'],1,0.42,manually_inputted_data $ guess,0.03,manual,no_comment
8518,2015,11_MEX,new_vehicle_efficiency,ht,km_per_pj,road,freight,bev,all,yearly,national,['avg_eff_no_outliers $ transport_data_system_9th'],1,3249486640.872147,avg_eff_no_outliers $ transport_data_system_9th,249960510.836319,single_datapoint,no_comment
8519,2015,11_MEX,turnover_rate,ht,%,road,freight,bev,all,yearly,national,['manually_inputted_data $ guess'],1,0.42,manually_inputted_data $ guess,0.03,manual,no_comment
8520,2016,11_MEX,new_vehicle_efficiency,ht,km_per_pj,road,freight,bev,all,yearly,national,['avg_eff_no_outliers $ transport_data_system_9th'],1,3249486640.872147,avg_eff_no_outliers $ transport_data_system_9th,249960510.836319,single_datapoint,no_comment
8521,2016,11_MEX,turnover_rate,ht,%,road,freight,bev,all,yearly,national,['manually_inputted_data $ guess'],1,0.42,manually_inputted_data $ guess,0.03,manual,no_comment
8522,2017,11_MEX,new_vehicle_efficiency,ht,km_per_pj,road,freight,bev,all,yearly,national,['avg_eff_no_outliers $ transport_data_system_9th'],1,3249486640.872147,avg_eff_no_outliers $ transport_data_system_9th,249960510.836319,single_datapoint,no_comment
8523,2017,11_MEX,turnover_rate,ht,%,road,freight,bev,all,yearly,national,"['manually_inputted_data $ guess', 'turnover_rate_est']",2,0.42,manually_inputted_data $ guess,0.03,manual,no_comment
8524,2018,11_MEX,new_vehicle_efficiency,ht,km_per_pj,road,freight,bev,all,yearly,national,['avg_eff_no_outliers $ transport_data_system_9th'],1,3249486640.872147,avg_eff_no_outliers $ transport_data_system_9th,249960510.836319,single_datapoint,no_comment
8525,2018,11_MEX,turnover_rate,ht,%,road,freight,bev,all,yearly,national,['manually_inputted_data $ guess'],1,0.42,manually_inputted_data $ guess,0.03,manual,no_comment
8526,2019,11_MEX,new_vehicle_efficiency,ht,km_per_pj,road,freight,bev,all,yearly,national,['avg_eff_no_outliers $ transport_data_system_9th'],1,3249486640.872147,avg_eff_no_outliers $ transport_data_system_9th,249960510.836319,single_datapoint,no_comment
8527,2019,11_MEX,turnover_rate,ht,%,road,freight,bev,all,yearly,national,['manually_inputted_data $ guess'],1,0.42,manually_inputted_data $ guess,0.03,manual,no_comment
8528,2020,11_MEX,new_vehicle_efficiency,ht,km_per_pj,road,freight,bev,all,yearly,national,['avg_eff_no_outliers $ transport_data_system_9th'],1,3249486640.872147,avg_eff_no_outliers $ transport_data_system_9th,249960510.836319,single_datapoint,no_comment
8529,2020,11_MEX,turnover_rate,ht,%,road,freight,bev,all,yearly,national,['manually_inputted_data $ guess'],1,0.42,manually_inputted_data $ guess,0.03,manual,no_comment
8530,2021,11_MEX,new_vehicle_efficiency,ht,km_per_pj,road,freight,bev,all,yearly,national,['avg_eff_no_outliers $ transport_data_system_9th'],1,3249486640.872147,avg_eff_no_outliers $ transport_data_system_9th,249960510.836319,single_datapoint,no_comment
8531,2021,11_MEX,turnover_rate,ht,%,road,freight,bev,all,yearly,national,['manually_inputted_data $ guess'],1,0.42,manually_inputted_data $ guess,0.03,manual,no_comment
8532,2022,11_MEX,activity,ht,passenger_km_or_freight_tonne_km,road,freight,bev,all,yearly,national,['estimated $ calculate_energy_and_activity()'],1,7031250.0,estimated $ calculate_energy_and_activity(),7031250.0,single_datapoint,no_comment
8533,2022,11_MEX,energy,ht,pj,road,freight,bev,all,yearly,national,['estimated $ calculate_energy_and_activity()'],1,0.005060706725016525,estimated $ calculate_energy_and_activity(),0.005060706725016525,single_datapoint,no_comment
8534,2022,11_MEX,new_vehicle_efficiency,ht,km_per_pj,road,freight,bev,all,yearly,national,['avg_eff_no_outliers $ transport_data_system_9th'],1,3249486640.872147,avg_eff_no_outliers $ transport_data_system_9th,249960510.836319,single_datapoint,no_comment
8535,2022,11_MEX,travel_km,ht,km,road,freight,bev,all,yearly,national,['estimated $ calculate_energy_and_activity()'],1,1250000.0,estimated $ calculate_energy_and_activity(),1250000.0,single_datapoint,no_comment
8536,2022,11_MEX,turnover_rate,ht,%,road,freight,bev,all,yearly,national,['manually_inputted_data $ guess'],1,0.42,manually_inputted_data $ guess,0.03,manual,no_comment
8537,2010,11_MEX,new_vehicle_efficiency,ht,km_per_pj,road,freight,cng,all,yearly,national,['avg_eff_no_outliers $ transport_data_system_9th'],1,1775178058.548531,avg_eff_no_outliers $ transport_data_system_9th,136552158.349887,single_datapoint,no_comment
8538,2010,11_MEX,turnover_rate,ht,%,road,freight,cng,all,yearly,national,['manually_inputted_data $ guess'],1,0.42,manually_inputted_data $ guess,0.03,manual,no_comment
8539,2011,11_MEX,new_vehicle_efficiency,ht,km_per_pj,road,freight,cng,all,yearly,national,['avg_eff_no_outliers $ transport_data_system_9th'],1,1775178058.548531,avg_eff_no_outliers $ transport_data_system_9th,136552158.349887,single_datapoint,no_comment
8540,2011,11_MEX,turnover_rate,ht,%,road,freight,cng,all,yearly,national,['manually_inputted_data $ guess'],1,0.42,manually_inputted_data $ guess,0.03,manual,no_comment
8541,2012,11_MEX,new_vehicle_efficiency,ht,km_per_pj,road,freight,cng,all,yearly,national,['avg_eff_no_outliers $ transport_data_system_9th'],1,1775178058.548531,avg_eff_no_outliers $ transport_data_system_9th,136552158.349887,single_datapoint,no_comment
8542,2012,11_MEX,turnover_rate,ht,%,road,freight,cng,all,yearly,national,['manually_inputted_data $ guess'],1,0.42,manually_inputted_data $ guess,0.03,manual,no_comment
8543,2013,11_MEX,new_vehicle_efficiency,ht,km_per_pj,road,freight,cng,all,yearly,national,['avg_eff_no_outliers $ transport_data_system_9th'],1,1775178058.548531,avg_eff_no_outliers $ transport_data_system_9th,136552158.349887,single_datapoint,no_comment
8544,2013,11_MEX,turnover_rate,ht,%,road,freight,cng,all,yearly,national,['manually_inputted_data $ guess'],1,0.42,manually_inputted_data $ guess,0.03,manual,no_comment
8545,2014,11_MEX,new_vehicle_efficiency,ht,km_per_pj,road,freight,cng,all,yearly,national,['avg_eff_no_outliers $ transport_data_system_9th'],1,1775178058.548531,avg_eff_no_outliers $ transport_data_system_9th,136552158.349887,single_datapoint,no_comment
8546,2014,11_MEX,turnover_rate,ht,%,road,freight,cng,all,yearly,national,['manually_inputted_data $ guess'],1,0.42,manually_inputted_data $ guess,0.03,manual,no_comment
8547,2015,11_MEX,new_vehicle_efficiency,ht,km_per_pj,road,freight,cng,all,yearly,national,['avg_eff_no_outliers $ transport_data_system_9th'],1,1775178058.548531,avg_eff_no_outliers $ transport_data_system_9th,136552158.349887,single_datapoint,no_comment
8548,2015,11_MEX,turnover_rate,ht,%,road,freight,cng,all,yearly,national,['manually_inputted_data $ guess'],1,0.42,manually_inputted_data $ guess,0.03,manual,no_comment
8549,2016,11_MEX,new_vehicle_efficiency,ht,km_per_pj,road,freight,cng,all,yearly,national,['avg_eff_no_outliers $ transport_data_system_9th'],1,1775178058.548531,avg_eff_no_outliers $ transport_data_system_9th,136552158.349887,single_datapoint,no_comment
8550,2016,11_MEX,turnover_rate,ht,%,road,freight,cng,all,yearly,national,['manually_inputted_data $ guess'],1,0.42,manually_inputted_data $ guess,0.03,manual,no_comment
8551,2017,11_MEX,activity,ht,passenger_km_or_freight_tonne_km,road,freight,cng,all,yearly,national,"['8th_edition_transport_model $ reference', 'estimated $ calculate_energy_and_activity()']",2,82487273.49590191,8th_edition_transport_model $ reference,34674773.495901905,manual,no_comment
8552,2017,11_MEX,energy,ht,pj,road,freight,cng,all,yearly,national,"['8th_edition_transport_model $ reference', 'estimated $ calculate_energy_and_activity()']",2,0.141643215357099,8th_edition_transport_model $ reference,0.0211983953017057,manual,no_comment
8553,2017,11_MEX,new_vehicle_efficiency,ht,km_per_pj,road,freight,cng,all,yearly,national,['avg_eff_no_outliers $ transport_data_system_9th'],1,1775178058.548531,avg_eff_no_outliers $ transport_data_system_9th,136552158.349887,single_datapoint,no_comment
8554,2017,11_MEX,travel_km,ht,km,road,freight,cng,all,yearly,national,['estimated $ calculate_energy_and_activity()'],1,8500000.0,estimated $ calculate_energy_and_activity(),8500000.0,single_datapoint,no_comment
8555,2017,11_MEX,turnover_rate,ht,%,road,freight,cng,all,yearly,national,"['manually_inputted_data $ guess', 'turnover_rate_est']",2,0.42,manually_inputted_data $ guess,0.03,manual,no_comment
8556,2018,11_MEX,new_vehicle_efficiency,ht,km_per_pj,road,freight,cng,all,yearly,national,['avg_eff_no_outliers $ transport_data_system_9th'],1,1775178058.548531,avg_eff_no_outliers $ transport_data_system_9th,136552158.349887,single_datapoint,no_comment
8557,2018,11_MEX,turnover_rate,ht,%,road,freight,cng,all,yearly,national,['manually_inputted_data $ guess'],1,0.42,manually_inputted_data $ guess,0.03,manual,no_comment
8558,2019,11_MEX,new_vehicle_efficiency,ht,km_per_pj,road,freight,cng,all,yearly,national,['avg_eff_no_outliers $ transport_data_system_9th'],1,1775178058.548531,avg_eff_no_outliers $ transport_data_system_9th,136552158.349887,single_datapoint,no_comment
8559,2019,11_MEX,turnover_rate,ht,%,road,freight,cng,all,yearly,national,['manually_inputted_data $ guess'],1,0.42,manually_inputted_data $ guess,0.03,manual,no_comment
8560,2020,11_MEX,new_vehicle_efficiency,ht,km_per_pj,road,freight,cng,all,yearly,national,['avg_eff_no_outliers $ transport_data_system_9th'],1,1775178058.548531,avg_eff_no_outliers $ transport_data_system_9th,136552158.349887,single_datapoint,no_comment
8561,2020,11_MEX,turnover_rate,ht,%,road,freight,cng,all,yearly,national,['manually_inputted_data $ guess'],1,0.42,manually_inputted_data $ guess,0.03,manual,no_comment
8562,2021,11_MEX,new_vehicle_efficiency,ht,km_per_pj,road,freight,cng,all,yearly,national,['avg_eff_no_outliers $ transport_data_system_9th'],1,1775178058.548531,avg_eff_no_outliers $ transport_data_system_9th,136552158.349887,single_datapoint,no_comment
8563,2021,11_MEX,turnover_rate,ht,%,road,freight,cng,all,yearly,national,['manually_inputted_data $ guess'],1,0.42,manually_inputted_data $ guess,0.03,manual,no_comment
8564,2022,11_MEX,new_vehicle_efficiency,ht,km_per_pj,road,freight,cng,all,yearly,national,['avg_eff_no_outliers $ transport_data_system_9th'],1,1775178058.548531,avg_eff_no_outliers $ transport_data_system_9th,136552158.349887,single_datapoint,no_comment
8565,2022,11_MEX,turnover_rate,ht,%,road,freight,cng,all,yearly,national,['manually_inputted_data $ guess'],1,0.42,manually_inputted_data $ guess,0.03,manual,no_comment
8566,2017,11_MEX,turnover_rate,ht,%,road,freight,fcev,all,yearly,national,['turnover_rate_est'],1,0.03,turnover_rate_est,0.03,single_datapoint,no_comment
8567,2010,11_MEX,new_vehicle_efficiency,ht,km_per_pj,road,freight,ice,all,yearly,national,['avg_eff_no_outliers $ transport_data_system_9th'],1,1058551713.3301452,avg_eff_no_outliers $ transport_data_system_9th,81427054.87154964,single_datapoint,no_comment
8568,2010,11_MEX,turnover_rate,ht,%,road,freight,ice,all,yearly,national,['manually_inputted_data $ guess'],1,0.39,manually_inputted_data $ guess,0.03,single_datapoint,no_comment
8569,2011,11_MEX,new_vehicle_efficiency,ht,km_per_pj,road,freight,ice,all,yearly,national,['avg_eff_no_outliers $ transport_data_system_9th'],1,1058551713.3301452,avg_eff_no_outliers $ transport_data_system_9th,81427054.87154964,single_datapoint,no_comment
8570,2011,11_MEX,turnover_rate,ht,%,road,freight,ice,all,yearly,national,['manually_inputted_data $ guess'],1,0.39,manually_inputted_data $ guess,0.03,single_datapoint,no_comment
8571,2012,11_MEX,new_vehicle_efficiency,ht,km_per_pj,road,freight,ice,all,yearly,national,['avg_eff_no_outliers $ transport_data_system_9th'],1,1058551713.3301452,avg_eff_no_outliers $ transport_data_system_9th,81427054.87154964,single_datapoint,no_comment
8572,2012,11_MEX,turnover_rate,ht,%,road,freight,ice,all,yearly,national,['manually_inputted_data $ guess'],1,0.39,manually_inputted_data $ guess,0.03,single_datapoint,no_comment
8573,2013,11_MEX,new_vehicle_efficiency,ht,km_per_pj,road,freight,ice,all,yearly,national,['avg_eff_no_outliers $ transport_data_system_9th'],1,1058551713.3301452,avg_eff_no_outliers $ transport_data_system_9th,81427054.87154964,single_datapoint,no_comment
8574,2013,11_MEX,turnover_rate,ht,%,road,freight,ice,all,yearly,national,['manually_inputted_data $ guess'],1,0.39,manually_inputted_data $ guess,0.03,single_datapoint,no_comment
8575,2014,11_MEX,new_vehicle_efficiency,ht,km_per_pj,road,freight,ice,all,yearly,national,['avg_eff_no_outliers $ transport_data_system_9th'],1,1058551713.3301452,avg_eff_no_outliers $ transport_data_system_9th,81427054.87154964,single_datapoint,no_comment
8576,2014,11_MEX,turnover_rate,ht,%,road,freight,ice,all,yearly,national,['manually_inputted_data $ guess'],1,0.39,manually_inputted_data $ guess,0.03,single_datapoint,no_comment
8577,2015,11_MEX,new_vehicle_efficiency,ht,km_per_pj,road,freight,ice,all,yearly,national,['avg_eff_no_outliers $ transport_data_system_9th'],1,1058551713.3301452,avg_eff_no_outliers $ transport_data_system_9th,81427054.87154964,single_datapoint,no_comment
8578,2015,11_MEX,turnover_rate,ht,%,road,freight,ice,all,yearly,national,['manually_inputted_data $ guess'],1,0.39,manually_inputted_data $ guess,0.03,single_datapoint,no_comment
8579,2016,11_MEX,new_vehicle_efficiency,ht,km_per_pj,road,freight,ice,all,yearly,national,['avg_eff_no_outliers $ transport_data_system_9th'],1,1058551713.3301452,avg_eff_no_outliers $ transport_data_system_9th,81427054.87154964,single_datapoint,no_comment
8580,2016,11_MEX,turnover_rate,ht,%,road,freight,ice,all,yearly,national,['manually_inputted_data $ guess'],1,0.39,manually_inputted_data $ guess,0.03,single_datapoint,no_comment
8581,2017,11_MEX,activity,ht,passenger_km_or_freight_tonne_km,road,freight,ice,all,yearly,national,['estimated $ calculate_energy_and_activity()'],1,357245156250.0,estimated $ calculate_energy_and_activity(),357245156250.0,single_datapoint,no_comment
8582,2017,11_MEX,energy,ht,pj,road,freight,ice,all,yearly,national,['estimated $ calculate_energy_and_activity()'],1,899.9388979909462,estimated $ calculate_energy_and_activity(),899.9388979909462,single_datapoint,no_comment
8583,2017,11_MEX,new_vehicle_efficiency,ht,km_per_pj,road,freight,ice,all,yearly,national,['avg_eff_no_outliers $ transport_data_system_9th'],1,1058551713.3301452,avg_eff_no_outliers $ transport_data_system_9th,81427054.87154964,single_datapoint,no_comment
8584,2017,11_MEX,travel_km,ht,km,road,freight,ice,all,yearly,national,['estimated $ calculate_energy_and_activity()'],1,63510250000.0,estimated $ calculate_energy_and_activity(),63510250000.0,single_datapoint,no_comment
8585,2017,11_MEX,turnover_rate,ht,%,road,freight,ice,all,yearly,national,['manually_inputted_data $ guess'],1,0.39,manually_inputted_data $ guess,0.03,single_datapoint,no_comment
8586,2018,11_MEX,new_vehicle_efficiency,ht,km_per_pj,road,freight,ice,all,yearly,national,['avg_eff_no_outliers $ transport_data_system_9th'],1,1058551713.3301452,avg_eff_no_outliers $ transport_data_system_9th,81427054.87154964,single_datapoint,no_comment
8587,2018,11_MEX,turnover_rate,ht,%,road,freight,ice,all,yearly,national,['manually_inputted_data $ guess'],1,0.39,manually_inputted_data $ guess,0.03,single_datapoint,no_comment
8588,2019,11_MEX,new_vehicle_efficiency,ht,km_per_pj,road,freight,ice,all,yearly,national,['avg_eff_no_outliers $ transport_data_system_9th'],1,1058551713.3301452,avg_eff_no_outliers $ transport_data_system_9th,81427054.87154964,single_datapoint,no_comment
8589,2019,11_MEX,turnover_rate,ht,%,road,freight,ice,all,yearly,national,['manually_inputted_data $ guess'],1,0.39,manually_inputted_data $ guess,0.03,single_datapoint,no_comment
8590,2020,11_MEX,new_vehicle_efficiency,ht,km_per_pj,road,freight,ice,all,yearly,national,['avg_eff_no_outliers $ transport_data_system_9th'],1,1058551713.3301452,avg_eff_no_outliers $ transport_data_system_9th,81427054.87154964,single_datapoint,no_comment
8591,2020,11_MEX,turnover_rate,ht,%,road,freight,ice,all,yearly,national,['manually_inputted_data $ guess'],1,0.39,manually_inputted_data $ guess,0.03,single_datapoint,no_comment
8592,2021,11_MEX,new_vehicle_efficiency,ht,km_per_pj,road,freight,ice,all,yearly,national,['avg_eff_no_outliers $ transport_data_system_9th'],1,1058551713.3301452,avg_eff_no_outliers $ transport_data_system_9th,81427054.87154964,single_datapoint,no_comment
8593,2021,11_MEX,turnover_rate,ht,%,road,freight,ice,all,yearly,national,['manually_inputted_data $ guess'],1,0.39,manually_inputted_data $ guess,0.03,single_datapoint,no_comment
8594,2022,11_MEX,new_vehicle_efficiency,ht,km_per_pj,road,freight,ice,all,yearly,national,['avg_eff_no_outliers $ transport_data_system_9th'],1,1058551713.3301452,avg_eff_no_outliers $ transport_data_system_9th,81427054.87154964,single_datapoint,no_comment
8595,2022,11_MEX,turnover_rate,ht,%,road,freight,ice,all,yearly,national,['manually_inputted_data $ guess'],1,0.39,manually_inputted_data $ guess,0.03,single_datapoint,no_comment
8596,2010,11_MEX,new_vehicle_efficiency,ht,km_per_pj,road,freight,lpg,all,yearly,national,['avg_eff_no_outliers $ transport_data_system_9th'],1,1405649677.815799,avg_eff_no_outliers $ transport_data_system_9th,108126898.293523,single_datapoint,no_comment
8597,2010,11_MEX,turnover_rate,ht,%,road,freight,lpg,all,yearly,national,['manually_inputted_data $ guess'],1,0.42,manually_inputted_data $ guess,0.03,manual,no_comment
8598,2011,11_MEX,new_vehicle_efficiency,ht,km_per_pj,road,freight,lpg,all,yearly,national,['avg_eff_no_outliers $ transport_data_system_9th'],1,1405649677.815799,avg_eff_no_outliers $ transport_data_system_9th,108126898.293523,single_datapoint,no_comment
8599,2011,11_MEX,turnover_rate,ht,%,road,freight,lpg,all,yearly,national,['manually_inputted_data $ guess'],1,0.42,manually_inputted_data $ guess,0.03,manual,no_comment
8600,2012,11_MEX,new_vehicle_efficiency,ht,km_per_pj,road,freight,lpg,all,yearly,national,['avg_eff_no_outliers $ transport_data_system_9th'],1,1405649677.815799,avg_eff_no_outliers $ transport_data_system_9th,108126898.293523,single_datapoint,no_comment
8601,2012,11_MEX,turnover_rate,ht,%,road,freight,lpg,all,yearly,national,['manually_inputted_data $ guess'],1,0.42,manually_inputted_data $ guess,0.03,manual,no_comment
8602,2013,11_MEX,new_vehicle_efficiency,ht,km_per_pj,road,freight,lpg,all,yearly,national,['avg_eff_no_outliers $ transport_data_system_9th'],1,1405649677.815799,avg_eff_no_outliers $ transport_data_system_9th,108126898.293523,single_datapoint,no_comment
8603,2013,11_MEX,turnover_rate,ht,%,road,freight,lpg,all,yearly,national,['manually_inputted_data $ guess'],1,0.42,manually_inputted_data $ guess,0.03,manual,no_comment
8604,2014,11_MEX,new_vehicle_efficiency,ht,km_per_pj,road,freight,lpg,all,yearly,national,['avg_eff_no_outliers $ transport_data_system_9th'],1,1405649677.815799,avg_eff_no_outliers $ transport_data_system_9th,108126898.293523,single_datapoint,no_comment
8605,2014,11_MEX,turnover_rate,ht,%,road,freight,lpg,all,yearly,national,['manually_inputted_data $ guess'],1,0.42,manually_inputted_data $ guess,0.03,manual,no_comment
8606,2015,11_MEX,new_vehicle_efficiency,ht,km_per_pj,road,freight,lpg,all,yearly,national,['avg_eff_no_outliers $ transport_data_system_9th'],1,1405649677.815799,avg_eff_no_outliers $ transport_data_system_9th,108126898.293523,single_datapoint,no_comment
8607,2015,11_MEX,turnover_rate,ht,%,road,freight,lpg,all,yearly,national,['manually_inputted_data $ guess'],1,0.42,manually_inputted_data $ guess,0.03,manual,no_comment
8608,2016,11_MEX,new_vehicle_efficiency,ht,km_per_pj,road,freight,lpg,all,yearly,national,['avg_eff_no_outliers $ transport_data_system_9th'],1,1405649677.815799,avg_eff_no_outliers $ transport_data_system_9th,108126898.293523,single_datapoint,no_comment
8609,2016,11_MEX,turnover_rate,ht,%,road,freight,lpg,all,yearly,national,['manually_inputted_data $ guess'],1,0.42,manually_inputted_data $ guess,0.03,manual,no_comment
8610,2017,11_MEX,new_vehicle_efficiency,ht,km_per_pj,road,freight,lpg,all,yearly,national,['avg_eff_no_outliers $ transport_data_system_9th'],1,1405649677.815799,avg_eff_no_outliers $ transport_data_system_9th,108126898.293523,single_datapoint,no_comment
8611,2017,11_MEX,turnover_rate,ht,%,road,freight,lpg,all,yearly,national,"['manually_inputted_data $ guess', 'turnover_rate_est']",2,0.42,manually_inputted_data $ guess,0.03,manual,no_comment
8612,2018,11_MEX,new_vehicle_efficiency,ht,km_per_pj,road,freight,lpg,all,yearly,national,['avg_eff_no_outliers $ transport_data_system_9th'],1,1405649677.815799,avg_eff_no_outliers $ transport_data_system_9th,108126898.293523,single_datapoint,no_comment
8613,2018,11_MEX,turnover_rate,ht,%,road,freight,lpg,all,yearly,national,['manually_inputted_data $ guess'],1,0.42,manually_inputted_data $ guess,0.03,manual,no_comment
8614,2019,11_MEX,new_vehicle_efficiency,ht,km_per_pj,road,freight,lpg,all,yearly,national,['avg_eff_no_outliers $ transport_data_system_9th'],1,1405649677.815799,avg_eff_no_outliers $ transport_data_system_9th,108126898.293523,single_datapoint,no_comment
8615,2019,11_MEX,turnover_rate,ht,%,road,freight,lpg,all,yearly,national,['manually_inputted_data $ guess'],1,0.42,manually_inputted_data $ guess,0.03,manual,no_comment
8616,2020,11_MEX,new_vehicle_efficiency,ht,km_per_pj,road,freight,lpg,all,yearly,national,['avg_eff_no_outliers $ transport_data_system_9th'],1,1405649677.815799,avg_eff_no_outliers $ transport_data_system_9th,108126898.293523,single_datapoint,no_comment
8617,2020,11_MEX,turnover_rate,ht,%,road,freight,lpg,all,yearly,national,['manually_inputted_data $ guess'],1,0.42,manually_inputted_data $ guess,0.03,manual,no_comment
8618,2021,11_MEX,new_vehicle_efficiency,ht,km_per_pj,road,freight,lpg,all,yearly,national,['avg_eff_no_outliers $ transport_data_system_9th'],1,1405649677.815799,avg_eff_no_outliers $ transport_data_system_9th,108126898.293523,single_datapoint,no_comment
8619,2021,11_MEX,turnover_rate,ht,%,road,freight,lpg,all,yearly,national,['manually_inputted_data $ guess'],1,0.42,manually_inputted_data $ guess,0.03,manual,no_comment
8620,2022,11_MEX,new_vehicle_efficiency,ht,km_per_pj,road,freight,lpg,all,yearly,national,['avg_eff_no_outliers $ transport_data_system_9th'],1,1405649677.815799,avg_eff_no_outliers $ transport_data_system_9th,108126898.293523,single_datapoint,no_comment
8621,2022,11_MEX,turnover_rate,ht,%,road,freight,lpg,all,yearly,national,['manually_inputted_data $ guess'],1,0.42,manually_inputted_data $ guess,0.03,manual,no_comment
8622,2010,11_MEX,new_vehicle_efficiency,ldv,km_per_pj,road,freight,bev,all,yearly,national,['avg_eff_no_outliers $ transport_data_system_9th'],1,7200566335.010296,avg_eff_no_outliers $ transport_data_system_9th,553889718.077715,single_datapoint,no_comment
8623,2010,11_MEX,new_vehicle_efficiency,ldv,km_per_pj,road,passenger,bev,all,yearly,national,['avg_eff_no_outliers $ transport_data_system_9th'],1,9901716082.423439,avg_eff_no_outliers $ transport_data_system_9th,761670467.878726,single_datapoint,no_comment
8624,2010,11_MEX,turnover_rate,ldv,%,road,freight,bev,all,yearly,national,['manually_inputted_data $ guess'],1,0.42,manually_inputted_data $ guess,0.03,manual,no_comment
8625,2010,11_MEX,turnover_rate,ldv,%,road,passenger,bev,all,yearly,national,['manually_inputted_data $ guess'],1,0.42,manually_inputted_data $ guess,0.03,manual,no_comment
8626,2011,11_MEX,activity,ldv,passenger_km_or_freight_tonne_km,road,passenger,bev,all,yearly,national,['estimated $ calculate_energy_and_activity()'],1,544006858.5121586,estimated $ calculate_energy_and_activity(),67500.0,manual,no_comment
8627,2011,11_MEX,energy,ldv,pj,road,passenger,bev,all,yearly,national,['estimated $ calculate_energy_and_activity()'],1,0.30242000092576504,estimated $ calculate_energy_and_activity(),3.6960589254006177e-05,manual,no_comment
8628,2011,11_MEX,new_vehicle_efficiency,ldv,km_per_pj,road,freight,bev,all,yearly,national,['avg_eff_no_outliers $ transport_data_system_9th'],1,7200566335.010296,avg_eff_no_outliers $ transport_data_system_9th,553889718.077715,single_datapoint,no_comment
8629,2011,11_MEX,new_vehicle_efficiency,ldv,km_per_pj,road,passenger,bev,all,yearly,national,['avg_eff_no_outliers $ transport_data_system_9th'],1,9901716082.423439,avg_eff_no_outliers $ transport_data_system_9th,761670467.878726,single_datapoint,no_comment
8630,2011,11_MEX,travel_km,ldv,km,road,passenger,bev,all,yearly,national,['estimated $ calculate_energy_and_activity()'],1,347160000.0,estimated $ calculate_energy_and_activity(),45000.0,single_datapoint,no_comment
8631,2011,11_MEX,turnover_rate,ldv,%,road,freight,bev,all,yearly,national,['manually_inputted_data $ guess'],1,0.42,manually_inputted_data $ guess,0.03,manual,no_comment
8632,2011,11_MEX,turnover_rate,ldv,%,road,passenger,bev,all,yearly,national,['manually_inputted_data $ guess'],1,0.42,manually_inputted_data $ guess,0.03,manual,no_comment
8633,2012,11_MEX,activity,ldv,passenger_km_or_freight_tonne_km,road,passenger,bev,all,yearly,national,['estimated $ calculate_energy_and_activity()'],1,544006858.5121586,estimated $ calculate_energy_and_activity(),2047500.0,manual,no_comment
8634,2012,11_MEX,energy,ldv,pj,road,passenger,bev,all,yearly,national,['estimated $ calculate_energy_and_activity()'],1,0.30242000092576504,estimated $ calculate_energy_and_activity(),0.0011211378740381874,manual,no_comment
8635,2012,11_MEX,new_vehicle_efficiency,ldv,km_per_pj,road,freight,bev,all,yearly,national,['avg_eff_no_outliers $ transport_data_system_9th'],1,7200566335.010296,avg_eff_no_outliers $ transport_data_system_9th,553889718.077715,single_datapoint,no_comment
8636,2012,11_MEX,new_vehicle_efficiency,ldv,km_per_pj,road,passenger,bev,all,yearly,national,['avg_eff_no_outliers $ transport_data_system_9th'],1,9901716082.423439,avg_eff_no_outliers $ transport_data_system_9th,761670467.878726,single_datapoint,no_comment
8637,2012,11_MEX,travel_km,ldv,km,road,passenger,bev,all,yearly,national,['estimated $ calculate_energy_and_activity()'],1,347160000.0,estimated $ calculate_energy_and_activity(),1365000.0,single_datapoint,no_comment
8638,2012,11_MEX,turnover_rate,ldv,%,road,freight,bev,all,yearly,national,['manually_inputted_data $ guess'],1,0.42,manually_inputted_data $ guess,0.03,manual,no_comment
8639,2012,11_MEX,turnover_rate,ldv,%,road,passenger,bev,all,yearly,national,['manually_inputted_data $ guess'],1,0.42,manually_inputted_data $ guess,0.03,manual,no_comment
8640,2013,11_MEX,activity,ldv,passenger_km_or_freight_tonne_km,road,passenger,bev,all,yearly,national,['estimated $ calculate_energy_and_activity()'],1,544006858.5121586,estimated $ calculate_energy_and_activity(),2250000.0,manual,no_comment
8641,2013,11_MEX,energy,ldv,pj,road,passenger,bev,all,yearly,national,['estimated $ calculate_energy_and_activity()'],1,0.30242000092576504,estimated $ calculate_energy_and_activity(),0.0012320196418002059,manual,no_comment
8642,2013,11_MEX,new_vehicle_efficiency,ldv,km_per_pj,road,freight,bev,all,yearly,national,['avg_eff_no_outliers $ transport_data_system_9th'],1,7200566335.010296,avg_eff_no_outliers $ transport_data_system_9th,553889718.077715,single_datapoint,no_comment
8643,2013,11_MEX,new_vehicle_efficiency,ldv,km_per_pj,road,passenger,bev,all,yearly,national,['avg_eff_no_outliers $ transport_data_system_9th'],1,9901716082.423439,avg_eff_no_outliers $ transport_data_system_9th,761670467.878726,single_datapoint,no_comment
8644,2013,11_MEX,travel_km,ldv,km,road,passenger,bev,all,yearly,national,['estimated $ calculate_energy_and_activity()'],1,347160000.0,estimated $ calculate_energy_and_activity(),1500000.0,single_datapoint,no_comment
8645,2013,11_MEX,turnover_rate,ldv,%,road,freight,bev,all,yearly,national,['manually_inputted_data $ guess'],1,0.42,manually_inputted_data $ guess,0.03,manual,no_comment
8646,2013,11_MEX,turnover_rate,ldv,%,road,passenger,bev,all,yearly,national,['manually_inputted_data $ guess'],1,0.42,manually_inputted_data $ guess,0.03,manual,no_comment
8647,2014,11_MEX,activity,ldv,passenger_km_or_freight_tonne_km,road,passenger,bev,all,yearly,national,['estimated $ calculate_energy_and_activity()'],1,544006858.5121586,estimated $ calculate_energy_and_activity(),3375000.0,manual,no_comment
8648,2014,11_MEX,energy,ldv,pj,road,passenger,bev,all,yearly,national,['estimated $ calculate_energy_and_activity()'],1,0.30242000092576504,estimated $ calculate_energy_and_activity(),0.0018480294627003088,manual,no_comment
8649,2014,11_MEX,new_vehicle_efficiency,ldv,km_per_pj,road,freight,bev,all,yearly,national,['avg_eff_no_outliers $ transport_data_system_9th'],1,7200566335.010296,avg_eff_no_outliers $ transport_data_system_9th,553889718.077715,single_datapoint,no_comment
8650,2014,11_MEX,new_vehicle_efficiency,ldv,km_per_pj,road,passenger,bev,all,yearly,national,['avg_eff_no_outliers $ transport_data_system_9th'],1,9901716082.423439,avg_eff_no_outliers $ transport_data_system_9th,761670467.878726,single_datapoint,no_comment
8651,2014,11_MEX,travel_km,ldv,km,road,passenger,bev,all,yearly,national,['estimated $ calculate_energy_and_activity()'],1,347160000.0,estimated $ calculate_energy_and_activity(),2250000.0,single_datapoint,no_comment
8652,2014,11_MEX,turnover_rate,ldv,%,road,freight,bev,all,yearly,national,['manually_inputted_data $ guess'],1,0.42,manually_inputted_data $ guess,0.03,manual,no_comment
8653,2014,11_MEX,turnover_rate,ldv,%,road,passenger,bev,all,yearly,national,['manually_inputted_data $ guess'],1,0.42,manually_inputted_data $ guess,0.03,manual,no_comment
8654,2015,11_MEX,activity,ldv,passenger_km_or_freight_tonne_km,road,passenger,bev,all,yearly,national,['estimated $ calculate_energy_and_activity()'],1,544006858.5121586,estimated $ calculate_energy_and_activity(),5400000.0,manual,no_comment
8655,2015,11_MEX,energy,ldv,pj,road,passenger,bev,all,yearly,national,['estimated $ calculate_energy_and_activity()'],1,0.30242000092576504,estimated $ calculate_energy_and_activity(),0.0029568471403204942,manual,no_comment
8656,2015,11_MEX,new_vehicle_efficiency,ldv,km_per_pj,road,freight,bev,all,yearly,national,['avg_eff_no_outliers $ transport_data_system_9th'],1,7200566335.010296,avg_eff_no_outliers $ transport_data_system_9th,553889718.077715,single_datapoint,no_comment
8657,2015,11_MEX,new_vehicle_efficiency,ldv,km_per_pj,road,passenger,bev,all,yearly,national,['avg_eff_no_outliers $ transport_data_system_9th'],1,9901716082.423439,avg_eff_no_outliers $ transport_data_system_9th,761670467.878726,single_datapoint,no_comment
8658,2015,11_MEX,travel_km,ldv,km,road,passenger,bev,all,yearly,national,['estimated $ calculate_energy_and_activity()'],1,347160000.0,estimated $ calculate_energy_and_activity(),3600000.0,single_datapoint,no_comment
8659,2015,11_MEX,turnover_rate,ldv,%,road,freight,bev,all,yearly,national,['manually_inputted_data $ guess'],1,0.42,manually_inputted_data $ guess,0.03,manual,no_comment
8660,2015,11_MEX,turnover_rate,ldv,%,road,passenger,bev,all,yearly,national,['manually_inputted_data $ guess'],1,0.42,manually_inputted_data $ guess,0.03,manual,no_comment
8661,2016,11_MEX,activity,ldv,passenger_km_or_freight_tonne_km,road,passenger,bev,all,yearly,national,['estimated $ calculate_energy_and_activity()'],1,544006858.5121586,estimated $ calculate_energy_and_activity(),11250000.0,manual,no_comment
8662,2016,11_MEX,energy,ldv,pj,road,passenger,bev,all,yearly,national,['estimated $ calculate_energy_and_activity()'],1,0.30242000092576504,estimated $ calculate_energy_and_activity(),0.006160098209001029,manual,no_comment
8663,2016,11_MEX,new_vehicle_efficiency,ldv,km_per_pj,road,freight,bev,all,yearly,national,['avg_eff_no_outliers $ transport_data_system_9th'],1,7200566335.010296,avg_eff_no_outliers $ transport_data_system_9th,553889718.077715,single_datapoint,no_comment
8664,2016,11_MEX,new_vehicle_efficiency,ldv,km_per_pj,road,passenger,bev,all,yearly,national,['avg_eff_no_outliers $ transport_data_system_9th'],1,9901716082.423439,avg_eff_no_outliers $ transport_data_system_9th,761670467.878726,single_datapoint,no_comment
8665,2016,11_MEX,travel_km,ldv,km,road,passenger,bev,all,yearly,national,['estimated $ calculate_energy_and_activity()'],1,347160000.0,estimated $ calculate_energy_and_activity(),7500000.0,single_datapoint,no_comment
8666,2016,11_MEX,turnover_rate,ldv,%,road,freight,bev,all,yearly,national,['manually_inputted_data $ guess'],1,0.42,manually_inputted_data $ guess,0.03,manual,no_comment
8667,2016,11_MEX,turnover_rate,ldv,%,road,passenger,bev,all,yearly,national,['manually_inputted_data $ guess'],1,0.42,manually_inputted_data $ guess,0.03,manual,no_comment
8668,2017,11_MEX,activity,ldv,passenger_km_or_freight_tonne_km,road,passenger,bev,all,yearly,national,"['8th_edition_transport_model $ reference', 'estimated $ calculate_energy_and_activity()']",2,544006858.5121586,estimated $ calculate_energy_and_activity(),16425000.0,manual,no_comment
8669,2017,11_MEX,energy,ldv,pj,road,passenger,bev,all,yearly,national,"['8th_edition_transport_model $ reference', 'estimated $ calculate_energy_and_activity()']",2,0.30242000092576504,estimated $ calculate_energy_and_activity(),0.008993743385141502,manual,no_comment
8670,2017,11_MEX,new_vehicle_efficiency,ldv,km_per_pj,road,freight,bev,all,yearly,national,['avg_eff_no_outliers $ transport_data_system_9th'],1,7200566335.010296,avg_eff_no_outliers $ transport_data_system_9th,553889718.077715,single_datapoint,no_comment
8671,2017,11_MEX,new_vehicle_efficiency,ldv,km_per_pj,road,passenger,bev,all,yearly,national,['avg_eff_no_outliers $ transport_data_system_9th'],1,9901716082.423439,avg_eff_no_outliers $ transport_data_system_9th,761670467.878726,single_datapoint,no_comment
8672,2017,11_MEX,travel_km,ldv,km,road,passenger,bev,all,yearly,national,['estimated $ calculate_energy_and_activity()'],1,347160000.0,estimated $ calculate_energy_and_activity(),10950000.0,single_datapoint,no_comment
8673,2017,11_MEX,turnover_rate,ldv,%,road,freight,bev,all,yearly,national,"['manually_inputted_data $ guess', 'turnover_rate_est']",2,0.42,manually_inputted_data $ guess,0.03,manual,no_comment
8674,2017,11_MEX,turnover_rate,ldv,%,road,passenger,bev,all,yearly,national,"['manually_inputted_data $ guess', 'turnover_rate_est']",2,0.42,manually_inputted_data $ guess,0.03,manual,no_comment
8675,2018,11_MEX,activity,ldv,passenger_km_or_freight_tonne_km,road,passenger,bev,all,yearly,national,['estimated $ calculate_energy_and_activity()'],1,544006858.5121586,estimated $ calculate_energy_and_activity(),20925000.0,manual,no_comment
8676,2018,11_MEX,energy,ldv,pj,road,passenger,bev,all,yearly,national,['estimated $ calculate_energy_and_activity()'],1,0.30242000092576504,estimated $ calculate_energy_and_activity(),0.011457782668741914,manual,no_comment
8677,2018,11_MEX,new_vehicle_efficiency,ldv,km_per_pj,road,freight,bev,all,yearly,national,['avg_eff_no_outliers $ transport_data_system_9th'],1,7200566335.010296,avg_eff_no_outliers $ transport_data_system_9th,553889718.077715,single_datapoint,no_comment
8678,2018,11_MEX,new_vehicle_efficiency,ldv,km_per_pj,road,passenger,bev,all,yearly,national,['avg_eff_no_outliers $ transport_data_system_9th'],1,9901716082.423439,avg_eff_no_outliers $ transport_data_system_9th,761670467.878726,single_datapoint,no_comment
8679,2018,11_MEX,travel_km,ldv,km,road,passenger,bev,all,yearly,national,['estimated $ calculate_energy_and_activity()'],1,347160000.0,estimated $ calculate_energy_and_activity(),13950000.0,single_datapoint,no_comment
8680,2018,11_MEX,turnover_rate,ldv,%,road,freight,bev,all,yearly,national,['manually_inputted_data $ guess'],1,0.42,manually_inputted_data $ guess,0.03,manual,no_comment
8681,2018,11_MEX,turnover_rate,ldv,%,road,passenger,bev,all,yearly,national,['manually_inputted_data $ guess'],1,0.42,manually_inputted_data $ guess,0.03,manual,no_comment
8682,2019,11_MEX,activity,ldv,passenger_km_or_freight_tonne_km,road,passenger,bev,all,yearly,national,['estimated $ calculate_energy_and_activity()'],1,544006858.5121586,estimated $ calculate_energy_and_activity(),27000000.0,manual,no_comment
8683,2019,11_MEX,energy,ldv,pj,road,passenger,bev,all,yearly,national,['estimated $ calculate_energy_and_activity()'],1,0.30242000092576504,estimated $ calculate_energy_and_activity(),0.01478423570160247,manual,no_comment
8684,2019,11_MEX,new_vehicle_efficiency,ldv,km_per_pj,road,freight,bev,all,yearly,national,['avg_eff_no_outliers $ transport_data_system_9th'],1,7200566335.010296,avg_eff_no_outliers $ transport_data_system_9th,553889718.077715,single_datapoint,no_comment
8685,2019,11_MEX,new_vehicle_efficiency,ldv,km_per_pj,road,passenger,bev,all,yearly,national,['avg_eff_no_outliers $ transport_data_system_9th'],1,9901716082.423439,avg_eff_no_outliers $ transport_data_system_9th,761670467.878726,single_datapoint,no_comment
8686,2019,11_MEX,travel_km,ldv,km,road,passenger,bev,all,yearly,national,['estimated $ calculate_energy_and_activity()'],1,347160000.0,estimated $ calculate_energy_and_activity(),18000000.0,single_datapoint,no_comment
8687,2019,11_MEX,turnover_rate,ldv,%,road,freight,bev,all,yearly,national,['manually_inputted_data $ guess'],1,0.42,manually_inputted_data $ guess,0.03,manual,no_comment
8688,2019,11_MEX,turnover_rate,ldv,%,road,passenger,bev,all,yearly,national,['manually_inputted_data $ guess'],1,0.42,manually_inputted_data $ guess,0.03,manual,no_comment
8689,2020,11_MEX,activity,ldv,passenger_km_or_freight_tonne_km,road,passenger,bev,all,yearly,national,['estimated $ calculate_energy_and_activity()'],1,544006858.5121586,estimated $ calculate_energy_and_activity(),69750000.0,manual,no_comment
8690,2020,11_MEX,energy,ldv,pj,road,passenger,bev,all,yearly,national,['estimated $ calculate_energy_and_activity()'],1,0.30242000092576504,estimated $ calculate_energy_and_activity(),0.03819260889580638,manual,no_comment
8691,2020,11_MEX,new_vehicle_efficiency,ldv,km_per_pj,road,freight,bev,all,yearly,national,['avg_eff_no_outliers $ transport_data_system_9th'],1,7200566335.010296,avg_eff_no_outliers $ transport_data_system_9th,553889718.077715,single_datapoint,no_comment
8692,2020,11_MEX,new_vehicle_efficiency,ldv,km_per_pj,road,passenger,bev,all,yearly,national,['avg_eff_no_outliers $ transport_data_system_9th'],1,9901716082.423439,avg_eff_no_outliers $ transport_data_system_9th,761670467.878726,single_datapoint,no_comment
8693,2020,11_MEX,travel_km,ldv,km,road,passenger,bev,all,yearly,national,['estimated $ calculate_energy_and_activity()'],1,347160000.0,estimated $ calculate_energy_and_activity(),46500000.0,single_datapoint,no_comment
8694,2020,11_MEX,turnover_rate,ldv,%,road,freight,bev,all,yearly,national,['manually_inputted_data $ guess'],1,0.42,manually_inputted_data $ guess,0.03,manual,no_comment
8695,2020,11_MEX,turnover_rate,ldv,%,road,passenger,bev,all,yearly,national,['manually_inputted_data $ guess'],1,0.42,manually_inputted_data $ guess,0.03,manual,no_comment
8696,2021,11_MEX,activity,ldv,passenger_km_or_freight_tonne_km,road,passenger,bev,all,yearly,national,['estimated $ calculate_energy_and_activity()'],1,544006858.5121586,estimated $ calculate_energy_and_activity(),137250000.0,manual,no_comment
8697,2021,11_MEX,energy,ldv,pj,road,passenger,bev,all,yearly,national,['estimated $ calculate_energy_and_activity()'],1,0.30242000092576504,estimated $ calculate_energy_and_activity(),0.07515319814981256,manual,no_comment
8698,2021,11_MEX,new_vehicle_efficiency,ldv,km_per_pj,road,freight,bev,all,yearly,national,['avg_eff_no_outliers $ transport_data_system_9th'],1,7200566335.010296,avg_eff_no_outliers $ transport_data_system_9th,553889718.077715,single_datapoint,no_comment
8699,2021,11_MEX,new_vehicle_efficiency,ldv,km_per_pj,road,passenger,bev,all,yearly,national,['avg_eff_no_outliers $ transport_data_system_9th'],1,9901716082.423439,avg_eff_no_outliers $ transport_data_system_9th,761670467.878726,single_datapoint,no_comment
8700,2021,11_MEX,travel_km,ldv,km,road,passenger,bev,all,yearly,national,['estimated $ calculate_energy_and_activity()'],1,347160000.0,estimated $ calculate_energy_and_activity(),91500000.0,single_datapoint,no_comment
8701,2021,11_MEX,turnover_rate,ldv,%,road,freight,bev,all,yearly,national,['manually_inputted_data $ guess'],1,0.42,manually_inputted_data $ guess,0.03,manual,no_comment
8702,2021,11_MEX,turnover_rate,ldv,%,road,passenger,bev,all,yearly,national,['manually_inputted_data $ guess'],1,0.42,manually_inputted_data $ guess,0.03,manual,no_comment
8703,2022,11_MEX,activity,ldv,passenger_km_or_freight_tonne_km,road,passenger,bev,all,yearly,national,['estimated $ calculate_energy_and_activity()'],1,544006858.5121586,estimated $ calculate_energy_and_activity(),225000000.0,manual,no_comment
8704,2022,11_MEX,energy,ldv,pj,road,passenger,bev,all,yearly,national,['estimated $ calculate_energy_and_activity()'],1,0.30242000092576504,estimated $ calculate_energy_and_activity(),0.12320196418002059,manual,no_comment
8705,2022,11_MEX,new_vehicle_efficiency,ldv,km_per_pj,road,freight,bev,all,yearly,national,['avg_eff_no_outliers $ transport_data_system_9th'],1,7200566335.010296,avg_eff_no_outliers $ transport_data_system_9th,553889718.077715,single_datapoint,no_comment
8706,2022,11_MEX,new_vehicle_efficiency,ldv,km_per_pj,road,passenger,bev,all,yearly,national,['avg_eff_no_outliers $ transport_data_system_9th'],1,9901716082.423439,avg_eff_no_outliers $ transport_data_system_9th,761670467.878726,single_datapoint,no_comment
8707,2022,11_MEX,travel_km,ldv,km,road,passenger,bev,all,yearly,national,['estimated $ calculate_energy_and_activity()'],1,347160000.0,estimated $ calculate_energy_and_activity(),150000000.0,single_datapoint,no_comment
8708,2022,11_MEX,turnover_rate,ldv,%,road,freight,bev,all,yearly,national,['manually_inputted_data $ guess'],1,0.42,manually_inputted_data $ guess,0.03,manual,no_comment
8709,2022,11_MEX,turnover_rate,ldv,%,road,passenger,bev,all,yearly,national,['manually_inputted_data $ guess'],1,0.42,manually_inputted_data $ guess,0.03,manual,no_comment
8710,2010,11_MEX,new_vehicle_efficiency,ldv,km_per_pj,road,freight,cng,all,yearly,national,['avg_eff_no_outliers $ transport_data_system_9th'],1,7214767129.708009,avg_eff_no_outliers $ transport_data_system_9th,554982086.900616,single_datapoint,no_comment
8711,2010,11_MEX,new_vehicle_efficiency,ldv,km_per_pj,road,passenger,cng,all,yearly,national,['avg_eff_no_outliers $ transport_data_system_9th'],1,5429169522.90635,avg_eff_no_outliers $ transport_data_system_9th,417628424.83895,single_datapoint,no_comment
8712,2010,11_MEX,turnover_rate,ldv,%,road,freight,cng,all,yearly,national,['manually_inputted_data $ guess'],1,0.42,manually_inputted_data $ guess,0.03,manual,no_comment
8713,2010,11_MEX,turnover_rate,ldv,%,road,passenger,cng,all,yearly,national,['manually_inputted_data $ guess'],1,0.42,manually_inputted_data $ guess,0.03,manual,no_comment
8714,2011,11_MEX,new_vehicle_efficiency,ldv,km_per_pj,road,freight,cng,all,yearly,national,['avg_eff_no_outliers $ transport_data_system_9th'],1,7214767129.708009,avg_eff_no_outliers $ transport_data_system_9th,554982086.900616,single_datapoint,no_comment
8715,2011,11_MEX,new_vehicle_efficiency,ldv,km_per_pj,road,passenger,cng,all,yearly,national,['avg_eff_no_outliers $ transport_data_system_9th'],1,5429169522.90635,avg_eff_no_outliers $ transport_data_system_9th,417628424.83895,single_datapoint,no_comment
8716,2011,11_MEX,turnover_rate,ldv,%,road,freight,cng,all,yearly,national,['manually_inputted_data $ guess'],1,0.42,manually_inputted_data $ guess,0.03,manual,no_comment
8717,2011,11_MEX,turnover_rate,ldv,%,road,passenger,cng,all,yearly,national,['manually_inputted_data $ guess'],1,0.42,manually_inputted_data $ guess,0.03,manual,no_comment
8718,2012,11_MEX,new_vehicle_efficiency,ldv,km_per_pj,road,freight,cng,all,yearly,national,['avg_eff_no_outliers $ transport_data_system_9th'],1,7214767129.708009,avg_eff_no_outliers $ transport_data_system_9th,554982086.900616,single_datapoint,no_comment
8719,2012,11_MEX,new_vehicle_efficiency,ldv,km_per_pj,road,passenger,cng,all,yearly,national,['avg_eff_no_outliers $ transport_data_system_9th'],1,5429169522.90635,avg_eff_no_outliers $ transport_data_system_9th,417628424.83895,single_datapoint,no_comment
8720,2012,11_MEX,turnover_rate,ldv,%,road,freight,cng,all,yearly,national,['manually_inputted_data $ guess'],1,0.42,manually_inputted_data $ guess,0.03,manual,no_comment
8721,2012,11_MEX,turnover_rate,ldv,%,road,passenger,cng,all,yearly,national,['manually_inputted_data $ guess'],1,0.42,manually_inputted_data $ guess,0.03,manual,no_comment
8722,2013,11_MEX,new_vehicle_efficiency,ldv,km_per_pj,road,freight,cng,all,yearly,national,['avg_eff_no_outliers $ transport_data_system_9th'],1,7214767129.708009,avg_eff_no_outliers $ transport_data_system_9th,554982086.900616,single_datapoint,no_comment
8723,2013,11_MEX,new_vehicle_efficiency,ldv,km_per_pj,road,passenger,cng,all,yearly,national,['avg_eff_no_outliers $ transport_data_system_9th'],1,5429169522.90635,avg_eff_no_outliers $ transport_data_system_9th,417628424.83895,single_datapoint,no_comment
8724,2013,11_MEX,turnover_rate,ldv,%,road,freight,cng,all,yearly,national,['manually_inputted_data $ guess'],1,0.42,manually_inputted_data $ guess,0.03,manual,no_comment
8725,2013,11_MEX,turnover_rate,ldv,%,road,passenger,cng,all,yearly,national,['manually_inputted_data $ guess'],1,0.42,manually_inputted_data $ guess,0.03,manual,no_comment
8726,2014,11_MEX,new_vehicle_efficiency,ldv,km_per_pj,road,freight,cng,all,yearly,national,['avg_eff_no_outliers $ transport_data_system_9th'],1,7214767129.708009,avg_eff_no_outliers $ transport_data_system_9th,554982086.900616,single_datapoint,no_comment
8727,2014,11_MEX,new_vehicle_efficiency,ldv,km_per_pj,road,passenger,cng,all,yearly,national,['avg_eff_no_outliers $ transport_data_system_9th'],1,5429169522.90635,avg_eff_no_outliers $ transport_data_system_9th,417628424.83895,single_datapoint,no_comment
8728,2014,11_MEX,turnover_rate,ldv,%,road,freight,cng,all,yearly,national,['manually_inputted_data $ guess'],1,0.42,manually_inputted_data $ guess,0.03,manual,no_comment
8729,2014,11_MEX,turnover_rate,ldv,%,road,passenger,cng,all,yearly,national,['manually_inputted_data $ guess'],1,0.42,manually_inputted_data $ guess,0.03,manual,no_comment
8730,2015,11_MEX,new_vehicle_efficiency,ldv,km_per_pj,road,freight,cng,all,yearly,national,['avg_eff_no_outliers $ transport_data_system_9th'],1,7214767129.708009,avg_eff_no_outliers $ transport_data_system_9th,554982086.900616,single_datapoint,no_comment
8731,2015,11_MEX,new_vehicle_efficiency,ldv,km_per_pj,road,passenger,cng,all,yearly,national,['avg_eff_no_outliers $ transport_data_system_9th'],1,5429169522.90635,avg_eff_no_outliers $ transport_data_system_9th,417628424.83895,single_datapoint,no_comment
8732,2015,11_MEX,turnover_rate,ldv,%,road,freight,cng,all,yearly,national,['manually_inputted_data $ guess'],1,0.42,manually_inputted_data $ guess,0.03,manual,no_comment
8733,2015,11_MEX,turnover_rate,ldv,%,road,passenger,cng,all,yearly,national,['manually_inputted_data $ guess'],1,0.42,manually_inputted_data $ guess,0.03,manual,no_comment
8734,2016,11_MEX,new_vehicle_efficiency,ldv,km_per_pj,road,freight,cng,all,yearly,national,['avg_eff_no_outliers $ transport_data_system_9th'],1,7214767129.708009,avg_eff_no_outliers $ transport_data_system_9th,554982086.900616,single_datapoint,no_comment
8735,2016,11_MEX,new_vehicle_efficiency,ldv,km_per_pj,road,passenger,cng,all,yearly,national,['avg_eff_no_outliers $ transport_data_system_9th'],1,5429169522.90635,avg_eff_no_outliers $ transport_data_system_9th,417628424.83895,single_datapoint,no_comment
8736,2016,11_MEX,turnover_rate,ldv,%,road,freight,cng,all,yearly,national,['manually_inputted_data $ guess'],1,0.42,manually_inputted_data $ guess,0.03,manual,no_comment
8737,2016,11_MEX,turnover_rate,ldv,%,road,passenger,cng,all,yearly,national,['manually_inputted_data $ guess'],1,0.42,manually_inputted_data $ guess,0.03,manual,no_comment
8738,2017,11_MEX,activity,ldv,passenger_km_or_freight_tonne_km,road,freight,cng,all,yearly,national,"['8th_edition_transport_model $ reference', 'estimated $ calculate_energy_and_activity()']",2,1684028.8216149,estimated $ calculate_energy_and_activity(),569400.0,manual,no_comment
8739,2017,11_MEX,activity,ldv,passenger_km_or_freight_tonne_km,road,passenger,cng,all,yearly,national,"['8th_edition_transport_model $ reference', 'estimated $ calculate_energy_and_activity()']",2,73811883.778718,8th_edition_transport_model $ reference,29644383.778718,manual,no_comment
8740,2017,11_MEX,energy,ldv,pj,road,freight,cng,all,yearly,national,"['8th_edition_transport_model $ reference', 'estimated $ calculate_energy_and_activity()']",2,0.010990327168258117,8th_edition_transport_model $ reference,0.0047888330992926,manual,no_comment
8741,2017,11_MEX,energy,ldv,pj,road,passenger,cng,all,yearly,national,"['8th_edition_transport_model $ reference', 'estimated $ calculate_energy_and_activity()']",2,0.10868034187391835,8th_edition_transport_model $ reference,0.0240344323840352,manual,no_comment
8742,2017,11_MEX,new_vehicle_efficiency,ldv,km_per_pj,road,freight,cng,all,yearly,national,['avg_eff_no_outliers $ transport_data_system_9th'],1,7214767129.708009,avg_eff_no_outliers $ transport_data_system_9th,554982086.900616,single_datapoint,no_comment
8743,2017,11_MEX,new_vehicle_efficiency,ldv,km_per_pj,road,passenger,cng,all,yearly,national,['avg_eff_no_outliers $ transport_data_system_9th'],1,5429169522.90635,avg_eff_no_outliers $ transport_data_system_9th,417628424.83895,single_datapoint,no_comment
8744,2017,11_MEX,travel_km,ldv,km,road,freight,cng,all,yearly,national,['estimated $ calculate_energy_and_activity()'],1,1560000.0,estimated $ calculate_energy_and_activity(),1560000.0,single_datapoint,no_comment
8745,2017,11_MEX,travel_km,ldv,km,road,passenger,cng,all,yearly,national,['estimated $ calculate_energy_and_activity()'],1,29445000.0,estimated $ calculate_energy_and_activity(),29445000.0,single_datapoint,no_comment
8746,2017,11_MEX,turnover_rate,ldv,%,road,freight,cng,all,yearly,national,"['manually_inputted_data $ guess', 'turnover_rate_est']",2,0.42,manually_inputted_data $ guess,0.03,manual,no_comment
8747,2017,11_MEX,turnover_rate,ldv,%,road,passenger,cng,all,yearly,national,"['manually_inputted_data $ guess', 'turnover_rate_est']",2,0.42,manually_inputted_data $ guess,0.03,manual,no_comment
8748,2018,11_MEX,new_vehicle_efficiency,ldv,km_per_pj,road,freight,cng,all,yearly,national,['avg_eff_no_outliers $ transport_data_system_9th'],1,7214767129.708009,avg_eff_no_outliers $ transport_data_system_9th,554982086.900616,single_datapoint,no_comment
8749,2018,11_MEX,new_vehicle_efficiency,ldv,km_per_pj,road,passenger,cng,all,yearly,national,['avg_eff_no_outliers $ transport_data_system_9th'],1,5429169522.90635,avg_eff_no_outliers $ transport_data_system_9th,417628424.83895,single_datapoint,no_comment
8750,2018,11_MEX,turnover_rate,ldv,%,road,freight,cng,all,yearly,national,['manually_inputted_data $ guess'],1,0.42,manually_inputted_data $ guess,0.03,manual,no_comment
8751,2018,11_MEX,turnover_rate,ldv,%,road,passenger,cng,all,yearly,national,['manually_inputted_data $ guess'],1,0.42,manually_inputted_data $ guess,0.03,manual,no_comment
8752,2019,11_MEX,new_vehicle_efficiency,ldv,km_per_pj,road,freight,cng,all,yearly,national,['avg_eff_no_outliers $ transport_data_system_9th'],1,7214767129.708009,avg_eff_no_outliers $ transport_data_system_9th,554982086.900616,single_datapoint,no_comment
8753,2019,11_MEX,new_vehicle_efficiency,ldv,km_per_pj,road,passenger,cng,all,yearly,national,['avg_eff_no_outliers $ transport_data_system_9th'],1,5429169522.90635,avg_eff_no_outliers $ transport_data_system_9th,417628424.83895,single_datapoint,no_comment
8754,2019,11_MEX,turnover_rate,ldv,%,road,freight,cng,all,yearly,national,['manually_inputted_data $ guess'],1,0.42,manually_inputted_data $ guess,0.03,manual,no_comment
8755,2019,11_MEX,turnover_rate,ldv,%,road,passenger,cng,all,yearly,national,['manually_inputted_data $ guess'],1,0.42,manually_inputted_data $ guess,0.03,manual,no_comment
8756,2020,11_MEX,new_vehicle_efficiency,ldv,km_per_pj,road,freight,cng,all,yearly,national,['avg_eff_no_outliers $ transport_data_system_9th'],1,7214767129.708009,avg_eff_no_outliers $ transport_data_system_9th,554982086.900616,single_datapoint,no_comment
8757,2020,11_MEX,new_vehicle_efficiency,ldv,km_per_pj,road,passenger,cng,all,yearly,national,['avg_eff_no_outliers $ transport_data_system_9th'],1,5429169522.90635,avg_eff_no_outliers $ transport_data_system_9th,417628424.83895,single_datapoint,no_comment
8758,2020,11_MEX,turnover_rate,ldv,%,road,freight,cng,all,yearly,national,['manually_inputted_data $ guess'],1,0.42,manually_inputted_data $ guess,0.03,manual,no_comment
8759,2020,11_MEX,turnover_rate,ldv,%,road,passenger,cng,all,yearly,national,['manually_inputted_data $ guess'],1,0.42,manually_inputted_data $ guess,0.03,manual,no_comment
8760,2021,11_MEX,new_vehicle_efficiency,ldv,km_per_pj,road,freight,cng,all,yearly,national,['avg_eff_no_outliers $ transport_data_system_9th'],1,7214767129.708009,avg_eff_no_outliers $ transport_data_system_9th,554982086.900616,single_datapoint,no_comment
8761,2021,11_MEX,new_vehicle_efficiency,ldv,km_per_pj,road,passenger,cng,all,yearly,national,['avg_eff_no_outliers $ transport_data_system_9th'],1,5429169522.90635,avg_eff_no_outliers $ transport_data_system_9th,417628424.83895,single_datapoint,no_comment
8762,2021,11_MEX,turnover_rate,ldv,%,road,freight,cng,all,yearly,national,['manually_inputted_data $ guess'],1,0.42,manually_inputted_data $ guess,0.03,manual,no_comment
8763,2021,11_MEX,turnover_rate,ldv,%,road,passenger,cng,all,yearly,national,['manually_inputted_data $ guess'],1,0.42,manually_inputted_data $ guess,0.03,manual,no_comment
8764,2022,11_MEX,new_vehicle_efficiency,ldv,km_per_pj,road,freight,cng,all,yearly,national,['avg_eff_no_outliers $ transport_data_system_9th'],1,7214767129.708009,avg_eff_no_outliers $ transport_data_system_9th,554982086.900616,single_datapoint,no_comment
8765,2022,11_MEX,new_vehicle_efficiency,ldv,km_per_pj,road,passenger,cng,all,yearly,national,['avg_eff_no_outliers $ transport_data_system_9th'],1,5429169522.90635,avg_eff_no_outliers $ transport_data_system_9th,417628424.83895,single_datapoint,no_comment
8766,2022,11_MEX,turnover_rate,ldv,%,road,freight,cng,all,yearly,national,['manually_inputted_data $ guess'],1,0.42,manually_inputted_data $ guess,0.03,manual,no_comment
8767,2022,11_MEX,turnover_rate,ldv,%,road,passenger,cng,all,yearly,national,['manually_inputted_data $ guess'],1,0.42,manually_inputted_data $ guess,0.03,manual,no_comment
8768,2010,11_MEX,new_vehicle_efficiency,ldv,km_per_pj,road,passenger,fcev,all,yearly,national,['avg_eff_no_outliers $ transport_data_system_9th'],1,1469603353.601357,avg_eff_no_outliers $ transport_data_system_9th,113046411.815489,single_datapoint,no_comment
8769,2010,11_MEX,turnover_rate,ldv,%,road,passenger,fcev,all,yearly,national,['manually_inputted_data $ guess'],1,0.42,manually_inputted_data $ guess,0.03,manual,no_comment
8770,2011,11_MEX,new_vehicle_efficiency,ldv,km_per_pj,road,passenger,fcev,all,yearly,national,['avg_eff_no_outliers $ transport_data_system_9th'],1,1469603353.601357,avg_eff_no_outliers $ transport_data_system_9th,113046411.815489,single_datapoint,no_comment
8771,2011,11_MEX,turnover_rate,ldv,%,road,passenger,fcev,all,yearly,national,['manually_inputted_data $ guess'],1,0.42,manually_inputted_data $ guess,0.03,manual,no_comment
8772,2012,11_MEX,new_vehicle_efficiency,ldv,km_per_pj,road,passenger,fcev,all,yearly,national,['avg_eff_no_outliers $ transport_data_system_9th'],1,1469603353.601357,avg_eff_no_outliers $ transport_data_system_9th,113046411.815489,single_datapoint,no_comment
8773,2012,11_MEX,turnover_rate,ldv,%,road,passenger,fcev,all,yearly,national,['manually_inputted_data $ guess'],1,0.42,manually_inputted_data $ guess,0.03,manual,no_comment
8774,2013,11_MEX,new_vehicle_efficiency,ldv,km_per_pj,road,passenger,fcev,all,yearly,national,['avg_eff_no_outliers $ transport_data_system_9th'],1,1469603353.601357,avg_eff_no_outliers $ transport_data_system_9th,113046411.815489,single_datapoint,no_comment
8775,2013,11_MEX,turnover_rate,ldv,%,road,passenger,fcev,all,yearly,national,['manually_inputted_data $ guess'],1,0.42,manually_inputted_data $ guess,0.03,manual,no_comment
8776,2014,11_MEX,new_vehicle_efficiency,ldv,km_per_pj,road,passenger,fcev,all,yearly,national,['avg_eff_no_outliers $ transport_data_system_9th'],1,1469603353.601357,avg_eff_no_outliers $ transport_data_system_9th,113046411.815489,single_datapoint,no_comment
8777,2014,11_MEX,turnover_rate,ldv,%,road,passenger,fcev,all,yearly,national,['manually_inputted_data $ guess'],1,0.42,manually_inputted_data $ guess,0.03,manual,no_comment
8778,2015,11_MEX,new_vehicle_efficiency,ldv,km_per_pj,road,passenger,fcev,all,yearly,national,['avg_eff_no_outliers $ transport_data_system_9th'],1,1469603353.601357,avg_eff_no_outliers $ transport_data_system_9th,113046411.815489,single_datapoint,no_comment
8779,2015,11_MEX,turnover_rate,ldv,%,road,passenger,fcev,all,yearly,national,['manually_inputted_data $ guess'],1,0.42,manually_inputted_data $ guess,0.03,manual,no_comment
8780,2016,11_MEX,new_vehicle_efficiency,ldv,km_per_pj,road,passenger,fcev,all,yearly,national,['avg_eff_no_outliers $ transport_data_system_9th'],1,1469603353.601357,avg_eff_no_outliers $ transport_data_system_9th,113046411.815489,single_datapoint,no_comment
8781,2016,11_MEX,turnover_rate,ldv,%,road,passenger,fcev,all,yearly,national,['manually_inputted_data $ guess'],1,0.42,manually_inputted_data $ guess,0.03,manual,no_comment
8782,2017,11_MEX,new_vehicle_efficiency,ldv,km_per_pj,road,passenger,fcev,all,yearly,national,['avg_eff_no_outliers $ transport_data_system_9th'],1,1469603353.601357,avg_eff_no_outliers $ transport_data_system_9th,113046411.815489,single_datapoint,no_comment
8783,2017,11_MEX,turnover_rate,ldv,%,road,freight,fcev,all,yearly,national,['turnover_rate_est'],1,0.03,turnover_rate_est,0.03,single_datapoint,no_comment
8784,2017,11_MEX,turnover_rate,ldv,%,road,passenger,fcev,all,yearly,national,"['manually_inputted_data $ guess', 'turnover_rate_est']",2,0.42,manually_inputted_data $ guess,0.03,manual,no_comment
8785,2018,11_MEX,new_vehicle_efficiency,ldv,km_per_pj,road,passenger,fcev,all,yearly,national,['avg_eff_no_outliers $ transport_data_system_9th'],1,1469603353.601357,avg_eff_no_outliers $ transport_data_system_9th,113046411.815489,single_datapoint,no_comment
8786,2018,11_MEX,turnover_rate,ldv,%,road,passenger,fcev,all,yearly,national,['manually_inputted_data $ guess'],1,0.42,manually_inputted_data $ guess,0.03,manual,no_comment
8787,2019,11_MEX,new_vehicle_efficiency,ldv,km_per_pj,road,passenger,fcev,all,yearly,national,['avg_eff_no_outliers $ transport_data_system_9th'],1,1469603353.601357,avg_eff_no_outliers $ transport_data_system_9th,113046411.815489,single_datapoint,no_comment
8788,2019,11_MEX,turnover_rate,ldv,%,road,passenger,fcev,all,yearly,national,['manually_inputted_data $ guess'],1,0.42,manually_inputted_data $ guess,0.03,manual,no_comment
8789,2020,11_MEX,new_vehicle_efficiency,ldv,km_per_pj,road,passenger,fcev,all,yearly,national,['avg_eff_no_outliers $ transport_data_system_9th'],1,1469603353.601357,avg_eff_no_outliers $ transport_data_system_9th,113046411.815489,single_datapoint,no_comment
8790,2020,11_MEX,turnover_rate,ldv,%,road,passenger,fcev,all,yearly,national,['manually_inputted_data $ guess'],1,0.42,manually_inputted_data $ guess,0.03,manual,no_comment
8791,2021,11_MEX,new_vehicle_efficiency,ldv,km_per_pj,road,passenger,fcev,all,yearly,national,['avg_eff_no_outliers $ transport_data_system_9th'],1,1469603353.601357,avg_eff_no_outliers $ transport_data_system_9th,113046411.815489,single_datapoint,no_comment
8792,2021,11_MEX,turnover_rate,ldv,%,road,passenger,fcev,all,yearly,national,['manually_inputted_data $ guess'],1,0.42,manually_inputted_data $ guess,0.03,manual,no_comment
8793,2022,11_MEX,new_vehicle_efficiency,ldv,km_per_pj,road,passenger,fcev,all,yearly,national,['avg_eff_no_outliers $ transport_data_system_9th'],1,1469603353.601357,avg_eff_no_outliers $ transport_data_system_9th,113046411.815489,single_datapoint,no_comment
8794,2022,11_MEX,turnover_rate,ldv,%,road,passenger,fcev,all,yearly,national,['manually_inputted_data $ guess'],1,0.42,manually_inputted_data $ guess,0.03,manual,no_comment
8795,2010,11_MEX,new_vehicle_efficiency,ldv,km_per_pj,road,freight,ice,all,yearly,national,['avg_eff_no_outliers $ transport_data_system_9th'],1,4776513034.843043,avg_eff_no_outliers $ transport_data_system_9th,367424079.603311,single_datapoint,no_comment
8796,2010,11_MEX,new_vehicle_efficiency,ldv,km_per_pj,road,passenger,ice,all,yearly,national,['avg_eff_no_outliers $ transport_data_system_9th'],1,3086802010.889935,avg_eff_no_outliers $ transport_data_system_9th,237446308.529995,single_datapoint,no_comment
8797,2010,11_MEX,turnover_rate,ldv,%,road,freight,ice,all,yearly,national,['manually_inputted_data $ guess'],1,0.39,manually_inputted_data $ guess,0.03,single_datapoint,no_comment
8798,2010,11_MEX,turnover_rate,ldv,%,road,passenger,ice,all,yearly,national,['manually_inputted_data $ guess'],1,0.39,manually_inputted_data $ guess,0.03,single_datapoint,no_comment
8799,2011,11_MEX,new_vehicle_efficiency,ldv,km_per_pj,road,freight,ice,all,yearly,national,['avg_eff_no_outliers $ transport_data_system_9th'],1,4776513034.843043,avg_eff_no_outliers $ transport_data_system_9th,367424079.603311,single_datapoint,no_comment
8800,2011,11_MEX,new_vehicle_efficiency,ldv,km_per_pj,road,passenger,ice,all,yearly,national,['avg_eff_no_outliers $ transport_data_system_9th'],1,3086802010.889935,avg_eff_no_outliers $ transport_data_system_9th,237446308.529995,single_datapoint,no_comment
8801,2011,11_MEX,turnover_rate,ldv,%,road,freight,ice,all,yearly,national,['manually_inputted_data $ guess'],1,0.39,manually_inputted_data $ guess,0.03,single_datapoint,no_comment
8802,2011,11_MEX,turnover_rate,ldv,%,road,passenger,ice,all,yearly,national,['manually_inputted_data $ guess'],1,0.39,manually_inputted_data $ guess,0.03,single_datapoint,no_comment
8803,2012,11_MEX,new_vehicle_efficiency,ldv,km_per_pj,road,freight,ice,all,yearly,national,['avg_eff_no_outliers $ transport_data_system_9th'],1,4776513034.843043,avg_eff_no_outliers $ transport_data_system_9th,367424079.603311,single_datapoint,no_comment
8804,2012,11_MEX,new_vehicle_efficiency,ldv,km_per_pj,road,passenger,ice,all,yearly,national,['avg_eff_no_outliers $ transport_data_system_9th'],1,3086802010.889935,avg_eff_no_outliers $ transport_data_system_9th,237446308.529995,single_datapoint,no_comment
8805,2012,11_MEX,turnover_rate,ldv,%,road,freight,ice,all,yearly,national,['manually_inputted_data $ guess'],1,0.39,manually_inputted_data $ guess,0.03,single_datapoint,no_comment
8806,2012,11_MEX,turnover_rate,ldv,%,road,passenger,ice,all,yearly,national,['manually_inputted_data $ guess'],1,0.39,manually_inputted_data $ guess,0.03,single_datapoint,no_comment
8807,2013,11_MEX,new_vehicle_efficiency,ldv,km_per_pj,road,freight,ice,all,yearly,national,['avg_eff_no_outliers $ transport_data_system_9th'],1,4776513034.843043,avg_eff_no_outliers $ transport_data_system_9th,367424079.603311,single_datapoint,no_comment
8808,2013,11_MEX,new_vehicle_efficiency,ldv,km_per_pj,road,passenger,ice,all,yearly,national,['avg_eff_no_outliers $ transport_data_system_9th'],1,3086802010.889935,avg_eff_no_outliers $ transport_data_system_9th,237446308.529995,single_datapoint,no_comment
8809,2013,11_MEX,turnover_rate,ldv,%,road,freight,ice,all,yearly,national,['manually_inputted_data $ guess'],1,0.39,manually_inputted_data $ guess,0.03,single_datapoint,no_comment
8810,2013,11_MEX,turnover_rate,ldv,%,road,passenger,ice,all,yearly,national,['manually_inputted_data $ guess'],1,0.39,manually_inputted_data $ guess,0.03,single_datapoint,no_comment
8811,2014,11_MEX,new_vehicle_efficiency,ldv,km_per_pj,road,freight,ice,all,yearly,national,['avg_eff_no_outliers $ transport_data_system_9th'],1,4776513034.843043,avg_eff_no_outliers $ transport_data_system_9th,367424079.603311,single_datapoint,no_comment
8812,2014,11_MEX,new_vehicle_efficiency,ldv,km_per_pj,road,passenger,ice,all,yearly,national,['avg_eff_no_outliers $ transport_data_system_9th'],1,3086802010.889935,avg_eff_no_outliers $ transport_data_system_9th,237446308.529995,single_datapoint,no_comment
8813,2014,11_MEX,turnover_rate,ldv,%,road,freight,ice,all,yearly,national,['manually_inputted_data $ guess'],1,0.39,manually_inputted_data $ guess,0.03,single_datapoint,no_comment
8814,2014,11_MEX,turnover_rate,ldv,%,road,passenger,ice,all,yearly,national,['manually_inputted_data $ guess'],1,0.39,manually_inputted_data $ guess,0.03,single_datapoint,no_comment
8815,2015,11_MEX,new_vehicle_efficiency,ldv,km_per_pj,road,freight,ice,all,yearly,national,['avg_eff_no_outliers $ transport_data_system_9th'],1,4776513034.843043,avg_eff_no_outliers $ transport_data_system_9th,367424079.603311,single_datapoint,no_comment
8816,2015,11_MEX,new_vehicle_efficiency,ldv,km_per_pj,road,passenger,ice,all,yearly,national,['avg_eff_no_outliers $ transport_data_system_9th'],1,3086802010.889935,avg_eff_no_outliers $ transport_data_system_9th,237446308.529995,single_datapoint,no_comment
8817,2015,11_MEX,turnover_rate,ldv,%,road,freight,ice,all,yearly,national,['manually_inputted_data $ guess'],1,0.39,manually_inputted_data $ guess,0.03,single_datapoint,no_comment
8818,2015,11_MEX,turnover_rate,ldv,%,road,passenger,ice,all,yearly,national,['manually_inputted_data $ guess'],1,0.39,manually_inputted_data $ guess,0.03,single_datapoint,no_comment
8819,2016,11_MEX,new_vehicle_efficiency,ldv,km_per_pj,road,freight,ice,all,yearly,national,['avg_eff_no_outliers $ transport_data_system_9th'],1,4776513034.843043,avg_eff_no_outliers $ transport_data_system_9th,367424079.603311,single_datapoint,no_comment
8820,2016,11_MEX,new_vehicle_efficiency,ldv,km_per_pj,road,passenger,ice,all,yearly,national,['avg_eff_no_outliers $ transport_data_system_9th'],1,3086802010.889935,avg_eff_no_outliers $ transport_data_system_9th,237446308.529995,single_datapoint,no_comment
8821,2016,11_MEX,turnover_rate,ldv,%,road,freight,ice,all,yearly,national,['manually_inputted_data $ guess'],1,0.39,manually_inputted_data $ guess,0.03,single_datapoint,no_comment
8822,2016,11_MEX,turnover_rate,ldv,%,road,passenger,ice,all,yearly,national,['manually_inputted_data $ guess'],1,0.39,manually_inputted_data $ guess,0.03,single_datapoint,no_comment
8823,2017,11_MEX,activity,ldv,passenger_km_or_freight_tonne_km,road,freight,ice,all,yearly,national,['estimated $ calculate_energy_and_activity()'],1,5488994100.0,estimated $ calculate_energy_and_activity(),5488994100.0,single_datapoint,no_comment
8824,2017,11_MEX,activity,ldv,passenger_km_or_freight_tonne_km,road,passenger,ice,all,yearly,national,['estimated $ calculate_energy_and_activity()'],1,817978413979.8286,estimated $ calculate_energy_and_activity(),817978413979.8286,single_datapoint,no_comment
8825,2017,11_MEX,energy,ldv,pj,road,freight,ice,all,yearly,national,['estimated $ calculate_energy_and_activity()'],1,59.78216430582493,estimated $ calculate_energy_and_activity(),59.78216430582493,single_datapoint,no_comment
8826,2017,11_MEX,energy,ldv,pj,road,passenger,ice,all,yearly,national,['estimated $ calculate_energy_and_activity()'],1,1567.635179587134,estimated $ calculate_energy_and_activity(),1567.635179587134,single_datapoint,no_comment
8827,2017,11_MEX,new_vehicle_efficiency,ldv,km_per_pj,road,freight,ice,all,yearly,national,['avg_eff_no_outliers $ transport_data_system_9th'],1,4776513034.843043,avg_eff_no_outliers $ transport_data_system_9th,367424079.603311,single_datapoint,no_comment
8828,2017,11_MEX,new_vehicle_efficiency,ldv,km_per_pj,road,passenger,ice,all,yearly,national,['avg_eff_no_outliers $ transport_data_system_9th'],1,3086802010.889935,avg_eff_no_outliers $ transport_data_system_9th,237446308.529995,single_datapoint,no_comment
8829,2017,11_MEX,travel_km,ldv,km,road,freight,ice,all,yearly,national,['estimated $ calculate_energy_and_activity()'],1,15038340000.0,estimated $ calculate_energy_and_activity(),15038340000.0,single_datapoint,no_comment
8830,2017,11_MEX,travel_km,ldv,km,road,passenger,ice,all,yearly,national,['estimated $ calculate_energy_and_activity()'],1,545318942653.21906,estimated $ calculate_energy_and_activity(),545318942653.21906,single_datapoint,no_comment
8831,2017,11_MEX,turnover_rate,ldv,%,road,freight,ice,all,yearly,national,['manually_inputted_data $ guess'],1,0.39,manually_inputted_data $ guess,0.03,single_datapoint,no_comment
8832,2017,11_MEX,turnover_rate,ldv,%,road,passenger,ice,all,yearly,national,['manually_inputted_data $ guess'],1,0.39,manually_inputted_data $ guess,0.03,single_datapoint,no_comment
8833,2018,11_MEX,new_vehicle_efficiency,ldv,km_per_pj,road,freight,ice,all,yearly,national,['avg_eff_no_outliers $ transport_data_system_9th'],1,4776513034.843043,avg_eff_no_outliers $ transport_data_system_9th,367424079.603311,single_datapoint,no_comment
8834,2018,11_MEX,new_vehicle_efficiency,ldv,km_per_pj,road,passenger,ice,all,yearly,national,['avg_eff_no_outliers $ transport_data_system_9th'],1,3086802010.889935,avg_eff_no_outliers $ transport_data_system_9th,237446308.529995,single_datapoint,no_comment
8835,2018,11_MEX,turnover_rate,ldv,%,road,freight,ice,all,yearly,national,['manually_inputted_data $ guess'],1,0.39,manually_inputted_data $ guess,0.03,single_datapoint,no_comment
8836,2018,11_MEX,turnover_rate,ldv,%,road,passenger,ice,all,yearly,national,['manually_inputted_data $ guess'],1,0.39,manually_inputted_data $ guess,0.03,single_datapoint,no_comment
8837,2019,11_MEX,new_vehicle_efficiency,ldv,km_per_pj,road,freight,ice,all,yearly,national,['avg_eff_no_outliers $ transport_data_system_9th'],1,4776513034.843043,avg_eff_no_outliers $ transport_data_system_9th,367424079.603311,single_datapoint,no_comment
8838,2019,11_MEX,new_vehicle_efficiency,ldv,km_per_pj,road,passenger,ice,all,yearly,national,['avg_eff_no_outliers $ transport_data_system_9th'],1,3086802010.889935,avg_eff_no_outliers $ transport_data_system_9th,237446308.529995,single_datapoint,no_comment
8839,2019,11_MEX,turnover_rate,ldv,%,road,freight,ice,all,yearly,national,['manually_inputted_data $ guess'],1,0.39,manually_inputted_data $ guess,0.03,single_datapoint,no_comment
8840,2019,11_MEX,turnover_rate,ldv,%,road,passenger,ice,all,yearly,national,['manually_inputted_data $ guess'],1,0.39,manually_inputted_data $ guess,0.03,single_datapoint,no_comment
8841,2020,11_MEX,new_vehicle_efficiency,ldv,km_per_pj,road,freight,ice,all,yearly,national,['avg_eff_no_outliers $ transport_data_system_9th'],1,4776513034.843043,avg_eff_no_outliers $ transport_data_system_9th,367424079.603311,single_datapoint,no_comment
8842,2020,11_MEX,new_vehicle_efficiency,ldv,km_per_pj,road,passenger,ice,all,yearly,national,['avg_eff_no_outliers $ transport_data_system_9th'],1,3086802010.889935,avg_eff_no_outliers $ transport_data_system_9th,237446308.529995,single_datapoint,no_comment
8843,2020,11_MEX,turnover_rate,ldv,%,road,freight,ice,all,yearly,national,['manually_inputted_data $ guess'],1,0.39,manually_inputted_data $ guess,0.03,single_datapoint,no_comment
8844,2020,11_MEX,turnover_rate,ldv,%,road,passenger,ice,all,yearly,national,['manually_inputted_data $ guess'],1,0.39,manually_inputted_data $ guess,0.03,single_datapoint,no_comment
8845,2021,11_MEX,new_vehicle_efficiency,ldv,km_per_pj,road,freight,ice,all,yearly,national,['avg_eff_no_outliers $ transport_data_system_9th'],1,4776513034.843043,avg_eff_no_outliers $ transport_data_system_9th,367424079.603311,single_datapoint,no_comment
8846,2021,11_MEX,new_vehicle_efficiency,ldv,km_per_pj,road,passenger,ice,all,yearly,national,['avg_eff_no_outliers $ transport_data_system_9th'],1,3086802010.889935,avg_eff_no_outliers $ transport_data_system_9th,237446308.529995,single_datapoint,no_comment
8847,2021,11_MEX,turnover_rate,ldv,%,road,freight,ice,all,yearly,national,['manually_inputted_data $ guess'],1,0.39,manually_inputted_data $ guess,0.03,single_datapoint,no_comment
8848,2021,11_MEX,turnover_rate,ldv,%,road,passenger,ice,all,yearly,national,['manually_inputted_data $ guess'],1,0.39,manually_inputted_data $ guess,0.03,single_datapoint,no_comment
8849,2022,11_MEX,new_vehicle_efficiency,ldv,km_per_pj,road,freight,ice,all,yearly,national,['avg_eff_no_outliers $ transport_data_system_9th'],1,4776513034.843043,avg_eff_no_outliers $ transport_data_system_9th,367424079.603311,single_datapoint,no_comment
8850,2022,11_MEX,new_vehicle_efficiency,ldv,km_per_pj,road,passenger,ice,all,yearly,national,['avg_eff_no_outliers $ transport_data_system_9th'],1,3086802010.889935,avg_eff_no_outliers $ transport_data_system_9th,237446308.529995,single_datapoint,no_comment
8851,2022,11_MEX,turnover_rate,ldv,%,road,freight,ice,all,yearly,national,['manually_inputted_data $ guess'],1,0.39,manually_inputted_data $ guess,0.03,single_datapoint,no_comment
8852,2022,11_MEX,turnover_rate,ldv,%,road,passenger,ice,all,yearly,national,['manually_inputted_data $ guess'],1,0.39,manually_inputted_data $ guess,0.03,single_datapoint,no_comment
8853,2010,11_MEX,new_vehicle_efficiency,ldv,km_per_pj,road,freight,lpg,all,yearly,national,['avg_eff_no_outliers $ transport_data_system_9th'],1,3668778329.1297708,avg_eff_no_outliers $ transport_data_system_9th,282213717.625367,single_datapoint,no_comment
8854,2010,11_MEX,new_vehicle_efficiency,ldv,km_per_pj,road,passenger,lpg,all,yearly,national,['avg_eff_no_outliers $ transport_data_system_9th'],1,4713924488.084526,avg_eff_no_outliers $ transport_data_system_9th,362609576.006502,single_datapoint,no_comment
8855,2010,11_MEX,turnover_rate,ldv,%,road,freight,lpg,all,yearly,national,['manually_inputted_data $ guess'],1,0.42,manually_inputted_data $ guess,0.03,manual,no_comment
8856,2010,11_MEX,turnover_rate,ldv,%,road,passenger,lpg,all,yearly,national,['manually_inputted_data $ guess'],1,0.42,manually_inputted_data $ guess,0.03,manual,no_comment
8857,2011,11_MEX,new_vehicle_efficiency,ldv,km_per_pj,road,freight,lpg,all,yearly,national,['avg_eff_no_outliers $ transport_data_system_9th'],1,3668778329.1297708,avg_eff_no_outliers $ transport_data_system_9th,282213717.625367,single_datapoint,no_comment
8858,2011,11_MEX,new_vehicle_efficiency,ldv,km_per_pj,road,passenger,lpg,all,yearly,national,['avg_eff_no_outliers $ transport_data_system_9th'],1,4713924488.084526,avg_eff_no_outliers $ transport_data_system_9th,362609576.006502,single_datapoint,no_comment
8859,2011,11_MEX,turnover_rate,ldv,%,road,freight,lpg,all,yearly,national,['manually_inputted_data $ guess'],1,0.42,manually_inputted_data $ guess,0.03,manual,no_comment
8860,2011,11_MEX,turnover_rate,ldv,%,road,passenger,lpg,all,yearly,national,['manually_inputted_data $ guess'],1,0.42,manually_inputted_data $ guess,0.03,manual,no_comment
8861,2012,11_MEX,new_vehicle_efficiency,ldv,km_per_pj,road,freight,lpg,all,yearly,national,['avg_eff_no_outliers $ transport_data_system_9th'],1,3668778329.1297708,avg_eff_no_outliers $ transport_data_system_9th,282213717.625367,single_datapoint,no_comment
8862,2012,11_MEX,new_vehicle_efficiency,ldv,km_per_pj,road,passenger,lpg,all,yearly,national,['avg_eff_no_outliers $ transport_data_system_9th'],1,4713924488.084526,avg_eff_no_outliers $ transport_data_system_9th,362609576.006502,single_datapoint,no_comment
8863,2012,11_MEX,turnover_rate,ldv,%,road,freight,lpg,all,yearly,national,['manually_inputted_data $ guess'],1,0.42,manually_inputted_data $ guess,0.03,manual,no_comment
8864,2012,11_MEX,turnover_rate,ldv,%,road,passenger,lpg,all,yearly,national,['manually_inputted_data $ guess'],1,0.42,manually_inputted_data $ guess,0.03,manual,no_comment
8865,2013,11_MEX,new_vehicle_efficiency,ldv,km_per_pj,road,freight,lpg,all,yearly,national,['avg_eff_no_outliers $ transport_data_system_9th'],1,3668778329.1297708,avg_eff_no_outliers $ transport_data_system_9th,282213717.625367,single_datapoint,no_comment
8866,2013,11_MEX,new_vehicle_efficiency,ldv,km_per_pj,road,passenger,lpg,all,yearly,national,['avg_eff_no_outliers $ transport_data_system_9th'],1,4713924488.084526,avg_eff_no_outliers $ transport_data_system_9th,362609576.006502,single_datapoint,no_comment
8867,2013,11_MEX,turnover_rate,ldv,%,road,freight,lpg,all,yearly,national,['manually_inputted_data $ guess'],1,0.42,manually_inputted_data $ guess,0.03,manual,no_comment
8868,2013,11_MEX,turnover_rate,ldv,%,road,passenger,lpg,all,yearly,national,['manually_inputted_data $ guess'],1,0.42,manually_inputted_data $ guess,0.03,manual,no_comment
8869,2014,11_MEX,new_vehicle_efficiency,ldv,km_per_pj,road,freight,lpg,all,yearly,national,['avg_eff_no_outliers $ transport_data_system_9th'],1,3668778329.1297708,avg_eff_no_outliers $ transport_data_system_9th,282213717.625367,single_datapoint,no_comment
8870,2014,11_MEX,new_vehicle_efficiency,ldv,km_per_pj,road,passenger,lpg,all,yearly,national,['avg_eff_no_outliers $ transport_data_system_9th'],1,4713924488.084526,avg_eff_no_outliers $ transport_data_system_9th,362609576.006502,single_datapoint,no_comment
8871,2014,11_MEX,turnover_rate,ldv,%,road,freight,lpg,all,yearly,national,['manually_inputted_data $ guess'],1,0.42,manually_inputted_data $ guess,0.03,manual,no_comment
8872,2014,11_MEX,turnover_rate,ldv,%,road,passenger,lpg,all,yearly,national,['manually_inputted_data $ guess'],1,0.42,manually_inputted_data $ guess,0.03,manual,no_comment
8873,2015,11_MEX,new_vehicle_efficiency,ldv,km_per_pj,road,freight,lpg,all,yearly,national,['avg_eff_no_outliers $ transport_data_system_9th'],1,3668778329.1297708,avg_eff_no_outliers $ transport_data_system_9th,282213717.625367,single_datapoint,no_comment
8874,2015,11_MEX,new_vehicle_efficiency,ldv,km_per_pj,road,passenger,lpg,all,yearly,national,['avg_eff_no_outliers $ transport_data_system_9th'],1,4713924488.084526,avg_eff_no_outliers $ transport_data_system_9th,362609576.006502,single_datapoint,no_comment
8875,2015,11_MEX,turnover_rate,ldv,%,road,freight,lpg,all,yearly,national,['manually_inputted_data $ guess'],1,0.42,manually_inputted_data $ guess,0.03,manual,no_comment
8876,2015,11_MEX,turnover_rate,ldv,%,road,passenger,lpg,all,yearly,national,['manually_inputted_data $ guess'],1,0.42,manually_inputted_data $ guess,0.03,manual,no_comment
8877,2016,11_MEX,new_vehicle_efficiency,ldv,km_per_pj,road,freight,lpg,all,yearly,national,['avg_eff_no_outliers $ transport_data_system_9th'],1,3668778329.1297708,avg_eff_no_outliers $ transport_data_system_9th,282213717.625367,single_datapoint,no_comment
8878,2016,11_MEX,new_vehicle_efficiency,ldv,km_per_pj,road,passenger,lpg,all,yearly,national,['avg_eff_no_outliers $ transport_data_system_9th'],1,4713924488.084526,avg_eff_no_outliers $ transport_data_system_9th,362609576.006502,single_datapoint,no_comment
8879,2016,11_MEX,turnover_rate,ldv,%,road,freight,lpg,all,yearly,national,['manually_inputted_data $ guess'],1,0.42,manually_inputted_data $ guess,0.03,manual,no_comment
8880,2016,11_MEX,turnover_rate,ldv,%,road,passenger,lpg,all,yearly,national,['manually_inputted_data $ guess'],1,0.42,manually_inputted_data $ guess,0.03,manual,no_comment
8881,2017,11_MEX,activity,ldv,passenger_km_or_freight_tonne_km,road,freight,lpg,all,yearly,national,"['8th_edition_transport_model $ reference', 'estimated $ calculate_energy_and_activity()']",2,141191926.305953,estimated $ calculate_energy_and_activity(),32488650.0,manual,no_comment
8882,2017,11_MEX,activity,ldv,passenger_km_or_freight_tonne_km,road,passenger,lpg,all,yearly,national,"['8th_edition_transport_model $ reference', 'estimated $ calculate_energy_and_activity()']",2,10179079321.118721,8th_edition_transport_model $ reference,4679449321.118721,manual,no_comment
8883,2017,11_MEX,energy,ldv,pj,road,freight,lpg,all,yearly,national,"['8th_edition_transport_model $ reference', 'estimated $ calculate_energy_and_activity()']",2,1.4739526625936554,estimated $ calculate_energy_and_activity(),0.35384294043501324,manual,no_comment
8884,2017,11_MEX,energy,ldv,pj,road,passenger,lpg,all,yearly,national,"['8th_edition_transport_model $ reference', 'estimated $ calculate_energy_and_activity()']",2,21.517475222554495,estimated $ calculate_energy_and_activity(),10.539903395207926,manual,no_comment
8885,2017,11_MEX,new_vehicle_efficiency,ldv,km_per_pj,road,freight,lpg,all,yearly,national,['avg_eff_no_outliers $ transport_data_system_9th'],1,3668778329.1297708,avg_eff_no_outliers $ transport_data_system_9th,282213717.625367,single_datapoint,no_comment
8886,2017,11_MEX,new_vehicle_efficiency,ldv,km_per_pj,road,passenger,lpg,all,yearly,national,['avg_eff_no_outliers $ transport_data_system_9th'],1,4713924488.084526,avg_eff_no_outliers $ transport_data_system_9th,362609576.006502,single_datapoint,no_comment
8887,2017,11_MEX,travel_km,ldv,km,road,freight,lpg,all,yearly,national,['estimated $ calculate_energy_and_activity()'],1,89010000.0,estimated $ calculate_energy_and_activity(),89010000.0,single_datapoint,no_comment
8888,2017,11_MEX,travel_km,ldv,km,road,passenger,lpg,all,yearly,national,['estimated $ calculate_energy_and_activity()'],1,3666420000.0,estimated $ calculate_energy_and_activity(),3666420000.0,single_datapoint,no_comment
8889,2017,11_MEX,turnover_rate,ldv,%,road,freight,lpg,all,yearly,national,"['manually_inputted_data $ guess', 'turnover_rate_est']",2,0.42,manually_inputted_data $ guess,0.03,manual,no_comment
8890,2017,11_MEX,turnover_rate,ldv,%,road,passenger,lpg,all,yearly,national,"['manually_inputted_data $ guess', 'turnover_rate_est']",2,0.42,manually_inputted_data $ guess,0.03,manual,no_comment
8891,2018,11_MEX,new_vehicle_efficiency,ldv,km_per_pj,road,freight,lpg,all,yearly,national,['avg_eff_no_outliers $ transport_data_system_9th'],1,3668778329.1297708,avg_eff_no_outliers $ transport_data_system_9th,282213717.625367,single_datapoint,no_comment
8892,2018,11_MEX,new_vehicle_efficiency,ldv,km_per_pj,road,passenger,lpg,all,yearly,national,['avg_eff_no_outliers $ transport_data_system_9th'],1,4713924488.084526,avg_eff_no_outliers $ transport_data_system_9th,362609576.006502,single_datapoint,no_comment
8893,2018,11_MEX,turnover_rate,ldv,%,road,freight,lpg,all,yearly,national,['manually_inputted_data $ guess'],1,0.42,manually_inputted_data $ guess,0.03,manual,no_comment
8894,2018,11_MEX,turnover_rate,ldv,%,road,passenger,lpg,all,yearly,national,['manually_inputted_data $ guess'],1,0.42,manually_inputted_data $ guess,0.03,manual,no_comment
8895,2019,11_MEX,new_vehicle_efficiency,ldv,km_per_pj,road,freight,lpg,all,yearly,national,['avg_eff_no_outliers $ transport_data_system_9th'],1,3668778329.1297708,avg_eff_no_outliers $ transport_data_system_9th,282213717.625367,single_datapoint,no_comment
8896,2019,11_MEX,new_vehicle_efficiency,ldv,km_per_pj,road,passenger,lpg,all,yearly,national,['avg_eff_no_outliers $ transport_data_system_9th'],1,4713924488.084526,avg_eff_no_outliers $ transport_data_system_9th,362609576.006502,single_datapoint,no_comment
8897,2019,11_MEX,turnover_rate,ldv,%,road,freight,lpg,all,yearly,national,['manually_inputted_data $ guess'],1,0.42,manually_inputted_data $ guess,0.03,manual,no_comment
8898,2019,11_MEX,turnover_rate,ldv,%,road,passenger,lpg,all,yearly,national,['manually_inputted_data $ guess'],1,0.42,manually_inputted_data $ guess,0.03,manual,no_comment
8899,2020,11_MEX,new_vehicle_efficiency,ldv,km_per_pj,road,freight,lpg,all,yearly,national,['avg_eff_no_outliers $ transport_data_system_9th'],1,3668778329.1297708,avg_eff_no_outliers $ transport_data_system_9th,282213717.625367,single_datapoint,no_comment
8900,2020,11_MEX,new_vehicle_efficiency,ldv,km_per_pj,road,passenger,lpg,all,yearly,national,['avg_eff_no_outliers $ transport_data_system_9th'],1,4713924488.084526,avg_eff_no_outliers $ transport_data_system_9th,362609576.006502,single_datapoint,no_comment
8901,2020,11_MEX,turnover_rate,ldv,%,road,freight,lpg,all,yearly,national,['manually_inputted_data $ guess'],1,0.42,manually_inputted_data $ guess,0.03,manual,no_comment
8902,2020,11_MEX,turnover_rate,ldv,%,road,passenger,lpg,all,yearly,national,['manually_inputted_data $ guess'],1,0.42,manually_inputted_data $ guess,0.03,manual,no_comment
8903,2021,11_MEX,new_vehicle_efficiency,ldv,km_per_pj,road,freight,lpg,all,yearly,national,['avg_eff_no_outliers $ transport_data_system_9th'],1,3668778329.1297708,avg_eff_no_outliers $ transport_data_system_9th,282213717.625367,single_datapoint,no_comment
8904,2021,11_MEX,new_vehicle_efficiency,ldv,km_per_pj,road,passenger,lpg,all,yearly,national,['avg_eff_no_outliers $ transport_data_system_9th'],1,4713924488.084526,avg_eff_no_outliers $ transport_data_system_9th,362609576.006502,single_datapoint,no_comment
8905,2021,11_MEX,turnover_rate,ldv,%,road,freight,lpg,all,yearly,national,['manually_inputted_data $ guess'],1,0.42,manually_inputted_data $ guess,0.03,manual,no_comment
8906,2021,11_MEX,turnover_rate,ldv,%,road,passenger,lpg,all,yearly,national,['manually_inputted_data $ guess'],1,0.42,manually_inputted_data $ guess,0.03,manual,no_comment
8907,2022,11_MEX,new_vehicle_efficiency,ldv,km_per_pj,road,freight,lpg,all,yearly,national,['avg_eff_no_outliers $ transport_data_system_9th'],1,3668778329.1297708,avg_eff_no_outliers $ transport_data_system_9th,282213717.625367,single_datapoint,no_comment
8908,2022,11_MEX,new_vehicle_efficiency,ldv,km_per_pj,road,passenger,lpg,all,yearly,national,['avg_eff_no_outliers $ transport_data_system_9th'],1,4713924488.084526,avg_eff_no_outliers $ transport_data_system_9th,362609576.006502,single_datapoint,no_comment
8909,2022,11_MEX,turnover_rate,ldv,%,road,freight,lpg,all,yearly,national,['manually_inputted_data $ guess'],1,0.42,manually_inputted_data $ guess,0.03,manual,no_comment
8910,2022,11_MEX,turnover_rate,ldv,%,road,passenger,lpg,all,yearly,national,['manually_inputted_data $ guess'],1,0.42,manually_inputted_data $ guess,0.03,manual,no_comment
8911,2010,11_MEX,new_vehicle_efficiency,ldv,km_per_pj,road,freight,phev,all,yearly,national,['avg_eff_no_outliers $ transport_data_system_9th'],1,8979606259.303562,avg_eff_no_outliers $ transport_data_system_9th,690738943.023351,single_datapoint,no_comment
8912,2010,11_MEX,new_vehicle_efficiency,ldv,km_per_pj,road,passenger,phev,all,yearly,national,['avg_eff_no_outliers $ transport_data_system_9th'],1,5974718100.659283,avg_eff_no_outliers $ transport_data_system_9th,459593700.050714,single_datapoint,no_comment
8913,2010,11_MEX,turnover_rate,ldv,%,road,freight,phev,all,yearly,national,['manually_inputted_data $ guess'],1,0.39,manually_inputted_data $ guess,0.03,single_datapoint,no_comment
8914,2010,11_MEX,turnover_rate,ldv,%,road,passenger,phev,all,yearly,national,['manually_inputted_data $ guess'],1,0.39,manually_inputted_data $ guess,0.03,single_datapoint,no_comment
8915,2011,11_MEX,new_vehicle_efficiency,ldv,km_per_pj,road,freight,phev,all,yearly,national,['avg_eff_no_outliers $ transport_data_system_9th'],1,8979606259.303562,avg_eff_no_outliers $ transport_data_system_9th,690738943.023351,single_datapoint,no_comment
8916,2011,11_MEX,new_vehicle_efficiency,ldv,km_per_pj,road,passenger,phev,all,yearly,national,['avg_eff_no_outliers $ transport_data_system_9th'],1,5974718100.659283,avg_eff_no_outliers $ transport_data_system_9th,459593700.050714,single_datapoint,no_comment
8917,2011,11_MEX,turnover_rate,ldv,%,road,freight,phev,all,yearly,national,['manually_inputted_data $ guess'],1,0.39,manually_inputted_data $ guess,0.03,single_datapoint,no_comment
8918,2011,11_MEX,turnover_rate,ldv,%,road,passenger,phev,all,yearly,national,['manually_inputted_data $ guess'],1,0.39,manually_inputted_data $ guess,0.03,single_datapoint,no_comment
8919,2012,11_MEX,new_vehicle_efficiency,ldv,km_per_pj,road,freight,phev,all,yearly,national,['avg_eff_no_outliers $ transport_data_system_9th'],1,8979606259.303562,avg_eff_no_outliers $ transport_data_system_9th,690738943.023351,single_datapoint,no_comment
8920,2012,11_MEX,new_vehicle_efficiency,ldv,km_per_pj,road,passenger,phev,all,yearly,national,['avg_eff_no_outliers $ transport_data_system_9th'],1,5974718100.659283,avg_eff_no_outliers $ transport_data_system_9th,459593700.050714,single_datapoint,no_comment
8921,2012,11_MEX,turnover_rate,ldv,%,road,freight,phev,all,yearly,national,['manually_inputted_data $ guess'],1,0.39,manually_inputted_data $ guess,0.03,single_datapoint,no_comment
8922,2012,11_MEX,turnover_rate,ldv,%,road,passenger,phev,all,yearly,national,['manually_inputted_data $ guess'],1,0.39,manually_inputted_data $ guess,0.03,single_datapoint,no_comment
8923,2013,11_MEX,new_vehicle_efficiency,ldv,km_per_pj,road,freight,phev,all,yearly,national,['avg_eff_no_outliers $ transport_data_system_9th'],1,8979606259.303562,avg_eff_no_outliers $ transport_data_system_9th,690738943.023351,single_datapoint,no_comment
8924,2013,11_MEX,new_vehicle_efficiency,ldv,km_per_pj,road,passenger,phev,all,yearly,national,['avg_eff_no_outliers $ transport_data_system_9th'],1,5974718100.659283,avg_eff_no_outliers $ transport_data_system_9th,459593700.050714,single_datapoint,no_comment
8925,2013,11_MEX,turnover_rate,ldv,%,road,freight,phev,all,yearly,national,['manually_inputted_data $ guess'],1,0.39,manually_inputted_data $ guess,0.03,single_datapoint,no_comment
8926,2013,11_MEX,turnover_rate,ldv,%,road,passenger,phev,all,yearly,national,['manually_inputted_data $ guess'],1,0.39,manually_inputted_data $ guess,0.03,single_datapoint,no_comment
8927,2014,11_MEX,new_vehicle_efficiency,ldv,km_per_pj,road,freight,phev,all,yearly,national,['avg_eff_no_outliers $ transport_data_system_9th'],1,8979606259.303562,avg_eff_no_outliers $ transport_data_system_9th,690738943.023351,single_datapoint,no_comment
8928,2014,11_MEX,new_vehicle_efficiency,ldv,km_per_pj,road,passenger,phev,all,yearly,national,['avg_eff_no_outliers $ transport_data_system_9th'],1,5974718100.659283,avg_eff_no_outliers $ transport_data_system_9th,459593700.050714,single_datapoint,no_comment
8929,2014,11_MEX,turnover_rate,ldv,%,road,freight,phev,all,yearly,national,['manually_inputted_data $ guess'],1,0.39,manually_inputted_data $ guess,0.03,single_datapoint,no_comment
8930,2014,11_MEX,turnover_rate,ldv,%,road,passenger,phev,all,yearly,national,['manually_inputted_data $ guess'],1,0.39,manually_inputted_data $ guess,0.03,single_datapoint,no_comment
8931,2015,11_MEX,activity,ldv,passenger_km_or_freight_tonne_km,road,passenger,phev,all,yearly,national,['estimated $ calculate_energy_and_activity()'],1,896332500.0,estimated $ calculate_energy_and_activity(),157500.0,single_datapoint,no_comment
8932,2015,11_MEX,energy,ldv,pj,road,passenger,phev,all,yearly,national,['estimated $ calculate_energy_and_activity()'],1,0.9815993294078961,estimated $ calculate_energy_and_activity(),0.0001724827498520288,single_datapoint,no_comment
8933,2015,11_MEX,new_vehicle_efficiency,ldv,km_per_pj,road,freight,phev,all,yearly,national,['avg_eff_no_outliers $ transport_data_system_9th'],1,8979606259.303562,avg_eff_no_outliers $ transport_data_system_9th,690738943.023351,single_datapoint,no_comment
8934,2015,11_MEX,new_vehicle_efficiency,ldv,km_per_pj,road,passenger,phev,all,yearly,national,['avg_eff_no_outliers $ transport_data_system_9th'],1,5974718100.659283,avg_eff_no_outliers $ transport_data_system_9th,459593700.050714,single_datapoint,no_comment
8935,2015,11_MEX,travel_km,ldv,km,road,passenger,phev,all,yearly,national,['estimated $ calculate_energy_and_activity()'],1,597555000.0,estimated $ calculate_energy_and_activity(),105000.0,single_datapoint,no_comment
8936,2015,11_MEX,turnover_rate,ldv,%,road,freight,phev,all,yearly,national,['manually_inputted_data $ guess'],1,0.39,manually_inputted_data $ guess,0.03,single_datapoint,no_comment
8937,2015,11_MEX,turnover_rate,ldv,%,road,passenger,phev,all,yearly,national,['manually_inputted_data $ guess'],1,0.39,manually_inputted_data $ guess,0.03,single_datapoint,no_comment
8938,2016,11_MEX,activity,ldv,passenger_km_or_freight_tonne_km,road,passenger,phev,all,yearly,national,['estimated $ calculate_energy_and_activity()'],1,896332500.0,estimated $ calculate_energy_and_activity(),11925000.0,single_datapoint,no_comment
8939,2016,11_MEX,energy,ldv,pj,road,passenger,phev,all,yearly,national,['estimated $ calculate_energy_and_activity()'],1,0.9815993294078961,estimated $ calculate_energy_and_activity(),0.013059408203082183,single_datapoint,no_comment
8940,2016,11_MEX,new_vehicle_efficiency,ldv,km_per_pj,road,freight,phev,all,yearly,national,['avg_eff_no_outliers $ transport_data_system_9th'],1,8979606259.303562,avg_eff_no_outliers $ transport_data_system_9th,690738943.023351,single_datapoint,no_comment
8941,2016,11_MEX,new_vehicle_efficiency,ldv,km_per_pj,road,passenger,phev,all,yearly,national,['avg_eff_no_outliers $ transport_data_system_9th'],1,5974718100.659283,avg_eff_no_outliers $ transport_data_system_9th,459593700.050714,single_datapoint,no_comment
8942,2016,11_MEX,travel_km,ldv,km,road,passenger,phev,all,yearly,national,['estimated $ calculate_energy_and_activity()'],1,597555000.0,estimated $ calculate_energy_and_activity(),7950000.0,single_datapoint,no_comment
8943,2016,11_MEX,turnover_rate,ldv,%,road,freight,phev,all,yearly,national,['manually_inputted_data $ guess'],1,0.39,manually_inputted_data $ guess,0.03,single_datapoint,no_comment
8944,2016,11_MEX,turnover_rate,ldv,%,road,passenger,phev,all,yearly,national,['manually_inputted_data $ guess'],1,0.39,manually_inputted_data $ guess,0.03,single_datapoint,no_comment
8945,2017,11_MEX,activity,ldv,passenger_km_or_freight_tonne_km,road,passenger,phev,all,yearly,national,['estimated $ calculate_energy_and_activity()'],1,896332500.0,estimated $ calculate_energy_and_activity(),33750000.0,single_datapoint,no_comment
8946,2017,11_MEX,energy,ldv,pj,road,passenger,phev,all,yearly,national,['estimated $ calculate_energy_and_activity()'],1,0.9815993294078961,estimated $ calculate_energy_and_activity(),0.03696058925400618,single_datapoint,no_comment
8947,2017,11_MEX,new_vehicle_efficiency,ldv,km_per_pj,road,freight,phev,all,yearly,national,['avg_eff_no_outliers $ transport_data_system_9th'],1,8979606259.303562,avg_eff_no_outliers $ transport_data_system_9th,690738943.023351,single_datapoint,no_comment
8948,2017,11_MEX,new_vehicle_efficiency,ldv,km_per_pj,road,passenger,phev,all,yearly,national,['avg_eff_no_outliers $ transport_data_system_9th'],1,5974718100.659283,avg_eff_no_outliers $ transport_data_system_9th,459593700.050714,single_datapoint,no_comment
8949,2017,11_MEX,travel_km,ldv,km,road,passenger,phev,all,yearly,national,['estimated $ calculate_energy_and_activity()'],1,597555000.0,estimated $ calculate_energy_and_activity(),22500000.0,single_datapoint,no_comment
8950,2017,11_MEX,turnover_rate,ldv,%,road,freight,phev,all,yearly,national,['manually_inputted_data $ guess'],1,0.39,manually_inputted_data $ guess,0.03,single_datapoint,no_comment
8951,2017,11_MEX,turnover_rate,ldv,%,road,passenger,phev,all,yearly,national,['manually_inputted_data $ guess'],1,0.39,manually_inputted_data $ guess,0.03,single_datapoint,no_comment
8952,2018,11_MEX,activity,ldv,passenger_km_or_freight_tonne_km,road,passenger,phev,all,yearly,national,['estimated $ calculate_energy_and_activity()'],1,896332500.0,estimated $ calculate_energy_and_activity(),69750000.0,single_datapoint,no_comment
8953,2018,11_MEX,energy,ldv,pj,road,passenger,phev,all,yearly,national,['estimated $ calculate_energy_and_activity()'],1,0.9815993294078961,estimated $ calculate_energy_and_activity(),0.07638521779161277,single_datapoint,no_comment
8954,2018,11_MEX,new_vehicle_efficiency,ldv,km_per_pj,road,freight,phev,all,yearly,national,['avg_eff_no_outliers $ transport_data_system_9th'],1,8979606259.303562,avg_eff_no_outliers $ transport_data_system_9th,690738943.023351,single_datapoint,no_comment
8955,2018,11_MEX,new_vehicle_efficiency,ldv,km_per_pj,road,passenger,phev,all,yearly,national,['avg_eff_no_outliers $ transport_data_system_9th'],1,5974718100.659283,avg_eff_no_outliers $ transport_data_system_9th,459593700.050714,single_datapoint,no_comment
8956,2018,11_MEX,travel_km,ldv,km,road,passenger,phev,all,yearly,national,['estimated $ calculate_energy_and_activity()'],1,597555000.0,estimated $ calculate_energy_and_activity(),46500000.0,single_datapoint,no_comment
8957,2018,11_MEX,turnover_rate,ldv,%,road,freight,phev,all,yearly,national,['manually_inputted_data $ guess'],1,0.39,manually_inputted_data $ guess,0.03,single_datapoint,no_comment
8958,2018,11_MEX,turnover_rate,ldv,%,road,passenger,phev,all,yearly,national,['manually_inputted_data $ guess'],1,0.39,manually_inputted_data $ guess,0.03,single_datapoint,no_comment
8959,2019,11_MEX,activity,ldv,passenger_km_or_freight_tonne_km,road,passenger,phev,all,yearly,national,['estimated $ calculate_energy_and_activity()'],1,896332500.0,estimated $ calculate_energy_and_activity(),99000000.0,single_datapoint,no_comment
8960,2019,11_MEX,energy,ldv,pj,road,passenger,phev,all,yearly,national,['estimated $ calculate_energy_and_activity()'],1,0.9815993294078961,estimated $ calculate_energy_and_activity(),0.10841772847841812,single_datapoint,no_comment
8961,2019,11_MEX,new_vehicle_efficiency,ldv,km_per_pj,road,freight,phev,all,yearly,national,['avg_eff_no_outliers $ transport_data_system_9th'],1,8979606259.303562,avg_eff_no_outliers $ transport_data_system_9th,690738943.023351,single_datapoint,no_comment
8962,2019,11_MEX,new_vehicle_efficiency,ldv,km_per_pj,road,passenger,phev,all,yearly,national,['avg_eff_no_outliers $ transport_data_system_9th'],1,5974718100.659283,avg_eff_no_outliers $ transport_data_system_9th,459593700.050714,single_datapoint,no_comment
8963,2019,11_MEX,travel_km,ldv,km,road,passenger,phev,all,yearly,national,['estimated $ calculate_energy_and_activity()'],1,597555000.0,estimated $ calculate_energy_and_activity(),66000000.0,single_datapoint,no_comment
8964,2019,11_MEX,turnover_rate,ldv,%,road,freight,phev,all,yearly,national,['manually_inputted_data $ guess'],1,0.39,manually_inputted_data $ guess,0.03,single_datapoint,no_comment
8965,2019,11_MEX,turnover_rate,ldv,%,road,passenger,phev,all,yearly,national,['manually_inputted_data $ guess'],1,0.39,manually_inputted_data $ guess,0.03,single_datapoint,no_comment
8966,2020,11_MEX,activity,ldv,passenger_km_or_freight_tonne_km,road,passenger,phev,all,yearly,national,['estimated $ calculate_energy_and_activity()'],1,896332500.0,estimated $ calculate_energy_and_activity(),144000000.0,single_datapoint,no_comment
8967,2020,11_MEX,energy,ldv,pj,road,passenger,phev,all,yearly,national,['estimated $ calculate_energy_and_activity()'],1,0.9815993294078961,estimated $ calculate_energy_and_activity(),0.15769851415042635,single_datapoint,no_comment
8968,2020,11_MEX,new_vehicle_efficiency,ldv,km_per_pj,road,freight,phev,all,yearly,national,['avg_eff_no_outliers $ transport_data_system_9th'],1,8979606259.303562,avg_eff_no_outliers $ transport_data_system_9th,690738943.023351,single_datapoint,no_comment
8969,2020,11_MEX,new_vehicle_efficiency,ldv,km_per_pj,road,passenger,phev,all,yearly,national,['avg_eff_no_outliers $ transport_data_system_9th'],1,5974718100.659283,avg_eff_no_outliers $ transport_data_system_9th,459593700.050714,single_datapoint,no_comment
8970,2020,11_MEX,travel_km,ldv,km,road,passenger,phev,all,yearly,national,['estimated $ calculate_energy_and_activity()'],1,597555000.0,estimated $ calculate_energy_and_activity(),96000000.0,single_datapoint,no_comment
8971,2020,11_MEX,turnover_rate,ldv,%,road,freight,phev,all,yearly,national,['manually_inputted_data $ guess'],1,0.39,manually_inputted_data $ guess,0.03,single_datapoint,no_comment
8972,2020,11_MEX,turnover_rate,ldv,%,road,passenger,phev,all,yearly,national,['manually_inputted_data $ guess'],1,0.39,manually_inputted_data $ guess,0.03,single_datapoint,no_comment
8973,2021,11_MEX,activity,ldv,passenger_km_or_freight_tonne_km,road,passenger,phev,all,yearly,national,['estimated $ calculate_energy_and_activity()'],1,896332500.0,estimated $ calculate_energy_and_activity(),222750000.0,single_datapoint,no_comment
8974,2021,11_MEX,energy,ldv,pj,road,passenger,phev,all,yearly,national,['estimated $ calculate_energy_and_activity()'],1,0.9815993294078961,estimated $ calculate_energy_and_activity(),0.24393988907644076,single_datapoint,no_comment
8975,2021,11_MEX,new_vehicle_efficiency,ldv,km_per_pj,road,freight,phev,all,yearly,national,['avg_eff_no_outliers $ transport_data_system_9th'],1,8979606259.303562,avg_eff_no_outliers $ transport_data_system_9th,690738943.023351,single_datapoint,no_comment
8976,2021,11_MEX,new_vehicle_efficiency,ldv,km_per_pj,road,passenger,phev,all,yearly,national,['avg_eff_no_outliers $ transport_data_system_9th'],1,5974718100.659283,avg_eff_no_outliers $ transport_data_system_9th,459593700.050714,single_datapoint,no_comment
8977,2021,11_MEX,travel_km,ldv,km,road,passenger,phev,all,yearly,national,['estimated $ calculate_energy_and_activity()'],1,597555000.0,estimated $ calculate_energy_and_activity(),148500000.0,single_datapoint,no_comment
8978,2021,11_MEX,turnover_rate,ldv,%,road,freight,phev,all,yearly,national,['manually_inputted_data $ guess'],1,0.39,manually_inputted_data $ guess,0.03,single_datapoint,no_comment
8979,2021,11_MEX,turnover_rate,ldv,%,road,passenger,phev,all,yearly,national,['manually_inputted_data $ guess'],1,0.39,manually_inputted_data $ guess,0.03,single_datapoint,no_comment
8980,2022,11_MEX,activity,ldv,passenger_km_or_freight_tonne_km,road,passenger,phev,all,yearly,national,['estimated $ calculate_energy_and_activity()'],1,896332500.0,estimated $ calculate_energy_and_activity(),315000000.0,single_datapoint,no_comment
8981,2022,11_MEX,energy,ldv,pj,road,passenger,phev,all,yearly,national,['estimated $ calculate_energy_and_activity()'],1,0.9815993294078961,estimated $ calculate_energy_and_activity(),0.34496549970405765,single_datapoint,no_comment
8982,2022,11_MEX,new_vehicle_efficiency,ldv,km_per_pj,road,freight,phev,all,yearly,national,['avg_eff_no_outliers $ transport_data_system_9th'],1,8979606259.303562,avg_eff_no_outliers $ transport_data_system_9th,690738943.023351,single_datapoint,no_comment
8983,2022,11_MEX,new_vehicle_efficiency,ldv,km_per_pj,road,passenger,phev,all,yearly,national,['avg_eff_no_outliers $ transport_data_system_9th'],1,5974718100.659283,avg_eff_no_outliers $ transport_data_system_9th,459593700.050714,single_datapoint,no_comment
8984,2022,11_MEX,travel_km,ldv,km,road,passenger,phev,all,yearly,national,['estimated $ calculate_energy_and_activity()'],1,597555000.0,estimated $ calculate_energy_and_activity(),210000000.0,single_datapoint,no_comment
8985,2022,11_MEX,turnover_rate,ldv,%,road,freight,phev,all,yearly,national,['manually_inputted_data $ guess'],1,0.39,manually_inputted_data $ guess,0.03,single_datapoint,no_comment
8986,2022,11_MEX,turnover_rate,ldv,%,road,passenger,phev,all,yearly,national,['manually_inputted_data $ guess'],1,0.39,manually_inputted_data $ guess,0.03,single_datapoint,no_comment
8987,2010,12_NZ,new_vehicle_efficiency,2w,km_per_pj,road,passenger,bev,all,yearly,national,['avg_eff_no_outliers $ transport_data_system_9th'],1,33137029391.83156,avg_eff_no_outliers $ transport_data_system_9th,2549002260.91012,single_datapoint,no_comment
8988,2010,12_NZ,turnover_rate,2w,%,road,passenger,bev,all,yearly,national,['manually_inputted_data $ guess'],1,0.42,manually_inputted_data $ guess,0.03,manual,no_comment
8989,2011,12_NZ,new_vehicle_efficiency,2w,km_per_pj,road,passenger,bev,all,yearly,national,['avg_eff_no_outliers $ transport_data_system_9th'],1,33137029391.83156,avg_eff_no_outliers $ transport_data_system_9th,2549002260.91012,single_datapoint,no_comment
8990,2011,12_NZ,turnover_rate,2w,%,road,passenger,bev,all,yearly,national,['manually_inputted_data $ guess'],1,0.42,manually_inputted_data $ guess,0.03,manual,no_comment
8991,2012,12_NZ,new_vehicle_efficiency,2w,km_per_pj,road,passenger,bev,all,yearly,national,['avg_eff_no_outliers $ transport_data_system_9th'],1,33137029391.83156,avg_eff_no_outliers $ transport_data_system_9th,2549002260.91012,single_datapoint,no_comment
8992,2012,12_NZ,turnover_rate,2w,%,road,passenger,bev,all,yearly,national,['manually_inputted_data $ guess'],1,0.42,manually_inputted_data $ guess,0.03,manual,no_comment
8993,2013,12_NZ,new_vehicle_efficiency,2w,km_per_pj,road,passenger,bev,all,yearly,national,['avg_eff_no_outliers $ transport_data_system_9th'],1,33137029391.83156,avg_eff_no_outliers $ transport_data_system_9th,2549002260.91012,single_datapoint,no_comment
8994,2013,12_NZ,turnover_rate,2w,%,road,passenger,bev,all,yearly,national,['manually_inputted_data $ guess'],1,0.42,manually_inputted_data $ guess,0.03,manual,no_comment
8995,2014,12_NZ,new_vehicle_efficiency,2w,km_per_pj,road,passenger,bev,all,yearly,national,['avg_eff_no_outliers $ transport_data_system_9th'],1,33137029391.83156,avg_eff_no_outliers $ transport_data_system_9th,2549002260.91012,single_datapoint,no_comment
8996,2014,12_NZ,turnover_rate,2w,%,road,passenger,bev,all,yearly,national,['manually_inputted_data $ guess'],1,0.42,manually_inputted_data $ guess,0.03,manual,no_comment
8997,2015,12_NZ,new_vehicle_efficiency,2w,km_per_pj,road,passenger,bev,all,yearly,national,['avg_eff_no_outliers $ transport_data_system_9th'],1,33137029391.83156,avg_eff_no_outliers $ transport_data_system_9th,2549002260.91012,single_datapoint,no_comment
8998,2015,12_NZ,turnover_rate,2w,%,road,passenger,bev,all,yearly,national,['manually_inputted_data $ guess'],1,0.42,manually_inputted_data $ guess,0.03,manual,no_comment
8999,2016,12_NZ,new_vehicle_efficiency,2w,km_per_pj,road,passenger,bev,all,yearly,national,['avg_eff_no_outliers $ transport_data_system_9th'],1,33137029391.83156,avg_eff_no_outliers $ transport_data_system_9th,2549002260.91012,single_datapoint,no_comment
9000,2016,12_NZ,turnover_rate,2w,%,road,passenger,bev,all,yearly,national,['manually_inputted_data $ guess'],1,0.42,manually_inputted_data $ guess,0.03,manual,no_comment
9001,2017,12_NZ,activity,2w,passenger_km_or_freight_tonne_km,road,passenger,bev,all,yearly,national,"['8th_edition_transport_model $ reference', 'estimated $ calculate_energy_and_activity()']",2,2713347.0,8th_edition_transport_model $ reference,700347.0,manual,no_comment
9002,2017,12_NZ,energy,2w,pj,road,passenger,bev,all,yearly,national,"['8th_edition_transport_model $ reference', 'estimated $ calculate_energy_and_activity()']",2,0.001133065224662738,estimated $ calculate_energy_and_activity(),0.0008266851796479381,manual,no_comment
9003,2017,12_NZ,new_vehicle_efficiency,2w,km_per_pj,road,passenger,bev,all,yearly,national,['avg_eff_no_outliers $ transport_data_system_9th'],1,33137029391.83156,avg_eff_no_outliers $ transport_data_system_9th,2549002260.91012,single_datapoint,no_comment
9004,2017,12_NZ,travel_km,2w,km,road,passenger,bev,all,yearly,national,['estimated $ calculate_energy_and_activity()'],1,1830000.0,estimated $ calculate_energy_and_activity(),1830000.0,single_datapoint,no_comment
9005,2017,12_NZ,turnover_rate,2w,%,road,passenger,bev,all,yearly,national,"['manually_inputted_data $ guess', 'turnover_rate_est']",2,0.42,manually_inputted_data $ guess,0.03,manual,no_comment
9006,2018,12_NZ,new_vehicle_efficiency,2w,km_per_pj,road,passenger,bev,all,yearly,national,['avg_eff_no_outliers $ transport_data_system_9th'],1,33137029391.83156,avg_eff_no_outliers $ transport_data_system_9th,2549002260.91012,single_datapoint,no_comment
9007,2018,12_NZ,turnover_rate,2w,%,road,passenger,bev,all,yearly,national,['manually_inputted_data $ guess'],1,0.42,manually_inputted_data $ guess,0.03,manual,no_comment
9008,2019,12_NZ,new_vehicle_efficiency,2w,km_per_pj,road,passenger,bev,all,yearly,national,['avg_eff_no_outliers $ transport_data_system_9th'],1,33137029391.83156,avg_eff_no_outliers $ transport_data_system_9th,2549002260.91012,single_datapoint,no_comment
9009,2019,12_NZ,turnover_rate,2w,%,road,passenger,bev,all,yearly,national,['manually_inputted_data $ guess'],1,0.42,manually_inputted_data $ guess,0.03,manual,no_comment
9010,2020,12_NZ,new_vehicle_efficiency,2w,km_per_pj,road,passenger,bev,all,yearly,national,['avg_eff_no_outliers $ transport_data_system_9th'],1,33137029391.83156,avg_eff_no_outliers $ transport_data_system_9th,2549002260.91012,single_datapoint,no_comment
9011,2020,12_NZ,turnover_rate,2w,%,road,passenger,bev,all,yearly,national,['manually_inputted_data $ guess'],1,0.42,manually_inputted_data $ guess,0.03,manual,no_comment
9012,2021,12_NZ,new_vehicle_efficiency,2w,km_per_pj,road,passenger,bev,all,yearly,national,['avg_eff_no_outliers $ transport_data_system_9th'],1,33137029391.83156,avg_eff_no_outliers $ transport_data_system_9th,2549002260.91012,single_datapoint,no_comment
9013,2021,12_NZ,turnover_rate,2w,%,road,passenger,bev,all,yearly,national,['manually_inputted_data $ guess'],1,0.42,manually_inputted_data $ guess,0.03,manual,no_comment
9014,2022,12_NZ,new_vehicle_efficiency,2w,km_per_pj,road,passenger,bev,all,yearly,national,['avg_eff_no_outliers $ transport_data_system_9th'],1,33137029391.83156,avg_eff_no_outliers $ transport_data_system_9th,2549002260.91012,single_datapoint,no_comment
9015,2022,12_NZ,turnover_rate,2w,%,road,passenger,bev,all,yearly,national,['manually_inputted_data $ guess'],1,0.42,manually_inputted_data $ guess,0.03,manual,no_comment
9016,2010,12_NZ,activity,2w,passenger_km_or_freight_tonne_km,road,passenger,ice,all,yearly,national,['estimated $ calculate_energy_and_activity()'],1,14530972500.0,estimated $ calculate_energy_and_activity(),1155181500.0,single_datapoint,no_comment
9017,2010,12_NZ,energy,2w,pj,road,passenger,ice,all,yearly,national,['estimated $ calculate_energy_and_activity()'],1,20.88618412353508,estimated $ calculate_energy_and_activity(),1.6604073474849286,single_datapoint,no_comment
9018,2010,12_NZ,new_vehicle_efficiency,2w,km_per_pj,road,passenger,ice,all,yearly,national,['avg_eff_no_outliers $ transport_data_system_9th'],1,7669072338.574219,avg_eff_no_outliers $ transport_data_system_9th,589928641.428786,single_datapoint,no_comment
9019,2010,12_NZ,travel_km,2w,km,road,passenger,ice,all,yearly,national,['estimated $ calculate_energy_and_activity()'],1,13209975000.0,estimated $ calculate_energy_and_activity(),1050165000.0,single_datapoint,no_comment
9020,2010,12_NZ,turnover_rate,2w,%,road,passenger,ice,all,yearly,national,['manually_inputted_data $ guess'],1,0.39,manually_inputted_data $ guess,0.03,single_datapoint,no_comment
9021,2011,12_NZ,activity,2w,passenger_km_or_freight_tonne_km,road,passenger,ice,all,yearly,national,['estimated $ calculate_energy_and_activity()'],1,14530972500.0,estimated $ calculate_energy_and_activity(),1159908750.0,single_datapoint,no_comment
9022,2011,12_NZ,energy,2w,pj,road,passenger,ice,all,yearly,national,['estimated $ calculate_energy_and_activity()'],1,20.88618412353508,estimated $ calculate_energy_and_activity(),1.667202089811912,single_datapoint,no_comment
9023,2011,12_NZ,new_vehicle_efficiency,2w,km_per_pj,road,passenger,ice,all,yearly,national,['avg_eff_no_outliers $ transport_data_system_9th'],1,7669072338.574219,avg_eff_no_outliers $ transport_data_system_9th,589928641.428786,single_datapoint,no_comment
9024,2011,12_NZ,travel_km,2w,km,road,passenger,ice,all,yearly,national,['estimated $ calculate_energy_and_activity()'],1,13209975000.0,estimated $ calculate_energy_and_activity(),1054462500.0,single_datapoint,no_comment
9025,2011,12_NZ,turnover_rate,2w,%,road,passenger,ice,all,yearly,national,['manually_inputted_data $ guess'],1,0.39,manually_inputted_data $ guess,0.03,single_datapoint,no_comment
9026,2012,12_NZ,activity,2w,passenger_km_or_freight_tonne_km,road,passenger,ice,all,yearly,national,['estimated $ calculate_energy_and_activity()'],1,14530972500.0,estimated $ calculate_energy_and_activity(),1182406500.0,single_datapoint,no_comment
9027,2012,12_NZ,energy,2w,pj,road,passenger,ice,all,yearly,national,['estimated $ calculate_energy_and_activity()'],1,20.88618412353508,estimated $ calculate_energy_and_activity(),1.6995393713576075,single_datapoint,no_comment
9028,2012,12_NZ,new_vehicle_efficiency,2w,km_per_pj,road,passenger,ice,all,yearly,national,['avg_eff_no_outliers $ transport_data_system_9th'],1,7669072338.574219,avg_eff_no_outliers $ transport_data_system_9th,589928641.428786,single_datapoint,no_comment
9029,2012,12_NZ,travel_km,2w,km,road,passenger,ice,all,yearly,national,['estimated $ calculate_energy_and_activity()'],1,13209975000.0,estimated $ calculate_energy_and_activity(),1074915000.0,single_datapoint,no_comment
9030,2012,12_NZ,turnover_rate,2w,%,road,passenger,ice,all,yearly,national,['manually_inputted_data $ guess'],1,0.39,manually_inputted_data $ guess,0.03,single_datapoint,no_comment
9031,2013,12_NZ,activity,2w,passenger_km_or_freight_tonne_km,road,passenger,ice,all,yearly,national,['estimated $ calculate_energy_and_activity()'],1,14530972500.0,estimated $ calculate_energy_and_activity(),1216371750.0,single_datapoint,no_comment
9032,2013,12_NZ,energy,2w,pj,road,passenger,ice,all,yearly,national,['estimated $ calculate_energy_and_activity()'],1,20.88618412353508,estimated $ calculate_energy_and_activity(),1.7483595356860377,single_datapoint,no_comment
9033,2013,12_NZ,new_vehicle_efficiency,2w,km_per_pj,road,passenger,ice,all,yearly,national,['avg_eff_no_outliers $ transport_data_system_9th'],1,7669072338.574219,avg_eff_no_outliers $ transport_data_system_9th,589928641.428786,single_datapoint,no_comment
9034,2013,12_NZ,travel_km,2w,km,road,passenger,ice,all,yearly,national,['estimated $ calculate_energy_and_activity()'],1,13209975000.0,estimated $ calculate_energy_and_activity(),1105792500.0,single_datapoint,no_comment
9035,2013,12_NZ,turnover_rate,2w,%,road,passenger,ice,all,yearly,national,['manually_inputted_data $ guess'],1,0.39,manually_inputted_data $ guess,0.03,single_datapoint,no_comment
9036,2014,12_NZ,activity,2w,passenger_km_or_freight_tonne_km,road,passenger,ice,all,yearly,national,['estimated $ calculate_energy_and_activity()'],1,14530972500.0,estimated $ calculate_energy_and_activity(),1259255250.0,single_datapoint,no_comment
9037,2014,12_NZ,energy,2w,pj,road,passenger,ice,all,yearly,national,['estimated $ calculate_energy_and_activity()'],1,20.88618412353508,estimated $ calculate_energy_and_activity(),1.8099984023800335,single_datapoint,no_comment
9038,2014,12_NZ,new_vehicle_efficiency,2w,km_per_pj,road,passenger,ice,all,yearly,national,['avg_eff_no_outliers $ transport_data_system_9th'],1,7669072338.574219,avg_eff_no_outliers $ transport_data_system_9th,589928641.428786,single_datapoint,no_comment
9039,2014,12_NZ,travel_km,2w,km,road,passenger,ice,all,yearly,national,['estimated $ calculate_energy_and_activity()'],1,13209975000.0,estimated $ calculate_energy_and_activity(),1144777500.0,single_datapoint,no_comment
9040,2014,12_NZ,turnover_rate,2w,%,road,passenger,ice,all,yearly,national,['manually_inputted_data $ guess'],1,0.39,manually_inputted_data $ guess,0.03,single_datapoint,no_comment
9041,2015,12_NZ,activity,2w,passenger_km_or_freight_tonne_km,road,passenger,ice,all,yearly,national,['estimated $ calculate_energy_and_activity()'],1,14530972500.0,estimated $ calculate_energy_and_activity(),1307113500.0,single_datapoint,no_comment
9042,2015,12_NZ,energy,2w,pj,road,passenger,ice,all,yearly,national,['estimated $ calculate_energy_and_activity()'],1,20.88618412353508,estimated $ calculate_energy_and_activity(),1.8787877570725822,single_datapoint,no_comment
9043,2015,12_NZ,new_vehicle_efficiency,2w,km_per_pj,road,passenger,ice,all,yearly,national,['avg_eff_no_outliers $ transport_data_system_9th'],1,7669072338.574219,avg_eff_no_outliers $ transport_data_system_9th,589928641.428786,single_datapoint,no_comment
9044,2015,12_NZ,travel_km,2w,km,road,passenger,ice,all,yearly,national,['estimated $ calculate_energy_and_activity()'],1,13209975000.0,estimated $ calculate_energy_and_activity(),1188285000.0,single_datapoint,no_comment
9045,2015,12_NZ,turnover_rate,2w,%,road,passenger,ice,all,yearly,national,['manually_inputted_data $ guess'],1,0.39,manually_inputted_data $ guess,0.03,single_datapoint,no_comment
9046,2016,12_NZ,activity,2w,passenger_km_or_freight_tonne_km,road,passenger,ice,all,yearly,national,['estimated $ calculate_energy_and_activity()'],1,14530972500.0,estimated $ calculate_energy_and_activity(),1352249250.0,single_datapoint,no_comment
9047,2016,12_NZ,energy,2w,pj,road,passenger,ice,all,yearly,national,['estimated $ calculate_energy_and_activity()'],1,20.88618412353508,estimated $ calculate_energy_and_activity(),1.9436639093778632,single_datapoint,no_comment
9048,2016,12_NZ,new_vehicle_efficiency,2w,km_per_pj,road,passenger,ice,all,yearly,national,['avg_eff_no_outliers $ transport_data_system_9th'],1,7669072338.574219,avg_eff_no_outliers $ transport_data_system_9th,589928641.428786,single_datapoint,no_comment
9049,2016,12_NZ,travel_km,2w,km,road,passenger,ice,all,yearly,national,['estimated $ calculate_energy_and_activity()'],1,13209975000.0,estimated $ calculate_energy_and_activity(),1229317500.0,single_datapoint,no_comment
9050,2016,12_NZ,turnover_rate,2w,%,road,passenger,ice,all,yearly,national,['manually_inputted_data $ guess'],1,0.39,manually_inputted_data $ guess,0.03,single_datapoint,no_comment
9051,2017,12_NZ,activity,2w,passenger_km_or_freight_tonne_km,road,passenger,ice,all,yearly,national,['estimated $ calculate_energy_and_activity()'],1,14530972500.0,estimated $ calculate_energy_and_activity(),1400561250.0,single_datapoint,no_comment
9052,2017,12_NZ,energy,2w,pj,road,passenger,ice,all,yearly,national,['estimated $ calculate_energy_and_activity()'],1,20.88618412353508,estimated $ calculate_energy_and_activity(),2.01310546446829,single_datapoint,no_comment
9053,2017,12_NZ,new_vehicle_efficiency,2w,km_per_pj,road,passenger,ice,all,yearly,national,['avg_eff_no_outliers $ transport_data_system_9th'],1,7669072338.574219,avg_eff_no_outliers $ transport_data_system_9th,589928641.428786,single_datapoint,no_comment
9054,2017,12_NZ,travel_km,2w,km,road,passenger,ice,all,yearly,national,['estimated $ calculate_energy_and_activity()'],1,13209975000.0,estimated $ calculate_energy_and_activity(),1273237500.0,single_datapoint,no_comment
9055,2017,12_NZ,turnover_rate,2w,%,road,passenger,ice,all,yearly,national,['manually_inputted_data $ guess'],1,0.39,manually_inputted_data $ guess,0.03,single_datapoint,no_comment
9056,2018,12_NZ,activity,2w,passenger_km_or_freight_tonne_km,road,passenger,ice,all,yearly,national,['estimated $ calculate_energy_and_activity()'],1,14530972500.0,estimated $ calculate_energy_and_activity(),1448196750.0,single_datapoint,no_comment
9057,2018,12_NZ,energy,2w,pj,road,passenger,ice,all,yearly,national,['estimated $ calculate_energy_and_activity()'],1,20.88618412353508,estimated $ calculate_energy_and_activity(),2.081574648056426,single_datapoint,no_comment
9058,2018,12_NZ,new_vehicle_efficiency,2w,km_per_pj,road,passenger,ice,all,yearly,national,['avg_eff_no_outliers $ transport_data_system_9th'],1,7669072338.574219,avg_eff_no_outliers $ transport_data_system_9th,589928641.428786,single_datapoint,no_comment
9059,2018,12_NZ,travel_km,2w,km,road,passenger,ice,all,yearly,national,['estimated $ calculate_energy_and_activity()'],1,13209975000.0,estimated $ calculate_energy_and_activity(),1316542500.0,single_datapoint,no_comment
9060,2018,12_NZ,turnover_rate,2w,%,road,passenger,ice,all,yearly,national,['manually_inputted_data $ guess'],1,0.39,manually_inputted_data $ guess,0.03,single_datapoint,no_comment
9061,2019,12_NZ,activity,2w,passenger_km_or_freight_tonne_km,road,passenger,ice,all,yearly,national,['estimated $ calculate_energy_and_activity()'],1,14530972500.0,estimated $ calculate_energy_and_activity(),1497424500.0000002,single_datapoint,no_comment
9062,2019,12_NZ,energy,2w,pj,road,passenger,ice,all,yearly,national,['estimated $ calculate_energy_and_activity()'],1,20.88618412353508,estimated $ calculate_energy_and_activity(),2.152332462131661,single_datapoint,no_comment
9063,2019,12_NZ,new_vehicle_efficiency,2w,km_per_pj,road,passenger,ice,all,yearly,national,['avg_eff_no_outliers $ transport_data_system_9th'],1,7669072338.574219,avg_eff_no_outliers $ transport_data_system_9th,589928641.428786,single_datapoint,no_comment
9064,2019,12_NZ,travel_km,2w,km,road,passenger,ice,all,yearly,national,['estimated $ calculate_energy_and_activity()'],1,13209975000.0,estimated $ calculate_energy_and_activity(),1361295000.0,single_datapoint,no_comment
9065,2019,12_NZ,turnover_rate,2w,%,road,passenger,ice,all,yearly,national,['manually_inputted_data $ guess'],1,0.39,manually_inputted_data $ guess,0.03,single_datapoint,no_comment
9066,2020,12_NZ,activity,2w,passenger_km_or_freight_tonne_km,road,passenger,ice,all,yearly,national,['estimated $ calculate_energy_and_activity()'],1,14530972500.0,estimated $ calculate_energy_and_activity(),1552303500.0000002,single_datapoint,no_comment
9067,2020,12_NZ,energy,2w,pj,road,passenger,ice,all,yearly,national,['estimated $ calculate_energy_and_activity()'],1,20.88618412353508,estimated $ calculate_energy_and_activity(),2.23121313570774,single_datapoint,no_comment
9068,2020,12_NZ,new_vehicle_efficiency,2w,km_per_pj,road,passenger,ice,all,yearly,national,['avg_eff_no_outliers $ transport_data_system_9th'],1,7669072338.574219,avg_eff_no_outliers $ transport_data_system_9th,589928641.428786,single_datapoint,no_comment
9069,2020,12_NZ,travel_km,2w,km,road,passenger,ice,all,yearly,national,['estimated $ calculate_energy_and_activity()'],1,13209975000.0,estimated $ calculate_energy_and_activity(),1411185000.0,single_datapoint,no_comment
9070,2020,12_NZ,turnover_rate,2w,%,road,passenger,ice,all,yearly,national,['manually_inputted_data $ guess'],1,0.39,manually_inputted_data $ guess,0.03,single_datapoint,no_comment
9071,2021,12_NZ,new_vehicle_efficiency,2w,km_per_pj,road,passenger,ice,all,yearly,national,['avg_eff_no_outliers $ transport_data_system_9th'],1,7669072338.574219,avg_eff_no_outliers $ transport_data_system_9th,589928641.428786,single_datapoint,no_comment
9072,2021,12_NZ,turnover_rate,2w,%,road,passenger,ice,all,yearly,national,['manually_inputted_data $ guess'],1,0.39,manually_inputted_data $ guess,0.03,single_datapoint,no_comment
9073,2022,12_NZ,new_vehicle_efficiency,2w,km_per_pj,road,passenger,ice,all,yearly,national,['avg_eff_no_outliers $ transport_data_system_9th'],1,7669072338.574219,avg_eff_no_outliers $ transport_data_system_9th,589928641.428786,single_datapoint,no_comment
9074,2022,12_NZ,turnover_rate,2w,%,road,passenger,ice,all,yearly,national,['manually_inputted_data $ guess'],1,0.39,manually_inputted_data $ guess,0.03,single_datapoint,no_comment
9075,2010,12_NZ,intensity,all,pj_per_passenger_or_freight_tonne_km,air,freight,all,all,yearly,national,['manually_inputted_data $ energy-intensity-of-passenger-transport-modes-2018'],1,4.0300000000000004e-08,manually_inputted_data $ energy-intensity-of-passenger-transport-modes-2018,3.1e-09,single_datapoint,assumed_to_be_same_as_passenger_air_because_of_lack_of_data
9076,2010,12_NZ,intensity,all,pj_per_passenger_or_freight_tonne_km,rail,freight,all,all,yearly,national,['manually_inputted_data $ iea_howtocalculatetheindicatorsforthetransportsectors.pdf'],1,2.86e-09,manually_inputted_data $ iea_howtocalculatetheindicatorsforthetransportsectors.pdf,2.2e-10,single_datapoint,from_how_to_calculate_the_indicators_for_the_transport_sector
9077,2010,12_NZ,intensity,all,pj_per_passenger_or_freight_tonne_km,ship,freight,all,all,yearly,national,['manually_inputted_data $ iea_howtocalculatetheindicatorsforthetransportsectors.pdf'],1,7.02e-09,manually_inputted_data $ iea_howtocalculatetheindicatorsforthetransportsectors.pdf,5.4e-10,single_datapoint,from_how_to_calculate_the_indicators_for_the_transport_sector
9078,2010,12_NZ,intensity,all,pj_per_passenger_or_freight_tonne_km,air,passenger,all,all,yearly,national,['manually_inputted_data $ energy-intensity-of-passenger-transport-modes-2018'],1,4.0300000000000004e-08,manually_inputted_data $ energy-intensity-of-passenger-transport-modes-2018,3.1e-09,single_datapoint,no_comment
9079,2010,12_NZ,intensity,all,pj_per_passenger_or_freight_tonne_km,rail,passenger,all,all,yearly,national,['manually_inputted_data $ energy-intensity-of-passenger-transport-modes-2018'],1,2.6e-09,manually_inputted_data $ energy-intensity-of-passenger-transport-modes-2018,2e-10,single_datapoint,no_comment
9080,2010,12_NZ,intensity,all,pj_per_passenger_or_freight_tonne_km,ship,passenger,all,all,yearly,national,['manually_inputted_data $ iea_howtocalculatetheindicatorsforthetransportsectors.pdf'],1,7.02e-09,manually_inputted_data $ iea_howtocalculatetheindicatorsforthetransportsectors.pdf,5.4e-10,single_datapoint,assumed_to_be_the_same_as_ship_freight_from_iea_how_to
9081,2011,12_NZ,intensity,all,pj_per_passenger_or_freight_tonne_km,air,freight,all,all,yearly,national,['manually_inputted_data $ energy-intensity-of-passenger-transport-modes-2018'],1,4.0300000000000004e-08,manually_inputted_data $ energy-intensity-of-passenger-transport-modes-2018,3.1e-09,single_datapoint,assumed_to_be_same_as_passenger_air_because_of_lack_of_data
9082,2011,12_NZ,intensity,all,pj_per_passenger_or_freight_tonne_km,rail,freight,all,all,yearly,national,['manually_inputted_data $ iea_howtocalculatetheindicatorsforthetransportsectors.pdf'],1,2.86e-09,manually_inputted_data $ iea_howtocalculatetheindicatorsforthetransportsectors.pdf,2.2e-10,single_datapoint,from_how_to_calculate_the_indicators_for_the_transport_sector
9083,2011,12_NZ,intensity,all,pj_per_passenger_or_freight_tonne_km,ship,freight,all,all,yearly,national,['manually_inputted_data $ iea_howtocalculatetheindicatorsforthetransportsectors.pdf'],1,7.02e-09,manually_inputted_data $ iea_howtocalculatetheindicatorsforthetransportsectors.pdf,5.4e-10,single_datapoint,from_how_to_calculate_the_indicators_for_the_transport_sector
9084,2011,12_NZ,intensity,all,pj_per_passenger_or_freight_tonne_km,air,passenger,all,all,yearly,national,['manually_inputted_data $ energy-intensity-of-passenger-transport-modes-2018'],1,4.0300000000000004e-08,manually_inputted_data $ energy-intensity-of-passenger-transport-modes-2018,3.1e-09,single_datapoint,no_comment
9085,2011,12_NZ,intensity,all,pj_per_passenger_or_freight_tonne_km,rail,passenger,all,all,yearly,national,['manually_inputted_data $ energy-intensity-of-passenger-transport-modes-2018'],1,2.6e-09,manually_inputted_data $ energy-intensity-of-passenger-transport-modes-2018,2e-10,single_datapoint,no_comment
9086,2011,12_NZ,intensity,all,pj_per_passenger_or_freight_tonne_km,ship,passenger,all,all,yearly,national,['manually_inputted_data $ iea_howtocalculatetheindicatorsforthetransportsectors.pdf'],1,7.02e-09,manually_inputted_data $ iea_howtocalculatetheindicatorsforthetransportsectors.pdf,5.4e-10,single_datapoint,assumed_to_be_the_same_as_ship_freight_from_iea_how_to
9087,2012,12_NZ,intensity,all,pj_per_passenger_or_freight_tonne_km,air,freight,all,all,yearly,national,['manually_inputted_data $ energy-intensity-of-passenger-transport-modes-2018'],1,4.0300000000000004e-08,manually_inputted_data $ energy-intensity-of-passenger-transport-modes-2018,3.1e-09,single_datapoint,assumed_to_be_same_as_passenger_air_because_of_lack_of_data
9088,2012,12_NZ,intensity,all,pj_per_passenger_or_freight_tonne_km,rail,freight,all,all,yearly,national,['manually_inputted_data $ iea_howtocalculatetheindicatorsforthetransportsectors.pdf'],1,2.86e-09,manually_inputted_data $ iea_howtocalculatetheindicatorsforthetransportsectors.pdf,2.2e-10,single_datapoint,from_how_to_calculate_the_indicators_for_the_transport_sector
9089,2012,12_NZ,intensity,all,pj_per_passenger_or_freight_tonne_km,ship,freight,all,all,yearly,national,['manually_inputted_data $ iea_howtocalculatetheindicatorsforthetransportsectors.pdf'],1,7.02e-09,manually_inputted_data $ iea_howtocalculatetheindicatorsforthetransportsectors.pdf,5.4e-10,single_datapoint,from_how_to_calculate_the_indicators_for_the_transport_sector
9090,2012,12_NZ,intensity,all,pj_per_passenger_or_freight_tonne_km,air,passenger,all,all,yearly,national,['manually_inputted_data $ energy-intensity-of-passenger-transport-modes-2018'],1,4.0300000000000004e-08,manually_inputted_data $ energy-intensity-of-passenger-transport-modes-2018,3.1e-09,single_datapoint,no_comment
9091,2012,12_NZ,intensity,all,pj_per_passenger_or_freight_tonne_km,rail,passenger,all,all,yearly,national,['manually_inputted_data $ energy-intensity-of-passenger-transport-modes-2018'],1,2.6e-09,manually_inputted_data $ energy-intensity-of-passenger-transport-modes-2018,2e-10,single_datapoint,no_comment
9092,2012,12_NZ,intensity,all,pj_per_passenger_or_freight_tonne_km,ship,passenger,all,all,yearly,national,['manually_inputted_data $ iea_howtocalculatetheindicatorsforthetransportsectors.pdf'],1,7.02e-09,manually_inputted_data $ iea_howtocalculatetheindicatorsforthetransportsectors.pdf,5.4e-10,single_datapoint,assumed_to_be_the_same_as_ship_freight_from_iea_how_to
9093,2013,12_NZ,intensity,all,pj_per_passenger_or_freight_tonne_km,air,freight,all,all,yearly,national,['manually_inputted_data $ energy-intensity-of-passenger-transport-modes-2018'],1,4.0300000000000004e-08,manually_inputted_data $ energy-intensity-of-passenger-transport-modes-2018,3.1e-09,single_datapoint,assumed_to_be_same_as_passenger_air_because_of_lack_of_data
9094,2013,12_NZ,intensity,all,pj_per_passenger_or_freight_tonne_km,rail,freight,all,all,yearly,national,['manually_inputted_data $ iea_howtocalculatetheindicatorsforthetransportsectors.pdf'],1,2.86e-09,manually_inputted_data $ iea_howtocalculatetheindicatorsforthetransportsectors.pdf,2.2e-10,single_datapoint,from_how_to_calculate_the_indicators_for_the_transport_sector
9095,2013,12_NZ,intensity,all,pj_per_passenger_or_freight_tonne_km,ship,freight,all,all,yearly,national,['manually_inputted_data $ iea_howtocalculatetheindicatorsforthetransportsectors.pdf'],1,7.02e-09,manually_inputted_data $ iea_howtocalculatetheindicatorsforthetransportsectors.pdf,5.4e-10,single_datapoint,from_how_to_calculate_the_indicators_for_the_transport_sector
9096,2013,12_NZ,intensity,all,pj_per_passenger_or_freight_tonne_km,air,passenger,all,all,yearly,national,['manually_inputted_data $ energy-intensity-of-passenger-transport-modes-2018'],1,4.0300000000000004e-08,manually_inputted_data $ energy-intensity-of-passenger-transport-modes-2018,3.1e-09,single_datapoint,no_comment
9097,2013,12_NZ,intensity,all,pj_per_passenger_or_freight_tonne_km,rail,passenger,all,all,yearly,national,['manually_inputted_data $ energy-intensity-of-passenger-transport-modes-2018'],1,2.6e-09,manually_inputted_data $ energy-intensity-of-passenger-transport-modes-2018,2e-10,single_datapoint,no_comment
9098,2013,12_NZ,intensity,all,pj_per_passenger_or_freight_tonne_km,ship,passenger,all,all,yearly,national,['manually_inputted_data $ iea_howtocalculatetheindicatorsforthetransportsectors.pdf'],1,7.02e-09,manually_inputted_data $ iea_howtocalculatetheindicatorsforthetransportsectors.pdf,5.4e-10,single_datapoint,assumed_to_be_the_same_as_ship_freight_from_iea_how_to
9099,2014,12_NZ,intensity,all,pj_per_passenger_or_freight_tonne_km,air,freight,all,all,yearly,national,['manually_inputted_data $ energy-intensity-of-passenger-transport-modes-2018'],1,4.0300000000000004e-08,manually_inputted_data $ energy-intensity-of-passenger-transport-modes-2018,3.1e-09,single_datapoint,assumed_to_be_same_as_passenger_air_because_of_lack_of_data
9100,2014,12_NZ,intensity,all,pj_per_passenger_or_freight_tonne_km,rail,freight,all,all,yearly,national,['manually_inputted_data $ iea_howtocalculatetheindicatorsforthetransportsectors.pdf'],1,2.86e-09,manually_inputted_data $ iea_howtocalculatetheindicatorsforthetransportsectors.pdf,2.2e-10,single_datapoint,from_how_to_calculate_the_indicators_for_the_transport_sector
9101,2014,12_NZ,intensity,all,pj_per_passenger_or_freight_tonne_km,ship,freight,all,all,yearly,national,['manually_inputted_data $ iea_howtocalculatetheindicatorsforthetransportsectors.pdf'],1,7.02e-09,manually_inputted_data $ iea_howtocalculatetheindicatorsforthetransportsectors.pdf,5.4e-10,single_datapoint,from_how_to_calculate_the_indicators_for_the_transport_sector
9102,2014,12_NZ,intensity,all,pj_per_passenger_or_freight_tonne_km,air,passenger,all,all,yearly,national,['manually_inputted_data $ energy-intensity-of-passenger-transport-modes-2018'],1,4.0300000000000004e-08,manually_inputted_data $ energy-intensity-of-passenger-transport-modes-2018,3.1e-09,single_datapoint,no_comment
9103,2014,12_NZ,intensity,all,pj_per_passenger_or_freight_tonne_km,rail,passenger,all,all,yearly,national,['manually_inputted_data $ energy-intensity-of-passenger-transport-modes-2018'],1,2.6e-09,manually_inputted_data $ energy-intensity-of-passenger-transport-modes-2018,2e-10,single_datapoint,no_comment
9104,2014,12_NZ,intensity,all,pj_per_passenger_or_freight_tonne_km,ship,passenger,all,all,yearly,national,['manually_inputted_data $ iea_howtocalculatetheindicatorsforthetransportsectors.pdf'],1,7.02e-09,manually_inputted_data $ iea_howtocalculatetheindicatorsforthetransportsectors.pdf,5.4e-10,single_datapoint,assumed_to_be_the_same_as_ship_freight_from_iea_how_to
9105,2015,12_NZ,intensity,all,pj_per_passenger_or_freight_tonne_km,air,freight,all,all,yearly,national,['manually_inputted_data $ energy-intensity-of-passenger-transport-modes-2018'],1,4.0300000000000004e-08,manually_inputted_data $ energy-intensity-of-passenger-transport-modes-2018,3.1e-09,single_datapoint,assumed_to_be_same_as_passenger_air_because_of_lack_of_data
9106,2015,12_NZ,intensity,all,pj_per_passenger_or_freight_tonne_km,rail,freight,all,all,yearly,national,['manually_inputted_data $ iea_howtocalculatetheindicatorsforthetransportsectors.pdf'],1,2.86e-09,manually_inputted_data $ iea_howtocalculatetheindicatorsforthetransportsectors.pdf,2.2e-10,single_datapoint,from_how_to_calculate_the_indicators_for_the_transport_sector
9107,2015,12_NZ,intensity,all,pj_per_passenger_or_freight_tonne_km,ship,freight,all,all,yearly,national,['manually_inputted_data $ iea_howtocalculatetheindicatorsforthetransportsectors.pdf'],1,7.02e-09,manually_inputted_data $ iea_howtocalculatetheindicatorsforthetransportsectors.pdf,5.4e-10,single_datapoint,from_how_to_calculate_the_indicators_for_the_transport_sector
9108,2015,12_NZ,intensity,all,pj_per_passenger_or_freight_tonne_km,air,passenger,all,all,yearly,national,['manually_inputted_data $ energy-intensity-of-passenger-transport-modes-2018'],1,4.0300000000000004e-08,manually_inputted_data $ energy-intensity-of-passenger-transport-modes-2018,3.1e-09,single_datapoint,no_comment
9109,2015,12_NZ,intensity,all,pj_per_passenger_or_freight_tonne_km,rail,passenger,all,all,yearly,national,['manually_inputted_data $ energy-intensity-of-passenger-transport-modes-2018'],1,2.6e-09,manually_inputted_data $ energy-intensity-of-passenger-transport-modes-2018,2e-10,single_datapoint,no_comment
9110,2015,12_NZ,intensity,all,pj_per_passenger_or_freight_tonne_km,ship,passenger,all,all,yearly,national,['manually_inputted_data $ iea_howtocalculatetheindicatorsforthetransportsectors.pdf'],1,7.02e-09,manually_inputted_data $ iea_howtocalculatetheindicatorsforthetransportsectors.pdf,5.4e-10,single_datapoint,assumed_to_be_the_same_as_ship_freight_from_iea_how_to
9111,2016,12_NZ,intensity,all,pj_per_passenger_or_freight_tonne_km,air,freight,all,all,yearly,national,['manually_inputted_data $ energy-intensity-of-passenger-transport-modes-2018'],1,4.0300000000000004e-08,manually_inputted_data $ energy-intensity-of-passenger-transport-modes-2018,3.1e-09,single_datapoint,assumed_to_be_same_as_passenger_air_because_of_lack_of_data
9112,2016,12_NZ,intensity,all,pj_per_passenger_or_freight_tonne_km,rail,freight,all,all,yearly,national,['manually_inputted_data $ iea_howtocalculatetheindicatorsforthetransportsectors.pdf'],1,2.86e-09,manually_inputted_data $ iea_howtocalculatetheindicatorsforthetransportsectors.pdf,2.2e-10,single_datapoint,from_how_to_calculate_the_indicators_for_the_transport_sector
9113,2016,12_NZ,intensity,all,pj_per_passenger_or_freight_tonne_km,ship,freight,all,all,yearly,national,['manually_inputted_data $ iea_howtocalculatetheindicatorsforthetransportsectors.pdf'],1,7.02e-09,manually_inputted_data $ iea_howtocalculatetheindicatorsforthetransportsectors.pdf,5.4e-10,single_datapoint,from_how_to_calculate_the_indicators_for_the_transport_sector
9114,2016,12_NZ,intensity,all,pj_per_passenger_or_freight_tonne_km,air,passenger,all,all,yearly,national,['manually_inputted_data $ energy-intensity-of-passenger-transport-modes-2018'],1,4.0300000000000004e-08,manually_inputted_data $ energy-intensity-of-passenger-transport-modes-2018,3.1e-09,single_datapoint,no_comment
9115,2016,12_NZ,intensity,all,pj_per_passenger_or_freight_tonne_km,rail,passenger,all,all,yearly,national,['manually_inputted_data $ energy-intensity-of-passenger-transport-modes-2018'],1,2.6e-09,manually_inputted_data $ energy-intensity-of-passenger-transport-modes-2018,2e-10,single_datapoint,no_comment
9116,2016,12_NZ,intensity,all,pj_per_passenger_or_freight_tonne_km,ship,passenger,all,all,yearly,national,['manually_inputted_data $ iea_howtocalculatetheindicatorsforthetransportsectors.pdf'],1,7.02e-09,manually_inputted_data $ iea_howtocalculatetheindicatorsforthetransportsectors.pdf,5.4e-10,single_datapoint,assumed_to_be_the_same_as_ship_freight_from_iea_how_to
9117,2017,12_NZ,intensity,all,pj_per_passenger_or_freight_tonne_km,air,freight,all,all,yearly,national,['manually_inputted_data $ energy-intensity-of-passenger-transport-modes-2018'],1,4.0300000000000004e-08,manually_inputted_data $ energy-intensity-of-passenger-transport-modes-2018,3.1e-09,single_datapoint,assumed_to_be_same_as_passenger_air_because_of_lack_of_data
9118,2017,12_NZ,intensity,all,pj_per_passenger_or_freight_tonne_km,rail,freight,all,all,yearly,national,['manually_inputted_data $ iea_howtocalculatetheindicatorsforthetransportsectors.pdf'],1,2.86e-09,manually_inputted_data $ iea_howtocalculatetheindicatorsforthetransportsectors.pdf,2.2e-10,single_datapoint,from_how_to_calculate_the_indicators_for_the_transport_sector
9119,2017,12_NZ,intensity,all,pj_per_passenger_or_freight_tonne_km,ship,freight,all,all,yearly,national,['manually_inputted_data $ iea_howtocalculatetheindicatorsforthetransportsectors.pdf'],1,7.02e-09,manually_inputted_data $ iea_howtocalculatetheindicatorsforthetransportsectors.pdf,5.4e-10,single_datapoint,from_how_to_calculate_the_indicators_for_the_transport_sector
9120,2017,12_NZ,intensity,all,pj_per_passenger_or_freight_tonne_km,air,passenger,all,all,yearly,national,['manually_inputted_data $ energy-intensity-of-passenger-transport-modes-2018'],1,4.0300000000000004e-08,manually_inputted_data $ energy-intensity-of-passenger-transport-modes-2018,3.1e-09,single_datapoint,no_comment
9121,2017,12_NZ,intensity,all,pj_per_passenger_or_freight_tonne_km,rail,passenger,all,all,yearly,national,['manually_inputted_data $ energy-intensity-of-passenger-transport-modes-2018'],1,2.6e-09,manually_inputted_data $ energy-intensity-of-passenger-transport-modes-2018,2e-10,single_datapoint,no_comment
9122,2017,12_NZ,intensity,all,pj_per_passenger_or_freight_tonne_km,ship,passenger,all,all,yearly,national,['manually_inputted_data $ iea_howtocalculatetheindicatorsforthetransportsectors.pdf'],1,7.02e-09,manually_inputted_data $ iea_howtocalculatetheindicatorsforthetransportsectors.pdf,5.4e-10,single_datapoint,assumed_to_be_the_same_as_ship_freight_from_iea_how_to
9123,2018,12_NZ,intensity,all,pj_per_passenger_or_freight_tonne_km,air,freight,all,all,yearly,national,['manually_inputted_data $ energy-intensity-of-passenger-transport-modes-2018'],1,4.0300000000000004e-08,manually_inputted_data $ energy-intensity-of-passenger-transport-modes-2018,3.1e-09,single_datapoint,assumed_to_be_same_as_passenger_air_because_of_lack_of_data
9124,2018,12_NZ,intensity,all,pj_per_passenger_or_freight_tonne_km,rail,freight,all,all,yearly,national,['manually_inputted_data $ iea_howtocalculatetheindicatorsforthetransportsectors.pdf'],1,2.86e-09,manually_inputted_data $ iea_howtocalculatetheindicatorsforthetransportsectors.pdf,2.2e-10,single_datapoint,from_how_to_calculate_the_indicators_for_the_transport_sector
9125,2018,12_NZ,intensity,all,pj_per_passenger_or_freight_tonne_km,ship,freight,all,all,yearly,national,['manually_inputted_data $ iea_howtocalculatetheindicatorsforthetransportsectors.pdf'],1,7.02e-09,manually_inputted_data $ iea_howtocalculatetheindicatorsforthetransportsectors.pdf,5.4e-10,single_datapoint,from_how_to_calculate_the_indicators_for_the_transport_sector
9126,2018,12_NZ,intensity,all,pj_per_passenger_or_freight_tonne_km,air,passenger,all,all,yearly,national,['manually_inputted_data $ energy-intensity-of-passenger-transport-modes-2018'],1,4.0300000000000004e-08,manually_inputted_data $ energy-intensity-of-passenger-transport-modes-2018,3.1e-09,single_datapoint,no_comment
9127,2018,12_NZ,intensity,all,pj_per_passenger_or_freight_tonne_km,rail,passenger,all,all,yearly,national,['manually_inputted_data $ energy-intensity-of-passenger-transport-modes-2018'],1,2.6e-09,manually_inputted_data $ energy-intensity-of-passenger-transport-modes-2018,2e-10,single_datapoint,no_comment
9128,2018,12_NZ,intensity,all,pj_per_passenger_or_freight_tonne_km,ship,passenger,all,all,yearly,national,['manually_inputted_data $ iea_howtocalculatetheindicatorsforthetransportsectors.pdf'],1,7.02e-09,manually_inputted_data $ iea_howtocalculatetheindicatorsforthetransportsectors.pdf,5.4e-10,single_datapoint,assumed_to_be_the_same_as_ship_freight_from_iea_how_to
9129,2019,12_NZ,intensity,all,pj_per_passenger_or_freight_tonne_km,air,freight,all,all,yearly,national,['manually_inputted_data $ energy-intensity-of-passenger-transport-modes-2018'],1,4.0300000000000004e-08,manually_inputted_data $ energy-intensity-of-passenger-transport-modes-2018,3.1e-09,single_datapoint,assumed_to_be_same_as_passenger_air_because_of_lack_of_data
9130,2019,12_NZ,intensity,all,pj_per_passenger_or_freight_tonne_km,rail,freight,all,all,yearly,national,['manually_inputted_data $ iea_howtocalculatetheindicatorsforthetransportsectors.pdf'],1,2.86e-09,manually_inputted_data $ iea_howtocalculatetheindicatorsforthetransportsectors.pdf,2.2e-10,single_datapoint,from_how_to_calculate_the_indicators_for_the_transport_sector
9131,2019,12_NZ,intensity,all,pj_per_passenger_or_freight_tonne_km,ship,freight,all,all,yearly,national,['manually_inputted_data $ iea_howtocalculatetheindicatorsforthetransportsectors.pdf'],1,7.02e-09,manually_inputted_data $ iea_howtocalculatetheindicatorsforthetransportsectors.pdf,5.4e-10,single_datapoint,from_how_to_calculate_the_indicators_for_the_transport_sector
9132,2019,12_NZ,intensity,all,pj_per_passenger_or_freight_tonne_km,air,passenger,all,all,yearly,national,['manually_inputted_data $ energy-intensity-of-passenger-transport-modes-2018'],1,4.0300000000000004e-08,manually_inputted_data $ energy-intensity-of-passenger-transport-modes-2018,3.1e-09,single_datapoint,no_comment
9133,2019,12_NZ,intensity,all,pj_per_passenger_or_freight_tonne_km,rail,passenger,all,all,yearly,national,['manually_inputted_data $ energy-intensity-of-passenger-transport-modes-2018'],1,2.6e-09,manually_inputted_data $ energy-intensity-of-passenger-transport-modes-2018,2e-10,single_datapoint,no_comment
9134,2019,12_NZ,intensity,all,pj_per_passenger_or_freight_tonne_km,ship,passenger,all,all,yearly,national,['manually_inputted_data $ iea_howtocalculatetheindicatorsforthetransportsectors.pdf'],1,7.02e-09,manually_inputted_data $ iea_howtocalculatetheindicatorsforthetransportsectors.pdf,5.4e-10,single_datapoint,assumed_to_be_the_same_as_ship_freight_from_iea_how_to
9135,2020,12_NZ,intensity,all,pj_per_passenger_or_freight_tonne_km,air,freight,all,all,yearly,national,['manually_inputted_data $ energy-intensity-of-passenger-transport-modes-2018'],1,4.0300000000000004e-08,manually_inputted_data $ energy-intensity-of-passenger-transport-modes-2018,3.1e-09,single_datapoint,assumed_to_be_same_as_passenger_air_because_of_lack_of_data
9136,2020,12_NZ,intensity,all,pj_per_passenger_or_freight_tonne_km,rail,freight,all,all,yearly,national,['manually_inputted_data $ iea_howtocalculatetheindicatorsforthetransportsectors.pdf'],1,2.86e-09,manually_inputted_data $ iea_howtocalculatetheindicatorsforthetransportsectors.pdf,2.2e-10,single_datapoint,from_how_to_calculate_the_indicators_for_the_transport_sector
9137,2020,12_NZ,intensity,all,pj_per_passenger_or_freight_tonne_km,ship,freight,all,all,yearly,national,['manually_inputted_data $ iea_howtocalculatetheindicatorsforthetransportsectors.pdf'],1,7.02e-09,manually_inputted_data $ iea_howtocalculatetheindicatorsforthetransportsectors.pdf,5.4e-10,single_datapoint,from_how_to_calculate_the_indicators_for_the_transport_sector
9138,2020,12_NZ,intensity,all,pj_per_passenger_or_freight_tonne_km,air,passenger,all,all,yearly,national,['manually_inputted_data $ energy-intensity-of-passenger-transport-modes-2018'],1,4.0300000000000004e-08,manually_inputted_data $ energy-intensity-of-passenger-transport-modes-2018,3.1e-09,single_datapoint,no_comment
9139,2020,12_NZ,intensity,all,pj_per_passenger_or_freight_tonne_km,rail,passenger,all,all,yearly,national,['manually_inputted_data $ energy-intensity-of-passenger-transport-modes-2018'],1,2.6e-09,manually_inputted_data $ energy-intensity-of-passenger-transport-modes-2018,2e-10,single_datapoint,no_comment
9140,2020,12_NZ,intensity,all,pj_per_passenger_or_freight_tonne_km,ship,passenger,all,all,yearly,national,['manually_inputted_data $ iea_howtocalculatetheindicatorsforthetransportsectors.pdf'],1,7.02e-09,manually_inputted_data $ iea_howtocalculatetheindicatorsforthetransportsectors.pdf,5.4e-10,single_datapoint,assumed_to_be_the_same_as_ship_freight_from_iea_how_to
9141,2021,12_NZ,intensity,all,pj_per_passenger_or_freight_tonne_km,air,freight,all,all,yearly,national,['manually_inputted_data $ energy-intensity-of-passenger-transport-modes-2018'],1,4.0300000000000004e-08,manually_inputted_data $ energy-intensity-of-passenger-transport-modes-2018,3.1e-09,single_datapoint,assumed_to_be_same_as_passenger_air_because_of_lack_of_data
9142,2021,12_NZ,intensity,all,pj_per_passenger_or_freight_tonne_km,rail,freight,all,all,yearly,national,['manually_inputted_data $ iea_howtocalculatetheindicatorsforthetransportsectors.pdf'],1,2.86e-09,manually_inputted_data $ iea_howtocalculatetheindicatorsforthetransportsectors.pdf,2.2e-10,single_datapoint,from_how_to_calculate_the_indicators_for_the_transport_sector
9143,2021,12_NZ,intensity,all,pj_per_passenger_or_freight_tonne_km,ship,freight,all,all,yearly,national,['manually_inputted_data $ iea_howtocalculatetheindicatorsforthetransportsectors.pdf'],1,7.02e-09,manually_inputted_data $ iea_howtocalculatetheindicatorsforthetransportsectors.pdf,5.4e-10,single_datapoint,from_how_to_calculate_the_indicators_for_the_transport_sector
9144,2021,12_NZ,intensity,all,pj_per_passenger_or_freight_tonne_km,air,passenger,all,all,yearly,national,['manually_inputted_data $ energy-intensity-of-passenger-transport-modes-2018'],1,4.0300000000000004e-08,manually_inputted_data $ energy-intensity-of-passenger-transport-modes-2018,3.1e-09,single_datapoint,no_comment
9145,2021,12_NZ,intensity,all,pj_per_passenger_or_freight_tonne_km,rail,passenger,all,all,yearly,national,['manually_inputted_data $ energy-intensity-of-passenger-transport-modes-2018'],1,2.6e-09,manually_inputted_data $ energy-intensity-of-passenger-transport-modes-2018,2e-10,single_datapoint,no_comment
9146,2021,12_NZ,intensity,all,pj_per_passenger_or_freight_tonne_km,ship,passenger,all,all,yearly,national,['manually_inputted_data $ iea_howtocalculatetheindicatorsforthetransportsectors.pdf'],1,7.02e-09,manually_inputted_data $ iea_howtocalculatetheindicatorsforthetransportsectors.pdf,5.4e-10,single_datapoint,assumed_to_be_the_same_as_ship_freight_from_iea_how_to
9147,2022,12_NZ,intensity,all,pj_per_passenger_or_freight_tonne_km,air,freight,all,all,yearly,national,['manually_inputted_data $ energy-intensity-of-passenger-transport-modes-2018'],1,4.0300000000000004e-08,manually_inputted_data $ energy-intensity-of-passenger-transport-modes-2018,3.1e-09,single_datapoint,assumed_to_be_same_as_passenger_air_because_of_lack_of_data
9148,2022,12_NZ,intensity,all,pj_per_passenger_or_freight_tonne_km,rail,freight,all,all,yearly,national,['manually_inputted_data $ iea_howtocalculatetheindicatorsforthetransportsectors.pdf'],1,2.86e-09,manually_inputted_data $ iea_howtocalculatetheindicatorsforthetransportsectors.pdf,2.2e-10,single_datapoint,from_how_to_calculate_the_indicators_for_the_transport_sector
9149,2022,12_NZ,intensity,all,pj_per_passenger_or_freight_tonne_km,ship,freight,all,all,yearly,national,['manually_inputted_data $ iea_howtocalculatetheindicatorsforthetransportsectors.pdf'],1,7.02e-09,manually_inputted_data $ iea_howtocalculatetheindicatorsforthetransportsectors.pdf,5.4e-10,single_datapoint,from_how_to_calculate_the_indicators_for_the_transport_sector
9150,2022,12_NZ,intensity,all,pj_per_passenger_or_freight_tonne_km,air,passenger,all,all,yearly,national,['manually_inputted_data $ energy-intensity-of-passenger-transport-modes-2018'],1,4.0300000000000004e-08,manually_inputted_data $ energy-intensity-of-passenger-transport-modes-2018,3.1e-09,single_datapoint,no_comment
9151,2022,12_NZ,intensity,all,pj_per_passenger_or_freight_tonne_km,rail,passenger,all,all,yearly,national,['manually_inputted_data $ energy-intensity-of-passenger-transport-modes-2018'],1,2.6e-09,manually_inputted_data $ energy-intensity-of-passenger-transport-modes-2018,2e-10,single_datapoint,no_comment
9152,2022,12_NZ,intensity,all,pj_per_passenger_or_freight_tonne_km,ship,passenger,all,all,yearly,national,['manually_inputted_data $ iea_howtocalculatetheindicatorsforthetransportsectors.pdf'],1,7.02e-09,manually_inputted_data $ iea_howtocalculatetheindicatorsforthetransportsectors.pdf,5.4e-10,single_datapoint,assumed_to_be_the_same_as_ship_freight_from_iea_how_to
9153,2010,12_NZ,activity,bus,passenger_km_or_freight_tonne_km,road,passenger,bev,all,yearly,national,['estimated $ calculate_energy_and_activity()'],1,1423431828.0,estimated $ calculate_energy_and_activity(),69750000.0,manual,no_comment
9154,2010,12_NZ,energy,bus,pj,road,passenger,bev,all,yearly,national,['estimated $ calculate_energy_and_activity()'],1,0.36530784383841963,estimated $ calculate_energy_and_activity(),0.01785235666190573,manual,no_comment
9155,2010,12_NZ,new_vehicle_efficiency,bus,km_per_pj,road,passenger,bev,all,yearly,national,['avg_eff_no_outliers $ transport_data_system_9th'],1,1058314235.1561403,avg_eff_no_outliers $ transport_data_system_9th,81408787.3197031,single_datapoint,no_comment
9156,2010,12_NZ,travel_km,bus,km,road,passenger,bev,all,yearly,national,['estimated $ calculate_energy_and_activity()'],1,93300000.0,estimated $ calculate_energy_and_activity(),4650000.0,single_datapoint,no_comment
9157,2010,12_NZ,turnover_rate,bus,%,road,passenger,bev,all,yearly,national,['manually_inputted_data $ guess'],1,0.42,manually_inputted_data $ guess,0.03,manual,no_comment
9158,2011,12_NZ,activity,bus,passenger_km_or_freight_tonne_km,road,passenger,bev,all,yearly,national,['estimated $ calculate_energy_and_activity()'],1,1423431828.0,estimated $ calculate_energy_and_activity(),72000000.0,manual,no_comment
9159,2011,12_NZ,energy,bus,pj,road,passenger,bev,all,yearly,national,['estimated $ calculate_energy_and_activity()'],1,0.36530784383841963,estimated $ calculate_energy_and_activity(),0.018428239134870433,manual,no_comment
9160,2011,12_NZ,new_vehicle_efficiency,bus,km_per_pj,road,passenger,bev,all,yearly,national,['avg_eff_no_outliers $ transport_data_system_9th'],1,1058314235.1561403,avg_eff_no_outliers $ transport_data_system_9th,81408787.3197031,single_datapoint,no_comment
9161,2011,12_NZ,travel_km,bus,km,road,passenger,bev,all,yearly,national,['estimated $ calculate_energy_and_activity()'],1,93300000.0,estimated $ calculate_energy_and_activity(),4800000.0,single_datapoint,no_comment
9162,2011,12_NZ,turnover_rate,bus,%,road,passenger,bev,all,yearly,national,['manually_inputted_data $ guess'],1,0.42,manually_inputted_data $ guess,0.03,manual,no_comment
9163,2012,12_NZ,activity,bus,passenger_km_or_freight_tonne_km,road,passenger,bev,all,yearly,national,['estimated $ calculate_energy_and_activity()'],1,1423431828.0,estimated $ calculate_energy_and_activity(),73125000.0,manual,no_comment
9164,2012,12_NZ,energy,bus,pj,road,passenger,bev,all,yearly,national,['estimated $ calculate_energy_and_activity()'],1,0.36530784383841963,estimated $ calculate_energy_and_activity(),0.018716180371352784,manual,no_comment
9165,2012,12_NZ,new_vehicle_efficiency,bus,km_per_pj,road,passenger,bev,all,yearly,national,['avg_eff_no_outliers $ transport_data_system_9th'],1,1058314235.1561403,avg_eff_no_outliers $ transport_data_system_9th,81408787.3197031,single_datapoint,no_comment
9166,2012,12_NZ,travel_km,bus,km,road,passenger,bev,all,yearly,national,['estimated $ calculate_energy_and_activity()'],1,93300000.0,estimated $ calculate_energy_and_activity(),4875000.0,single_datapoint,no_comment
9167,2012,12_NZ,turnover_rate,bus,%,road,passenger,bev,all,yearly,national,['manually_inputted_data $ guess'],1,0.42,manually_inputted_data $ guess,0.03,manual,no_comment
9168,2013,12_NZ,activity,bus,passenger_km_or_freight_tonne_km,road,passenger,bev,all,yearly,national,['estimated $ calculate_energy_and_activity()'],1,1423431828.0,estimated $ calculate_energy_and_activity(),73125000.0,manual,no_comment
9169,2013,12_NZ,energy,bus,pj,road,passenger,bev,all,yearly,national,['estimated $ calculate_energy_and_activity()'],1,0.36530784383841963,estimated $ calculate_energy_and_activity(),0.018716180371352784,manual,no_comment
9170,2013,12_NZ,new_vehicle_efficiency,bus,km_per_pj,road,passenger,bev,all,yearly,national,['avg_eff_no_outliers $ transport_data_system_9th'],1,1058314235.1561403,avg_eff_no_outliers $ transport_data_system_9th,81408787.3197031,single_datapoint,no_comment
9171,2013,12_NZ,travel_km,bus,km,road,passenger,bev,all,yearly,national,['estimated $ calculate_energy_and_activity()'],1,93300000.0,estimated $ calculate_energy_and_activity(),4875000.0,single_datapoint,no_comment
9172,2013,12_NZ,turnover_rate,bus,%,road,passenger,bev,all,yearly,national,['manually_inputted_data $ guess'],1,0.42,manually_inputted_data $ guess,0.03,manual,no_comment
9173,2014,12_NZ,activity,bus,passenger_km_or_freight_tonne_km,road,passenger,bev,all,yearly,national,['estimated $ calculate_energy_and_activity()'],1,1423431828.0,estimated $ calculate_energy_and_activity(),73125000.0,manual,no_comment
9174,2014,12_NZ,energy,bus,pj,road,passenger,bev,all,yearly,national,['estimated $ calculate_energy_and_activity()'],1,0.36530784383841963,estimated $ calculate_energy_and_activity(),0.018716180371352784,manual,no_comment
9175,2014,12_NZ,new_vehicle_efficiency,bus,km_per_pj,road,passenger,bev,all,yearly,national,['avg_eff_no_outliers $ transport_data_system_9th'],1,1058314235.1561403,avg_eff_no_outliers $ transport_data_system_9th,81408787.3197031,single_datapoint,no_comment
9176,2014,12_NZ,travel_km,bus,km,road,passenger,bev,all,yearly,national,['estimated $ calculate_energy_and_activity()'],1,93300000.0,estimated $ calculate_energy_and_activity(),4875000.0,single_datapoint,no_comment
9177,2014,12_NZ,turnover_rate,bus,%,road,passenger,bev,all,yearly,national,['manually_inputted_data $ guess'],1,0.42,manually_inputted_data $ guess,0.03,manual,no_comment
9178,2015,12_NZ,activity,bus,passenger_km_or_freight_tonne_km,road,passenger,bev,all,yearly,national,['estimated $ calculate_energy_and_activity()'],1,1423431828.0,estimated $ calculate_energy_and_activity(),73125000.0,manual,no_comment
9179,2015,12_NZ,energy,bus,pj,road,passenger,bev,all,yearly,national,['estimated $ calculate_energy_and_activity()'],1,0.36530784383841963,estimated $ calculate_energy_and_activity(),0.018716180371352784,manual,no_comment
9180,2015,12_NZ,new_vehicle_efficiency,bus,km_per_pj,road,passenger,bev,all,yearly,national,['avg_eff_no_outliers $ transport_data_system_9th'],1,1058314235.1561403,avg_eff_no_outliers $ transport_data_system_9th,81408787.3197031,single_datapoint,no_comment
9181,2015,12_NZ,travel_km,bus,km,road,passenger,bev,all,yearly,national,['estimated $ calculate_energy_and_activity()'],1,93300000.0,estimated $ calculate_energy_and_activity(),4875000.0,single_datapoint,no_comment
9182,2015,12_NZ,turnover_rate,bus,%,road,passenger,bev,all,yearly,national,['manually_inputted_data $ guess'],1,0.42,manually_inputted_data $ guess,0.03,manual,no_comment
9183,2016,12_NZ,activity,bus,passenger_km_or_freight_tonne_km,road,passenger,bev,all,yearly,national,['estimated $ calculate_energy_and_activity()'],1,1423431828.0,estimated $ calculate_energy_and_activity(),73125000.0,manual,no_comment
9184,2016,12_NZ,energy,bus,pj,road,passenger,bev,all,yearly,national,['estimated $ calculate_energy_and_activity()'],1,0.36530784383841963,estimated $ calculate_energy_and_activity(),0.018716180371352784,manual,no_comment
9185,2016,12_NZ,new_vehicle_efficiency,bus,km_per_pj,road,passenger,bev,all,yearly,national,['avg_eff_no_outliers $ transport_data_system_9th'],1,1058314235.1561403,avg_eff_no_outliers $ transport_data_system_9th,81408787.3197031,single_datapoint,no_comment
9186,2016,12_NZ,travel_km,bus,km,road,passenger,bev,all,yearly,national,['estimated $ calculate_energy_and_activity()'],1,93300000.0,estimated $ calculate_energy_and_activity(),4875000.0,single_datapoint,no_comment
9187,2016,12_NZ,turnover_rate,bus,%,road,passenger,bev,all,yearly,national,['manually_inputted_data $ guess'],1,0.42,manually_inputted_data $ guess,0.03,manual,no_comment
9188,2017,12_NZ,activity,bus,passenger_km_or_freight_tonne_km,road,passenger,bev,all,yearly,national,"['8th_edition_transport_model $ reference', 'estimated $ calculate_energy_and_activity()']",2,1423431828.0,estimated $ calculate_energy_and_activity(),74250000.0,manual,no_comment
9189,2017,12_NZ,energy,bus,pj,road,passenger,bev,all,yearly,national,"['8th_edition_transport_model $ reference', 'estimated $ calculate_energy_and_activity()']",2,0.36530784383841963,estimated $ calculate_energy_and_activity(),0.019004121607835135,manual,no_comment
9190,2017,12_NZ,new_vehicle_efficiency,bus,km_per_pj,road,passenger,bev,all,yearly,national,['avg_eff_no_outliers $ transport_data_system_9th'],1,1058314235.1561403,avg_eff_no_outliers $ transport_data_system_9th,81408787.3197031,single_datapoint,no_comment
9191,2017,12_NZ,travel_km,bus,km,road,passenger,bev,all,yearly,national,['estimated $ calculate_energy_and_activity()'],1,93300000.0,estimated $ calculate_energy_and_activity(),4950000.0,single_datapoint,no_comment
9192,2017,12_NZ,turnover_rate,bus,%,road,passenger,bev,all,yearly,national,"['manually_inputted_data $ guess', 'turnover_rate_est']",2,0.42,manually_inputted_data $ guess,0.03,manual,no_comment
9193,2018,12_NZ,activity,bus,passenger_km_or_freight_tonne_km,road,passenger,bev,all,yearly,national,['estimated $ calculate_energy_and_activity()'],1,1423431828.0,estimated $ calculate_energy_and_activity(),86625000.0,manual,no_comment
9194,2018,12_NZ,energy,bus,pj,road,passenger,bev,all,yearly,national,['estimated $ calculate_energy_and_activity()'],1,0.36530784383841963,estimated $ calculate_energy_and_activity(),0.02217147520914099,manual,no_comment
9195,2018,12_NZ,new_vehicle_efficiency,bus,km_per_pj,road,passenger,bev,all,yearly,national,['avg_eff_no_outliers $ transport_data_system_9th'],1,1058314235.1561403,avg_eff_no_outliers $ transport_data_system_9th,81408787.3197031,single_datapoint,no_comment
9196,2018,12_NZ,travel_km,bus,km,road,passenger,bev,all,yearly,national,['estimated $ calculate_energy_and_activity()'],1,93300000.0,estimated $ calculate_energy_and_activity(),5775000.0,single_datapoint,no_comment
9197,2018,12_NZ,turnover_rate,bus,%,road,passenger,bev,all,yearly,national,['manually_inputted_data $ guess'],1,0.42,manually_inputted_data $ guess,0.03,manual,no_comment
9198,2019,12_NZ,activity,bus,passenger_km_or_freight_tonne_km,road,passenger,bev,all,yearly,national,['estimated $ calculate_energy_and_activity()'],1,1423431828.0,estimated $ calculate_energy_and_activity(),112500000.0,manual,no_comment
9199,2019,12_NZ,energy,bus,pj,road,passenger,bev,all,yearly,national,['estimated $ calculate_energy_and_activity()'],1,0.36530784383841963,estimated $ calculate_energy_and_activity(),0.02879412364823505,manual,no_comment
9200,2019,12_NZ,new_vehicle_efficiency,bus,km_per_pj,road,passenger,bev,all,yearly,national,['avg_eff_no_outliers $ transport_data_system_9th'],1,1058314235.1561403,avg_eff_no_outliers $ transport_data_system_9th,81408787.3197031,single_datapoint,no_comment
9201,2019,12_NZ,travel_km,bus,km,road,passenger,bev,all,yearly,national,['estimated $ calculate_energy_and_activity()'],1,93300000.0,estimated $ calculate_energy_and_activity(),7500000.0,single_datapoint,no_comment
9202,2019,12_NZ,turnover_rate,bus,%,road,passenger,bev,all,yearly,national,['manually_inputted_data $ guess'],1,0.42,manually_inputted_data $ guess,0.03,manual,no_comment
9203,2020,12_NZ,activity,bus,passenger_km_or_freight_tonne_km,road,passenger,bev,all,yearly,national,['estimated $ calculate_energy_and_activity()'],1,1423431828.0,estimated $ calculate_energy_and_activity(),135000000.0,manual,no_comment
9204,2020,12_NZ,energy,bus,pj,road,passenger,bev,all,yearly,national,['estimated $ calculate_energy_and_activity()'],1,0.36530784383841963,estimated $ calculate_energy_and_activity(),0.03455294837788206,manual,no_comment
9205,2020,12_NZ,new_vehicle_efficiency,bus,km_per_pj,road,passenger,bev,all,yearly,national,['avg_eff_no_outliers $ transport_data_system_9th'],1,1058314235.1561403,avg_eff_no_outliers $ transport_data_system_9th,81408787.3197031,single_datapoint,no_comment
9206,2020,12_NZ,travel_km,bus,km,road,passenger,bev,all,yearly,national,['estimated $ calculate_energy_and_activity()'],1,93300000.0,estimated $ calculate_energy_and_activity(),9000000.0,single_datapoint,no_comment
9207,2020,12_NZ,turnover_rate,bus,%,road,passenger,bev,all,yearly,national,['manually_inputted_data $ guess'],1,0.42,manually_inputted_data $ guess,0.03,manual,no_comment
9208,2021,12_NZ,activity,bus,passenger_km_or_freight_tonne_km,road,passenger,bev,all,yearly,national,['estimated $ calculate_energy_and_activity()'],1,1423431828.0,estimated $ calculate_energy_and_activity(),191250000.0,manual,no_comment
9209,2021,12_NZ,energy,bus,pj,road,passenger,bev,all,yearly,national,['estimated $ calculate_energy_and_activity()'],1,0.36530784383841963,estimated $ calculate_energy_and_activity(),0.048950010201999586,manual,no_comment
9210,2021,12_NZ,new_vehicle_efficiency,bus,km_per_pj,road,passenger,bev,all,yearly,national,['avg_eff_no_outliers $ transport_data_system_9th'],1,1058314235.1561403,avg_eff_no_outliers $ transport_data_system_9th,81408787.3197031,single_datapoint,no_comment
9211,2021,12_NZ,travel_km,bus,km,road,passenger,bev,all,yearly,national,['estimated $ calculate_energy_and_activity()'],1,93300000.0,estimated $ calculate_energy_and_activity(),12750000.0,single_datapoint,no_comment
9212,2021,12_NZ,turnover_rate,bus,%,road,passenger,bev,all,yearly,national,['manually_inputted_data $ guess'],1,0.42,manually_inputted_data $ guess,0.03,manual,no_comment
9213,2022,12_NZ,activity,bus,passenger_km_or_freight_tonne_km,road,passenger,bev,all,yearly,national,['estimated $ calculate_energy_and_activity()'],1,1423431828.0,estimated $ calculate_energy_and_activity(),292500000.0,manual,no_comment
9214,2022,12_NZ,energy,bus,pj,road,passenger,bev,all,yearly,national,['estimated $ calculate_energy_and_activity()'],1,0.36530784383841963,estimated $ calculate_energy_and_activity(),0.07486472148541114,manual,no_comment
9215,2022,12_NZ,new_vehicle_efficiency,bus,km_per_pj,road,passenger,bev,all,yearly,national,['avg_eff_no_outliers $ transport_data_system_9th'],1,1058314235.1561403,avg_eff_no_outliers $ transport_data_system_9th,81408787.3197031,single_datapoint,no_comment
9216,2022,12_NZ,travel_km,bus,km,road,passenger,bev,all,yearly,national,['estimated $ calculate_energy_and_activity()'],1,93300000.0,estimated $ calculate_energy_and_activity(),19500000.0,single_datapoint,no_comment
9217,2022,12_NZ,turnover_rate,bus,%,road,passenger,bev,all,yearly,national,['manually_inputted_data $ guess'],1,0.42,manually_inputted_data $ guess,0.03,manual,no_comment
9218,2010,12_NZ,new_vehicle_efficiency,bus,km_per_pj,road,passenger,cng,all,yearly,national,['avg_eff_no_outliers $ transport_data_system_9th'],1,1813839119.6717222,avg_eff_no_outliers $ transport_data_system_9th,139526086.128594,single_datapoint,no_comment
9219,2010,12_NZ,turnover_rate,bus,%,road,passenger,cng,all,yearly,national,['manually_inputted_data $ guess'],1,0.42,manually_inputted_data $ guess,0.03,manual,no_comment
9220,2011,12_NZ,new_vehicle_efficiency,bus,km_per_pj,road,passenger,cng,all,yearly,national,['avg_eff_no_outliers $ transport_data_system_9th'],1,1813839119.6717222,avg_eff_no_outliers $ transport_data_system_9th,139526086.128594,single_datapoint,no_comment
9221,2011,12_NZ,turnover_rate,bus,%,road,passenger,cng,all,yearly,national,['manually_inputted_data $ guess'],1,0.42,manually_inputted_data $ guess,0.03,manual,no_comment
9222,2012,12_NZ,new_vehicle_efficiency,bus,km_per_pj,road,passenger,cng,all,yearly,national,['avg_eff_no_outliers $ transport_data_system_9th'],1,1813839119.6717222,avg_eff_no_outliers $ transport_data_system_9th,139526086.128594,single_datapoint,no_comment
9223,2012,12_NZ,turnover_rate,bus,%,road,passenger,cng,all,yearly,national,['manually_inputted_data $ guess'],1,0.42,manually_inputted_data $ guess,0.03,manual,no_comment
9224,2013,12_NZ,new_vehicle_efficiency,bus,km_per_pj,road,passenger,cng,all,yearly,national,['avg_eff_no_outliers $ transport_data_system_9th'],1,1813839119.6717222,avg_eff_no_outliers $ transport_data_system_9th,139526086.128594,single_datapoint,no_comment
9225,2013,12_NZ,turnover_rate,bus,%,road,passenger,cng,all,yearly,national,['manually_inputted_data $ guess'],1,0.42,manually_inputted_data $ guess,0.03,manual,no_comment
9226,2014,12_NZ,new_vehicle_efficiency,bus,km_per_pj,road,passenger,cng,all,yearly,national,['avg_eff_no_outliers $ transport_data_system_9th'],1,1813839119.6717222,avg_eff_no_outliers $ transport_data_system_9th,139526086.128594,single_datapoint,no_comment
9227,2014,12_NZ,turnover_rate,bus,%,road,passenger,cng,all,yearly,national,['manually_inputted_data $ guess'],1,0.42,manually_inputted_data $ guess,0.03,manual,no_comment
9228,2015,12_NZ,new_vehicle_efficiency,bus,km_per_pj,road,passenger,cng,all,yearly,national,['avg_eff_no_outliers $ transport_data_system_9th'],1,1813839119.6717222,avg_eff_no_outliers $ transport_data_system_9th,139526086.128594,single_datapoint,no_comment
9229,2015,12_NZ,turnover_rate,bus,%,road,passenger,cng,all,yearly,national,['manually_inputted_data $ guess'],1,0.42,manually_inputted_data $ guess,0.03,manual,no_comment
9230,2016,12_NZ,new_vehicle_efficiency,bus,km_per_pj,road,passenger,cng,all,yearly,national,['avg_eff_no_outliers $ transport_data_system_9th'],1,1813839119.6717222,avg_eff_no_outliers $ transport_data_system_9th,139526086.128594,single_datapoint,no_comment
9231,2016,12_NZ,turnover_rate,bus,%,road,passenger,cng,all,yearly,national,['manually_inputted_data $ guess'],1,0.42,manually_inputted_data $ guess,0.03,manual,no_comment
9232,2017,12_NZ,activity,bus,passenger_km_or_freight_tonne_km,road,passenger,cng,all,yearly,national,"['8th_edition_transport_model $ reference', 'estimated $ calculate_energy_and_activity()']",2,26127423.0,8th_edition_transport_model $ reference,5877422.999999999,manual,no_comment
9233,2017,12_NZ,energy,bus,pj,road,passenger,cng,all,yearly,national,"['8th_edition_transport_model $ reference', 'estimated $ calculate_energy_and_activity()']",2,0.02084632932762248,8th_edition_transport_model $ reference,0.0027060314292344,manual,no_comment
9234,2017,12_NZ,new_vehicle_efficiency,bus,km_per_pj,road,passenger,cng,all,yearly,national,['avg_eff_no_outliers $ transport_data_system_9th'],1,1813839119.6717222,avg_eff_no_outliers $ transport_data_system_9th,139526086.128594,single_datapoint,no_comment
9235,2017,12_NZ,travel_km,bus,km,road,passenger,cng,all,yearly,national,['estimated $ calculate_energy_and_activity()'],1,1350000.0,estimated $ calculate_energy_and_activity(),1350000.0,single_datapoint,no_comment
9236,2017,12_NZ,turnover_rate,bus,%,road,passenger,cng,all,yearly,national,"['manually_inputted_data $ guess', 'turnover_rate_est']",2,0.42,manually_inputted_data $ guess,0.03,manual,no_comment
9237,2018,12_NZ,new_vehicle_efficiency,bus,km_per_pj,road,passenger,cng,all,yearly,national,['avg_eff_no_outliers $ transport_data_system_9th'],1,1813839119.6717222,avg_eff_no_outliers $ transport_data_system_9th,139526086.128594,single_datapoint,no_comment
9238,2018,12_NZ,turnover_rate,bus,%,road,passenger,cng,all,yearly,national,['manually_inputted_data $ guess'],1,0.42,manually_inputted_data $ guess,0.03,manual,no_comment
9239,2019,12_NZ,new_vehicle_efficiency,bus,km_per_pj,road,passenger,cng,all,yearly,national,['avg_eff_no_outliers $ transport_data_system_9th'],1,1813839119.6717222,avg_eff_no_outliers $ transport_data_system_9th,139526086.128594,single_datapoint,no_comment
9240,2019,12_NZ,turnover_rate,bus,%,road,passenger,cng,all,yearly,national,['manually_inputted_data $ guess'],1,0.42,manually_inputted_data $ guess,0.03,manual,no_comment
9241,2020,12_NZ,new_vehicle_efficiency,bus,km_per_pj,road,passenger,cng,all,yearly,national,['avg_eff_no_outliers $ transport_data_system_9th'],1,1813839119.6717222,avg_eff_no_outliers $ transport_data_system_9th,139526086.128594,single_datapoint,no_comment
9242,2020,12_NZ,turnover_rate,bus,%,road,passenger,cng,all,yearly,national,['manually_inputted_data $ guess'],1,0.42,manually_inputted_data $ guess,0.03,manual,no_comment
9243,2021,12_NZ,new_vehicle_efficiency,bus,km_per_pj,road,passenger,cng,all,yearly,national,['avg_eff_no_outliers $ transport_data_system_9th'],1,1813839119.6717222,avg_eff_no_outliers $ transport_data_system_9th,139526086.128594,single_datapoint,no_comment
9244,2021,12_NZ,turnover_rate,bus,%,road,passenger,cng,all,yearly,national,['manually_inputted_data $ guess'],1,0.42,manually_inputted_data $ guess,0.03,manual,no_comment
9245,2022,12_NZ,new_vehicle_efficiency,bus,km_per_pj,road,passenger,cng,all,yearly,national,['avg_eff_no_outliers $ transport_data_system_9th'],1,1813839119.6717222,avg_eff_no_outliers $ transport_data_system_9th,139526086.128594,single_datapoint,no_comment
9246,2022,12_NZ,turnover_rate,bus,%,road,passenger,cng,all,yearly,national,['manually_inputted_data $ guess'],1,0.42,manually_inputted_data $ guess,0.03,manual,no_comment
9247,2017,12_NZ,turnover_rate,bus,%,road,passenger,fcev,all,yearly,national,['turnover_rate_est'],1,0.03,turnover_rate_est,0.03,single_datapoint,no_comment
9248,2010,12_NZ,activity,bus,passenger_km_or_freight_tonne_km,road,passenger,ice,all,yearly,national,['estimated $ calculate_energy_and_activity()'],1,117641267438.79163,estimated $ calculate_energy_and_activity(),9128274747.810513,single_datapoint,no_comment
9249,2010,12_NZ,energy,bus,pj,road,passenger,ice,all,yearly,national,['estimated $ calculate_energy_and_activity()'],1,105.385068468327,estimated $ calculate_energy_and_activity(),8.177265344376101,single_datapoint,no_comment
9250,2010,12_NZ,new_vehicle_efficiency,bus,km_per_pj,road,passenger,ice,all,yearly,national,['avg_eff_no_outliers $ transport_data_system_9th'],1,910941040.8338033,avg_eff_no_outliers $ transport_data_system_9th,70072387.7564464,single_datapoint,no_comment
9251,2010,12_NZ,travel_km,bus,km,road,passenger,ice,all,yearly,national,['estimated $ calculate_energy_and_activity()'],1,7842751162.586108,estimated $ calculate_energy_and_activity(),608551649.8540342,single_datapoint,no_comment
9252,2010,12_NZ,turnover_rate,bus,%,road,passenger,ice,all,yearly,national,['manually_inputted_data $ guess'],1,0.39,manually_inputted_data $ guess,0.03,single_datapoint,no_comment
9253,2011,12_NZ,activity,bus,passenger_km_or_freight_tonne_km,road,passenger,ice,all,yearly,national,['estimated $ calculate_energy_and_activity()'],1,117641267438.79163,estimated $ calculate_energy_and_activity(),9248302799.556255,single_datapoint,no_comment
9254,2011,12_NZ,energy,bus,pj,road,passenger,ice,all,yearly,national,['estimated $ calculate_energy_and_activity()'],1,105.385068468327,estimated $ calculate_energy_and_activity(),8.284788535231948,single_datapoint,no_comment
9255,2011,12_NZ,new_vehicle_efficiency,bus,km_per_pj,road,passenger,ice,all,yearly,national,['avg_eff_no_outliers $ transport_data_system_9th'],1,910941040.8338033,avg_eff_no_outliers $ transport_data_system_9th,70072387.7564464,single_datapoint,no_comment
9256,2011,12_NZ,travel_km,bus,km,road,passenger,ice,all,yearly,national,['estimated $ calculate_energy_and_activity()'],1,7842751162.586108,estimated $ calculate_energy_and_activity(),616553519.970417,single_datapoint,no_comment
9257,2011,12_NZ,turnover_rate,bus,%,road,passenger,ice,all,yearly,national,['manually_inputted_data $ guess'],1,0.39,manually_inputted_data $ guess,0.03,single_datapoint,no_comment
9258,2012,12_NZ,activity,bus,passenger_km_or_freight_tonne_km,road,passenger,ice,all,yearly,national,['estimated $ calculate_energy_and_activity()'],1,117641267438.79163,estimated $ calculate_energy_and_activity(),9391582912.950665,single_datapoint,no_comment
9259,2012,12_NZ,energy,bus,pj,road,passenger,ice,all,yearly,national,['estimated $ calculate_energy_and_activity()'],1,105.385068468327,estimated $ calculate_energy_and_activity(),8.41314132238698,single_datapoint,no_comment
9260,2012,12_NZ,new_vehicle_efficiency,bus,km_per_pj,road,passenger,ice,all,yearly,national,['avg_eff_no_outliers $ transport_data_system_9th'],1,910941040.8338033,avg_eff_no_outliers $ transport_data_system_9th,70072387.7564464,single_datapoint,no_comment
9261,2012,12_NZ,travel_km,bus,km,road,passenger,ice,all,yearly,national,['estimated $ calculate_energy_and_activity()'],1,7842751162.586108,estimated $ calculate_energy_and_activity(),626105527.5300443,single_datapoint,no_comment
9262,2012,12_NZ,turnover_rate,bus,%,road,passenger,ice,all,yearly,national,['manually_inputted_data $ guess'],1,0.39,manually_inputted_data $ guess,0.03,single_datapoint,no_comment
9263,2013,12_NZ,activity,bus,passenger_km_or_freight_tonne_km,road,passenger,ice,all,yearly,national,['estimated $ calculate_energy_and_activity()'],1,117641267438.79163,estimated $ calculate_energy_and_activity(),9682096499.535442,single_datapoint,no_comment
9264,2013,12_NZ,energy,bus,pj,road,passenger,ice,all,yearly,national,['estimated $ calculate_energy_and_activity()'],1,105.385068468327,estimated $ calculate_energy_and_activity(),8.673388384321647,single_datapoint,no_comment
9265,2013,12_NZ,new_vehicle_efficiency,bus,km_per_pj,road,passenger,ice,all,yearly,national,['avg_eff_no_outliers $ transport_data_system_9th'],1,910941040.8338033,avg_eff_no_outliers $ transport_data_system_9th,70072387.7564464,single_datapoint,no_comment
9266,2013,12_NZ,travel_km,bus,km,road,passenger,ice,all,yearly,national,['estimated $ calculate_energy_and_activity()'],1,7842751162.586108,estimated $ calculate_energy_and_activity(),645473099.9690294,single_datapoint,no_comment
9267,2013,12_NZ,turnover_rate,bus,%,road,passenger,ice,all,yearly,national,['manually_inputted_data $ guess'],1,0.39,manually_inputted_data $ guess,0.03,single_datapoint,no_comment
9268,2014,12_NZ,activity,bus,passenger_km_or_freight_tonne_km,road,passenger,ice,all,yearly,national,['estimated $ calculate_energy_and_activity()'],1,117641267438.79163,estimated $ calculate_energy_and_activity(),9937006199.52321,single_datapoint,no_comment
9269,2014,12_NZ,energy,bus,pj,road,passenger,ice,all,yearly,national,['estimated $ calculate_energy_and_activity()'],1,105.385068468327,estimated $ calculate_energy_and_activity(),8.901740872961986,single_datapoint,no_comment
9270,2014,12_NZ,new_vehicle_efficiency,bus,km_per_pj,road,passenger,ice,all,yearly,national,['avg_eff_no_outliers $ transport_data_system_9th'],1,910941040.8338033,avg_eff_no_outliers $ transport_data_system_9th,70072387.7564464,single_datapoint,no_comment
9271,2014,12_NZ,travel_km,bus,km,road,passenger,ice,all,yearly,national,['estimated $ calculate_energy_and_activity()'],1,7842751162.586108,estimated $ calculate_energy_and_activity(),662467079.968214,single_datapoint,no_comment
9272,2014,12_NZ,turnover_rate,bus,%,road,passenger,ice,all,yearly,national,['manually_inputted_data $ guess'],1,0.39,manually_inputted_data $ guess,0.03,single_datapoint,no_comment
9273,2015,12_NZ,activity,bus,passenger_km_or_freight_tonne_km,road,passenger,ice,all,yearly,national,['estimated $ calculate_energy_and_activity()'],1,117641267438.79163,estimated $ calculate_energy_and_activity(),10196387999.510765,single_datapoint,no_comment
9274,2015,12_NZ,energy,bus,pj,road,passenger,ice,all,yearly,national,['estimated $ calculate_energy_and_activity()'],1,105.385068468327,estimated $ calculate_energy_and_activity(),9.134099545613559,single_datapoint,no_comment
9275,2015,12_NZ,new_vehicle_efficiency,bus,km_per_pj,road,passenger,ice,all,yearly,national,['avg_eff_no_outliers $ transport_data_system_9th'],1,910941040.8338033,avg_eff_no_outliers $ transport_data_system_9th,70072387.7564464,single_datapoint,no_comment
9276,2015,12_NZ,travel_km,bus,km,road,passenger,ice,all,yearly,national,['estimated $ calculate_energy_and_activity()'],1,7842751162.586108,estimated $ calculate_energy_and_activity(),679759199.9673843,single_datapoint,no_comment
9277,2015,12_NZ,turnover_rate,bus,%,road,passenger,ice,all,yearly,national,['manually_inputted_data $ guess'],1,0.39,manually_inputted_data $ guess,0.03,single_datapoint,no_comment
9278,2016,12_NZ,activity,bus,passenger_km_or_freight_tonne_km,road,passenger,ice,all,yearly,national,['estimated $ calculate_energy_and_activity()'],1,117641267438.79163,estimated $ calculate_energy_and_activity(),10891754997.387527,single_datapoint,no_comment
9279,2016,12_NZ,energy,bus,pj,road,passenger,ice,all,yearly,national,['estimated $ calculate_energy_and_activity()'],1,105.385068468327,estimated $ calculate_energy_and_activity(),9.757021248832931,single_datapoint,no_comment
9280,2016,12_NZ,new_vehicle_efficiency,bus,km_per_pj,road,passenger,ice,all,yearly,national,['avg_eff_no_outliers $ transport_data_system_9th'],1,910941040.8338033,avg_eff_no_outliers $ transport_data_system_9th,70072387.7564464,single_datapoint,no_comment
9281,2016,12_NZ,travel_km,bus,km,road,passenger,ice,all,yearly,national,['estimated $ calculate_energy_and_activity()'],1,7842751162.586108,estimated $ calculate_energy_and_activity(),726116999.8258352,single_datapoint,no_comment
9282,2016,12_NZ,turnover_rate,bus,%,road,passenger,ice,all,yearly,national,['manually_inputted_data $ guess'],1,0.39,manually_inputted_data $ guess,0.03,single_datapoint,no_comment
9283,2017,12_NZ,activity,bus,passenger_km_or_freight_tonne_km,road,passenger,ice,all,yearly,national,['estimated $ calculate_energy_and_activity()'],1,117641267438.79163,estimated $ calculate_energy_and_activity(),11471044165.526257,single_datapoint,no_comment
9284,2017,12_NZ,energy,bus,pj,road,passenger,ice,all,yearly,national,['estimated $ calculate_energy_and_activity()'],1,105.385068468327,estimated $ calculate_energy_and_activity(),10.275958437936435,single_datapoint,no_comment
9285,2017,12_NZ,new_vehicle_efficiency,bus,km_per_pj,road,passenger,ice,all,yearly,national,['avg_eff_no_outliers $ transport_data_system_9th'],1,910941040.8338033,avg_eff_no_outliers $ transport_data_system_9th,70072387.7564464,single_datapoint,no_comment
9286,2017,12_NZ,travel_km,bus,km,road,passenger,ice,all,yearly,national,['estimated $ calculate_energy_and_activity()'],1,7842751162.586108,estimated $ calculate_energy_and_activity(),764736277.7017504,single_datapoint,no_comment
9287,2017,12_NZ,turnover_rate,bus,%,road,passenger,ice,all,yearly,national,['manually_inputted_data $ guess'],1,0.39,manually_inputted_data $ guess,0.03,single_datapoint,no_comment
9288,2018,12_NZ,activity,bus,passenger_km_or_freight_tonne_km,road,passenger,ice,all,yearly,national,['estimated $ calculate_energy_and_activity()'],1,117641267438.79163,estimated $ calculate_energy_and_activity(),12338520077.666492,single_datapoint,no_comment
9289,2018,12_NZ,energy,bus,pj,road,passenger,ice,all,yearly,national,['estimated $ calculate_energy_and_activity()'],1,105.385068468327,estimated $ calculate_energy_and_activity(),11.05305826341297,single_datapoint,no_comment
9290,2018,12_NZ,new_vehicle_efficiency,bus,km_per_pj,road,passenger,ice,all,yearly,national,['avg_eff_no_outliers $ transport_data_system_9th'],1,910941040.8338033,avg_eff_no_outliers $ transport_data_system_9th,70072387.7564464,single_datapoint,no_comment
9291,2018,12_NZ,travel_km,bus,km,road,passenger,ice,all,yearly,national,['estimated $ calculate_energy_and_activity()'],1,7842751162.586108,estimated $ calculate_energy_and_activity(),822568005.1777662,single_datapoint,no_comment
9292,2018,12_NZ,turnover_rate,bus,%,road,passenger,ice,all,yearly,national,['manually_inputted_data $ guess'],1,0.39,manually_inputted_data $ guess,0.03,single_datapoint,no_comment
9293,2019,12_NZ,activity,bus,passenger_km_or_freight_tonne_km,road,passenger,ice,all,yearly,national,['estimated $ calculate_energy_and_activity()'],1,117641267438.79163,estimated $ calculate_energy_and_activity(),12640613289.324493,single_datapoint,no_comment
9294,2019,12_NZ,energy,bus,pj,road,passenger,ice,all,yearly,national,['estimated $ calculate_energy_and_activity()'],1,105.385068468327,estimated $ calculate_energy_and_activity(),11.323678552428127,single_datapoint,no_comment
9295,2019,12_NZ,new_vehicle_efficiency,bus,km_per_pj,road,passenger,ice,all,yearly,national,['avg_eff_no_outliers $ transport_data_system_9th'],1,910941040.8338033,avg_eff_no_outliers $ transport_data_system_9th,70072387.7564464,single_datapoint,no_comment
9296,2019,12_NZ,travel_km,bus,km,road,passenger,ice,all,yearly,national,['estimated $ calculate_energy_and_activity()'],1,7842751162.586108,estimated $ calculate_energy_and_activity(),842707552.6216329,single_datapoint,no_comment
9297,2019,12_NZ,turnover_rate,bus,%,road,passenger,ice,all,yearly,national,['manually_inputted_data $ guess'],1,0.39,manually_inputted_data $ guess,0.03,single_datapoint,no_comment
9298,2020,12_NZ,activity,bus,passenger_km_or_freight_tonne_km,road,passenger,ice,all,yearly,national,['estimated $ calculate_energy_and_activity()'],1,117641267438.79163,estimated $ calculate_energy_and_activity(),12715683750.0,single_datapoint,no_comment
9299,2020,12_NZ,energy,bus,pj,road,passenger,ice,all,yearly,national,['estimated $ calculate_energy_and_activity()'],1,105.385068468327,estimated $ calculate_energy_and_activity(),11.39092796082432,single_datapoint,no_comment
9300,2020,12_NZ,new_vehicle_efficiency,bus,km_per_pj,road,passenger,ice,all,yearly,national,['avg_eff_no_outliers $ transport_data_system_9th'],1,910941040.8338033,avg_eff_no_outliers $ transport_data_system_9th,70072387.7564464,single_datapoint,no_comment
9301,2020,12_NZ,travel_km,bus,km,road,passenger,ice,all,yearly,national,['estimated $ calculate_energy_and_activity()'],1,7842751162.586108,estimated $ calculate_energy_and_activity(),847712250.0,single_datapoint,no_comment
9302,2020,12_NZ,turnover_rate,bus,%,road,passenger,ice,all,yearly,national,['manually_inputted_data $ guess'],1,0.39,manually_inputted_data $ guess,0.03,single_datapoint,no_comment
9303,2021,12_NZ,new_vehicle_efficiency,bus,km_per_pj,road,passenger,ice,all,yearly,national,['avg_eff_no_outliers $ transport_data_system_9th'],1,910941040.8338033,avg_eff_no_outliers $ transport_data_system_9th,70072387.7564464,single_datapoint,no_comment
9304,2021,12_NZ,turnover_rate,bus,%,road,passenger,ice,all,yearly,national,['manually_inputted_data $ guess'],1,0.39,manually_inputted_data $ guess,0.03,single_datapoint,no_comment
9305,2022,12_NZ,new_vehicle_efficiency,bus,km_per_pj,road,passenger,ice,all,yearly,national,['avg_eff_no_outliers $ transport_data_system_9th'],1,910941040.8338033,avg_eff_no_outliers $ transport_data_system_9th,70072387.7564464,single_datapoint,no_comment
9306,2022,12_NZ,turnover_rate,bus,%,road,passenger,ice,all,yearly,national,['manually_inputted_data $ guess'],1,0.39,manually_inputted_data $ guess,0.03,single_datapoint,no_comment
9307,2010,12_NZ,new_vehicle_efficiency,bus,km_per_pj,road,passenger,lpg,all,yearly,national,['avg_eff_no_outliers $ transport_data_system_9th'],1,1295830676.4857378,avg_eff_no_outliers $ transport_data_system_9th,99679282.8065952,single_datapoint,no_comment
9308,2010,12_NZ,turnover_rate,bus,%,road,passenger,lpg,all,yearly,national,['manually_inputted_data $ guess'],1,0.42,manually_inputted_data $ guess,0.03,manual,no_comment
9309,2011,12_NZ,new_vehicle_efficiency,bus,km_per_pj,road,passenger,lpg,all,yearly,national,['avg_eff_no_outliers $ transport_data_system_9th'],1,1295830676.4857378,avg_eff_no_outliers $ transport_data_system_9th,99679282.8065952,single_datapoint,no_comment
9310,2011,12_NZ,turnover_rate,bus,%,road,passenger,lpg,all,yearly,national,['manually_inputted_data $ guess'],1,0.42,manually_inputted_data $ guess,0.03,manual,no_comment
9311,2012,12_NZ,new_vehicle_efficiency,bus,km_per_pj,road,passenger,lpg,all,yearly,national,['avg_eff_no_outliers $ transport_data_system_9th'],1,1295830676.4857378,avg_eff_no_outliers $ transport_data_system_9th,99679282.8065952,single_datapoint,no_comment
9312,2012,12_NZ,turnover_rate,bus,%,road,passenger,lpg,all,yearly,national,['manually_inputted_data $ guess'],1,0.42,manually_inputted_data $ guess,0.03,manual,no_comment
9313,2013,12_NZ,new_vehicle_efficiency,bus,km_per_pj,road,passenger,lpg,all,yearly,national,['avg_eff_no_outliers $ transport_data_system_9th'],1,1295830676.4857378,avg_eff_no_outliers $ transport_data_system_9th,99679282.8065952,single_datapoint,no_comment
9314,2013,12_NZ,turnover_rate,bus,%,road,passenger,lpg,all,yearly,national,['manually_inputted_data $ guess'],1,0.42,manually_inputted_data $ guess,0.03,manual,no_comment
9315,2014,12_NZ,new_vehicle_efficiency,bus,km_per_pj,road,passenger,lpg,all,yearly,national,['avg_eff_no_outliers $ transport_data_system_9th'],1,1295830676.4857378,avg_eff_no_outliers $ transport_data_system_9th,99679282.8065952,single_datapoint,no_comment
9316,2014,12_NZ,turnover_rate,bus,%,road,passenger,lpg,all,yearly,national,['manually_inputted_data $ guess'],1,0.42,manually_inputted_data $ guess,0.03,manual,no_comment
9317,2015,12_NZ,new_vehicle_efficiency,bus,km_per_pj,road,passenger,lpg,all,yearly,national,['avg_eff_no_outliers $ transport_data_system_9th'],1,1295830676.4857378,avg_eff_no_outliers $ transport_data_system_9th,99679282.8065952,single_datapoint,no_comment
9318,2015,12_NZ,turnover_rate,bus,%,road,passenger,lpg,all,yearly,national,['manually_inputted_data $ guess'],1,0.42,manually_inputted_data $ guess,0.03,manual,no_comment
9319,2016,12_NZ,new_vehicle_efficiency,bus,km_per_pj,road,passenger,lpg,all,yearly,national,['avg_eff_no_outliers $ transport_data_system_9th'],1,1295830676.4857378,avg_eff_no_outliers $ transport_data_system_9th,99679282.8065952,single_datapoint,no_comment
9320,2016,12_NZ,turnover_rate,bus,%,road,passenger,lpg,all,yearly,national,['manually_inputted_data $ guess'],1,0.42,manually_inputted_data $ guess,0.03,manual,no_comment
9321,2017,12_NZ,activity,bus,passenger_km_or_freight_tonne_km,road,passenger,lpg,all,yearly,national,"['8th_edition_transport_model $ reference', 'estimated $ calculate_energy_and_activity()']",2,30580798.0,estimated $ calculate_energy_and_activity(),21375000.0,manual,no_comment
9322,2017,12_NZ,energy,bus,pj,road,passenger,lpg,all,yearly,national,"['8th_edition_transport_model $ reference', 'estimated $ calculate_energy_and_activity()']",2,0.025841382470066808,8th_edition_transport_model $ reference,0.0066932902439905,manual,no_comment
9323,2017,12_NZ,new_vehicle_efficiency,bus,km_per_pj,road,passenger,lpg,all,yearly,national,['avg_eff_no_outliers $ transport_data_system_9th'],1,1295830676.4857378,avg_eff_no_outliers $ transport_data_system_9th,99679282.8065952,single_datapoint,no_comment
9324,2017,12_NZ,travel_km,bus,km,road,passenger,lpg,all,yearly,national,['estimated $ calculate_energy_and_activity()'],1,1425000.0,estimated $ calculate_energy_and_activity(),1425000.0,single_datapoint,no_comment
9325,2017,12_NZ,turnover_rate,bus,%,road,passenger,lpg,all,yearly,national,"['manually_inputted_data $ guess', 'turnover_rate_est']",2,0.42,manually_inputted_data $ guess,0.03,manual,no_comment
9326,2018,12_NZ,new_vehicle_efficiency,bus,km_per_pj,road,passenger,lpg,all,yearly,national,['avg_eff_no_outliers $ transport_data_system_9th'],1,1295830676.4857378,avg_eff_no_outliers $ transport_data_system_9th,99679282.8065952,single_datapoint,no_comment
9327,2018,12_NZ,turnover_rate,bus,%,road,passenger,lpg,all,yearly,national,['manually_inputted_data $ guess'],1,0.42,manually_inputted_data $ guess,0.03,manual,no_comment
9328,2019,12_NZ,new_vehicle_efficiency,bus,km_per_pj,road,passenger,lpg,all,yearly,national,['avg_eff_no_outliers $ transport_data_system_9th'],1,1295830676.4857378,avg_eff_no_outliers $ transport_data_system_9th,99679282.8065952,single_datapoint,no_comment
9329,2019,12_NZ,turnover_rate,bus,%,road,passenger,lpg,all,yearly,national,['manually_inputted_data $ guess'],1,0.42,manually_inputted_data $ guess,0.03,manual,no_comment
9330,2020,12_NZ,new_vehicle_efficiency,bus,km_per_pj,road,passenger,lpg,all,yearly,national,['avg_eff_no_outliers $ transport_data_system_9th'],1,1295830676.4857378,avg_eff_no_outliers $ transport_data_system_9th,99679282.8065952,single_datapoint,no_comment
9331,2020,12_NZ,turnover_rate,bus,%,road,passenger,lpg,all,yearly,national,['manually_inputted_data $ guess'],1,0.42,manually_inputted_data $ guess,0.03,manual,no_comment
9332,2021,12_NZ,new_vehicle_efficiency,bus,km_per_pj,road,passenger,lpg,all,yearly,national,['avg_eff_no_outliers $ transport_data_system_9th'],1,1295830676.4857378,avg_eff_no_outliers $ transport_data_system_9th,99679282.8065952,single_datapoint,no_comment
9333,2021,12_NZ,turnover_rate,bus,%,road,passenger,lpg,all,yearly,national,['manually_inputted_data $ guess'],1,0.42,manually_inputted_data $ guess,0.03,manual,no_comment
9334,2022,12_NZ,new_vehicle_efficiency,bus,km_per_pj,road,passenger,lpg,all,yearly,national,['avg_eff_no_outliers $ transport_data_system_9th'],1,1295830676.4857378,avg_eff_no_outliers $ transport_data_system_9th,99679282.8065952,single_datapoint,no_comment
9335,2022,12_NZ,turnover_rate,bus,%,road,passenger,lpg,all,yearly,national,['manually_inputted_data $ guess'],1,0.42,manually_inputted_data $ guess,0.03,manual,no_comment
9336,2010,12_NZ,new_vehicle_efficiency,bus,km_per_pj,road,passenger,phev,all,yearly,national,['avg_eff_no_outliers $ transport_data_system_9th'],1,1472018422.278209,avg_eff_no_outliers $ transport_data_system_9th,113232186.329093,single_datapoint,no_comment
9337,2010,12_NZ,turnover_rate,bus,%,road,passenger,phev,all,yearly,national,['manually_inputted_data $ guess'],1,0.39,manually_inputted_data $ guess,0.03,single_datapoint,no_comment
9338,2011,12_NZ,new_vehicle_efficiency,bus,km_per_pj,road,passenger,phev,all,yearly,national,['avg_eff_no_outliers $ transport_data_system_9th'],1,1472018422.278209,avg_eff_no_outliers $ transport_data_system_9th,113232186.329093,single_datapoint,no_comment
9339,2011,12_NZ,turnover_rate,bus,%,road,passenger,phev,all,yearly,national,['manually_inputted_data $ guess'],1,0.39,manually_inputted_data $ guess,0.03,single_datapoint,no_comment
9340,2012,12_NZ,new_vehicle_efficiency,bus,km_per_pj,road,passenger,phev,all,yearly,national,['avg_eff_no_outliers $ transport_data_system_9th'],1,1472018422.278209,avg_eff_no_outliers $ transport_data_system_9th,113232186.329093,single_datapoint,no_comment
9341,2012,12_NZ,turnover_rate,bus,%,road,passenger,phev,all,yearly,national,['manually_inputted_data $ guess'],1,0.39,manually_inputted_data $ guess,0.03,single_datapoint,no_comment
9342,2013,12_NZ,new_vehicle_efficiency,bus,km_per_pj,road,passenger,phev,all,yearly,national,['avg_eff_no_outliers $ transport_data_system_9th'],1,1472018422.278209,avg_eff_no_outliers $ transport_data_system_9th,113232186.329093,single_datapoint,no_comment
9343,2013,12_NZ,turnover_rate,bus,%,road,passenger,phev,all,yearly,national,['manually_inputted_data $ guess'],1,0.39,manually_inputted_data $ guess,0.03,single_datapoint,no_comment
9344,2014,12_NZ,new_vehicle_efficiency,bus,km_per_pj,road,passenger,phev,all,yearly,national,['avg_eff_no_outliers $ transport_data_system_9th'],1,1472018422.278209,avg_eff_no_outliers $ transport_data_system_9th,113232186.329093,single_datapoint,no_comment
9345,2014,12_NZ,turnover_rate,bus,%,road,passenger,phev,all,yearly,national,['manually_inputted_data $ guess'],1,0.39,manually_inputted_data $ guess,0.03,single_datapoint,no_comment
9346,2015,12_NZ,new_vehicle_efficiency,bus,km_per_pj,road,passenger,phev,all,yearly,national,['avg_eff_no_outliers $ transport_data_system_9th'],1,1472018422.278209,avg_eff_no_outliers $ transport_data_system_9th,113232186.329093,single_datapoint,no_comment
9347,2015,12_NZ,turnover_rate,bus,%,road,passenger,phev,all,yearly,national,['manually_inputted_data $ guess'],1,0.39,manually_inputted_data $ guess,0.03,single_datapoint,no_comment
9348,2016,12_NZ,new_vehicle_efficiency,bus,km_per_pj,road,passenger,phev,all,yearly,national,['avg_eff_no_outliers $ transport_data_system_9th'],1,1472018422.278209,avg_eff_no_outliers $ transport_data_system_9th,113232186.329093,single_datapoint,no_comment
9349,2016,12_NZ,turnover_rate,bus,%,road,passenger,phev,all,yearly,national,['manually_inputted_data $ guess'],1,0.39,manually_inputted_data $ guess,0.03,single_datapoint,no_comment
9350,2017,12_NZ,new_vehicle_efficiency,bus,km_per_pj,road,passenger,phev,all,yearly,national,['avg_eff_no_outliers $ transport_data_system_9th'],1,1472018422.278209,avg_eff_no_outliers $ transport_data_system_9th,113232186.329093,single_datapoint,no_comment
9351,2017,12_NZ,turnover_rate,bus,%,road,passenger,phev,all,yearly,national,['manually_inputted_data $ guess'],1,0.39,manually_inputted_data $ guess,0.03,single_datapoint,no_comment
9352,2018,12_NZ,new_vehicle_efficiency,bus,km_per_pj,road,passenger,phev,all,yearly,national,['avg_eff_no_outliers $ transport_data_system_9th'],1,1472018422.278209,avg_eff_no_outliers $ transport_data_system_9th,113232186.329093,single_datapoint,no_comment
9353,2018,12_NZ,turnover_rate,bus,%,road,passenger,phev,all,yearly,national,['manually_inputted_data $ guess'],1,0.39,manually_inputted_data $ guess,0.03,single_datapoint,no_comment
9354,2019,12_NZ,new_vehicle_efficiency,bus,km_per_pj,road,passenger,phev,all,yearly,national,['avg_eff_no_outliers $ transport_data_system_9th'],1,1472018422.278209,avg_eff_no_outliers $ transport_data_system_9th,113232186.329093,single_datapoint,no_comment
9355,2019,12_NZ,turnover_rate,bus,%,road,passenger,phev,all,yearly,national,['manually_inputted_data $ guess'],1,0.39,manually_inputted_data $ guess,0.03,single_datapoint,no_comment
9356,2020,12_NZ,new_vehicle_efficiency,bus,km_per_pj,road,passenger,phev,all,yearly,national,['avg_eff_no_outliers $ transport_data_system_9th'],1,1472018422.278209,avg_eff_no_outliers $ transport_data_system_9th,113232186.329093,single_datapoint,no_comment
9357,2020,12_NZ,turnover_rate,bus,%,road,passenger,phev,all,yearly,national,['manually_inputted_data $ guess'],1,0.39,manually_inputted_data $ guess,0.03,single_datapoint,no_comment
9358,2021,12_NZ,activity,bus,passenger_km_or_freight_tonne_km,road,passenger,phev,all,yearly,national,['estimated $ calculate_energy_and_activity()'],1,3375000.0,estimated $ calculate_energy_and_activity(),1125000.0,single_datapoint,no_comment
9359,2021,12_NZ,energy,bus,pj,road,passenger,phev,all,yearly,national,['estimated $ calculate_energy_and_activity()'],1,0.0017276474188941027,estimated $ calculate_energy_and_activity(),0.0005758824729647009,single_datapoint,no_comment
9360,2021,12_NZ,new_vehicle_efficiency,bus,km_per_pj,road,passenger,phev,all,yearly,national,['avg_eff_no_outliers $ transport_data_system_9th'],1,1472018422.278209,avg_eff_no_outliers $ transport_data_system_9th,113232186.329093,single_datapoint,no_comment
9361,2021,12_NZ,travel_km,bus,km,road,passenger,phev,all,yearly,national,['estimated $ calculate_energy_and_activity()'],1,225000.0,estimated $ calculate_energy_and_activity(),75000.0,single_datapoint,no_comment
9362,2021,12_NZ,turnover_rate,bus,%,road,passenger,phev,all,yearly,national,['manually_inputted_data $ guess'],1,0.39,manually_inputted_data $ guess,0.03,single_datapoint,no_comment
9363,2022,12_NZ,activity,bus,passenger_km_or_freight_tonne_km,road,passenger,phev,all,yearly,national,['estimated $ calculate_energy_and_activity()'],1,3375000.0,estimated $ calculate_energy_and_activity(),2250000.0,single_datapoint,no_comment
9364,2022,12_NZ,energy,bus,pj,road,passenger,phev,all,yearly,national,['estimated $ calculate_energy_and_activity()'],1,0.0017276474188941027,estimated $ calculate_energy_and_activity(),0.0011517649459294019,single_datapoint,no_comment
9365,2022,12_NZ,new_vehicle_efficiency,bus,km_per_pj,road,passenger,phev,all,yearly,national,['avg_eff_no_outliers $ transport_data_system_9th'],1,1472018422.278209,avg_eff_no_outliers $ transport_data_system_9th,113232186.329093,single_datapoint,no_comment
9366,2022,12_NZ,travel_km,bus,km,road,passenger,phev,all,yearly,national,['estimated $ calculate_energy_and_activity()'],1,225000.0,estimated $ calculate_energy_and_activity(),150000.0,single_datapoint,no_comment
9367,2022,12_NZ,turnover_rate,bus,%,road,passenger,phev,all,yearly,national,['manually_inputted_data $ guess'],1,0.39,manually_inputted_data $ guess,0.03,single_datapoint,no_comment
9368,2010,12_NZ,new_vehicle_efficiency,ht,km_per_pj,road,freight,bev,all,yearly,national,['avg_eff_no_outliers $ transport_data_system_9th'],1,3249486640.872147,avg_eff_no_outliers $ transport_data_system_9th,249960510.836319,single_datapoint,no_comment
9369,2010,12_NZ,turnover_rate,ht,%,road,freight,bev,all,yearly,national,['manually_inputted_data $ guess'],1,0.42,manually_inputted_data $ guess,0.03,manual,no_comment
9370,2011,12_NZ,new_vehicle_efficiency,ht,km_per_pj,road,freight,bev,all,yearly,national,['avg_eff_no_outliers $ transport_data_system_9th'],1,3249486640.872147,avg_eff_no_outliers $ transport_data_system_9th,249960510.836319,single_datapoint,no_comment
9371,2011,12_NZ,turnover_rate,ht,%,road,freight,bev,all,yearly,national,['manually_inputted_data $ guess'],1,0.42,manually_inputted_data $ guess,0.03,manual,no_comment
9372,2012,12_NZ,new_vehicle_efficiency,ht,km_per_pj,road,freight,bev,all,yearly,national,['avg_eff_no_outliers $ transport_data_system_9th'],1,3249486640.872147,avg_eff_no_outliers $ transport_data_system_9th,249960510.836319,single_datapoint,no_comment
9373,2012,12_NZ,turnover_rate,ht,%,road,freight,bev,all,yearly,national,['manually_inputted_data $ guess'],1,0.42,manually_inputted_data $ guess,0.03,manual,no_comment
9374,2013,12_NZ,new_vehicle_efficiency,ht,km_per_pj,road,freight,bev,all,yearly,national,['avg_eff_no_outliers $ transport_data_system_9th'],1,3249486640.872147,avg_eff_no_outliers $ transport_data_system_9th,249960510.836319,single_datapoint,no_comment
9375,2013,12_NZ,turnover_rate,ht,%,road,freight,bev,all,yearly,national,['manually_inputted_data $ guess'],1,0.42,manually_inputted_data $ guess,0.03,manual,no_comment
9376,2014,12_NZ,new_vehicle_efficiency,ht,km_per_pj,road,freight,bev,all,yearly,national,['avg_eff_no_outliers $ transport_data_system_9th'],1,3249486640.872147,avg_eff_no_outliers $ transport_data_system_9th,249960510.836319,single_datapoint,no_comment
9377,2014,12_NZ,turnover_rate,ht,%,road,freight,bev,all,yearly,national,['manually_inputted_data $ guess'],1,0.42,manually_inputted_data $ guess,0.03,manual,no_comment
9378,2015,12_NZ,new_vehicle_efficiency,ht,km_per_pj,road,freight,bev,all,yearly,national,['avg_eff_no_outliers $ transport_data_system_9th'],1,3249486640.872147,avg_eff_no_outliers $ transport_data_system_9th,249960510.836319,single_datapoint,no_comment
9379,2015,12_NZ,turnover_rate,ht,%,road,freight,bev,all,yearly,national,['manually_inputted_data $ guess'],1,0.42,manually_inputted_data $ guess,0.03,manual,no_comment
9380,2016,12_NZ,new_vehicle_efficiency,ht,km_per_pj,road,freight,bev,all,yearly,national,['avg_eff_no_outliers $ transport_data_system_9th'],1,3249486640.872147,avg_eff_no_outliers $ transport_data_system_9th,249960510.836319,single_datapoint,no_comment
9381,2016,12_NZ,turnover_rate,ht,%,road,freight,bev,all,yearly,national,['manually_inputted_data $ guess'],1,0.42,manually_inputted_data $ guess,0.03,manual,no_comment
9382,2017,12_NZ,new_vehicle_efficiency,ht,km_per_pj,road,freight,bev,all,yearly,national,['avg_eff_no_outliers $ transport_data_system_9th'],1,3249486640.872147,avg_eff_no_outliers $ transport_data_system_9th,249960510.836319,single_datapoint,no_comment
9383,2017,12_NZ,turnover_rate,ht,%,road,freight,bev,all,yearly,national,"['manually_inputted_data $ guess', 'turnover_rate_est']",2,0.42,manually_inputted_data $ guess,0.03,manual,no_comment
9384,2018,12_NZ,new_vehicle_efficiency,ht,km_per_pj,road,freight,bev,all,yearly,national,['avg_eff_no_outliers $ transport_data_system_9th'],1,3249486640.872147,avg_eff_no_outliers $ transport_data_system_9th,249960510.836319,single_datapoint,no_comment
9385,2018,12_NZ,turnover_rate,ht,%,road,freight,bev,all,yearly,national,['manually_inputted_data $ guess'],1,0.42,manually_inputted_data $ guess,0.03,manual,no_comment
9386,2019,12_NZ,activity,ht,passenger_km_or_freight_tonne_km,road,freight,bev,all,yearly,national,['estimated $ calculate_energy_and_activity()'],1,260156250.0,estimated $ calculate_energy_and_activity(),43593750.0,single_datapoint,no_comment
9387,2019,12_NZ,energy,ht,pj,road,freight,bev,all,yearly,national,['estimated $ calculate_energy_and_activity()'],1,0.18724614882561144,estimated $ calculate_energy_and_activity(),0.03137638169510246,single_datapoint,no_comment
9388,2019,12_NZ,new_vehicle_efficiency,ht,km_per_pj,road,freight,bev,all,yearly,national,['avg_eff_no_outliers $ transport_data_system_9th'],1,3249486640.872147,avg_eff_no_outliers $ transport_data_system_9th,249960510.836319,single_datapoint,no_comment
9389,2019,12_NZ,travel_km,ht,km,road,freight,bev,all,yearly,national,['estimated $ calculate_energy_and_activity()'],1,46250000.0,estimated $ calculate_energy_and_activity(),7750000.0,single_datapoint,no_comment
9390,2019,12_NZ,turnover_rate,ht,%,road,freight,bev,all,yearly,national,['manually_inputted_data $ guess'],1,0.42,manually_inputted_data $ guess,0.03,manual,no_comment
9391,2020,12_NZ,activity,ht,passenger_km_or_freight_tonne_km,road,freight,bev,all,yearly,national,['estimated $ calculate_energy_and_activity()'],1,260156250.0,estimated $ calculate_energy_and_activity(),60468750.0,single_datapoint,no_comment
9392,2020,12_NZ,energy,ht,pj,road,freight,bev,all,yearly,national,['estimated $ calculate_energy_and_activity()'],1,0.18724614882561144,estimated $ calculate_energy_and_activity(),0.04352207783514212,single_datapoint,no_comment
9393,2020,12_NZ,new_vehicle_efficiency,ht,km_per_pj,road,freight,bev,all,yearly,national,['avg_eff_no_outliers $ transport_data_system_9th'],1,3249486640.872147,avg_eff_no_outliers $ transport_data_system_9th,249960510.836319,single_datapoint,no_comment
9394,2020,12_NZ,travel_km,ht,km,road,freight,bev,all,yearly,national,['estimated $ calculate_energy_and_activity()'],1,46250000.0,estimated $ calculate_energy_and_activity(),10750000.0,single_datapoint,no_comment
9395,2020,12_NZ,turnover_rate,ht,%,road,freight,bev,all,yearly,national,['manually_inputted_data $ guess'],1,0.42,manually_inputted_data $ guess,0.03,manual,no_comment
9396,2021,12_NZ,activity,ht,passenger_km_or_freight_tonne_km,road,freight,bev,all,yearly,national,['estimated $ calculate_energy_and_activity()'],1,260156250.0,estimated $ calculate_energy_and_activity(),43593750.0,single_datapoint,no_comment
9397,2021,12_NZ,energy,ht,pj,road,freight,bev,all,yearly,national,['estimated $ calculate_energy_and_activity()'],1,0.18724614882561144,estimated $ calculate_energy_and_activity(),0.03137638169510246,single_datapoint,no_comment
9398,2021,12_NZ,new_vehicle_efficiency,ht,km_per_pj,road,freight,bev,all,yearly,national,['avg_eff_no_outliers $ transport_data_system_9th'],1,3249486640.872147,avg_eff_no_outliers $ transport_data_system_9th,249960510.836319,single_datapoint,no_comment
9399,2021,12_NZ,travel_km,ht,km,road,freight,bev,all,yearly,national,['estimated $ calculate_energy_and_activity()'],1,46250000.0,estimated $ calculate_energy_and_activity(),7750000.0,single_datapoint,no_comment
9400,2021,12_NZ,turnover_rate,ht,%,road,freight,bev,all,yearly,national,['manually_inputted_data $ guess'],1,0.42,manually_inputted_data $ guess,0.03,manual,no_comment
9401,2022,12_NZ,activity,ht,passenger_km_or_freight_tonne_km,road,freight,bev,all,yearly,national,['estimated $ calculate_energy_and_activity()'],1,260156250.0,estimated $ calculate_energy_and_activity(),112500000.0,single_datapoint,no_comment
9402,2022,12_NZ,energy,ht,pj,road,freight,bev,all,yearly,national,['estimated $ calculate_energy_and_activity()'],1,0.18724614882561144,estimated $ calculate_energy_and_activity(),0.0809713076002644,single_datapoint,no_comment
9403,2022,12_NZ,new_vehicle_efficiency,ht,km_per_pj,road,freight,bev,all,yearly,national,['avg_eff_no_outliers $ transport_data_system_9th'],1,3249486640.872147,avg_eff_no_outliers $ transport_data_system_9th,249960510.836319,single_datapoint,no_comment
9404,2022,12_NZ,travel_km,ht,km,road,freight,bev,all,yearly,national,['estimated $ calculate_energy_and_activity()'],1,46250000.0,estimated $ calculate_energy_and_activity(),20000000.0,single_datapoint,no_comment
9405,2022,12_NZ,turnover_rate,ht,%,road,freight,bev,all,yearly,national,['manually_inputted_data $ guess'],1,0.42,manually_inputted_data $ guess,0.03,manual,no_comment
9406,2010,12_NZ,new_vehicle_efficiency,ht,km_per_pj,road,freight,cng,all,yearly,national,['avg_eff_no_outliers $ transport_data_system_9th'],1,1775178058.548531,avg_eff_no_outliers $ transport_data_system_9th,136552158.349887,single_datapoint,no_comment
9407,2010,12_NZ,turnover_rate,ht,%,road,freight,cng,all,yearly,national,['manually_inputted_data $ guess'],1,0.42,manually_inputted_data $ guess,0.03,manual,no_comment
9408,2011,12_NZ,new_vehicle_efficiency,ht,km_per_pj,road,freight,cng,all,yearly,national,['avg_eff_no_outliers $ transport_data_system_9th'],1,1775178058.548531,avg_eff_no_outliers $ transport_data_system_9th,136552158.349887,single_datapoint,no_comment
9409,2011,12_NZ,turnover_rate,ht,%,road,freight,cng,all,yearly,national,['manually_inputted_data $ guess'],1,0.42,manually_inputted_data $ guess,0.03,manual,no_comment
9410,2012,12_NZ,new_vehicle_efficiency,ht,km_per_pj,road,freight,cng,all,yearly,national,['avg_eff_no_outliers $ transport_data_system_9th'],1,1775178058.548531,avg_eff_no_outliers $ transport_data_system_9th,136552158.349887,single_datapoint,no_comment
9411,2012,12_NZ,turnover_rate,ht,%,road,freight,cng,all,yearly,national,['manually_inputted_data $ guess'],1,0.42,manually_inputted_data $ guess,0.03,manual,no_comment
9412,2013,12_NZ,new_vehicle_efficiency,ht,km_per_pj,road,freight,cng,all,yearly,national,['avg_eff_no_outliers $ transport_data_system_9th'],1,1775178058.548531,avg_eff_no_outliers $ transport_data_system_9th,136552158.349887,single_datapoint,no_comment
9413,2013,12_NZ,turnover_rate,ht,%,road,freight,cng,all,yearly,national,['manually_inputted_data $ guess'],1,0.42,manually_inputted_data $ guess,0.03,manual,no_comment
9414,2014,12_NZ,new_vehicle_efficiency,ht,km_per_pj,road,freight,cng,all,yearly,national,['avg_eff_no_outliers $ transport_data_system_9th'],1,1775178058.548531,avg_eff_no_outliers $ transport_data_system_9th,136552158.349887,single_datapoint,no_comment
9415,2014,12_NZ,turnover_rate,ht,%,road,freight,cng,all,yearly,national,['manually_inputted_data $ guess'],1,0.42,manually_inputted_data $ guess,0.03,manual,no_comment
9416,2015,12_NZ,new_vehicle_efficiency,ht,km_per_pj,road,freight,cng,all,yearly,national,['avg_eff_no_outliers $ transport_data_system_9th'],1,1775178058.548531,avg_eff_no_outliers $ transport_data_system_9th,136552158.349887,single_datapoint,no_comment
9417,2015,12_NZ,turnover_rate,ht,%,road,freight,cng,all,yearly,national,['manually_inputted_data $ guess'],1,0.42,manually_inputted_data $ guess,0.03,manual,no_comment
9418,2016,12_NZ,new_vehicle_efficiency,ht,km_per_pj,road,freight,cng,all,yearly,national,['avg_eff_no_outliers $ transport_data_system_9th'],1,1775178058.548531,avg_eff_no_outliers $ transport_data_system_9th,136552158.349887,single_datapoint,no_comment
9419,2016,12_NZ,turnover_rate,ht,%,road,freight,cng,all,yearly,national,['manually_inputted_data $ guess'],1,0.42,manually_inputted_data $ guess,0.03,manual,no_comment
9420,2017,12_NZ,activity,ht,passenger_km_or_freight_tonne_km,road,freight,cng,all,yearly,national,"['8th_edition_transport_model $ reference', 'estimated $ calculate_energy_and_activity()']",2,33420619.0,8th_edition_transport_model $ reference,5295618.999999999,manual,no_comment
9421,2017,12_NZ,energy,ht,pj,road,freight,cng,all,yearly,national,"['8th_edition_transport_model $ reference', 'estimated $ calculate_energy_and_activity()']",2,0.07606213348079895,estimated $ calculate_energy_and_activity(),0.07084989415023135,manual,no_comment
9422,2017,12_NZ,new_vehicle_efficiency,ht,km_per_pj,road,freight,cng,all,yearly,national,['avg_eff_no_outliers $ transport_data_system_9th'],1,1775178058.548531,avg_eff_no_outliers $ transport_data_system_9th,136552158.349887,single_datapoint,no_comment
9423,2017,12_NZ,travel_km,ht,km,road,freight,cng,all,yearly,national,['estimated $ calculate_energy_and_activity()'],1,5000000.0,estimated $ calculate_energy_and_activity(),5000000.0,single_datapoint,no_comment
9424,2017,12_NZ,turnover_rate,ht,%,road,freight,cng,all,yearly,national,"['manually_inputted_data $ guess', 'turnover_rate_est']",2,0.42,manually_inputted_data $ guess,0.03,manual,no_comment
9425,2018,12_NZ,new_vehicle_efficiency,ht,km_per_pj,road,freight,cng,all,yearly,national,['avg_eff_no_outliers $ transport_data_system_9th'],1,1775178058.548531,avg_eff_no_outliers $ transport_data_system_9th,136552158.349887,single_datapoint,no_comment
9426,2018,12_NZ,turnover_rate,ht,%,road,freight,cng,all,yearly,national,['manually_inputted_data $ guess'],1,0.42,manually_inputted_data $ guess,0.03,manual,no_comment
9427,2019,12_NZ,new_vehicle_efficiency,ht,km_per_pj,road,freight,cng,all,yearly,national,['avg_eff_no_outliers $ transport_data_system_9th'],1,1775178058.548531,avg_eff_no_outliers $ transport_data_system_9th,136552158.349887,single_datapoint,no_comment
9428,2019,12_NZ,turnover_rate,ht,%,road,freight,cng,all,yearly,national,['manually_inputted_data $ guess'],1,0.42,manually_inputted_data $ guess,0.03,manual,no_comment
9429,2020,12_NZ,new_vehicle_efficiency,ht,km_per_pj,road,freight,cng,all,yearly,national,['avg_eff_no_outliers $ transport_data_system_9th'],1,1775178058.548531,avg_eff_no_outliers $ transport_data_system_9th,136552158.349887,single_datapoint,no_comment
9430,2020,12_NZ,turnover_rate,ht,%,road,freight,cng,all,yearly,national,['manually_inputted_data $ guess'],1,0.42,manually_inputted_data $ guess,0.03,manual,no_comment
9431,2021,12_NZ,new_vehicle_efficiency,ht,km_per_pj,road,freight,cng,all,yearly,national,['avg_eff_no_outliers $ transport_data_system_9th'],1,1775178058.548531,avg_eff_no_outliers $ transport_data_system_9th,136552158.349887,single_datapoint,no_comment
9432,2021,12_NZ,turnover_rate,ht,%,road,freight,cng,all,yearly,national,['manually_inputted_data $ guess'],1,0.42,manually_inputted_data $ guess,0.03,manual,no_comment
9433,2022,12_NZ,new_vehicle_efficiency,ht,km_per_pj,road,freight,cng,all,yearly,national,['avg_eff_no_outliers $ transport_data_system_9th'],1,1775178058.548531,avg_eff_no_outliers $ transport_data_system_9th,136552158.349887,single_datapoint,no_comment
9434,2022,12_NZ,turnover_rate,ht,%,road,freight,cng,all,yearly,national,['manually_inputted_data $ guess'],1,0.42,manually_inputted_data $ guess,0.03,manual,no_comment
9435,2017,12_NZ,turnover_rate,ht,%,road,freight,fcev,all,yearly,national,['turnover_rate_est'],1,0.03,turnover_rate_est,0.03,single_datapoint,no_comment
9436,2010,12_NZ,new_vehicle_efficiency,ht,km_per_pj,road,freight,ice,all,yearly,national,['avg_eff_no_outliers $ transport_data_system_9th'],1,1058551713.3301452,avg_eff_no_outliers $ transport_data_system_9th,81427054.87154964,single_datapoint,no_comment
9437,2010,12_NZ,turnover_rate,ht,%,road,freight,ice,all,yearly,national,['manually_inputted_data $ guess'],1,0.39,manually_inputted_data $ guess,0.03,single_datapoint,no_comment
9438,2011,12_NZ,new_vehicle_efficiency,ht,km_per_pj,road,freight,ice,all,yearly,national,['avg_eff_no_outliers $ transport_data_system_9th'],1,1058551713.3301452,avg_eff_no_outliers $ transport_data_system_9th,81427054.87154964,single_datapoint,no_comment
9439,2011,12_NZ,turnover_rate,ht,%,road,freight,ice,all,yearly,national,['manually_inputted_data $ guess'],1,0.39,manually_inputted_data $ guess,0.03,single_datapoint,no_comment
9440,2012,12_NZ,new_vehicle_efficiency,ht,km_per_pj,road,freight,ice,all,yearly,national,['avg_eff_no_outliers $ transport_data_system_9th'],1,1058551713.3301452,avg_eff_no_outliers $ transport_data_system_9th,81427054.87154964,single_datapoint,no_comment
9441,2012,12_NZ,turnover_rate,ht,%,road,freight,ice,all,yearly,national,['manually_inputted_data $ guess'],1,0.39,manually_inputted_data $ guess,0.03,single_datapoint,no_comment
9442,2013,12_NZ,new_vehicle_efficiency,ht,km_per_pj,road,freight,ice,all,yearly,national,['avg_eff_no_outliers $ transport_data_system_9th'],1,1058551713.3301452,avg_eff_no_outliers $ transport_data_system_9th,81427054.87154964,single_datapoint,no_comment
9443,2013,12_NZ,turnover_rate,ht,%,road,freight,ice,all,yearly,national,['manually_inputted_data $ guess'],1,0.39,manually_inputted_data $ guess,0.03,single_datapoint,no_comment
9444,2014,12_NZ,new_vehicle_efficiency,ht,km_per_pj,road,freight,ice,all,yearly,national,['avg_eff_no_outliers $ transport_data_system_9th'],1,1058551713.3301452,avg_eff_no_outliers $ transport_data_system_9th,81427054.87154964,single_datapoint,no_comment
9445,2014,12_NZ,turnover_rate,ht,%,road,freight,ice,all,yearly,national,['manually_inputted_data $ guess'],1,0.39,manually_inputted_data $ guess,0.03,single_datapoint,no_comment
9446,2015,12_NZ,new_vehicle_efficiency,ht,km_per_pj,road,freight,ice,all,yearly,national,['avg_eff_no_outliers $ transport_data_system_9th'],1,1058551713.3301452,avg_eff_no_outliers $ transport_data_system_9th,81427054.87154964,single_datapoint,no_comment
9447,2015,12_NZ,turnover_rate,ht,%,road,freight,ice,all,yearly,national,['manually_inputted_data $ guess'],1,0.39,manually_inputted_data $ guess,0.03,single_datapoint,no_comment
9448,2016,12_NZ,new_vehicle_efficiency,ht,km_per_pj,road,freight,ice,all,yearly,national,['avg_eff_no_outliers $ transport_data_system_9th'],1,1058551713.3301452,avg_eff_no_outliers $ transport_data_system_9th,81427054.87154964,single_datapoint,no_comment
9449,2016,12_NZ,turnover_rate,ht,%,road,freight,ice,all,yearly,national,['manually_inputted_data $ guess'],1,0.39,manually_inputted_data $ guess,0.03,single_datapoint,no_comment
9450,2017,12_NZ,activity,ht,passenger_km_or_freight_tonne_km,road,freight,ice,all,yearly,national,['estimated $ calculate_energy_and_activity()'],1,96882890625.0,estimated $ calculate_energy_and_activity(),96882890625.0,single_datapoint,no_comment
9451,2017,12_NZ,energy,ht,pj,road,freight,ice,all,yearly,national,['estimated $ calculate_energy_and_activity()'],1,244.0584016266557,estimated $ calculate_energy_and_activity(),244.0584016266557,single_datapoint,no_comment
9452,2017,12_NZ,new_vehicle_efficiency,ht,km_per_pj,road,freight,ice,all,yearly,national,['avg_eff_no_outliers $ transport_data_system_9th'],1,1058551713.3301452,avg_eff_no_outliers $ transport_data_system_9th,81427054.87154964,single_datapoint,no_comment
9453,2017,12_NZ,travel_km,ht,km,road,freight,ice,all,yearly,national,['estimated $ calculate_energy_and_activity()'],1,17223625000.0,estimated $ calculate_energy_and_activity(),17223625000.0,single_datapoint,no_comment
9454,2017,12_NZ,turnover_rate,ht,%,road,freight,ice,all,yearly,national,['manually_inputted_data $ guess'],1,0.39,manually_inputted_data $ guess,0.03,single_datapoint,no_comment
9455,2018,12_NZ,new_vehicle_efficiency,ht,km_per_pj,road,freight,ice,all,yearly,national,['avg_eff_no_outliers $ transport_data_system_9th'],1,1058551713.3301452,avg_eff_no_outliers $ transport_data_system_9th,81427054.87154964,single_datapoint,no_comment
9456,2018,12_NZ,turnover_rate,ht,%,road,freight,ice,all,yearly,national,['manually_inputted_data $ guess'],1,0.39,manually_inputted_data $ guess,0.03,single_datapoint,no_comment
9457,2019,12_NZ,new_vehicle_efficiency,ht,km_per_pj,road,freight,ice,all,yearly,national,['avg_eff_no_outliers $ transport_data_system_9th'],1,1058551713.3301452,avg_eff_no_outliers $ transport_data_system_9th,81427054.87154964,single_datapoint,no_comment
9458,2019,12_NZ,turnover_rate,ht,%,road,freight,ice,all,yearly,national,['manually_inputted_data $ guess'],1,0.39,manually_inputted_data $ guess,0.03,single_datapoint,no_comment
9459,2020,12_NZ,new_vehicle_efficiency,ht,km_per_pj,road,freight,ice,all,yearly,national,['avg_eff_no_outliers $ transport_data_system_9th'],1,1058551713.3301452,avg_eff_no_outliers $ transport_data_system_9th,81427054.87154964,single_datapoint,no_comment
9460,2020,12_NZ,turnover_rate,ht,%,road,freight,ice,all,yearly,national,['manually_inputted_data $ guess'],1,0.39,manually_inputted_data $ guess,0.03,single_datapoint,no_comment
9461,2021,12_NZ,new_vehicle_efficiency,ht,km_per_pj,road,freight,ice,all,yearly,national,['avg_eff_no_outliers $ transport_data_system_9th'],1,1058551713.3301452,avg_eff_no_outliers $ transport_data_system_9th,81427054.87154964,single_datapoint,no_comment
9462,2021,12_NZ,turnover_rate,ht,%,road,freight,ice,all,yearly,national,['manually_inputted_data $ guess'],1,0.39,manually_inputted_data $ guess,0.03,single_datapoint,no_comment
9463,2022,12_NZ,new_vehicle_efficiency,ht,km_per_pj,road,freight,ice,all,yearly,national,['avg_eff_no_outliers $ transport_data_system_9th'],1,1058551713.3301452,avg_eff_no_outliers $ transport_data_system_9th,81427054.87154964,single_datapoint,no_comment
9464,2022,12_NZ,turnover_rate,ht,%,road,freight,ice,all,yearly,national,['manually_inputted_data $ guess'],1,0.39,manually_inputted_data $ guess,0.03,single_datapoint,no_comment
9465,2010,12_NZ,new_vehicle_efficiency,ht,km_per_pj,road,freight,lpg,all,yearly,national,['avg_eff_no_outliers $ transport_data_system_9th'],1,1405649677.815799,avg_eff_no_outliers $ transport_data_system_9th,108126898.293523,single_datapoint,no_comment
9466,2010,12_NZ,turnover_rate,ht,%,road,freight,lpg,all,yearly,national,['manually_inputted_data $ guess'],1,0.42,manually_inputted_data $ guess,0.03,manual,no_comment
9467,2011,12_NZ,new_vehicle_efficiency,ht,km_per_pj,road,freight,lpg,all,yearly,national,['avg_eff_no_outliers $ transport_data_system_9th'],1,1405649677.815799,avg_eff_no_outliers $ transport_data_system_9th,108126898.293523,single_datapoint,no_comment
9468,2011,12_NZ,turnover_rate,ht,%,road,freight,lpg,all,yearly,national,['manually_inputted_data $ guess'],1,0.42,manually_inputted_data $ guess,0.03,manual,no_comment
9469,2012,12_NZ,new_vehicle_efficiency,ht,km_per_pj,road,freight,lpg,all,yearly,national,['avg_eff_no_outliers $ transport_data_system_9th'],1,1405649677.815799,avg_eff_no_outliers $ transport_data_system_9th,108126898.293523,single_datapoint,no_comment
9470,2012,12_NZ,turnover_rate,ht,%,road,freight,lpg,all,yearly,national,['manually_inputted_data $ guess'],1,0.42,manually_inputted_data $ guess,0.03,manual,no_comment
9471,2013,12_NZ,new_vehicle_efficiency,ht,km_per_pj,road,freight,lpg,all,yearly,national,['avg_eff_no_outliers $ transport_data_system_9th'],1,1405649677.815799,avg_eff_no_outliers $ transport_data_system_9th,108126898.293523,single_datapoint,no_comment
9472,2013,12_NZ,turnover_rate,ht,%,road,freight,lpg,all,yearly,national,['manually_inputted_data $ guess'],1,0.42,manually_inputted_data $ guess,0.03,manual,no_comment
9473,2014,12_NZ,new_vehicle_efficiency,ht,km_per_pj,road,freight,lpg,all,yearly,national,['avg_eff_no_outliers $ transport_data_system_9th'],1,1405649677.815799,avg_eff_no_outliers $ transport_data_system_9th,108126898.293523,single_datapoint,no_comment
9474,2014,12_NZ,turnover_rate,ht,%,road,freight,lpg,all,yearly,national,['manually_inputted_data $ guess'],1,0.42,manually_inputted_data $ guess,0.03,manual,no_comment
9475,2015,12_NZ,new_vehicle_efficiency,ht,km_per_pj,road,freight,lpg,all,yearly,national,['avg_eff_no_outliers $ transport_data_system_9th'],1,1405649677.815799,avg_eff_no_outliers $ transport_data_system_9th,108126898.293523,single_datapoint,no_comment
9476,2015,12_NZ,turnover_rate,ht,%,road,freight,lpg,all,yearly,national,['manually_inputted_data $ guess'],1,0.42,manually_inputted_data $ guess,0.03,manual,no_comment
9477,2016,12_NZ,new_vehicle_efficiency,ht,km_per_pj,road,freight,lpg,all,yearly,national,['avg_eff_no_outliers $ transport_data_system_9th'],1,1405649677.815799,avg_eff_no_outliers $ transport_data_system_9th,108126898.293523,single_datapoint,no_comment
9478,2016,12_NZ,turnover_rate,ht,%,road,freight,lpg,all,yearly,national,['manually_inputted_data $ guess'],1,0.42,manually_inputted_data $ guess,0.03,manual,no_comment
9479,2017,12_NZ,activity,ht,passenger_km_or_freight_tonne_km,road,freight,lpg,all,yearly,national,"['8th_edition_transport_model $ reference', 'estimated $ calculate_energy_and_activity()']",2,89123007.0,estimated $ calculate_energy_and_activity(),69609375.0,manual,no_comment
9480,2017,12_NZ,energy,ht,pj,road,freight,lpg,all,yearly,national,"['8th_edition_transport_model $ reference', 'estimated $ calculate_energy_and_activity()']",2,0.2207159146844587,estimated $ calculate_energy_and_activity(),0.1753534880218226,manual,no_comment
9481,2017,12_NZ,new_vehicle_efficiency,ht,km_per_pj,road,freight,lpg,all,yearly,national,['avg_eff_no_outliers $ transport_data_system_9th'],1,1405649677.815799,avg_eff_no_outliers $ transport_data_system_9th,108126898.293523,single_datapoint,no_comment
9482,2017,12_NZ,travel_km,ht,km,road,freight,lpg,all,yearly,national,['estimated $ calculate_energy_and_activity()'],1,12375000.0,estimated $ calculate_energy_and_activity(),12375000.0,single_datapoint,no_comment
9483,2017,12_NZ,turnover_rate,ht,%,road,freight,lpg,all,yearly,national,"['manually_inputted_data $ guess', 'turnover_rate_est']",2,0.42,manually_inputted_data $ guess,0.03,manual,no_comment
9484,2018,12_NZ,new_vehicle_efficiency,ht,km_per_pj,road,freight,lpg,all,yearly,national,['avg_eff_no_outliers $ transport_data_system_9th'],1,1405649677.815799,avg_eff_no_outliers $ transport_data_system_9th,108126898.293523,single_datapoint,no_comment
9485,2018,12_NZ,turnover_rate,ht,%,road,freight,lpg,all,yearly,national,['manually_inputted_data $ guess'],1,0.42,manually_inputted_data $ guess,0.03,manual,no_comment
9486,2019,12_NZ,new_vehicle_efficiency,ht,km_per_pj,road,freight,lpg,all,yearly,national,['avg_eff_no_outliers $ transport_data_system_9th'],1,1405649677.815799,avg_eff_no_outliers $ transport_data_system_9th,108126898.293523,single_datapoint,no_comment
9487,2019,12_NZ,turnover_rate,ht,%,road,freight,lpg,all,yearly,national,['manually_inputted_data $ guess'],1,0.42,manually_inputted_data $ guess,0.03,manual,no_comment
9488,2020,12_NZ,new_vehicle_efficiency,ht,km_per_pj,road,freight,lpg,all,yearly,national,['avg_eff_no_outliers $ transport_data_system_9th'],1,1405649677.815799,avg_eff_no_outliers $ transport_data_system_9th,108126898.293523,single_datapoint,no_comment
9489,2020,12_NZ,turnover_rate,ht,%,road,freight,lpg,all,yearly,national,['manually_inputted_data $ guess'],1,0.42,manually_inputted_data $ guess,0.03,manual,no_comment
9490,2021,12_NZ,new_vehicle_efficiency,ht,km_per_pj,road,freight,lpg,all,yearly,national,['avg_eff_no_outliers $ transport_data_system_9th'],1,1405649677.815799,avg_eff_no_outliers $ transport_data_system_9th,108126898.293523,single_datapoint,no_comment
9491,2021,12_NZ,turnover_rate,ht,%,road,freight,lpg,all,yearly,national,['manually_inputted_data $ guess'],1,0.42,manually_inputted_data $ guess,0.03,manual,no_comment
9492,2022,12_NZ,new_vehicle_efficiency,ht,km_per_pj,road,freight,lpg,all,yearly,national,['avg_eff_no_outliers $ transport_data_system_9th'],1,1405649677.815799,avg_eff_no_outliers $ transport_data_system_9th,108126898.293523,single_datapoint,no_comment
9493,2022,12_NZ,turnover_rate,ht,%,road,freight,lpg,all,yearly,national,['manually_inputted_data $ guess'],1,0.42,manually_inputted_data $ guess,0.03,manual,no_comment
9494,2010,12_NZ,activity,ldv,passenger_km_or_freight_tonne_km,road,passenger,bev,all,yearly,national,['estimated $ calculate_energy_and_activity()'],1,2673079148.0,estimated $ calculate_energy_and_activity(),315000.0,manual,no_comment
9495,2010,12_NZ,energy,ldv,pj,road,passenger,bev,all,yearly,national,['estimated $ calculate_energy_and_activity()'],1,1.4637693003303673,estimated $ calculate_energy_and_activity(),0.0001724827498520288,manual,no_comment
9496,2010,12_NZ,new_vehicle_efficiency,ldv,km_per_pj,road,freight,bev,all,yearly,national,['avg_eff_no_outliers $ transport_data_system_9th'],1,7200566335.010296,avg_eff_no_outliers $ transport_data_system_9th,553889718.077715,single_datapoint,no_comment
9497,2010,12_NZ,new_vehicle_efficiency,ldv,km_per_pj,road,passenger,bev,all,yearly,national,['avg_eff_no_outliers $ transport_data_system_9th'],1,9901716082.423439,avg_eff_no_outliers $ transport_data_system_9th,761670467.878726,single_datapoint,no_comment
9498,2010,12_NZ,travel_km,ldv,km,road,passenger,bev,all,yearly,national,['estimated $ calculate_energy_and_activity()'],1,1769235000.0,estimated $ calculate_energy_and_activity(),210000.0,single_datapoint,no_comment
9499,2010,12_NZ,turnover_rate,ldv,%,road,freight,bev,all,yearly,national,['manually_inputted_data $ guess'],1,0.42,manually_inputted_data $ guess,0.03,manual,no_comment
9500,2010,12_NZ,turnover_rate,ldv,%,road,passenger,bev,all,yearly,national,['manually_inputted_data $ guess'],1,0.42,manually_inputted_data $ guess,0.03,manual,no_comment
9501,2011,12_NZ,activity,ldv,passenger_km_or_freight_tonne_km,road,passenger,bev,all,yearly,national,['estimated $ calculate_energy_and_activity()'],1,2673079148.0,estimated $ calculate_energy_and_activity(),607500.0,manual,no_comment
9502,2011,12_NZ,energy,ldv,pj,road,passenger,bev,all,yearly,national,['estimated $ calculate_energy_and_activity()'],1,1.4637693003303673,estimated $ calculate_energy_and_activity(),0.00033264530328605557,manual,no_comment
9503,2011,12_NZ,new_vehicle_efficiency,ldv,km_per_pj,road,freight,bev,all,yearly,national,['avg_eff_no_outliers $ transport_data_system_9th'],1,7200566335.010296,avg_eff_no_outliers $ transport_data_system_9th,553889718.077715,single_datapoint,no_comment
9504,2011,12_NZ,new_vehicle_efficiency,ldv,km_per_pj,road,passenger,bev,all,yearly,national,['avg_eff_no_outliers $ transport_data_system_9th'],1,9901716082.423439,avg_eff_no_outliers $ transport_data_system_9th,761670467.878726,single_datapoint,no_comment
9505,2011,12_NZ,travel_km,ldv,km,road,passenger,bev,all,yearly,national,['estimated $ calculate_energy_and_activity()'],1,1769235000.0,estimated $ calculate_energy_and_activity(),405000.0,single_datapoint,no_comment
9506,2011,12_NZ,turnover_rate,ldv,%,road,freight,bev,all,yearly,national,['manually_inputted_data $ guess'],1,0.42,manually_inputted_data $ guess,0.03,manual,no_comment
9507,2011,12_NZ,turnover_rate,ldv,%,road,passenger,bev,all,yearly,national,['manually_inputted_data $ guess'],1,0.42,manually_inputted_data $ guess,0.03,manual,no_comment
9508,2012,12_NZ,activity,ldv,passenger_km_or_freight_tonne_km,road,passenger,bev,all,yearly,national,['estimated $ calculate_energy_and_activity()'],1,2673079148.0,estimated $ calculate_energy_and_activity(),1102500.0,manual,no_comment
9509,2012,12_NZ,energy,ldv,pj,road,passenger,bev,all,yearly,national,['estimated $ calculate_energy_and_activity()'],1,1.4637693003303673,estimated $ calculate_energy_and_activity(),0.0006036896244821008,manual,no_comment
9510,2012,12_NZ,new_vehicle_efficiency,ldv,km_per_pj,road,freight,bev,all,yearly,national,['avg_eff_no_outliers $ transport_data_system_9th'],1,7200566335.010296,avg_eff_no_outliers $ transport_data_system_9th,553889718.077715,single_datapoint,no_comment
9511,2012,12_NZ,new_vehicle_efficiency,ldv,km_per_pj,road,passenger,bev,all,yearly,national,['avg_eff_no_outliers $ transport_data_system_9th'],1,9901716082.423439,avg_eff_no_outliers $ transport_data_system_9th,761670467.878726,single_datapoint,no_comment
9512,2012,12_NZ,travel_km,ldv,km,road,passenger,bev,all,yearly,national,['estimated $ calculate_energy_and_activity()'],1,1769235000.0,estimated $ calculate_energy_and_activity(),735000.0,single_datapoint,no_comment
9513,2012,12_NZ,turnover_rate,ldv,%,road,freight,bev,all,yearly,national,['manually_inputted_data $ guess'],1,0.42,manually_inputted_data $ guess,0.03,manual,no_comment
9514,2012,12_NZ,turnover_rate,ldv,%,road,passenger,bev,all,yearly,national,['manually_inputted_data $ guess'],1,0.42,manually_inputted_data $ guess,0.03,manual,no_comment
9515,2013,12_NZ,activity,ldv,passenger_km_or_freight_tonne_km,road,passenger,bev,all,yearly,national,['estimated $ calculate_energy_and_activity()'],1,2673079148.0,estimated $ calculate_energy_and_activity(),1777500.0,manual,no_comment
9516,2013,12_NZ,energy,ldv,pj,road,passenger,bev,all,yearly,national,['estimated $ calculate_energy_and_activity()'],1,1.4637693003303673,estimated $ calculate_energy_and_activity(),0.0009732955170221626,manual,no_comment
9517,2013,12_NZ,new_vehicle_efficiency,ldv,km_per_pj,road,freight,bev,all,yearly,national,['avg_eff_no_outliers $ transport_data_system_9th'],1,7200566335.010296,avg_eff_no_outliers $ transport_data_system_9th,553889718.077715,single_datapoint,no_comment
9518,2013,12_NZ,new_vehicle_efficiency,ldv,km_per_pj,road,passenger,bev,all,yearly,national,['avg_eff_no_outliers $ transport_data_system_9th'],1,9901716082.423439,avg_eff_no_outliers $ transport_data_system_9th,761670467.878726,single_datapoint,no_comment
9519,2013,12_NZ,travel_km,ldv,km,road,passenger,bev,all,yearly,national,['estimated $ calculate_energy_and_activity()'],1,1769235000.0,estimated $ calculate_energy_and_activity(),1185000.0,single_datapoint,no_comment
9520,2013,12_NZ,turnover_rate,ldv,%,road,freight,bev,all,yearly,national,['manually_inputted_data $ guess'],1,0.42,manually_inputted_data $ guess,0.03,manual,no_comment
9521,2013,12_NZ,turnover_rate,ldv,%,road,passenger,bev,all,yearly,national,['manually_inputted_data $ guess'],1,0.42,manually_inputted_data $ guess,0.03,manual,no_comment
9522,2014,12_NZ,activity,ldv,passenger_km_or_freight_tonne_km,road,passenger,bev,all,yearly,national,['estimated $ calculate_energy_and_activity()'],1,2673079148.0,estimated $ calculate_energy_and_activity(),4275000.0,manual,no_comment
9523,2014,12_NZ,energy,ldv,pj,road,passenger,bev,all,yearly,national,['estimated $ calculate_energy_and_activity()'],1,1.4637693003303673,estimated $ calculate_energy_and_activity(),0.0023408373194203913,manual,no_comment
9524,2014,12_NZ,new_vehicle_efficiency,ldv,km_per_pj,road,freight,bev,all,yearly,national,['avg_eff_no_outliers $ transport_data_system_9th'],1,7200566335.010296,avg_eff_no_outliers $ transport_data_system_9th,553889718.077715,single_datapoint,no_comment
9525,2014,12_NZ,new_vehicle_efficiency,ldv,km_per_pj,road,passenger,bev,all,yearly,national,['avg_eff_no_outliers $ transport_data_system_9th'],1,9901716082.423439,avg_eff_no_outliers $ transport_data_system_9th,761670467.878726,single_datapoint,no_comment
9526,2014,12_NZ,travel_km,ldv,km,road,passenger,bev,all,yearly,national,['estimated $ calculate_energy_and_activity()'],1,1769235000.0,estimated $ calculate_energy_and_activity(),2850000.0,single_datapoint,no_comment
9527,2014,12_NZ,turnover_rate,ldv,%,road,freight,bev,all,yearly,national,['manually_inputted_data $ guess'],1,0.42,manually_inputted_data $ guess,0.03,manual,no_comment
9528,2014,12_NZ,turnover_rate,ldv,%,road,passenger,bev,all,yearly,national,['manually_inputted_data $ guess'],1,0.42,manually_inputted_data $ guess,0.03,manual,no_comment
9529,2015,12_NZ,activity,ldv,passenger_km_or_freight_tonne_km,road,passenger,bev,all,yearly,national,['estimated $ calculate_energy_and_activity()'],1,2673079148.0,estimated $ calculate_energy_and_activity(),11025000.0,manual,no_comment
9530,2015,12_NZ,energy,ldv,pj,road,passenger,bev,all,yearly,national,['estimated $ calculate_energy_and_activity()'],1,1.4637693003303673,estimated $ calculate_energy_and_activity(),0.006036896244821009,manual,no_comment
9531,2015,12_NZ,new_vehicle_efficiency,ldv,km_per_pj,road,freight,bev,all,yearly,national,['avg_eff_no_outliers $ transport_data_system_9th'],1,7200566335.010296,avg_eff_no_outliers $ transport_data_system_9th,553889718.077715,single_datapoint,no_comment
9532,2015,12_NZ,new_vehicle_efficiency,ldv,km_per_pj,road,passenger,bev,all,yearly,national,['avg_eff_no_outliers $ transport_data_system_9th'],1,9901716082.423439,avg_eff_no_outliers $ transport_data_system_9th,761670467.878726,single_datapoint,no_comment
9533,2015,12_NZ,travel_km,ldv,km,road,passenger,bev,all,yearly,national,['estimated $ calculate_energy_and_activity()'],1,1769235000.0,estimated $ calculate_energy_and_activity(),7350000.0,single_datapoint,no_comment
9534,2015,12_NZ,turnover_rate,ldv,%,road,freight,bev,all,yearly,national,['manually_inputted_data $ guess'],1,0.42,manually_inputted_data $ guess,0.03,manual,no_comment
9535,2015,12_NZ,turnover_rate,ldv,%,road,passenger,bev,all,yearly,national,['manually_inputted_data $ guess'],1,0.42,manually_inputted_data $ guess,0.03,manual,no_comment
9536,2016,12_NZ,activity,ldv,passenger_km_or_freight_tonne_km,road,passenger,bev,all,yearly,national,['estimated $ calculate_energy_and_activity()'],1,2673079148.0,estimated $ calculate_energy_and_activity(),36000000.0,manual,no_comment
9537,2016,12_NZ,energy,ldv,pj,road,passenger,bev,all,yearly,national,['estimated $ calculate_energy_and_activity()'],1,1.4637693003303673,estimated $ calculate_energy_and_activity(),0.019712314268803294,manual,no_comment
9538,2016,12_NZ,new_vehicle_efficiency,ldv,km_per_pj,road,freight,bev,all,yearly,national,['avg_eff_no_outliers $ transport_data_system_9th'],1,7200566335.010296,avg_eff_no_outliers $ transport_data_system_9th,553889718.077715,single_datapoint,no_comment
9539,2016,12_NZ,new_vehicle_efficiency,ldv,km_per_pj,road,passenger,bev,all,yearly,national,['avg_eff_no_outliers $ transport_data_system_9th'],1,9901716082.423439,avg_eff_no_outliers $ transport_data_system_9th,761670467.878726,single_datapoint,no_comment
9540,2016,12_NZ,travel_km,ldv,km,road,passenger,bev,all,yearly,national,['estimated $ calculate_energy_and_activity()'],1,1769235000.0,estimated $ calculate_energy_and_activity(),24000000.0,single_datapoint,no_comment
9541,2016,12_NZ,turnover_rate,ldv,%,road,freight,bev,all,yearly,national,['manually_inputted_data $ guess'],1,0.42,manually_inputted_data $ guess,0.03,manual,no_comment
9542,2016,12_NZ,turnover_rate,ldv,%,road,passenger,bev,all,yearly,national,['manually_inputted_data $ guess'],1,0.42,manually_inputted_data $ guess,0.03,manual,no_comment
9543,2017,12_NZ,activity,ldv,passenger_km_or_freight_tonne_km,road,passenger,bev,all,yearly,national,"['8th_edition_transport_model $ reference', 'estimated $ calculate_energy_and_activity()']",2,2673079148.0,estimated $ calculate_energy_and_activity(),103500000.0,manual,no_comment
9544,2017,12_NZ,energy,ldv,pj,road,passenger,bev,all,yearly,national,"['8th_edition_transport_model $ reference', 'estimated $ calculate_energy_and_activity()']",2,1.4637693003303673,estimated $ calculate_energy_and_activity(),0.05667290352280947,manual,no_comment
9545,2017,12_NZ,new_vehicle_efficiency,ldv,km_per_pj,road,freight,bev,all,yearly,national,['avg_eff_no_outliers $ transport_data_system_9th'],1,7200566335.010296,avg_eff_no_outliers $ transport_data_system_9th,553889718.077715,single_datapoint,no_comment
9546,2017,12_NZ,new_vehicle_efficiency,ldv,km_per_pj,road,passenger,bev,all,yearly,national,['avg_eff_no_outliers $ transport_data_system_9th'],1,9901716082.423439,avg_eff_no_outliers $ transport_data_system_9th,761670467.878726,single_datapoint,no_comment
9547,2017,12_NZ,travel_km,ldv,km,road,passenger,bev,all,yearly,national,['estimated $ calculate_energy_and_activity()'],1,1769235000.0,estimated $ calculate_energy_and_activity(),69000000.0,single_datapoint,no_comment
9548,2017,12_NZ,turnover_rate,ldv,%,road,freight,bev,all,yearly,national,"['manually_inputted_data $ guess', 'turnover_rate_est']",2,0.42,manually_inputted_data $ guess,0.03,manual,no_comment
9549,2017,12_NZ,turnover_rate,ldv,%,road,passenger,bev,all,yearly,national,"['manually_inputted_data $ guess', 'turnover_rate_est']",2,0.42,manually_inputted_data $ guess,0.03,manual,no_comment
9550,2018,12_NZ,activity,ldv,passenger_km_or_freight_tonne_km,road,passenger,bev,all,yearly,national,['estimated $ calculate_energy_and_activity()'],1,2673079148.0,estimated $ calculate_energy_and_activity(),200250000.0,manual,no_comment
9551,2018,12_NZ,energy,ldv,pj,road,passenger,bev,all,yearly,national,['estimated $ calculate_energy_and_activity()'],1,1.4637693003303673,estimated $ calculate_energy_and_activity(),0.10964974812021833,manual,no_comment
9552,2018,12_NZ,new_vehicle_efficiency,ldv,km_per_pj,road,freight,bev,all,yearly,national,['avg_eff_no_outliers $ transport_data_system_9th'],1,7200566335.010296,avg_eff_no_outliers $ transport_data_system_9th,553889718.077715,single_datapoint,no_comment
9553,2018,12_NZ,new_vehicle_efficiency,ldv,km_per_pj,road,passenger,bev,all,yearly,national,['avg_eff_no_outliers $ transport_data_system_9th'],1,9901716082.423439,avg_eff_no_outliers $ transport_data_system_9th,761670467.878726,single_datapoint,no_comment
9554,2018,12_NZ,travel_km,ldv,km,road,passenger,bev,all,yearly,national,['estimated $ calculate_energy_and_activity()'],1,1769235000.0,estimated $ calculate_energy_and_activity(),133500000.0,single_datapoint,no_comment
9555,2018,12_NZ,turnover_rate,ldv,%,road,freight,bev,all,yearly,national,['manually_inputted_data $ guess'],1,0.42,manually_inputted_data $ guess,0.03,manual,no_comment
9556,2018,12_NZ,turnover_rate,ldv,%,road,passenger,bev,all,yearly,national,['manually_inputted_data $ guess'],1,0.42,manually_inputted_data $ guess,0.03,manual,no_comment
9557,2019,12_NZ,activity,ldv,passenger_km_or_freight_tonne_km,road,passenger,bev,all,yearly,national,['estimated $ calculate_energy_and_activity()'],1,2673079148.0,estimated $ calculate_energy_and_activity(),292500000.0,manual,no_comment
9558,2019,12_NZ,energy,ldv,pj,road,passenger,bev,all,yearly,national,['estimated $ calculate_energy_and_activity()'],1,1.4637693003303673,estimated $ calculate_energy_and_activity(),0.16016255343402677,manual,no_comment
9559,2019,12_NZ,new_vehicle_efficiency,ldv,km_per_pj,road,freight,bev,all,yearly,national,['avg_eff_no_outliers $ transport_data_system_9th'],1,7200566335.010296,avg_eff_no_outliers $ transport_data_system_9th,553889718.077715,single_datapoint,no_comment
9560,2019,12_NZ,new_vehicle_efficiency,ldv,km_per_pj,road,passenger,bev,all,yearly,national,['avg_eff_no_outliers $ transport_data_system_9th'],1,9901716082.423439,avg_eff_no_outliers $ transport_data_system_9th,761670467.878726,single_datapoint,no_comment
9561,2019,12_NZ,travel_km,ldv,km,road,passenger,bev,all,yearly,national,['estimated $ calculate_energy_and_activity()'],1,1769235000.0,estimated $ calculate_energy_and_activity(),195000000.0,single_datapoint,no_comment
9562,2019,12_NZ,turnover_rate,ldv,%,road,freight,bev,all,yearly,national,['manually_inputted_data $ guess'],1,0.42,manually_inputted_data $ guess,0.03,manual,no_comment
9563,2019,12_NZ,turnover_rate,ldv,%,road,passenger,bev,all,yearly,national,['manually_inputted_data $ guess'],1,0.42,manually_inputted_data $ guess,0.03,manual,no_comment
9564,2020,12_NZ,activity,ldv,passenger_km_or_freight_tonne_km,road,passenger,bev,all,yearly,national,['estimated $ calculate_energy_and_activity()'],1,2673079148.0,estimated $ calculate_energy_and_activity(),382500000.0,manual,no_comment
9565,2020,12_NZ,energy,ldv,pj,road,passenger,bev,all,yearly,national,['estimated $ calculate_energy_and_activity()'],1,1.4637693003303673,estimated $ calculate_energy_and_activity(),0.209443339106035,manual,no_comment
9566,2020,12_NZ,new_vehicle_efficiency,ldv,km_per_pj,road,freight,bev,all,yearly,national,['avg_eff_no_outliers $ transport_data_system_9th'],1,7200566335.010296,avg_eff_no_outliers $ transport_data_system_9th,553889718.077715,single_datapoint,no_comment
9567,2020,12_NZ,new_vehicle_efficiency,ldv,km_per_pj,road,passenger,bev,all,yearly,national,['avg_eff_no_outliers $ transport_data_system_9th'],1,9901716082.423439,avg_eff_no_outliers $ transport_data_system_9th,761670467.878726,single_datapoint,no_comment
9568,2020,12_NZ,travel_km,ldv,km,road,passenger,bev,all,yearly,national,['estimated $ calculate_energy_and_activity()'],1,1769235000.0,estimated $ calculate_energy_and_activity(),255000000.0,single_datapoint,no_comment
9569,2020,12_NZ,turnover_rate,ldv,%,road,freight,bev,all,yearly,national,['manually_inputted_data $ guess'],1,0.42,manually_inputted_data $ guess,0.03,manual,no_comment
9570,2020,12_NZ,turnover_rate,ldv,%,road,passenger,bev,all,yearly,national,['manually_inputted_data $ guess'],1,0.42,manually_inputted_data $ guess,0.03,manual,no_comment
9571,2021,12_NZ,activity,ldv,passenger_km_or_freight_tonne_km,road,passenger,bev,all,yearly,national,['estimated $ calculate_energy_and_activity()'],1,2673079148.0,estimated $ calculate_energy_and_activity(),585000000.0,manual,no_comment
9572,2021,12_NZ,energy,ldv,pj,road,passenger,bev,all,yearly,national,['estimated $ calculate_energy_and_activity()'],1,1.4637693003303673,estimated $ calculate_energy_and_activity(),0.32032510686805354,manual,no_comment
9573,2021,12_NZ,new_vehicle_efficiency,ldv,km_per_pj,road,freight,bev,all,yearly,national,['avg_eff_no_outliers $ transport_data_system_9th'],1,7200566335.010296,avg_eff_no_outliers $ transport_data_system_9th,553889718.077715,single_datapoint,no_comment
9574,2021,12_NZ,new_vehicle_efficiency,ldv,km_per_pj,road,passenger,bev,all,yearly,national,['avg_eff_no_outliers $ transport_data_system_9th'],1,9901716082.423439,avg_eff_no_outliers $ transport_data_system_9th,761670467.878726,single_datapoint,no_comment
9575,2021,12_NZ,travel_km,ldv,km,road,passenger,bev,all,yearly,national,['estimated $ calculate_energy_and_activity()'],1,1769235000.0,estimated $ calculate_energy_and_activity(),390000000.0,single_datapoint,no_comment
9576,2021,12_NZ,turnover_rate,ldv,%,road,freight,bev,all,yearly,national,['manually_inputted_data $ guess'],1,0.42,manually_inputted_data $ guess,0.03,manual,no_comment
9577,2021,12_NZ,turnover_rate,ldv,%,road,passenger,bev,all,yearly,national,['manually_inputted_data $ guess'],1,0.42,manually_inputted_data $ guess,0.03,manual,no_comment
9578,2022,12_NZ,activity,ldv,passenger_km_or_freight_tonne_km,road,passenger,bev,all,yearly,national,['estimated $ calculate_energy_and_activity()'],1,2673079148.0,estimated $ calculate_energy_and_activity(),1035000000.0,manual,no_comment
9579,2022,12_NZ,energy,ldv,pj,road,passenger,bev,all,yearly,national,['estimated $ calculate_energy_and_activity()'],1,1.4637693003303673,estimated $ calculate_energy_and_activity(),0.5667290352280947,manual,no_comment
9580,2022,12_NZ,new_vehicle_efficiency,ldv,km_per_pj,road,freight,bev,all,yearly,national,['avg_eff_no_outliers $ transport_data_system_9th'],1,7200566335.010296,avg_eff_no_outliers $ transport_data_system_9th,553889718.077715,single_datapoint,no_comment
9581,2022,12_NZ,new_vehicle_efficiency,ldv,km_per_pj,road,passenger,bev,all,yearly,national,['avg_eff_no_outliers $ transport_data_system_9th'],1,9901716082.423439,avg_eff_no_outliers $ transport_data_system_9th,761670467.878726,single_datapoint,no_comment
9582,2022,12_NZ,travel_km,ldv,km,road,passenger,bev,all,yearly,national,['estimated $ calculate_energy_and_activity()'],1,1769235000.0,estimated $ calculate_energy_and_activity(),690000000.0,single_datapoint,no_comment
9583,2022,12_NZ,turnover_rate,ldv,%,road,freight,bev,all,yearly,national,['manually_inputted_data $ guess'],1,0.42,manually_inputted_data $ guess,0.03,manual,no_comment
9584,2022,12_NZ,turnover_rate,ldv,%,road,passenger,bev,all,yearly,national,['manually_inputted_data $ guess'],1,0.42,manually_inputted_data $ guess,0.03,manual,no_comment
9585,2010,12_NZ,new_vehicle_efficiency,ldv,km_per_pj,road,freight,cng,all,yearly,national,['avg_eff_no_outliers $ transport_data_system_9th'],1,7214767129.708009,avg_eff_no_outliers $ transport_data_system_9th,554982086.900616,single_datapoint,no_comment
9586,2010,12_NZ,new_vehicle_efficiency,ldv,km_per_pj,road,passenger,cng,all,yearly,national,['avg_eff_no_outliers $ transport_data_system_9th'],1,5429169522.90635,avg_eff_no_outliers $ transport_data_system_9th,417628424.83895,single_datapoint,no_comment
9587,2010,12_NZ,turnover_rate,ldv,%,road,freight,cng,all,yearly,national,['manually_inputted_data $ guess'],1,0.42,manually_inputted_data $ guess,0.03,manual,no_comment
9588,2010,12_NZ,turnover_rate,ldv,%,road,passenger,cng,all,yearly,national,['manually_inputted_data $ guess'],1,0.42,manually_inputted_data $ guess,0.03,manual,no_comment
9589,2011,12_NZ,new_vehicle_efficiency,ldv,km_per_pj,road,freight,cng,all,yearly,national,['avg_eff_no_outliers $ transport_data_system_9th'],1,7214767129.708009,avg_eff_no_outliers $ transport_data_system_9th,554982086.900616,single_datapoint,no_comment
9590,2011,12_NZ,new_vehicle_efficiency,ldv,km_per_pj,road,passenger,cng,all,yearly,national,['avg_eff_no_outliers $ transport_data_system_9th'],1,5429169522.90635,avg_eff_no_outliers $ transport_data_system_9th,417628424.83895,single_datapoint,no_comment
9591,2011,12_NZ,turnover_rate,ldv,%,road,freight,cng,all,yearly,national,['manually_inputted_data $ guess'],1,0.42,manually_inputted_data $ guess,0.03,manual,no_comment
9592,2011,12_NZ,turnover_rate,ldv,%,road,passenger,cng,all,yearly,national,['manually_inputted_data $ guess'],1,0.42,manually_inputted_data $ guess,0.03,manual,no_comment
9593,2012,12_NZ,new_vehicle_efficiency,ldv,km_per_pj,road,freight,cng,all,yearly,national,['avg_eff_no_outliers $ transport_data_system_9th'],1,7214767129.708009,avg_eff_no_outliers $ transport_data_system_9th,554982086.900616,single_datapoint,no_comment
9594,2012,12_NZ,new_vehicle_efficiency,ldv,km_per_pj,road,passenger,cng,all,yearly,national,['avg_eff_no_outliers $ transport_data_system_9th'],1,5429169522.90635,avg_eff_no_outliers $ transport_data_system_9th,417628424.83895,single_datapoint,no_comment
9595,2012,12_NZ,turnover_rate,ldv,%,road,freight,cng,all,yearly,national,['manually_inputted_data $ guess'],1,0.42,manually_inputted_data $ guess,0.03,manual,no_comment
9596,2012,12_NZ,turnover_rate,ldv,%,road,passenger,cng,all,yearly,national,['manually_inputted_data $ guess'],1,0.42,manually_inputted_data $ guess,0.03,manual,no_comment
9597,2013,12_NZ,new_vehicle_efficiency,ldv,km_per_pj,road,freight,cng,all,yearly,national,['avg_eff_no_outliers $ transport_data_system_9th'],1,7214767129.708009,avg_eff_no_outliers $ transport_data_system_9th,554982086.900616,single_datapoint,no_comment
9598,2013,12_NZ,new_vehicle_efficiency,ldv,km_per_pj,road,passenger,cng,all,yearly,national,['avg_eff_no_outliers $ transport_data_system_9th'],1,5429169522.90635,avg_eff_no_outliers $ transport_data_system_9th,417628424.83895,single_datapoint,no_comment
9599,2013,12_NZ,turnover_rate,ldv,%,road,freight,cng,all,yearly,national,['manually_inputted_data $ guess'],1,0.42,manually_inputted_data $ guess,0.03,manual,no_comment
9600,2013,12_NZ,turnover_rate,ldv,%,road,passenger,cng,all,yearly,national,['manually_inputted_data $ guess'],1,0.42,manually_inputted_data $ guess,0.03,manual,no_comment
9601,2014,12_NZ,new_vehicle_efficiency,ldv,km_per_pj,road,freight,cng,all,yearly,national,['avg_eff_no_outliers $ transport_data_system_9th'],1,7214767129.708009,avg_eff_no_outliers $ transport_data_system_9th,554982086.900616,single_datapoint,no_comment
9602,2014,12_NZ,new_vehicle_efficiency,ldv,km_per_pj,road,passenger,cng,all,yearly,national,['avg_eff_no_outliers $ transport_data_system_9th'],1,5429169522.90635,avg_eff_no_outliers $ transport_data_system_9th,417628424.83895,single_datapoint,no_comment
9603,2014,12_NZ,turnover_rate,ldv,%,road,freight,cng,all,yearly,national,['manually_inputted_data $ guess'],1,0.42,manually_inputted_data $ guess,0.03,manual,no_comment
9604,2014,12_NZ,turnover_rate,ldv,%,road,passenger,cng,all,yearly,national,['manually_inputted_data $ guess'],1,0.42,manually_inputted_data $ guess,0.03,manual,no_comment
9605,2015,12_NZ,new_vehicle_efficiency,ldv,km_per_pj,road,freight,cng,all,yearly,national,['avg_eff_no_outliers $ transport_data_system_9th'],1,7214767129.708009,avg_eff_no_outliers $ transport_data_system_9th,554982086.900616,single_datapoint,no_comment
9606,2015,12_NZ,new_vehicle_efficiency,ldv,km_per_pj,road,passenger,cng,all,yearly,national,['avg_eff_no_outliers $ transport_data_system_9th'],1,5429169522.90635,avg_eff_no_outliers $ transport_data_system_9th,417628424.83895,single_datapoint,no_comment
9607,2015,12_NZ,turnover_rate,ldv,%,road,freight,cng,all,yearly,national,['manually_inputted_data $ guess'],1,0.42,manually_inputted_data $ guess,0.03,manual,no_comment
9608,2015,12_NZ,turnover_rate,ldv,%,road,passenger,cng,all,yearly,national,['manually_inputted_data $ guess'],1,0.42,manually_inputted_data $ guess,0.03,manual,no_comment
9609,2016,12_NZ,new_vehicle_efficiency,ldv,km_per_pj,road,freight,cng,all,yearly,national,['avg_eff_no_outliers $ transport_data_system_9th'],1,7214767129.708009,avg_eff_no_outliers $ transport_data_system_9th,554982086.900616,single_datapoint,no_comment
9610,2016,12_NZ,new_vehicle_efficiency,ldv,km_per_pj,road,passenger,cng,all,yearly,national,['avg_eff_no_outliers $ transport_data_system_9th'],1,5429169522.90635,avg_eff_no_outliers $ transport_data_system_9th,417628424.83895,single_datapoint,no_comment
9611,2016,12_NZ,turnover_rate,ldv,%,road,freight,cng,all,yearly,national,['manually_inputted_data $ guess'],1,0.42,manually_inputted_data $ guess,0.03,manual,no_comment
9612,2016,12_NZ,turnover_rate,ldv,%,road,passenger,cng,all,yearly,national,['manually_inputted_data $ guess'],1,0.42,manually_inputted_data $ guess,0.03,manual,no_comment
9613,2017,12_NZ,activity,ldv,passenger_km_or_freight_tonne_km,road,passenger,cng,all,yearly,national,"['8th_edition_transport_model $ reference', 'estimated $ calculate_energy_and_activity()']",2,921895.0,8th_edition_transport_model $ reference,381895.0,manual,no_comment
9614,2017,12_NZ,energy,ldv,pj,road,passenger,cng,all,yearly,national,"['8th_edition_transport_model $ reference', 'estimated $ calculate_energy_and_activity()']",2,0.0013227539538592731,8th_edition_transport_model $ reference,0.0002878574547471,manual,no_comment
9615,2017,12_NZ,new_vehicle_efficiency,ldv,km_per_pj,road,freight,cng,all,yearly,national,['avg_eff_no_outliers $ transport_data_system_9th'],1,7214767129.708009,avg_eff_no_outliers $ transport_data_system_9th,554982086.900616,single_datapoint,no_comment
9616,2017,12_NZ,new_vehicle_efficiency,ldv,km_per_pj,road,passenger,cng,all,yearly,national,['avg_eff_no_outliers $ transport_data_system_9th'],1,5429169522.90635,avg_eff_no_outliers $ transport_data_system_9th,417628424.83895,single_datapoint,no_comment
9617,2017,12_NZ,travel_km,ldv,km,road,passenger,cng,all,yearly,national,['estimated $ calculate_energy_and_activity()'],1,360000.0,estimated $ calculate_energy_and_activity(),360000.0,single_datapoint,no_comment
9618,2017,12_NZ,turnover_rate,ldv,%,road,freight,cng,all,yearly,national,"['manually_inputted_data $ guess', 'turnover_rate_est']",2,0.42,manually_inputted_data $ guess,0.03,manual,no_comment
9619,2017,12_NZ,turnover_rate,ldv,%,road,passenger,cng,all,yearly,national,"['manually_inputted_data $ guess', 'turnover_rate_est']",2,0.42,manually_inputted_data $ guess,0.03,manual,no_comment
9620,2018,12_NZ,new_vehicle_efficiency,ldv,km_per_pj,road,freight,cng,all,yearly,national,['avg_eff_no_outliers $ transport_data_system_9th'],1,7214767129.708009,avg_eff_no_outliers $ transport_data_system_9th,554982086.900616,single_datapoint,no_comment
9621,2018,12_NZ,new_vehicle_efficiency,ldv,km_per_pj,road,passenger,cng,all,yearly,national,['avg_eff_no_outliers $ transport_data_system_9th'],1,5429169522.90635,avg_eff_no_outliers $ transport_data_system_9th,417628424.83895,single_datapoint,no_comment
9622,2018,12_NZ,turnover_rate,ldv,%,road,freight,cng,all,yearly,national,['manually_inputted_data $ guess'],1,0.42,manually_inputted_data $ guess,0.03,manual,no_comment
9623,2018,12_NZ,turnover_rate,ldv,%,road,passenger,cng,all,yearly,national,['manually_inputted_data $ guess'],1,0.42,manually_inputted_data $ guess,0.03,manual,no_comment
9624,2019,12_NZ,new_vehicle_efficiency,ldv,km_per_pj,road,freight,cng,all,yearly,national,['avg_eff_no_outliers $ transport_data_system_9th'],1,7214767129.708009,avg_eff_no_outliers $ transport_data_system_9th,554982086.900616,single_datapoint,no_comment
9625,2019,12_NZ,new_vehicle_efficiency,ldv,km_per_pj,road,passenger,cng,all,yearly,national,['avg_eff_no_outliers $ transport_data_system_9th'],1,5429169522.90635,avg_eff_no_outliers $ transport_data_system_9th,417628424.83895,single_datapoint,no_comment
9626,2019,12_NZ,turnover_rate,ldv,%,road,freight,cng,all,yearly,national,['manually_inputted_data $ guess'],1,0.42,manually_inputted_data $ guess,0.03,manual,no_comment
9627,2019,12_NZ,turnover_rate,ldv,%,road,passenger,cng,all,yearly,national,['manually_inputted_data $ guess'],1,0.42,manually_inputted_data $ guess,0.03,manual,no_comment
9628,2020,12_NZ,new_vehicle_efficiency,ldv,km_per_pj,road,freight,cng,all,yearly,national,['avg_eff_no_outliers $ transport_data_system_9th'],1,7214767129.708009,avg_eff_no_outliers $ transport_data_system_9th,554982086.900616,single_datapoint,no_comment
9629,2020,12_NZ,new_vehicle_efficiency,ldv,km_per_pj,road,passenger,cng,all,yearly,national,['avg_eff_no_outliers $ transport_data_system_9th'],1,5429169522.90635,avg_eff_no_outliers $ transport_data_system_9th,417628424.83895,single_datapoint,no_comment
9630,2020,12_NZ,turnover_rate,ldv,%,road,freight,cng,all,yearly,national,['manually_inputted_data $ guess'],1,0.42,manually_inputted_data $ guess,0.03,manual,no_comment
9631,2020,12_NZ,turnover_rate,ldv,%,road,passenger,cng,all,yearly,national,['manually_inputted_data $ guess'],1,0.42,manually_inputted_data $ guess,0.03,manual,no_comment
9632,2021,12_NZ,new_vehicle_efficiency,ldv,km_per_pj,road,freight,cng,all,yearly,national,['avg_eff_no_outliers $ transport_data_system_9th'],1,7214767129.708009,avg_eff_no_outliers $ transport_data_system_9th,554982086.900616,single_datapoint,no_comment
9633,2021,12_NZ,new_vehicle_efficiency,ldv,km_per_pj,road,passenger,cng,all,yearly,national,['avg_eff_no_outliers $ transport_data_system_9th'],1,5429169522.90635,avg_eff_no_outliers $ transport_data_system_9th,417628424.83895,single_datapoint,no_comment
9634,2021,12_NZ,turnover_rate,ldv,%,road,freight,cng,all,yearly,national,['manually_inputted_data $ guess'],1,0.42,manually_inputted_data $ guess,0.03,manual,no_comment
9635,2021,12_NZ,turnover_rate,ldv,%,road,passenger,cng,all,yearly,national,['manually_inputted_data $ guess'],1,0.42,manually_inputted_data $ guess,0.03,manual,no_comment
9636,2022,12_NZ,new_vehicle_efficiency,ldv,km_per_pj,road,freight,cng,all,yearly,national,['avg_eff_no_outliers $ transport_data_system_9th'],1,7214767129.708009,avg_eff_no_outliers $ transport_data_system_9th,554982086.900616,single_datapoint,no_comment
9637,2022,12_NZ,new_vehicle_efficiency,ldv,km_per_pj,road,passenger,cng,all,yearly,national,['avg_eff_no_outliers $ transport_data_system_9th'],1,5429169522.90635,avg_eff_no_outliers $ transport_data_system_9th,417628424.83895,single_datapoint,no_comment
9638,2022,12_NZ,turnover_rate,ldv,%,road,freight,cng,all,yearly,national,['manually_inputted_data $ guess'],1,0.42,manually_inputted_data $ guess,0.03,manual,no_comment
9639,2022,12_NZ,turnover_rate,ldv,%,road,passenger,cng,all,yearly,national,['manually_inputted_data $ guess'],1,0.42,manually_inputted_data $ guess,0.03,manual,no_comment
9640,2010,12_NZ,new_vehicle_efficiency,ldv,km_per_pj,road,passenger,fcev,all,yearly,national,['avg_eff_no_outliers $ transport_data_system_9th'],1,1469603353.601357,avg_eff_no_outliers $ transport_data_system_9th,113046411.815489,single_datapoint,no_comment
9641,2010,12_NZ,turnover_rate,ldv,%,road,passenger,fcev,all,yearly,national,['manually_inputted_data $ guess'],1,0.42,manually_inputted_data $ guess,0.03,manual,no_comment
9642,2011,12_NZ,new_vehicle_efficiency,ldv,km_per_pj,road,passenger,fcev,all,yearly,national,['avg_eff_no_outliers $ transport_data_system_9th'],1,1469603353.601357,avg_eff_no_outliers $ transport_data_system_9th,113046411.815489,single_datapoint,no_comment
9643,2011,12_NZ,turnover_rate,ldv,%,road,passenger,fcev,all,yearly,national,['manually_inputted_data $ guess'],1,0.42,manually_inputted_data $ guess,0.03,manual,no_comment
9644,2012,12_NZ,new_vehicle_efficiency,ldv,km_per_pj,road,passenger,fcev,all,yearly,national,['avg_eff_no_outliers $ transport_data_system_9th'],1,1469603353.601357,avg_eff_no_outliers $ transport_data_system_9th,113046411.815489,single_datapoint,no_comment
9645,2012,12_NZ,turnover_rate,ldv,%,road,passenger,fcev,all,yearly,national,['manually_inputted_data $ guess'],1,0.42,manually_inputted_data $ guess,0.03,manual,no_comment
9646,2013,12_NZ,new_vehicle_efficiency,ldv,km_per_pj,road,passenger,fcev,all,yearly,national,['avg_eff_no_outliers $ transport_data_system_9th'],1,1469603353.601357,avg_eff_no_outliers $ transport_data_system_9th,113046411.815489,single_datapoint,no_comment
9647,2013,12_NZ,turnover_rate,ldv,%,road,passenger,fcev,all,yearly,national,['manually_inputted_data $ guess'],1,0.42,manually_inputted_data $ guess,0.03,manual,no_comment
9648,2014,12_NZ,new_vehicle_efficiency,ldv,km_per_pj,road,passenger,fcev,all,yearly,national,['avg_eff_no_outliers $ transport_data_system_9th'],1,1469603353.601357,avg_eff_no_outliers $ transport_data_system_9th,113046411.815489,single_datapoint,no_comment
9649,2014,12_NZ,turnover_rate,ldv,%,road,passenger,fcev,all,yearly,national,['manually_inputted_data $ guess'],1,0.42,manually_inputted_data $ guess,0.03,manual,no_comment
9650,2015,12_NZ,new_vehicle_efficiency,ldv,km_per_pj,road,passenger,fcev,all,yearly,national,['avg_eff_no_outliers $ transport_data_system_9th'],1,1469603353.601357,avg_eff_no_outliers $ transport_data_system_9th,113046411.815489,single_datapoint,no_comment
9651,2015,12_NZ,turnover_rate,ldv,%,road,passenger,fcev,all,yearly,national,['manually_inputted_data $ guess'],1,0.42,manually_inputted_data $ guess,0.03,manual,no_comment
9652,2016,12_NZ,new_vehicle_efficiency,ldv,km_per_pj,road,passenger,fcev,all,yearly,national,['avg_eff_no_outliers $ transport_data_system_9th'],1,1469603353.601357,avg_eff_no_outliers $ transport_data_system_9th,113046411.815489,single_datapoint,no_comment
9653,2016,12_NZ,turnover_rate,ldv,%,road,passenger,fcev,all,yearly,national,['manually_inputted_data $ guess'],1,0.42,manually_inputted_data $ guess,0.03,manual,no_comment
9654,2017,12_NZ,new_vehicle_efficiency,ldv,km_per_pj,road,passenger,fcev,all,yearly,national,['avg_eff_no_outliers $ transport_data_system_9th'],1,1469603353.601357,avg_eff_no_outliers $ transport_data_system_9th,113046411.815489,single_datapoint,no_comment
9655,2017,12_NZ,turnover_rate,ldv,%,road,freight,fcev,all,yearly,national,['turnover_rate_est'],1,0.03,turnover_rate_est,0.03,single_datapoint,no_comment
9656,2017,12_NZ,turnover_rate,ldv,%,road,passenger,fcev,all,yearly,national,"['manually_inputted_data $ guess', 'turnover_rate_est']",2,0.42,manually_inputted_data $ guess,0.03,manual,no_comment
9657,2018,12_NZ,new_vehicle_efficiency,ldv,km_per_pj,road,passenger,fcev,all,yearly,national,['avg_eff_no_outliers $ transport_data_system_9th'],1,1469603353.601357,avg_eff_no_outliers $ transport_data_system_9th,113046411.815489,single_datapoint,no_comment
9658,2018,12_NZ,turnover_rate,ldv,%,road,passenger,fcev,all,yearly,national,['manually_inputted_data $ guess'],1,0.42,manually_inputted_data $ guess,0.03,manual,no_comment
9659,2019,12_NZ,new_vehicle_efficiency,ldv,km_per_pj,road,passenger,fcev,all,yearly,national,['avg_eff_no_outliers $ transport_data_system_9th'],1,1469603353.601357,avg_eff_no_outliers $ transport_data_system_9th,113046411.815489,single_datapoint,no_comment
9660,2019,12_NZ,turnover_rate,ldv,%,road,passenger,fcev,all,yearly,national,['manually_inputted_data $ guess'],1,0.42,manually_inputted_data $ guess,0.03,manual,no_comment
9661,2020,12_NZ,new_vehicle_efficiency,ldv,km_per_pj,road,passenger,fcev,all,yearly,national,['avg_eff_no_outliers $ transport_data_system_9th'],1,1469603353.601357,avg_eff_no_outliers $ transport_data_system_9th,113046411.815489,single_datapoint,no_comment
9662,2020,12_NZ,turnover_rate,ldv,%,road,passenger,fcev,all,yearly,national,['manually_inputted_data $ guess'],1,0.42,manually_inputted_data $ guess,0.03,manual,no_comment
9663,2021,12_NZ,new_vehicle_efficiency,ldv,km_per_pj,road,passenger,fcev,all,yearly,national,['avg_eff_no_outliers $ transport_data_system_9th'],1,1469603353.601357,avg_eff_no_outliers $ transport_data_system_9th,113046411.815489,single_datapoint,no_comment
9664,2021,12_NZ,turnover_rate,ldv,%,road,passenger,fcev,all,yearly,national,['manually_inputted_data $ guess'],1,0.42,manually_inputted_data $ guess,0.03,manual,no_comment
9665,2022,12_NZ,new_vehicle_efficiency,ldv,km_per_pj,road,passenger,fcev,all,yearly,national,['avg_eff_no_outliers $ transport_data_system_9th'],1,1469603353.601357,avg_eff_no_outliers $ transport_data_system_9th,113046411.815489,single_datapoint,no_comment
9666,2022,12_NZ,turnover_rate,ldv,%,road,passenger,fcev,all,yearly,national,['manually_inputted_data $ guess'],1,0.42,manually_inputted_data $ guess,0.03,manual,no_comment
9667,2010,12_NZ,activity,ldv,passenger_km_or_freight_tonne_km,road,passenger,ice,all,yearly,national,['estimated $ calculate_energy_and_activity()'],1,742829303869.2888,estimated $ calculate_energy_and_activity(),60874863661.07366,single_datapoint,no_comment
9668,2010,12_NZ,energy,ldv,pj,road,passenger,ice,all,yearly,national,['estimated $ calculate_energy_and_activity()'],1,1423.6137889115919,estimated $ calculate_energy_and_activity(),116.66515423477031,single_datapoint,no_comment
9669,2010,12_NZ,new_vehicle_efficiency,ldv,km_per_pj,road,freight,ice,all,yearly,national,['avg_eff_no_outliers $ transport_data_system_9th'],1,4776513034.843043,avg_eff_no_outliers $ transport_data_system_9th,367424079.603311,single_datapoint,no_comment
9670,2010,12_NZ,new_vehicle_efficiency,ldv,km_per_pj,road,passenger,ice,all,yearly,national,['avg_eff_no_outliers $ transport_data_system_9th'],1,3086802010.889935,avg_eff_no_outliers $ transport_data_system_9th,237446308.529995,single_datapoint,no_comment
9671,2010,12_NZ,travel_km,ldv,km,road,passenger,ice,all,yearly,national,['estimated $ calculate_energy_and_activity()'],1,495219535912.85925,estimated $ calculate_energy_and_activity(),40583242440.715775,single_datapoint,no_comment
9672,2010,12_NZ,turnover_rate,ldv,%,road,freight,ice,all,yearly,national,['manually_inputted_data $ guess'],1,0.39,manually_inputted_data $ guess,0.03,single_datapoint,no_comment
9673,2010,12_NZ,turnover_rate,ldv,%,road,passenger,ice,all,yearly,national,['manually_inputted_data $ guess'],1,0.39,manually_inputted_data $ guess,0.03,single_datapoint,no_comment
9674,2011,12_NZ,activity,ldv,passenger_km_or_freight_tonne_km,road,passenger,ice,all,yearly,national,['estimated $ calculate_energy_and_activity()'],1,742829303869.2888,estimated $ calculate_energy_and_activity(),60717868157.45035,single_datapoint,no_comment
9675,2011,12_NZ,energy,ldv,pj,road,passenger,ice,all,yearly,national,['estimated $ calculate_energy_and_activity()'],1,1423.6137889115919,estimated $ calculate_energy_and_activity(),116.36427627722195,single_datapoint,no_comment
9676,2011,12_NZ,new_vehicle_efficiency,ldv,km_per_pj,road,freight,ice,all,yearly,national,['avg_eff_no_outliers $ transport_data_system_9th'],1,4776513034.843043,avg_eff_no_outliers $ transport_data_system_9th,367424079.603311,single_datapoint,no_comment
9677,2011,12_NZ,new_vehicle_efficiency,ldv,km_per_pj,road,passenger,ice,all,yearly,national,['avg_eff_no_outliers $ transport_data_system_9th'],1,3086802010.889935,avg_eff_no_outliers $ transport_data_system_9th,237446308.529995,single_datapoint,no_comment
9678,2011,12_NZ,travel_km,ldv,km,road,passenger,ice,all,yearly,national,['estimated $ calculate_energy_and_activity()'],1,495219535912.85925,estimated $ calculate_energy_and_activity(),40478578771.63357,single_datapoint,no_comment
9679,2011,12_NZ,turnover_rate,ldv,%,road,freight,ice,all,yearly,national,['manually_inputted_data $ guess'],1,0.39,manually_inputted_data $ guess,0.03,single_datapoint,no_comment
9680,2011,12_NZ,turnover_rate,ldv,%,road,passenger,ice,all,yearly,national,['manually_inputted_data $ guess'],1,0.39,manually_inputted_data $ guess,0.03,single_datapoint,no_comment
9681,2012,12_NZ,activity,ldv,passenger_km_or_freight_tonne_km,road,passenger,ice,all,yearly,national,['estimated $ calculate_energy_and_activity()'],1,742829303869.2888,estimated $ calculate_energy_and_activity(),61575971483.11064,single_datapoint,no_comment
9682,2012,12_NZ,energy,ldv,pj,road,passenger,ice,all,yearly,national,['estimated $ calculate_energy_and_activity()'],1,1423.6137889115919,estimated $ calculate_energy_and_activity(),118.00880984685594,single_datapoint,no_comment
9683,2012,12_NZ,new_vehicle_efficiency,ldv,km_per_pj,road,freight,ice,all,yearly,national,['avg_eff_no_outliers $ transport_data_system_9th'],1,4776513034.843043,avg_eff_no_outliers $ transport_data_system_9th,367424079.603311,single_datapoint,no_comment
9684,2012,12_NZ,new_vehicle_efficiency,ldv,km_per_pj,road,passenger,ice,all,yearly,national,['avg_eff_no_outliers $ transport_data_system_9th'],1,3086802010.889935,avg_eff_no_outliers $ transport_data_system_9th,237446308.529995,single_datapoint,no_comment
9685,2012,12_NZ,travel_km,ldv,km,road,passenger,ice,all,yearly,national,['estimated $ calculate_energy_and_activity()'],1,495219535912.85925,estimated $ calculate_energy_and_activity(),41050647655.4071,single_datapoint,no_comment
9686,2012,12_NZ,turnover_rate,ldv,%,road,freight,ice,all,yearly,national,['manually_inputted_data $ guess'],1,0.39,manually_inputted_data $ guess,0.03,single_datapoint,no_comment
9687,2012,12_NZ,turnover_rate,ldv,%,road,passenger,ice,all,yearly,national,['manually_inputted_data $ guess'],1,0.39,manually_inputted_data $ guess,0.03,single_datapoint,no_comment
9688,2013,12_NZ,activity,ldv,passenger_km_or_freight_tonne_km,road,passenger,ice,all,yearly,national,['estimated $ calculate_energy_and_activity()'],1,742829303869.2888,estimated $ calculate_energy_and_activity(),62885155821.92816,single_datapoint,no_comment
9689,2013,12_NZ,energy,ldv,pj,road,passenger,ice,all,yearly,national,['estimated $ calculate_energy_and_activity()'],1,1423.6137889115919,estimated $ calculate_energy_and_activity(),120.51782890043877,single_datapoint,no_comment
9690,2013,12_NZ,new_vehicle_efficiency,ldv,km_per_pj,road,freight,ice,all,yearly,national,['avg_eff_no_outliers $ transport_data_system_9th'],1,4776513034.843043,avg_eff_no_outliers $ transport_data_system_9th,367424079.603311,single_datapoint,no_comment
9691,2013,12_NZ,new_vehicle_efficiency,ldv,km_per_pj,road,passenger,ice,all,yearly,national,['avg_eff_no_outliers $ transport_data_system_9th'],1,3086802010.889935,avg_eff_no_outliers $ transport_data_system_9th,237446308.529995,single_datapoint,no_comment
9692,2013,12_NZ,travel_km,ldv,km,road,passenger,ice,all,yearly,national,['estimated $ calculate_energy_and_activity()'],1,495219535912.85925,estimated $ calculate_energy_and_activity(),41923437214.618774,single_datapoint,no_comment
9693,2013,12_NZ,turnover_rate,ldv,%,road,freight,ice,all,yearly,national,['manually_inputted_data $ guess'],1,0.39,manually_inputted_data $ guess,0.03,single_datapoint,no_comment
9694,2013,12_NZ,turnover_rate,ldv,%,road,passenger,ice,all,yearly,national,['manually_inputted_data $ guess'],1,0.39,manually_inputted_data $ guess,0.03,single_datapoint,no_comment
9695,2014,12_NZ,activity,ldv,passenger_km_or_freight_tonne_km,road,passenger,ice,all,yearly,national,['estimated $ calculate_energy_and_activity()'],1,742829303869.2888,estimated $ calculate_energy_and_activity(),64885971822.9215,single_datapoint,no_comment
9696,2014,12_NZ,energy,ldv,pj,road,passenger,ice,all,yearly,national,['estimated $ calculate_energy_and_activity()'],1,1423.6137889115919,estimated $ calculate_energy_and_activity(),124.3523427426529,single_datapoint,no_comment
9697,2014,12_NZ,new_vehicle_efficiency,ldv,km_per_pj,road,freight,ice,all,yearly,national,['avg_eff_no_outliers $ transport_data_system_9th'],1,4776513034.843043,avg_eff_no_outliers $ transport_data_system_9th,367424079.603311,single_datapoint,no_comment
9698,2014,12_NZ,new_vehicle_efficiency,ldv,km_per_pj,road,passenger,ice,all,yearly,national,['avg_eff_no_outliers $ transport_data_system_9th'],1,3086802010.889935,avg_eff_no_outliers $ transport_data_system_9th,237446308.529995,single_datapoint,no_comment
9699,2014,12_NZ,travel_km,ldv,km,road,passenger,ice,all,yearly,national,['estimated $ calculate_energy_and_activity()'],1,495219535912.85925,estimated $ calculate_energy_and_activity(),43257314548.614334,single_datapoint,no_comment
9700,2014,12_NZ,turnover_rate,ldv,%,road,freight,ice,all,yearly,national,['manually_inputted_data $ guess'],1,0.39,manually_inputted_data $ guess,0.03,single_datapoint,no_comment
9701,2014,12_NZ,turnover_rate,ldv,%,road,passenger,ice,all,yearly,national,['manually_inputted_data $ guess'],1,0.39,manually_inputted_data $ guess,0.03,single_datapoint,no_comment
9702,2015,12_NZ,activity,ldv,passenger_km_or_freight_tonne_km,road,passenger,ice,all,yearly,national,['estimated $ calculate_energy_and_activity()'],1,742829303869.2888,estimated $ calculate_energy_and_activity(),67005353427.22957,single_datapoint,no_comment
9703,2015,12_NZ,energy,ldv,pj,road,passenger,ice,all,yearly,national,['estimated $ calculate_energy_and_activity()'],1,1423.6137889115919,estimated $ calculate_energy_and_activity(),128.41408459928468,single_datapoint,no_comment
9704,2015,12_NZ,new_vehicle_efficiency,ldv,km_per_pj,road,freight,ice,all,yearly,national,['avg_eff_no_outliers $ transport_data_system_9th'],1,4776513034.843043,avg_eff_no_outliers $ transport_data_system_9th,367424079.603311,single_datapoint,no_comment
9705,2015,12_NZ,new_vehicle_efficiency,ldv,km_per_pj,road,passenger,ice,all,yearly,national,['avg_eff_no_outliers $ transport_data_system_9th'],1,3086802010.889935,avg_eff_no_outliers $ transport_data_system_9th,237446308.529995,single_datapoint,no_comment
9706,2015,12_NZ,travel_km,ldv,km,road,passenger,ice,all,yearly,national,['estimated $ calculate_energy_and_activity()'],1,495219535912.85925,estimated $ calculate_energy_and_activity(),44670235618.153046,single_datapoint,no_comment
9707,2015,12_NZ,turnover_rate,ldv,%,road,freight,ice,all,yearly,national,['manually_inputted_data $ guess'],1,0.39,manually_inputted_data $ guess,0.03,single_datapoint,no_comment
9708,2015,12_NZ,turnover_rate,ldv,%,road,passenger,ice,all,yearly,national,['manually_inputted_data $ guess'],1,0.39,manually_inputted_data $ guess,0.03,single_datapoint,no_comment
9709,2016,12_NZ,activity,ldv,passenger_km_or_freight_tonne_km,road,passenger,ice,all,yearly,national,['estimated $ calculate_energy_and_activity()'],1,742829303869.2888,estimated $ calculate_energy_and_activity(),69473200324.91455,single_datapoint,no_comment
9710,2016,12_NZ,energy,ldv,pj,road,passenger,ice,all,yearly,national,['estimated $ calculate_energy_and_activity()'],1,1423.6137889115919,estimated $ calculate_energy_and_activity(),133.14365147846806,single_datapoint,no_comment
9711,2016,12_NZ,new_vehicle_efficiency,ldv,km_per_pj,road,freight,ice,all,yearly,national,['avg_eff_no_outliers $ transport_data_system_9th'],1,4776513034.843043,avg_eff_no_outliers $ transport_data_system_9th,367424079.603311,single_datapoint,no_comment
9712,2016,12_NZ,new_vehicle_efficiency,ldv,km_per_pj,road,passenger,ice,all,yearly,national,['avg_eff_no_outliers $ transport_data_system_9th'],1,3086802010.889935,avg_eff_no_outliers $ transport_data_system_9th,237446308.529995,single_datapoint,no_comment
9713,2016,12_NZ,travel_km,ldv,km,road,passenger,ice,all,yearly,national,['estimated $ calculate_energy_and_activity()'],1,495219535912.85925,estimated $ calculate_energy_and_activity(),46315466883.27637,single_datapoint,no_comment
9714,2016,12_NZ,turnover_rate,ldv,%,road,freight,ice,all,yearly,national,['manually_inputted_data $ guess'],1,0.39,manually_inputted_data $ guess,0.03,single_datapoint,no_comment
9715,2016,12_NZ,turnover_rate,ldv,%,road,passenger,ice,all,yearly,national,['manually_inputted_data $ guess'],1,0.39,manually_inputted_data $ guess,0.03,single_datapoint,no_comment
9716,2017,12_NZ,activity,ldv,passenger_km_or_freight_tonne_km,road,freight,ice,all,yearly,national,['estimated $ calculate_energy_and_activity()'],1,293711850.0,estimated $ calculate_energy_and_activity(),293711850.0,single_datapoint,no_comment
9717,2017,12_NZ,activity,ldv,passenger_km_or_freight_tonne_km,road,passenger,ice,all,yearly,national,['estimated $ calculate_energy_and_activity()'],1,742829303869.2888,estimated $ calculate_energy_and_activity(),71855685562.50002,single_datapoint,no_comment
9718,2017,12_NZ,energy,ldv,pj,road,freight,ice,all,yearly,national,['estimated $ calculate_energy_and_activity()'],1,3.1988976040742703,estimated $ calculate_energy_and_activity(),3.1988976040742703,single_datapoint,no_comment
9719,2017,12_NZ,energy,ldv,pj,road,passenger,ice,all,yearly,national,['estimated $ calculate_energy_and_activity()'],1,1423.6137889115919,estimated $ calculate_energy_and_activity(),137.70962487025255,single_datapoint,no_comment
9720,2017,12_NZ,new_vehicle_efficiency,ldv,km_per_pj,road,freight,ice,all,yearly,national,['avg_eff_no_outliers $ transport_data_system_9th'],1,4776513034.843043,avg_eff_no_outliers $ transport_data_system_9th,367424079.603311,single_datapoint,no_comment
9721,2017,12_NZ,new_vehicle_efficiency,ldv,km_per_pj,road,passenger,ice,all,yearly,national,['avg_eff_no_outliers $ transport_data_system_9th'],1,3086802010.889935,avg_eff_no_outliers $ transport_data_system_9th,237446308.529995,single_datapoint,no_comment
9722,2017,12_NZ,travel_km,ldv,km,road,freight,ice,all,yearly,national,['estimated $ calculate_energy_and_activity()'],1,804690000.0,estimated $ calculate_energy_and_activity(),804690000.0,single_datapoint,no_comment
9723,2017,12_NZ,travel_km,ldv,km,road,passenger,ice,all,yearly,national,['estimated $ calculate_energy_and_activity()'],1,495219535912.85925,estimated $ calculate_energy_and_activity(),47903790375.00001,single_datapoint,no_comment
9724,2017,12_NZ,turnover_rate,ldv,%,road,freight,ice,all,yearly,national,['manually_inputted_data $ guess'],1,0.39,manually_inputted_data $ guess,0.03,single_datapoint,no_comment
9725,2017,12_NZ,turnover_rate,ldv,%,road,passenger,ice,all,yearly,national,['manually_inputted_data $ guess'],1,0.39,manually_inputted_data $ guess,0.03,single_datapoint,no_comment
9726,2018,12_NZ,activity,ldv,passenger_km_or_freight_tonne_km,road,passenger,ice,all,yearly,national,['estimated $ calculate_energy_and_activity()'],1,742829303869.2888,estimated $ calculate_energy_and_activity(),73423520975.84476,single_datapoint,no_comment
9727,2018,12_NZ,energy,ldv,pj,road,passenger,ice,all,yearly,national,['estimated $ calculate_energy_and_activity()'],1,1423.6137889115919,estimated $ calculate_energy_and_activity(),140.71434224146472,single_datapoint,no_comment
9728,2018,12_NZ,new_vehicle_efficiency,ldv,km_per_pj,road,freight,ice,all,yearly,national,['avg_eff_no_outliers $ transport_data_system_9th'],1,4776513034.843043,avg_eff_no_outliers $ transport_data_system_9th,367424079.603311,single_datapoint,no_comment
9729,2018,12_NZ,new_vehicle_efficiency,ldv,km_per_pj,road,passenger,ice,all,yearly,national,['avg_eff_no_outliers $ transport_data_system_9th'],1,3086802010.889935,avg_eff_no_outliers $ transport_data_system_9th,237446308.529995,single_datapoint,no_comment
9730,2018,12_NZ,travel_km,ldv,km,road,passenger,ice,all,yearly,national,['estimated $ calculate_energy_and_activity()'],1,495219535912.85925,estimated $ calculate_energy_and_activity(),48949013983.89651,single_datapoint,no_comment
9731,2018,12_NZ,turnover_rate,ldv,%,road,freight,ice,all,yearly,national,['manually_inputted_data $ guess'],1,0.39,manually_inputted_data $ guess,0.03,single_datapoint,no_comment
9732,2018,12_NZ,turnover_rate,ldv,%,road,passenger,ice,all,yearly,national,['manually_inputted_data $ guess'],1,0.39,manually_inputted_data $ guess,0.03,single_datapoint,no_comment
9733,2019,12_NZ,activity,ldv,passenger_km_or_freight_tonne_km,road,passenger,ice,all,yearly,national,['estimated $ calculate_energy_and_activity()'],1,742829303869.2888,estimated $ calculate_energy_and_activity(),74892719194.17896,single_datapoint,no_comment
9734,2019,12_NZ,energy,ldv,pj,road,passenger,ice,all,yearly,national,['estimated $ calculate_energy_and_activity()'],1,1423.6137889115919,estimated $ calculate_energy_and_activity(),143.53002389453118,single_datapoint,no_comment
9735,2019,12_NZ,new_vehicle_efficiency,ldv,km_per_pj,road,freight,ice,all,yearly,national,['avg_eff_no_outliers $ transport_data_system_9th'],1,4776513034.843043,avg_eff_no_outliers $ transport_data_system_9th,367424079.603311,single_datapoint,no_comment
9736,2019,12_NZ,new_vehicle_efficiency,ldv,km_per_pj,road,passenger,ice,all,yearly,national,['avg_eff_no_outliers $ transport_data_system_9th'],1,3086802010.889935,avg_eff_no_outliers $ transport_data_system_9th,237446308.529995,single_datapoint,no_comment
9737,2019,12_NZ,travel_km,ldv,km,road,passenger,ice,all,yearly,national,['estimated $ calculate_energy_and_activity()'],1,495219535912.85925,estimated $ calculate_energy_and_activity(),49928479462.785965,single_datapoint,no_comment
9738,2019,12_NZ,turnover_rate,ldv,%,road,freight,ice,all,yearly,national,['manually_inputted_data $ guess'],1,0.39,manually_inputted_data $ guess,0.03,single_datapoint,no_comment
9739,2019,12_NZ,turnover_rate,ldv,%,road,passenger,ice,all,yearly,national,['manually_inputted_data $ guess'],1,0.39,manually_inputted_data $ guess,0.03,single_datapoint,no_comment
9740,2020,12_NZ,activity,ldv,passenger_km_or_freight_tonne_km,road,passenger,ice,all,yearly,national,['estimated $ calculate_energy_and_activity()'],1,742829303869.2888,estimated $ calculate_energy_and_activity(),75238993438.13669,single_datapoint,no_comment
9741,2020,12_NZ,energy,ldv,pj,road,passenger,ice,all,yearly,national,['estimated $ calculate_energy_and_activity()'],1,1423.6137889115919,estimated $ calculate_energy_and_activity(),144.1936498256508,single_datapoint,no_comment
9742,2020,12_NZ,new_vehicle_efficiency,ldv,km_per_pj,road,freight,ice,all,yearly,national,['avg_eff_no_outliers $ transport_data_system_9th'],1,4776513034.843043,avg_eff_no_outliers $ transport_data_system_9th,367424079.603311,single_datapoint,no_comment
9743,2020,12_NZ,new_vehicle_efficiency,ldv,km_per_pj,road,passenger,ice,all,yearly,national,['avg_eff_no_outliers $ transport_data_system_9th'],1,3086802010.889935,avg_eff_no_outliers $ transport_data_system_9th,237446308.529995,single_datapoint,no_comment
9744,2020,12_NZ,travel_km,ldv,km,road,passenger,ice,all,yearly,national,['estimated $ calculate_energy_and_activity()'],1,495219535912.85925,estimated $ calculate_energy_and_activity(),50159328958.7578,single_datapoint,no_comment
9745,2020,12_NZ,turnover_rate,ldv,%,road,freight,ice,all,yearly,national,['manually_inputted_data $ guess'],1,0.39,manually_inputted_data $ guess,0.03,single_datapoint,no_comment
9746,2020,12_NZ,turnover_rate,ldv,%,road,passenger,ice,all,yearly,national,['manually_inputted_data $ guess'],1,0.39,manually_inputted_data $ guess,0.03,single_datapoint,no_comment
9747,2021,12_NZ,new_vehicle_efficiency,ldv,km_per_pj,road,freight,ice,all,yearly,national,['avg_eff_no_outliers $ transport_data_system_9th'],1,4776513034.843043,avg_eff_no_outliers $ transport_data_system_9th,367424079.603311,single_datapoint,no_comment
9748,2021,12_NZ,new_vehicle_efficiency,ldv,km_per_pj,road,passenger,ice,all,yearly,national,['avg_eff_no_outliers $ transport_data_system_9th'],1,3086802010.889935,avg_eff_no_outliers $ transport_data_system_9th,237446308.529995,single_datapoint,no_comment
9749,2021,12_NZ,turnover_rate,ldv,%,road,freight,ice,all,yearly,national,['manually_inputted_data $ guess'],1,0.39,manually_inputted_data $ guess,0.03,single_datapoint,no_comment
9750,2021,12_NZ,turnover_rate,ldv,%,road,passenger,ice,all,yearly,national,['manually_inputted_data $ guess'],1,0.39,manually_inputted_data $ guess,0.03,single_datapoint,no_comment
9751,2022,12_NZ,new_vehicle_efficiency,ldv,km_per_pj,road,freight,ice,all,yearly,national,['avg_eff_no_outliers $ transport_data_system_9th'],1,4776513034.843043,avg_eff_no_outliers $ transport_data_system_9th,367424079.603311,single_datapoint,no_comment
9752,2022,12_NZ,new_vehicle_efficiency,ldv,km_per_pj,road,passenger,ice,all,yearly,national,['avg_eff_no_outliers $ transport_data_system_9th'],1,3086802010.889935,avg_eff_no_outliers $ transport_data_system_9th,237446308.529995,single_datapoint,no_comment
9753,2022,12_NZ,turnover_rate,ldv,%,road,freight,ice,all,yearly,national,['manually_inputted_data $ guess'],1,0.39,manually_inputted_data $ guess,0.03,single_datapoint,no_comment
9754,2022,12_NZ,turnover_rate,ldv,%,road,passenger,ice,all,yearly,national,['manually_inputted_data $ guess'],1,0.39,manually_inputted_data $ guess,0.03,single_datapoint,no_comment
9755,2010,12_NZ,new_vehicle_efficiency,ldv,km_per_pj,road,freight,lpg,all,yearly,national,['avg_eff_no_outliers $ transport_data_system_9th'],1,3668778329.1297708,avg_eff_no_outliers $ transport_data_system_9th,282213717.625367,single_datapoint,no_comment
9756,2010,12_NZ,new_vehicle_efficiency,ldv,km_per_pj,road,passenger,lpg,all,yearly,national,['avg_eff_no_outliers $ transport_data_system_9th'],1,4713924488.084526,avg_eff_no_outliers $ transport_data_system_9th,362609576.006502,single_datapoint,no_comment
9757,2010,12_NZ,turnover_rate,ldv,%,road,freight,lpg,all,yearly,national,['manually_inputted_data $ guess'],1,0.42,manually_inputted_data $ guess,0.03,manual,no_comment
9758,2010,12_NZ,turnover_rate,ldv,%,road,passenger,lpg,all,yearly,national,['manually_inputted_data $ guess'],1,0.42,manually_inputted_data $ guess,0.03,manual,no_comment
9759,2011,12_NZ,new_vehicle_efficiency,ldv,km_per_pj,road,freight,lpg,all,yearly,national,['avg_eff_no_outliers $ transport_data_system_9th'],1,3668778329.1297708,avg_eff_no_outliers $ transport_data_system_9th,282213717.625367,single_datapoint,no_comment
9760,2011,12_NZ,new_vehicle_efficiency,ldv,km_per_pj,road,passenger,lpg,all,yearly,national,['avg_eff_no_outliers $ transport_data_system_9th'],1,4713924488.084526,avg_eff_no_outliers $ transport_data_system_9th,362609576.006502,single_datapoint,no_comment
9761,2011,12_NZ,turnover_rate,ldv,%,road,freight,lpg,all,yearly,national,['manually_inputted_data $ guess'],1,0.42,manually_inputted_data $ guess,0.03,manual,no_comment
9762,2011,12_NZ,turnover_rate,ldv,%,road,passenger,lpg,all,yearly,national,['manually_inputted_data $ guess'],1,0.42,manually_inputted_data $ guess,0.03,manual,no_comment
9763,2012,12_NZ,new_vehicle_efficiency,ldv,km_per_pj,road,freight,lpg,all,yearly,national,['avg_eff_no_outliers $ transport_data_system_9th'],1,3668778329.1297708,avg_eff_no_outliers $ transport_data_system_9th,282213717.625367,single_datapoint,no_comment
9764,2012,12_NZ,new_vehicle_efficiency,ldv,km_per_pj,road,passenger,lpg,all,yearly,national,['avg_eff_no_outliers $ transport_data_system_9th'],1,4713924488.084526,avg_eff_no_outliers $ transport_data_system_9th,362609576.006502,single_datapoint,no_comment
9765,2012,12_NZ,turnover_rate,ldv,%,road,freight,lpg,all,yearly,national,['manually_inputted_data $ guess'],1,0.42,manually_inputted_data $ guess,0.03,manual,no_comment
9766,2012,12_NZ,turnover_rate,ldv,%,road,passenger,lpg,all,yearly,national,['manually_inputted_data $ guess'],1,0.42,manually_inputted_data $ guess,0.03,manual,no_comment
9767,2013,12_NZ,new_vehicle_efficiency,ldv,km_per_pj,road,freight,lpg,all,yearly,national,['avg_eff_no_outliers $ transport_data_system_9th'],1,3668778329.1297708,avg_eff_no_outliers $ transport_data_system_9th,282213717.625367,single_datapoint,no_comment
9768,2013,12_NZ,new_vehicle_efficiency,ldv,km_per_pj,road,passenger,lpg,all,yearly,national,['avg_eff_no_outliers $ transport_data_system_9th'],1,4713924488.084526,avg_eff_no_outliers $ transport_data_system_9th,362609576.006502,single_datapoint,no_comment
9769,2013,12_NZ,turnover_rate,ldv,%,road,freight,lpg,all,yearly,national,['manually_inputted_data $ guess'],1,0.42,manually_inputted_data $ guess,0.03,manual,no_comment
9770,2013,12_NZ,turnover_rate,ldv,%,road,passenger,lpg,all,yearly,national,['manually_inputted_data $ guess'],1,0.42,manually_inputted_data $ guess,0.03,manual,no_comment
9771,2014,12_NZ,new_vehicle_efficiency,ldv,km_per_pj,road,freight,lpg,all,yearly,national,['avg_eff_no_outliers $ transport_data_system_9th'],1,3668778329.1297708,avg_eff_no_outliers $ transport_data_system_9th,282213717.625367,single_datapoint,no_comment
9772,2014,12_NZ,new_vehicle_efficiency,ldv,km_per_pj,road,passenger,lpg,all,yearly,national,['avg_eff_no_outliers $ transport_data_system_9th'],1,4713924488.084526,avg_eff_no_outliers $ transport_data_system_9th,362609576.006502,single_datapoint,no_comment
9773,2014,12_NZ,turnover_rate,ldv,%,road,freight,lpg,all,yearly,national,['manually_inputted_data $ guess'],1,0.42,manually_inputted_data $ guess,0.03,manual,no_comment
9774,2014,12_NZ,turnover_rate,ldv,%,road,passenger,lpg,all,yearly,national,['manually_inputted_data $ guess'],1,0.42,manually_inputted_data $ guess,0.03,manual,no_comment
9775,2015,12_NZ,new_vehicle_efficiency,ldv,km_per_pj,road,freight,lpg,all,yearly,national,['avg_eff_no_outliers $ transport_data_system_9th'],1,3668778329.1297708,avg_eff_no_outliers $ transport_data_system_9th,282213717.625367,single_datapoint,no_comment
9776,2015,12_NZ,new_vehicle_efficiency,ldv,km_per_pj,road,passenger,lpg,all,yearly,national,['avg_eff_no_outliers $ transport_data_system_9th'],1,4713924488.084526,avg_eff_no_outliers $ transport_data_system_9th,362609576.006502,single_datapoint,no_comment
9777,2015,12_NZ,turnover_rate,ldv,%,road,freight,lpg,all,yearly,national,['manually_inputted_data $ guess'],1,0.42,manually_inputted_data $ guess,0.03,manual,no_comment
9778,2015,12_NZ,turnover_rate,ldv,%,road,passenger,lpg,all,yearly,national,['manually_inputted_data $ guess'],1,0.42,manually_inputted_data $ guess,0.03,manual,no_comment
9779,2016,12_NZ,new_vehicle_efficiency,ldv,km_per_pj,road,freight,lpg,all,yearly,national,['avg_eff_no_outliers $ transport_data_system_9th'],1,3668778329.1297708,avg_eff_no_outliers $ transport_data_system_9th,282213717.625367,single_datapoint,no_comment
9780,2016,12_NZ,new_vehicle_efficiency,ldv,km_per_pj,road,passenger,lpg,all,yearly,national,['avg_eff_no_outliers $ transport_data_system_9th'],1,4713924488.084526,avg_eff_no_outliers $ transport_data_system_9th,362609576.006502,single_datapoint,no_comment
9781,2016,12_NZ,turnover_rate,ldv,%,road,freight,lpg,all,yearly,national,['manually_inputted_data $ guess'],1,0.42,manually_inputted_data $ guess,0.03,manual,no_comment
9782,2016,12_NZ,turnover_rate,ldv,%,road,passenger,lpg,all,yearly,national,['manually_inputted_data $ guess'],1,0.42,manually_inputted_data $ guess,0.03,manual,no_comment
9783,2017,12_NZ,activity,ldv,passenger_km_or_freight_tonne_km,road,freight,lpg,all,yearly,national,['estimated $ calculate_energy_and_activity()'],1,306600.0,estimated $ calculate_energy_and_activity(),306600.0,single_datapoint,no_comment
9784,2017,12_NZ,activity,ldv,passenger_km_or_freight_tonne_km,road,passenger,lpg,all,yearly,national,"['8th_edition_transport_model $ reference', 'estimated $ calculate_energy_and_activity()']",2,152386716.0,estimated $ calculate_energy_and_activity(),40860000.0,manual,no_comment
9785,2017,12_NZ,energy,ldv,pj,road,freight,lpg,all,yearly,national,['estimated $ calculate_energy_and_activity()'],1,0.003339266037135278,estimated $ calculate_energy_and_activity(),0.003339266037135278,single_datapoint,no_comment
9786,2017,12_NZ,energy,ldv,pj,road,passenger,lpg,all,yearly,national,"['8th_edition_transport_model $ reference', 'estimated $ calculate_energy_and_activity()']",2,0.29373515541897766,8th_edition_transport_model $ reference,0.2154279869861566,manual,no_comment
9787,2017,12_NZ,new_vehicle_efficiency,ldv,km_per_pj,road,freight,lpg,all,yearly,national,['avg_eff_no_outliers $ transport_data_system_9th'],1,3668778329.1297708,avg_eff_no_outliers $ transport_data_system_9th,282213717.625367,single_datapoint,no_comment
9788,2017,12_NZ,new_vehicle_efficiency,ldv,km_per_pj,road,passenger,lpg,all,yearly,national,['avg_eff_no_outliers $ transport_data_system_9th'],1,4713924488.084526,avg_eff_no_outliers $ transport_data_system_9th,362609576.006502,single_datapoint,no_comment
9789,2017,12_NZ,travel_km,ldv,km,road,freight,lpg,all,yearly,national,['estimated $ calculate_energy_and_activity()'],1,840000.0,estimated $ calculate_energy_and_activity(),840000.0,single_datapoint,no_comment
9790,2017,12_NZ,travel_km,ldv,km,road,passenger,lpg,all,yearly,national,['estimated $ calculate_energy_and_activity()'],1,27240000.0,estimated $ calculate_energy_and_activity(),27240000.0,single_datapoint,no_comment
9791,2017,12_NZ,turnover_rate,ldv,%,road,freight,lpg,all,yearly,national,"['manually_inputted_data $ guess', 'turnover_rate_est']",2,0.42,manually_inputted_data $ guess,0.03,manual,no_comment
9792,2017,12_NZ,turnover_rate,ldv,%,road,passenger,lpg,all,yearly,national,"['manually_inputted_data $ guess', 'turnover_rate_est']",2,0.42,manually_inputted_data $ guess,0.03,manual,no_comment
9793,2018,12_NZ,new_vehicle_efficiency,ldv,km_per_pj,road,freight,lpg,all,yearly,national,['avg_eff_no_outliers $ transport_data_system_9th'],1,3668778329.1297708,avg_eff_no_outliers $ transport_data_system_9th,282213717.625367,single_datapoint,no_comment
9794,2018,12_NZ,new_vehicle_efficiency,ldv,km_per_pj,road,passenger,lpg,all,yearly,national,['avg_eff_no_outliers $ transport_data_system_9th'],1,4713924488.084526,avg_eff_no_outliers $ transport_data_system_9th,362609576.006502,single_datapoint,no_comment
9795,2018,12_NZ,turnover_rate,ldv,%,road,freight,lpg,all,yearly,national,['manually_inputted_data $ guess'],1,0.42,manually_inputted_data $ guess,0.03,manual,no_comment
9796,2018,12_NZ,turnover_rate,ldv,%,road,passenger,lpg,all,yearly,national,['manually_inputted_data $ guess'],1,0.42,manually_inputted_data $ guess,0.03,manual,no_comment
9797,2019,12_NZ,new_vehicle_efficiency,ldv,km_per_pj,road,freight,lpg,all,yearly,national,['avg_eff_no_outliers $ transport_data_system_9th'],1,3668778329.1297708,avg_eff_no_outliers $ transport_data_system_9th,282213717.625367,single_datapoint,no_comment
9798,2019,12_NZ,new_vehicle_efficiency,ldv,km_per_pj,road,passenger,lpg,all,yearly,national,['avg_eff_no_outliers $ transport_data_system_9th'],1,4713924488.084526,avg_eff_no_outliers $ transport_data_system_9th,362609576.006502,single_datapoint,no_comment
9799,2019,12_NZ,turnover_rate,ldv,%,road,freight,lpg,all,yearly,national,['manually_inputted_data $ guess'],1,0.42,manually_inputted_data $ guess,0.03,manual,no_comment
9800,2019,12_NZ,turnover_rate,ldv,%,road,passenger,lpg,all,yearly,national,['manually_inputted_data $ guess'],1,0.42,manually_inputted_data $ guess,0.03,manual,no_comment
9801,2020,12_NZ,new_vehicle_efficiency,ldv,km_per_pj,road,freight,lpg,all,yearly,national,['avg_eff_no_outliers $ transport_data_system_9th'],1,3668778329.1297708,avg_eff_no_outliers $ transport_data_system_9th,282213717.625367,single_datapoint,no_comment
9802,2020,12_NZ,new_vehicle_efficiency,ldv,km_per_pj,road,passenger,lpg,all,yearly,national,['avg_eff_no_outliers $ transport_data_system_9th'],1,4713924488.084526,avg_eff_no_outliers $ transport_data_system_9th,362609576.006502,single_datapoint,no_comment
9803,2020,12_NZ,turnover_rate,ldv,%,road,freight,lpg,all,yearly,national,['manually_inputted_data $ guess'],1,0.42,manually_inputted_data $ guess,0.03,manual,no_comment
9804,2020,12_NZ,turnover_rate,ldv,%,road,passenger,lpg,all,yearly,national,['manually_inputted_data $ guess'],1,0.42,manually_inputted_data $ guess,0.03,manual,no_comment
9805,2021,12_NZ,new_vehicle_efficiency,ldv,km_per_pj,road,freight,lpg,all,yearly,national,['avg_eff_no_outliers $ transport_data_system_9th'],1,3668778329.1297708,avg_eff_no_outliers $ transport_data_system_9th,282213717.625367,single_datapoint,no_comment
9806,2021,12_NZ,new_vehicle_efficiency,ldv,km_per_pj,road,passenger,lpg,all,yearly,national,['avg_eff_no_outliers $ transport_data_system_9th'],1,4713924488.084526,avg_eff_no_outliers $ transport_data_system_9th,362609576.006502,single_datapoint,no_comment
9807,2021,12_NZ,turnover_rate,ldv,%,road,freight,lpg,all,yearly,national,['manually_inputted_data $ guess'],1,0.42,manually_inputted_data $ guess,0.03,manual,no_comment
9808,2021,12_NZ,turnover_rate,ldv,%,road,passenger,lpg,all,yearly,national,['manually_inputted_data $ guess'],1,0.42,manually_inputted_data $ guess,0.03,manual,no_comment
9809,2022,12_NZ,new_vehicle_efficiency,ldv,km_per_pj,road,freight,lpg,all,yearly,national,['avg_eff_no_outliers $ transport_data_system_9th'],1,3668778329.1297708,avg_eff_no_outliers $ transport_data_system_9th,282213717.625367,single_datapoint,no_comment
9810,2022,12_NZ,new_vehicle_efficiency,ldv,km_per_pj,road,passenger,lpg,all,yearly,national,['avg_eff_no_outliers $ transport_data_system_9th'],1,4713924488.084526,avg_eff_no_outliers $ transport_data_system_9th,362609576.006502,single_datapoint,no_comment
9811,2022,12_NZ,turnover_rate,ldv,%,road,freight,lpg,all,yearly,national,['manually_inputted_data $ guess'],1,0.42,manually_inputted_data $ guess,0.03,manual,no_comment
9812,2022,12_NZ,turnover_rate,ldv,%,road,passenger,lpg,all,yearly,national,['manually_inputted_data $ guess'],1,0.42,manually_inputted_data $ guess,0.03,manual,no_comment
9813,2010,12_NZ,new_vehicle_efficiency,ldv,km_per_pj,road,freight,phev,all,yearly,national,['avg_eff_no_outliers $ transport_data_system_9th'],1,8979606259.303562,avg_eff_no_outliers $ transport_data_system_9th,690738943.023351,single_datapoint,no_comment
9814,2010,12_NZ,new_vehicle_efficiency,ldv,km_per_pj,road,passenger,phev,all,yearly,national,['avg_eff_no_outliers $ transport_data_system_9th'],1,5974718100.659283,avg_eff_no_outliers $ transport_data_system_9th,459593700.050714,single_datapoint,no_comment
9815,2010,12_NZ,turnover_rate,ldv,%,road,freight,phev,all,yearly,national,['manually_inputted_data $ guess'],1,0.39,manually_inputted_data $ guess,0.03,single_datapoint,no_comment
9816,2010,12_NZ,turnover_rate,ldv,%,road,passenger,phev,all,yearly,national,['manually_inputted_data $ guess'],1,0.39,manually_inputted_data $ guess,0.03,single_datapoint,no_comment
9817,2011,12_NZ,activity,ldv,passenger_km_or_freight_tonne_km,road,passenger,phev,all,yearly,national,['estimated $ calculate_energy_and_activity()'],1,988245000.0,estimated $ calculate_energy_and_activity(),45000.0,single_datapoint,no_comment
9818,2011,12_NZ,energy,ldv,pj,road,passenger,phev,all,yearly,national,['estimated $ calculate_energy_and_activity()'],1,1.0822553341429728,estimated $ calculate_energy_and_activity(),4.9280785672008235e-05,single_datapoint,no_comment
9819,2011,12_NZ,new_vehicle_efficiency,ldv,km_per_pj,road,freight,phev,all,yearly,national,['avg_eff_no_outliers $ transport_data_system_9th'],1,8979606259.303562,avg_eff_no_outliers $ transport_data_system_9th,690738943.023351,single_datapoint,no_comment
9820,2011,12_NZ,new_vehicle_efficiency,ldv,km_per_pj,road,passenger,phev,all,yearly,national,['avg_eff_no_outliers $ transport_data_system_9th'],1,5974718100.659283,avg_eff_no_outliers $ transport_data_system_9th,459593700.050714,single_datapoint,no_comment
9821,2011,12_NZ,travel_km,ldv,km,road,passenger,phev,all,yearly,national,['estimated $ calculate_energy_and_activity()'],1,658830000.0,estimated $ calculate_energy_and_activity(),30000.0,single_datapoint,no_comment
9822,2011,12_NZ,turnover_rate,ldv,%,road,freight,phev,all,yearly,national,['manually_inputted_data $ guess'],1,0.39,manually_inputted_data $ guess,0.03,single_datapoint,no_comment
9823,2011,12_NZ,turnover_rate,ldv,%,road,passenger,phev,all,yearly,national,['manually_inputted_data $ guess'],1,0.39,manually_inputted_data $ guess,0.03,single_datapoint,no_comment
9824,2012,12_NZ,activity,ldv,passenger_km_or_freight_tonne_km,road,passenger,phev,all,yearly,national,['estimated $ calculate_energy_and_activity()'],1,988245000.0,estimated $ calculate_energy_and_activity(),157500.0,single_datapoint,no_comment
9825,2012,12_NZ,energy,ldv,pj,road,passenger,phev,all,yearly,national,['estimated $ calculate_energy_and_activity()'],1,1.0822553341429728,estimated $ calculate_energy_and_activity(),0.0001724827498520288,single_datapoint,no_comment
9826,2012,12_NZ,new_vehicle_efficiency,ldv,km_per_pj,road,freight,phev,all,yearly,national,['avg_eff_no_outliers $ transport_data_system_9th'],1,8979606259.303562,avg_eff_no_outliers $ transport_data_system_9th,690738943.023351,single_datapoint,no_comment
9827,2012,12_NZ,new_vehicle_efficiency,ldv,km_per_pj,road,passenger,phev,all,yearly,national,['avg_eff_no_outliers $ transport_data_system_9th'],1,5974718100.659283,avg_eff_no_outliers $ transport_data_system_9th,459593700.050714,single_datapoint,no_comment
9828,2012,12_NZ,travel_km,ldv,km,road,passenger,phev,all,yearly,national,['estimated $ calculate_energy_and_activity()'],1,658830000.0,estimated $ calculate_energy_and_activity(),105000.0,single_datapoint,no_comment
9829,2012,12_NZ,turnover_rate,ldv,%,road,freight,phev,all,yearly,national,['manually_inputted_data $ guess'],1,0.39,manually_inputted_data $ guess,0.03,single_datapoint,no_comment
9830,2012,12_NZ,turnover_rate,ldv,%,road,passenger,phev,all,yearly,national,['manually_inputted_data $ guess'],1,0.39,manually_inputted_data $ guess,0.03,single_datapoint,no_comment
9831,2013,12_NZ,activity,ldv,passenger_km_or_freight_tonne_km,road,passenger,phev,all,yearly,national,['estimated $ calculate_energy_and_activity()'],1,988245000.0,estimated $ calculate_energy_and_activity(),292500.0,single_datapoint,no_comment
9832,2013,12_NZ,energy,ldv,pj,road,passenger,phev,all,yearly,national,['estimated $ calculate_energy_and_activity()'],1,1.0822553341429728,estimated $ calculate_energy_and_activity(),0.0003203251068680535,single_datapoint,no_comment
9833,2013,12_NZ,new_vehicle_efficiency,ldv,km_per_pj,road,freight,phev,all,yearly,national,['avg_eff_no_outliers $ transport_data_system_9th'],1,8979606259.303562,avg_eff_no_outliers $ transport_data_system_9th,690738943.023351,single_datapoint,no_comment
9834,2013,12_NZ,new_vehicle_efficiency,ldv,km_per_pj,road,passenger,phev,all,yearly,national,['avg_eff_no_outliers $ transport_data_system_9th'],1,5974718100.659283,avg_eff_no_outliers $ transport_data_system_9th,459593700.050714,single_datapoint,no_comment
9835,2013,12_NZ,travel_km,ldv,km,road,passenger,phev,all,yearly,national,['estimated $ calculate_energy_and_activity()'],1,658830000.0,estimated $ calculate_energy_and_activity(),195000.0,single_datapoint,no_comment
9836,2013,12_NZ,turnover_rate,ldv,%,road,freight,phev,all,yearly,national,['manually_inputted_data $ guess'],1,0.39,manually_inputted_data $ guess,0.03,single_datapoint,no_comment
9837,2013,12_NZ,turnover_rate,ldv,%,road,passenger,phev,all,yearly,national,['manually_inputted_data $ guess'],1,0.39,manually_inputted_data $ guess,0.03,single_datapoint,no_comment
9838,2014,12_NZ,activity,ldv,passenger_km_or_freight_tonne_km,road,passenger,phev,all,yearly,national,['estimated $ calculate_energy_and_activity()'],1,988245000.0,estimated $ calculate_energy_and_activity(),4950000.0,single_datapoint,no_comment
9839,2014,12_NZ,energy,ldv,pj,road,passenger,phev,all,yearly,national,['estimated $ calculate_energy_and_activity()'],1,1.0822553341429728,estimated $ calculate_energy_and_activity(),0.005420886423920906,single_datapoint,no_comment
9840,2014,12_NZ,new_vehicle_efficiency,ldv,km_per_pj,road,freight,phev,all,yearly,national,['avg_eff_no_outliers $ transport_data_system_9th'],1,8979606259.303562,avg_eff_no_outliers $ transport_data_system_9th,690738943.023351,single_datapoint,no_comment
9841,2014,12_NZ,new_vehicle_efficiency,ldv,km_per_pj,road,passenger,phev,all,yearly,national,['avg_eff_no_outliers $ transport_data_system_9th'],1,5974718100.659283,avg_eff_no_outliers $ transport_data_system_9th,459593700.050714,single_datapoint,no_comment
9842,2014,12_NZ,travel_km,ldv,km,road,passenger,phev,all,yearly,national,['estimated $ calculate_energy_and_activity()'],1,658830000.0,estimated $ calculate_energy_and_activity(),3300000.0,single_datapoint,no_comment
9843,2014,12_NZ,turnover_rate,ldv,%,road,freight,phev,all,yearly,national,['manually_inputted_data $ guess'],1,0.39,manually_inputted_data $ guess,0.03,single_datapoint,no_comment
9844,2014,12_NZ,turnover_rate,ldv,%,road,passenger,phev,all,yearly,national,['manually_inputted_data $ guess'],1,0.39,manually_inputted_data $ guess,0.03,single_datapoint,no_comment
9845,2015,12_NZ,activity,ldv,passenger_km_or_freight_tonne_km,road,passenger,phev,all,yearly,national,['estimated $ calculate_energy_and_activity()'],1,988245000.0,estimated $ calculate_energy_and_activity(),9450000.0,single_datapoint,no_comment
9846,2015,12_NZ,energy,ldv,pj,road,passenger,phev,all,yearly,national,['estimated $ calculate_energy_and_activity()'],1,1.0822553341429728,estimated $ calculate_energy_and_activity(),0.010348964991121729,single_datapoint,no_comment
9847,2015,12_NZ,new_vehicle_efficiency,ldv,km_per_pj,road,freight,phev,all,yearly,national,['avg_eff_no_outliers $ transport_data_system_9th'],1,8979606259.303562,avg_eff_no_outliers $ transport_data_system_9th,690738943.023351,single_datapoint,no_comment
9848,2015,12_NZ,new_vehicle_efficiency,ldv,km_per_pj,road,passenger,phev,all,yearly,national,['avg_eff_no_outliers $ transport_data_system_9th'],1,5974718100.659283,avg_eff_no_outliers $ transport_data_system_9th,459593700.050714,single_datapoint,no_comment
9849,2015,12_NZ,travel_km,ldv,km,road,passenger,phev,all,yearly,national,['estimated $ calculate_energy_and_activity()'],1,658830000.0,estimated $ calculate_energy_and_activity(),6300000.0,single_datapoint,no_comment
9850,2015,12_NZ,turnover_rate,ldv,%,road,freight,phev,all,yearly,national,['manually_inputted_data $ guess'],1,0.39,manually_inputted_data $ guess,0.03,single_datapoint,no_comment
9851,2015,12_NZ,turnover_rate,ldv,%,road,passenger,phev,all,yearly,national,['manually_inputted_data $ guess'],1,0.39,manually_inputted_data $ guess,0.03,single_datapoint,no_comment
9852,2016,12_NZ,activity,ldv,passenger_km_or_freight_tonne_km,road,passenger,phev,all,yearly,national,['estimated $ calculate_energy_and_activity()'],1,988245000.0,estimated $ calculate_energy_and_activity(),17100000.0,single_datapoint,no_comment
9853,2016,12_NZ,energy,ldv,pj,road,passenger,phev,all,yearly,national,['estimated $ calculate_energy_and_activity()'],1,1.0822553341429728,estimated $ calculate_energy_and_activity(),0.01872669855536313,single_datapoint,no_comment
9854,2016,12_NZ,new_vehicle_efficiency,ldv,km_per_pj,road,freight,phev,all,yearly,national,['avg_eff_no_outliers $ transport_data_system_9th'],1,8979606259.303562,avg_eff_no_outliers $ transport_data_system_9th,690738943.023351,single_datapoint,no_comment
9855,2016,12_NZ,new_vehicle_efficiency,ldv,km_per_pj,road,passenger,phev,all,yearly,national,['avg_eff_no_outliers $ transport_data_system_9th'],1,5974718100.659283,avg_eff_no_outliers $ transport_data_system_9th,459593700.050714,single_datapoint,no_comment
9856,2016,12_NZ,travel_km,ldv,km,road,passenger,phev,all,yearly,national,['estimated $ calculate_energy_and_activity()'],1,658830000.0,estimated $ calculate_energy_and_activity(),11400000.0,single_datapoint,no_comment
9857,2016,12_NZ,turnover_rate,ldv,%,road,freight,phev,all,yearly,national,['manually_inputted_data $ guess'],1,0.39,manually_inputted_data $ guess,0.03,single_datapoint,no_comment
9858,2016,12_NZ,turnover_rate,ldv,%,road,passenger,phev,all,yearly,national,['manually_inputted_data $ guess'],1,0.39,manually_inputted_data $ guess,0.03,single_datapoint,no_comment
9859,2017,12_NZ,activity,ldv,passenger_km_or_freight_tonne_km,road,passenger,phev,all,yearly,national,['estimated $ calculate_energy_and_activity()'],1,988245000.0,estimated $ calculate_energy_and_activity(),29250000.0,single_datapoint,no_comment
9860,2017,12_NZ,energy,ldv,pj,road,passenger,phev,all,yearly,national,['estimated $ calculate_energy_and_activity()'],1,1.0822553341429728,estimated $ calculate_energy_and_activity(),0.032032510686805356,single_datapoint,no_comment
9861,2017,12_NZ,new_vehicle_efficiency,ldv,km_per_pj,road,freight,phev,all,yearly,national,['avg_eff_no_outliers $ transport_data_system_9th'],1,8979606259.303562,avg_eff_no_outliers $ transport_data_system_9th,690738943.023351,single_datapoint,no_comment
9862,2017,12_NZ,new_vehicle_efficiency,ldv,km_per_pj,road,passenger,phev,all,yearly,national,['avg_eff_no_outliers $ transport_data_system_9th'],1,5974718100.659283,avg_eff_no_outliers $ transport_data_system_9th,459593700.050714,single_datapoint,no_comment
9863,2017,12_NZ,travel_km,ldv,km,road,passenger,phev,all,yearly,national,['estimated $ calculate_energy_and_activity()'],1,658830000.0,estimated $ calculate_energy_and_activity(),19500000.0,single_datapoint,no_comment
9864,2017,12_NZ,turnover_rate,ldv,%,road,freight,phev,all,yearly,national,['manually_inputted_data $ guess'],1,0.39,manually_inputted_data $ guess,0.03,single_datapoint,no_comment
9865,2017,12_NZ,turnover_rate,ldv,%,road,passenger,phev,all,yearly,national,['manually_inputted_data $ guess'],1,0.39,manually_inputted_data $ guess,0.03,single_datapoint,no_comment
9866,2018,12_NZ,activity,ldv,passenger_km_or_freight_tonne_km,road,passenger,phev,all,yearly,national,['estimated $ calculate_energy_and_activity()'],1,988245000.0,estimated $ calculate_energy_and_activity(),56250000.0,single_datapoint,no_comment
9867,2018,12_NZ,energy,ldv,pj,road,passenger,phev,all,yearly,national,['estimated $ calculate_energy_and_activity()'],1,1.0822553341429728,estimated $ calculate_energy_and_activity(),0.061600982090010296,single_datapoint,no_comment
9868,2018,12_NZ,new_vehicle_efficiency,ldv,km_per_pj,road,freight,phev,all,yearly,national,['avg_eff_no_outliers $ transport_data_system_9th'],1,8979606259.303562,avg_eff_no_outliers $ transport_data_system_9th,690738943.023351,single_datapoint,no_comment
9869,2018,12_NZ,new_vehicle_efficiency,ldv,km_per_pj,road,passenger,phev,all,yearly,national,['avg_eff_no_outliers $ transport_data_system_9th'],1,5974718100.659283,avg_eff_no_outliers $ transport_data_system_9th,459593700.050714,single_datapoint,no_comment
9870,2018,12_NZ,travel_km,ldv,km,road,passenger,phev,all,yearly,national,['estimated $ calculate_energy_and_activity()'],1,658830000.0,estimated $ calculate_energy_and_activity(),37500000.0,single_datapoint,no_comment
9871,2018,12_NZ,turnover_rate,ldv,%,road,freight,phev,all,yearly,national,['manually_inputted_data $ guess'],1,0.39,manually_inputted_data $ guess,0.03,single_datapoint,no_comment
9872,2018,12_NZ,turnover_rate,ldv,%,road,passenger,phev,all,yearly,national,['manually_inputted_data $ guess'],1,0.39,manually_inputted_data $ guess,0.03,single_datapoint,no_comment
9873,2019,12_NZ,activity,ldv,passenger_km_or_freight_tonne_km,road,passenger,phev,all,yearly,national,['estimated $ calculate_energy_and_activity()'],1,988245000.0,estimated $ calculate_energy_and_activity(),99000000.0,single_datapoint,no_comment
9874,2019,12_NZ,energy,ldv,pj,road,passenger,phev,all,yearly,national,['estimated $ calculate_energy_and_activity()'],1,1.0822553341429728,estimated $ calculate_energy_and_activity(),0.10841772847841812,single_datapoint,no_comment
9875,2019,12_NZ,new_vehicle_efficiency,ldv,km_per_pj,road,freight,phev,all,yearly,national,['avg_eff_no_outliers $ transport_data_system_9th'],1,8979606259.303562,avg_eff_no_outliers $ transport_data_system_9th,690738943.023351,single_datapoint,no_comment
9876,2019,12_NZ,new_vehicle_efficiency,ldv,km_per_pj,road,passenger,phev,all,yearly,national,['avg_eff_no_outliers $ transport_data_system_9th'],1,5974718100.659283,avg_eff_no_outliers $ transport_data_system_9th,459593700.050714,single_datapoint,no_comment
9877,2019,12_NZ,travel_km,ldv,km,road,passenger,phev,all,yearly,national,['estimated $ calculate_energy_and_activity()'],1,658830000.0,estimated $ calculate_energy_and_activity(),66000000.0,single_datapoint,no_comment
9878,2019,12_NZ,turnover_rate,ldv,%,road,freight,phev,all,yearly,national,['manually_inputted_data $ guess'],1,0.39,manually_inputted_data $ guess,0.03,single_datapoint,no_comment
9879,2019,12_NZ,turnover_rate,ldv,%,road,passenger,phev,all,yearly,national,['manually_inputted_data $ guess'],1,0.39,manually_inputted_data $ guess,0.03,single_datapoint,no_comment
9880,2020,12_NZ,activity,ldv,passenger_km_or_freight_tonne_km,road,passenger,phev,all,yearly,national,['estimated $ calculate_energy_and_activity()'],1,988245000.0,estimated $ calculate_energy_and_activity(),132750000.0,single_datapoint,no_comment
9881,2020,12_NZ,energy,ldv,pj,road,passenger,phev,all,yearly,national,['estimated $ calculate_energy_and_activity()'],1,1.0822553341429728,estimated $ calculate_energy_and_activity(),0.1453783177324243,single_datapoint,no_comment
9882,2020,12_NZ,new_vehicle_efficiency,ldv,km_per_pj,road,freight,phev,all,yearly,national,['avg_eff_no_outliers $ transport_data_system_9th'],1,8979606259.303562,avg_eff_no_outliers $ transport_data_system_9th,690738943.023351,single_datapoint,no_comment
9883,2020,12_NZ,new_vehicle_efficiency,ldv,km_per_pj,road,passenger,phev,all,yearly,national,['avg_eff_no_outliers $ transport_data_system_9th'],1,5974718100.659283,avg_eff_no_outliers $ transport_data_system_9th,459593700.050714,single_datapoint,no_comment
9884,2020,12_NZ,travel_km,ldv,km,road,passenger,phev,all,yearly,national,['estimated $ calculate_energy_and_activity()'],1,658830000.0,estimated $ calculate_energy_and_activity(),88500000.0,single_datapoint,no_comment
9885,2020,12_NZ,turnover_rate,ldv,%,road,freight,phev,all,yearly,national,['manually_inputted_data $ guess'],1,0.39,manually_inputted_data $ guess,0.03,single_datapoint,no_comment
9886,2020,12_NZ,turnover_rate,ldv,%,road,passenger,phev,all,yearly,national,['manually_inputted_data $ guess'],1,0.39,manually_inputted_data $ guess,0.03,single_datapoint,no_comment
9887,2021,12_NZ,activity,ldv,passenger_km_or_freight_tonne_km,road,passenger,phev,all,yearly,national,['estimated $ calculate_energy_and_activity()'],1,988245000.0,estimated $ calculate_energy_and_activity(),211500000.0,single_datapoint,no_comment
9888,2021,12_NZ,energy,ldv,pj,road,passenger,phev,all,yearly,national,['estimated $ calculate_energy_and_activity()'],1,1.0822553341429728,estimated $ calculate_energy_and_activity(),0.2316196926584387,single_datapoint,no_comment
9889,2021,12_NZ,new_vehicle_efficiency,ldv,km_per_pj,road,freight,phev,all,yearly,national,['avg_eff_no_outliers $ transport_data_system_9th'],1,8979606259.303562,avg_eff_no_outliers $ transport_data_system_9th,690738943.023351,single_datapoint,no_comment
9890,2021,12_NZ,new_vehicle_efficiency,ldv,km_per_pj,road,passenger,phev,all,yearly,national,['avg_eff_no_outliers $ transport_data_system_9th'],1,5974718100.659283,avg_eff_no_outliers $ transport_data_system_9th,459593700.050714,single_datapoint,no_comment
9891,2021,12_NZ,travel_km,ldv,km,road,passenger,phev,all,yearly,national,['estimated $ calculate_energy_and_activity()'],1,658830000.0,estimated $ calculate_energy_and_activity(),141000000.0,single_datapoint,no_comment
9892,2021,12_NZ,turnover_rate,ldv,%,road,freight,phev,all,yearly,national,['manually_inputted_data $ guess'],1,0.39,manually_inputted_data $ guess,0.03,single_datapoint,no_comment
9893,2021,12_NZ,turnover_rate,ldv,%,road,passenger,phev,all,yearly,national,['manually_inputted_data $ guess'],1,0.39,manually_inputted_data $ guess,0.03,single_datapoint,no_comment
9894,2022,12_NZ,activity,ldv,passenger_km_or_freight_tonne_km,road,passenger,phev,all,yearly,national,['estimated $ calculate_energy_and_activity()'],1,988245000.0,estimated $ calculate_energy_and_activity(),427500000.0,single_datapoint,no_comment
9895,2022,12_NZ,energy,ldv,pj,road,passenger,phev,all,yearly,national,['estimated $ calculate_energy_and_activity()'],1,1.0822553341429728,estimated $ calculate_energy_and_activity(),0.4681674638840782,single_datapoint,no_comment
9896,2022,12_NZ,new_vehicle_efficiency,ldv,km_per_pj,road,freight,phev,all,yearly,national,['avg_eff_no_outliers $ transport_data_system_9th'],1,8979606259.303562,avg_eff_no_outliers $ transport_data_system_9th,690738943.023351,single_datapoint,no_comment
9897,2022,12_NZ,new_vehicle_efficiency,ldv,km_per_pj,road,passenger,phev,all,yearly,national,['avg_eff_no_outliers $ transport_data_system_9th'],1,5974718100.659283,avg_eff_no_outliers $ transport_data_system_9th,459593700.050714,single_datapoint,no_comment
9898,2022,12_NZ,travel_km,ldv,km,road,passenger,phev,all,yearly,national,['estimated $ calculate_energy_and_activity()'],1,658830000.0,estimated $ calculate_energy_and_activity(),285000000.0,single_datapoint,no_comment
9899,2022,12_NZ,turnover_rate,ldv,%,road,freight,phev,all,yearly,national,['manually_inputted_data $ guess'],1,0.39,manually_inputted_data $ guess,0.03,single_datapoint,no_comment
9900,2022,12_NZ,turnover_rate,ldv,%,road,passenger,phev,all,yearly,national,['manually_inputted_data $ guess'],1,0.39,manually_inputted_data $ guess,0.03,single_datapoint,no_comment
9901,2010,13_PNG,new_vehicle_efficiency,2w,km_per_pj,road,passenger,bev,all,yearly,national,['avg_eff_no_outliers $ transport_data_system_9th'],1,33137029391.83156,avg_eff_no_outliers $ transport_data_system_9th,2549002260.91012,single_datapoint,no_comment
9902,2010,13_PNG,turnover_rate,2w,%,road,passenger,bev,all,yearly,national,['manually_inputted_data $ guess'],1,0.42,manually_inputted_data $ guess,0.03,manual,no_comment
9903,2011,13_PNG,new_vehicle_efficiency,2w,km_per_pj,road,passenger,bev,all,yearly,national,['avg_eff_no_outliers $ transport_data_system_9th'],1,33137029391.83156,avg_eff_no_outliers $ transport_data_system_9th,2549002260.91012,single_datapoint,no_comment
9904,2011,13_PNG,turnover_rate,2w,%,road,passenger,bev,all,yearly,national,['manually_inputted_data $ guess'],1,0.42,manually_inputted_data $ guess,0.03,manual,no_comment
9905,2012,13_PNG,new_vehicle_efficiency,2w,km_per_pj,road,passenger,bev,all,yearly,national,['avg_eff_no_outliers $ transport_data_system_9th'],1,33137029391.83156,avg_eff_no_outliers $ transport_data_system_9th,2549002260.91012,single_datapoint,no_comment
9906,2012,13_PNG,turnover_rate,2w,%,road,passenger,bev,all,yearly,national,['manually_inputted_data $ guess'],1,0.42,manually_inputted_data $ guess,0.03,manual,no_comment
9907,2013,13_PNG,new_vehicle_efficiency,2w,km_per_pj,road,passenger,bev,all,yearly,national,['avg_eff_no_outliers $ transport_data_system_9th'],1,33137029391.83156,avg_eff_no_outliers $ transport_data_system_9th,2549002260.91012,single_datapoint,no_comment
9908,2013,13_PNG,turnover_rate,2w,%,road,passenger,bev,all,yearly,national,['manually_inputted_data $ guess'],1,0.42,manually_inputted_data $ guess,0.03,manual,no_comment
9909,2014,13_PNG,new_vehicle_efficiency,2w,km_per_pj,road,passenger,bev,all,yearly,national,['avg_eff_no_outliers $ transport_data_system_9th'],1,33137029391.83156,avg_eff_no_outliers $ transport_data_system_9th,2549002260.91012,single_datapoint,no_comment
9910,2014,13_PNG,turnover_rate,2w,%,road,passenger,bev,all,yearly,national,['manually_inputted_data $ guess'],1,0.42,manually_inputted_data $ guess,0.03,manual,no_comment
9911,2015,13_PNG,new_vehicle_efficiency,2w,km_per_pj,road,passenger,bev,all,yearly,national,['avg_eff_no_outliers $ transport_data_system_9th'],1,33137029391.83156,avg_eff_no_outliers $ transport_data_system_9th,2549002260.91012,single_datapoint,no_comment
9912,2015,13_PNG,turnover_rate,2w,%,road,passenger,bev,all,yearly,national,['manually_inputted_data $ guess'],1,0.42,manually_inputted_data $ guess,0.03,manual,no_comment
9913,2016,13_PNG,new_vehicle_efficiency,2w,km_per_pj,road,passenger,bev,all,yearly,national,['avg_eff_no_outliers $ transport_data_system_9th'],1,33137029391.83156,avg_eff_no_outliers $ transport_data_system_9th,2549002260.91012,single_datapoint,no_comment
9914,2016,13_PNG,turnover_rate,2w,%,road,passenger,bev,all,yearly,national,['manually_inputted_data $ guess'],1,0.42,manually_inputted_data $ guess,0.03,manual,no_comment
9915,2017,13_PNG,new_vehicle_efficiency,2w,km_per_pj,road,passenger,bev,all,yearly,national,['avg_eff_no_outliers $ transport_data_system_9th'],1,33137029391.83156,avg_eff_no_outliers $ transport_data_system_9th,2549002260.91012,single_datapoint,no_comment
9916,2017,13_PNG,turnover_rate,2w,%,road,passenger,bev,all,yearly,national,"['manually_inputted_data $ guess', 'turnover_rate_est']",2,0.42,manually_inputted_data $ guess,0.03,manual,no_comment
9917,2018,13_PNG,new_vehicle_efficiency,2w,km_per_pj,road,passenger,bev,all,yearly,national,['avg_eff_no_outliers $ transport_data_system_9th'],1,33137029391.83156,avg_eff_no_outliers $ transport_data_system_9th,2549002260.91012,single_datapoint,no_comment
9918,2018,13_PNG,turnover_rate,2w,%,road,passenger,bev,all,yearly,national,['manually_inputted_data $ guess'],1,0.42,manually_inputted_data $ guess,0.03,manual,no_comment
9919,2019,13_PNG,new_vehicle_efficiency,2w,km_per_pj,road,passenger,bev,all,yearly,national,['avg_eff_no_outliers $ transport_data_system_9th'],1,33137029391.83156,avg_eff_no_outliers $ transport_data_system_9th,2549002260.91012,single_datapoint,no_comment
9920,2019,13_PNG,turnover_rate,2w,%,road,passenger,bev,all,yearly,national,['manually_inputted_data $ guess'],1,0.42,manually_inputted_data $ guess,0.03,manual,no_comment
9921,2020,13_PNG,new_vehicle_efficiency,2w,km_per_pj,road,passenger,bev,all,yearly,national,['avg_eff_no_outliers $ transport_data_system_9th'],1,33137029391.83156,avg_eff_no_outliers $ transport_data_system_9th,2549002260.91012,single_datapoint,no_comment
9922,2020,13_PNG,turnover_rate,2w,%,road,passenger,bev,all,yearly,national,['manually_inputted_data $ guess'],1,0.42,manually_inputted_data $ guess,0.03,manual,no_comment
9923,2021,13_PNG,new_vehicle_efficiency,2w,km_per_pj,road,passenger,bev,all,yearly,national,['avg_eff_no_outliers $ transport_data_system_9th'],1,33137029391.83156,avg_eff_no_outliers $ transport_data_system_9th,2549002260.91012,single_datapoint,no_comment
9924,2021,13_PNG,turnover_rate,2w,%,road,passenger,bev,all,yearly,national,['manually_inputted_data $ guess'],1,0.42,manually_inputted_data $ guess,0.03,manual,no_comment
9925,2022,13_PNG,new_vehicle_efficiency,2w,km_per_pj,road,passenger,bev,all,yearly,national,['avg_eff_no_outliers $ transport_data_system_9th'],1,33137029391.83156,avg_eff_no_outliers $ transport_data_system_9th,2549002260.91012,single_datapoint,no_comment
9926,2022,13_PNG,turnover_rate,2w,%,road,passenger,bev,all,yearly,national,['manually_inputted_data $ guess'],1,0.42,manually_inputted_data $ guess,0.03,manual,no_comment
9927,2010,13_PNG,new_vehicle_efficiency,2w,km_per_pj,road,passenger,ice,all,yearly,national,['avg_eff_no_outliers $ transport_data_system_9th'],1,7669072338.574219,avg_eff_no_outliers $ transport_data_system_9th,589928641.428786,single_datapoint,no_comment
9928,2010,13_PNG,turnover_rate,2w,%,road,passenger,ice,all,yearly,national,['manually_inputted_data $ guess'],1,0.39,manually_inputted_data $ guess,0.03,single_datapoint,no_comment
9929,2011,13_PNG,new_vehicle_efficiency,2w,km_per_pj,road,passenger,ice,all,yearly,national,['avg_eff_no_outliers $ transport_data_system_9th'],1,7669072338.574219,avg_eff_no_outliers $ transport_data_system_9th,589928641.428786,single_datapoint,no_comment
9930,2011,13_PNG,turnover_rate,2w,%,road,passenger,ice,all,yearly,national,['manually_inputted_data $ guess'],1,0.39,manually_inputted_data $ guess,0.03,single_datapoint,no_comment
9931,2012,13_PNG,new_vehicle_efficiency,2w,km_per_pj,road,passenger,ice,all,yearly,national,['avg_eff_no_outliers $ transport_data_system_9th'],1,7669072338.574219,avg_eff_no_outliers $ transport_data_system_9th,589928641.428786,single_datapoint,no_comment
9932,2012,13_PNG,turnover_rate,2w,%,road,passenger,ice,all,yearly,national,['manually_inputted_data $ guess'],1,0.39,manually_inputted_data $ guess,0.03,single_datapoint,no_comment
9933,2013,13_PNG,new_vehicle_efficiency,2w,km_per_pj,road,passenger,ice,all,yearly,national,['avg_eff_no_outliers $ transport_data_system_9th'],1,7669072338.574219,avg_eff_no_outliers $ transport_data_system_9th,589928641.428786,single_datapoint,no_comment
9934,2013,13_PNG,turnover_rate,2w,%,road,passenger,ice,all,yearly,national,['manually_inputted_data $ guess'],1,0.39,manually_inputted_data $ guess,0.03,single_datapoint,no_comment
9935,2014,13_PNG,new_vehicle_efficiency,2w,km_per_pj,road,passenger,ice,all,yearly,national,['avg_eff_no_outliers $ transport_data_system_9th'],1,7669072338.574219,avg_eff_no_outliers $ transport_data_system_9th,589928641.428786,single_datapoint,no_comment
9936,2014,13_PNG,turnover_rate,2w,%,road,passenger,ice,all,yearly,national,['manually_inputted_data $ guess'],1,0.39,manually_inputted_data $ guess,0.03,single_datapoint,no_comment
9937,2015,13_PNG,new_vehicle_efficiency,2w,km_per_pj,road,passenger,ice,all,yearly,national,['avg_eff_no_outliers $ transport_data_system_9th'],1,7669072338.574219,avg_eff_no_outliers $ transport_data_system_9th,589928641.428786,single_datapoint,no_comment
9938,2015,13_PNG,turnover_rate,2w,%,road,passenger,ice,all,yearly,national,['manually_inputted_data $ guess'],1,0.39,manually_inputted_data $ guess,0.03,single_datapoint,no_comment
9939,2016,13_PNG,new_vehicle_efficiency,2w,km_per_pj,road,passenger,ice,all,yearly,national,['avg_eff_no_outliers $ transport_data_system_9th'],1,7669072338.574219,avg_eff_no_outliers $ transport_data_system_9th,589928641.428786,single_datapoint,no_comment
9940,2016,13_PNG,turnover_rate,2w,%,road,passenger,ice,all,yearly,national,['manually_inputted_data $ guess'],1,0.39,manually_inputted_data $ guess,0.03,single_datapoint,no_comment
9941,2017,13_PNG,activity,2w,passenger_km_or_freight_tonne_km,road,passenger,ice,all,yearly,national,['estimated $ calculate_energy_and_activity()'],1,86666250.0,estimated $ calculate_energy_and_activity(),86666250.0,single_datapoint,no_comment
9942,2017,13_PNG,energy,2w,pj,road,passenger,ice,all,yearly,national,['estimated $ calculate_energy_and_activity()'],1,0.12457027599469493,estimated $ calculate_energy_and_activity(),0.12457027599469493,single_datapoint,no_comment
9943,2017,13_PNG,new_vehicle_efficiency,2w,km_per_pj,road,passenger,ice,all,yearly,national,['avg_eff_no_outliers $ transport_data_system_9th'],1,7669072338.574219,avg_eff_no_outliers $ transport_data_system_9th,589928641.428786,single_datapoint,no_comment
9944,2017,13_PNG,travel_km,2w,km,road,passenger,ice,all,yearly,national,['estimated $ calculate_energy_and_activity()'],1,78787500.0,estimated $ calculate_energy_and_activity(),78787500.0,single_datapoint,no_comment
9945,2017,13_PNG,turnover_rate,2w,%,road,passenger,ice,all,yearly,national,['manually_inputted_data $ guess'],1,0.39,manually_inputted_data $ guess,0.03,single_datapoint,no_comment
9946,2018,13_PNG,new_vehicle_efficiency,2w,km_per_pj,road,passenger,ice,all,yearly,national,['avg_eff_no_outliers $ transport_data_system_9th'],1,7669072338.574219,avg_eff_no_outliers $ transport_data_system_9th,589928641.428786,single_datapoint,no_comment
9947,2018,13_PNG,turnover_rate,2w,%,road,passenger,ice,all,yearly,national,['manually_inputted_data $ guess'],1,0.39,manually_inputted_data $ guess,0.03,single_datapoint,no_comment
9948,2019,13_PNG,new_vehicle_efficiency,2w,km_per_pj,road,passenger,ice,all,yearly,national,['avg_eff_no_outliers $ transport_data_system_9th'],1,7669072338.574219,avg_eff_no_outliers $ transport_data_system_9th,589928641.428786,single_datapoint,no_comment
9949,2019,13_PNG,turnover_rate,2w,%,road,passenger,ice,all,yearly,national,['manually_inputted_data $ guess'],1,0.39,manually_inputted_data $ guess,0.03,single_datapoint,no_comment
9950,2020,13_PNG,new_vehicle_efficiency,2w,km_per_pj,road,passenger,ice,all,yearly,national,['avg_eff_no_outliers $ transport_data_system_9th'],1,7669072338.574219,avg_eff_no_outliers $ transport_data_system_9th,589928641.428786,single_datapoint,no_comment
9951,2020,13_PNG,turnover_rate,2w,%,road,passenger,ice,all,yearly,national,['manually_inputted_data $ guess'],1,0.39,manually_inputted_data $ guess,0.03,single_datapoint,no_comment
9952,2021,13_PNG,new_vehicle_efficiency,2w,km_per_pj,road,passenger,ice,all,yearly,national,['avg_eff_no_outliers $ transport_data_system_9th'],1,7669072338.574219,avg_eff_no_outliers $ transport_data_system_9th,589928641.428786,single_datapoint,no_comment
9953,2021,13_PNG,turnover_rate,2w,%,road,passenger,ice,all,yearly,national,['manually_inputted_data $ guess'],1,0.39,manually_inputted_data $ guess,0.03,single_datapoint,no_comment
9954,2022,13_PNG,new_vehicle_efficiency,2w,km_per_pj,road,passenger,ice,all,yearly,national,['avg_eff_no_outliers $ transport_data_system_9th'],1,7669072338.574219,avg_eff_no_outliers $ transport_data_system_9th,589928641.428786,single_datapoint,no_comment
9955,2022,13_PNG,turnover_rate,2w,%,road,passenger,ice,all,yearly,national,['manually_inputted_data $ guess'],1,0.39,manually_inputted_data $ guess,0.03,single_datapoint,no_comment
9956,2010,13_PNG,intensity,all,pj_per_passenger_or_freight_tonne_km,air,freight,all,all,yearly,national,['manually_inputted_data $ energy-intensity-of-passenger-transport-modes-2018'],1,4.0300000000000004e-08,manually_inputted_data $ energy-intensity-of-passenger-transport-modes-2018,3.1e-09,single_datapoint,assumed_to_be_same_as_passenger_air_because_of_lack_of_data
9957,2010,13_PNG,intensity,all,pj_per_passenger_or_freight_tonne_km,rail,freight,all,all,yearly,national,['manually_inputted_data $ iea_howtocalculatetheindicatorsforthetransportsectors.pdf'],1,2.86e-09,manually_inputted_data $ iea_howtocalculatetheindicatorsforthetransportsectors.pdf,2.2e-10,single_datapoint,from_how_to_calculate_the_indicators_for_the_transport_sector
9958,2010,13_PNG,intensity,all,pj_per_passenger_or_freight_tonne_km,ship,freight,all,all,yearly,national,['manually_inputted_data $ iea_howtocalculatetheindicatorsforthetransportsectors.pdf'],1,7.02e-09,manually_inputted_data $ iea_howtocalculatetheindicatorsforthetransportsectors.pdf,5.4e-10,single_datapoint,from_how_to_calculate_the_indicators_for_the_transport_sector
9959,2010,13_PNG,intensity,all,pj_per_passenger_or_freight_tonne_km,air,passenger,all,all,yearly,national,['manually_inputted_data $ energy-intensity-of-passenger-transport-modes-2018'],1,4.0300000000000004e-08,manually_inputted_data $ energy-intensity-of-passenger-transport-modes-2018,3.1e-09,single_datapoint,no_comment
9960,2010,13_PNG,intensity,all,pj_per_passenger_or_freight_tonne_km,rail,passenger,all,all,yearly,national,['manually_inputted_data $ energy-intensity-of-passenger-transport-modes-2018'],1,2.6e-09,manually_inputted_data $ energy-intensity-of-passenger-transport-modes-2018,2e-10,single_datapoint,no_comment
9961,2010,13_PNG,intensity,all,pj_per_passenger_or_freight_tonne_km,ship,passenger,all,all,yearly,national,['manually_inputted_data $ iea_howtocalculatetheindicatorsforthetransportsectors.pdf'],1,7.02e-09,manually_inputted_data $ iea_howtocalculatetheindicatorsforthetransportsectors.pdf,5.4e-10,single_datapoint,assumed_to_be_the_same_as_ship_freight_from_iea_how_to
9962,2011,13_PNG,intensity,all,pj_per_passenger_or_freight_tonne_km,air,freight,all,all,yearly,national,['manually_inputted_data $ energy-intensity-of-passenger-transport-modes-2018'],1,4.0300000000000004e-08,manually_inputted_data $ energy-intensity-of-passenger-transport-modes-2018,3.1e-09,single_datapoint,assumed_to_be_same_as_passenger_air_because_of_lack_of_data
9963,2011,13_PNG,intensity,all,pj_per_passenger_or_freight_tonne_km,rail,freight,all,all,yearly,national,['manually_inputted_data $ iea_howtocalculatetheindicatorsforthetransportsectors.pdf'],1,2.86e-09,manually_inputted_data $ iea_howtocalculatetheindicatorsforthetransportsectors.pdf,2.2e-10,single_datapoint,from_how_to_calculate_the_indicators_for_the_transport_sector
9964,2011,13_PNG,intensity,all,pj_per_passenger_or_freight_tonne_km,ship,freight,all,all,yearly,national,['manually_inputted_data $ iea_howtocalculatetheindicatorsforthetransportsectors.pdf'],1,7.02e-09,manually_inputted_data $ iea_howtocalculatetheindicatorsforthetransportsectors.pdf,5.4e-10,single_datapoint,from_how_to_calculate_the_indicators_for_the_transport_sector
9965,2011,13_PNG,intensity,all,pj_per_passenger_or_freight_tonne_km,air,passenger,all,all,yearly,national,['manually_inputted_data $ energy-intensity-of-passenger-transport-modes-2018'],1,4.0300000000000004e-08,manually_inputted_data $ energy-intensity-of-passenger-transport-modes-2018,3.1e-09,single_datapoint,no_comment
9966,2011,13_PNG,intensity,all,pj_per_passenger_or_freight_tonne_km,rail,passenger,all,all,yearly,national,['manually_inputted_data $ energy-intensity-of-passenger-transport-modes-2018'],1,2.6e-09,manually_inputted_data $ energy-intensity-of-passenger-transport-modes-2018,2e-10,single_datapoint,no_comment
9967,2011,13_PNG,intensity,all,pj_per_passenger_or_freight_tonne_km,ship,passenger,all,all,yearly,national,['manually_inputted_data $ iea_howtocalculatetheindicatorsforthetransportsectors.pdf'],1,7.02e-09,manually_inputted_data $ iea_howtocalculatetheindicatorsforthetransportsectors.pdf,5.4e-10,single_datapoint,assumed_to_be_the_same_as_ship_freight_from_iea_how_to
9968,2012,13_PNG,intensity,all,pj_per_passenger_or_freight_tonne_km,air,freight,all,all,yearly,national,['manually_inputted_data $ energy-intensity-of-passenger-transport-modes-2018'],1,4.0300000000000004e-08,manually_inputted_data $ energy-intensity-of-passenger-transport-modes-2018,3.1e-09,single_datapoint,assumed_to_be_same_as_passenger_air_because_of_lack_of_data
9969,2012,13_PNG,intensity,all,pj_per_passenger_or_freight_tonne_km,rail,freight,all,all,yearly,national,['manually_inputted_data $ iea_howtocalculatetheindicatorsforthetransportsectors.pdf'],1,2.86e-09,manually_inputted_data $ iea_howtocalculatetheindicatorsforthetransportsectors.pdf,2.2e-10,single_datapoint,from_how_to_calculate_the_indicators_for_the_transport_sector
9970,2012,13_PNG,intensity,all,pj_per_passenger_or_freight_tonne_km,ship,freight,all,all,yearly,national,['manually_inputted_data $ iea_howtocalculatetheindicatorsforthetransportsectors.pdf'],1,7.02e-09,manually_inputted_data $ iea_howtocalculatetheindicatorsforthetransportsectors.pdf,5.4e-10,single_datapoint,from_how_to_calculate_the_indicators_for_the_transport_sector
9971,2012,13_PNG,intensity,all,pj_per_passenger_or_freight_tonne_km,air,passenger,all,all,yearly,national,['manually_inputted_data $ energy-intensity-of-passenger-transport-modes-2018'],1,4.0300000000000004e-08,manually_inputted_data $ energy-intensity-of-passenger-transport-modes-2018,3.1e-09,single_datapoint,no_comment
9972,2012,13_PNG,intensity,all,pj_per_passenger_or_freight_tonne_km,rail,passenger,all,all,yearly,national,['manually_inputted_data $ energy-intensity-of-passenger-transport-modes-2018'],1,2.6e-09,manually_inputted_data $ energy-intensity-of-passenger-transport-modes-2018,2e-10,single_datapoint,no_comment
9973,2012,13_PNG,intensity,all,pj_per_passenger_or_freight_tonne_km,ship,passenger,all,all,yearly,national,['manually_inputted_data $ iea_howtocalculatetheindicatorsforthetransportsectors.pdf'],1,7.02e-09,manually_inputted_data $ iea_howtocalculatetheindicatorsforthetransportsectors.pdf,5.4e-10,single_datapoint,assumed_to_be_the_same_as_ship_freight_from_iea_how_to
9974,2013,13_PNG,intensity,all,pj_per_passenger_or_freight_tonne_km,air,freight,all,all,yearly,national,['manually_inputted_data $ energy-intensity-of-passenger-transport-modes-2018'],1,4.0300000000000004e-08,manually_inputted_data $ energy-intensity-of-passenger-transport-modes-2018,3.1e-09,single_datapoint,assumed_to_be_same_as_passenger_air_because_of_lack_of_data
9975,2013,13_PNG,intensity,all,pj_per_passenger_or_freight_tonne_km,rail,freight,all,all,yearly,national,['manually_inputted_data $ iea_howtocalculatetheindicatorsforthetransportsectors.pdf'],1,2.86e-09,manually_inputted_data $ iea_howtocalculatetheindicatorsforthetransportsectors.pdf,2.2e-10,single_datapoint,from_how_to_calculate_the_indicators_for_the_transport_sector
9976,2013,13_PNG,intensity,all,pj_per_passenger_or_freight_tonne_km,ship,freight,all,all,yearly,national,['manually_inputted_data $ iea_howtocalculatetheindicatorsforthetransportsectors.pdf'],1,7.02e-09,manually_inputted_data $ iea_howtocalculatetheindicatorsforthetransportsectors.pdf,5.4e-10,single_datapoint,from_how_to_calculate_the_indicators_for_the_transport_sector
9977,2013,13_PNG,intensity,all,pj_per_passenger_or_freight_tonne_km,air,passenger,all,all,yearly,national,['manually_inputted_data $ energy-intensity-of-passenger-transport-modes-2018'],1,4.0300000000000004e-08,manually_inputted_data $ energy-intensity-of-passenger-transport-modes-2018,3.1e-09,single_datapoint,no_comment
9978,2013,13_PNG,intensity,all,pj_per_passenger_or_freight_tonne_km,rail,passenger,all,all,yearly,national,['manually_inputted_data $ energy-intensity-of-passenger-transport-modes-2018'],1,2.6e-09,manually_inputted_data $ energy-intensity-of-passenger-transport-modes-2018,2e-10,single_datapoint,no_comment
9979,2013,13_PNG,intensity,all,pj_per_passenger_or_freight_tonne_km,ship,passenger,all,all,yearly,national,['manually_inputted_data $ iea_howtocalculatetheindicatorsforthetransportsectors.pdf'],1,7.02e-09,manually_inputted_data $ iea_howtocalculatetheindicatorsforthetransportsectors.pdf,5.4e-10,single_datapoint,assumed_to_be_the_same_as_ship_freight_from_iea_how_to
9980,2014,13_PNG,intensity,all,pj_per_passenger_or_freight_tonne_km,air,freight,all,all,yearly,national,['manually_inputted_data $ energy-intensity-of-passenger-transport-modes-2018'],1,4.0300000000000004e-08,manually_inputted_data $ energy-intensity-of-passenger-transport-modes-2018,3.1e-09,single_datapoint,assumed_to_be_same_as_passenger_air_because_of_lack_of_data
9981,2014,13_PNG,intensity,all,pj_per_passenger_or_freight_tonne_km,rail,freight,all,all,yearly,national,['manually_inputted_data $ iea_howtocalculatetheindicatorsforthetransportsectors.pdf'],1,2.86e-09,manually_inputted_data $ iea_howtocalculatetheindicatorsforthetransportsectors.pdf,2.2e-10,single_datapoint,from_how_to_calculate_the_indicators_for_the_transport_sector
9982,2014,13_PNG,intensity,all,pj_per_passenger_or_freight_tonne_km,ship,freight,all,all,yearly,national,['manually_inputted_data $ iea_howtocalculatetheindicatorsforthetransportsectors.pdf'],1,7.02e-09,manually_inputted_data $ iea_howtocalculatetheindicatorsforthetransportsectors.pdf,5.4e-10,single_datapoint,from_how_to_calculate_the_indicators_for_the_transport_sector
9983,2014,13_PNG,intensity,all,pj_per_passenger_or_freight_tonne_km,air,passenger,all,all,yearly,national,['manually_inputted_data $ energy-intensity-of-passenger-transport-modes-2018'],1,4.0300000000000004e-08,manually_inputted_data $ energy-intensity-of-passenger-transport-modes-2018,3.1e-09,single_datapoint,no_comment
9984,2014,13_PNG,intensity,all,pj_per_passenger_or_freight_tonne_km,rail,passenger,all,all,yearly,national,['manually_inputted_data $ energy-intensity-of-passenger-transport-modes-2018'],1,2.6e-09,manually_inputted_data $ energy-intensity-of-passenger-transport-modes-2018,2e-10,single_datapoint,no_comment
9985,2014,13_PNG,intensity,all,pj_per_passenger_or_freight_tonne_km,ship,passenger,all,all,yearly,national,['manually_inputted_data $ iea_howtocalculatetheindicatorsforthetransportsectors.pdf'],1,7.02e-09,manually_inputted_data $ iea_howtocalculatetheindicatorsforthetransportsectors.pdf,5.4e-10,single_datapoint,assumed_to_be_the_same_as_ship_freight_from_iea_how_to
9986,2015,13_PNG,intensity,all,pj_per_passenger_or_freight_tonne_km,air,freight,all,all,yearly,national,['manually_inputted_data $ energy-intensity-of-passenger-transport-modes-2018'],1,4.0300000000000004e-08,manually_inputted_data $ energy-intensity-of-passenger-transport-modes-2018,3.1e-09,single_datapoint,assumed_to_be_same_as_passenger_air_because_of_lack_of_data
9987,2015,13_PNG,intensity,all,pj_per_passenger_or_freight_tonne_km,rail,freight,all,all,yearly,national,['manually_inputted_data $ iea_howtocalculatetheindicatorsforthetransportsectors.pdf'],1,2.86e-09,manually_inputted_data $ iea_howtocalculatetheindicatorsforthetransportsectors.pdf,2.2e-10,single_datapoint,from_how_to_calculate_the_indicators_for_the_transport_sector
9988,2015,13_PNG,intensity,all,pj_per_passenger_or_freight_tonne_km,ship,freight,all,all,yearly,national,['manually_inputted_data $ iea_howtocalculatetheindicatorsforthetransportsectors.pdf'],1,7.02e-09,manually_inputted_data $ iea_howtocalculatetheindicatorsforthetransportsectors.pdf,5.4e-10,single_datapoint,from_how_to_calculate_the_indicators_for_the_transport_sector
9989,2015,13_PNG,intensity,all,pj_per_passenger_or_freight_tonne_km,air,passenger,all,all,yearly,national,['manually_inputted_data $ energy-intensity-of-passenger-transport-modes-2018'],1,4.0300000000000004e-08,manually_inputted_data $ energy-intensity-of-passenger-transport-modes-2018,3.1e-09,single_datapoint,no_comment
9990,2015,13_PNG,intensity,all,pj_per_passenger_or_freight_tonne_km,rail,passenger,all,all,yearly,national,['manually_inputted_data $ energy-intensity-of-passenger-transport-modes-2018'],1,2.6e-09,manually_inputted_data $ energy-intensity-of-passenger-transport-modes-2018,2e-10,single_datapoint,no_comment
9991,2015,13_PNG,intensity,all,pj_per_passenger_or_freight_tonne_km,ship,passenger,all,all,yearly,national,['manually_inputted_data $ iea_howtocalculatetheindicatorsforthetransportsectors.pdf'],1,7.02e-09,manually_inputted_data $ iea_howtocalculatetheindicatorsforthetransportsectors.pdf,5.4e-10,single_datapoint,assumed_to_be_the_same_as_ship_freight_from_iea_how_to
9992,2016,13_PNG,intensity,all,pj_per_passenger_or_freight_tonne_km,air,freight,all,all,yearly,national,['manually_inputted_data $ energy-intensity-of-passenger-transport-modes-2018'],1,4.0300000000000004e-08,manually_inputted_data $ energy-intensity-of-passenger-transport-modes-2018,3.1e-09,single_datapoint,assumed_to_be_same_as_passenger_air_because_of_lack_of_data
9993,2016,13_PNG,intensity,all,pj_per_passenger_or_freight_tonne_km,rail,freight,all,all,yearly,national,['manually_inputted_data $ iea_howtocalculatetheindicatorsforthetransportsectors.pdf'],1,2.86e-09,manually_inputted_data $ iea_howtocalculatetheindicatorsforthetransportsectors.pdf,2.2e-10,single_datapoint,from_how_to_calculate_the_indicators_for_the_transport_sector
9994,2016,13_PNG,intensity,all,pj_per_passenger_or_freight_tonne_km,ship,freight,all,all,yearly,national,['manually_inputted_data $ iea_howtocalculatetheindicatorsforthetransportsectors.pdf'],1,7.02e-09,manually_inputted_data $ iea_howtocalculatetheindicatorsforthetransportsectors.pdf,5.4e-10,single_datapoint,from_how_to_calculate_the_indicators_for_the_transport_sector
9995,2016,13_PNG,intensity,all,pj_per_passenger_or_freight_tonne_km,air,passenger,all,all,yearly,national,['manually_inputted_data $ energy-intensity-of-passenger-transport-modes-2018'],1,4.0300000000000004e-08,manually_inputted_data $ energy-intensity-of-passenger-transport-modes-2018,3.1e-09,single_datapoint,no_comment
9996,2016,13_PNG,intensity,all,pj_per_passenger_or_freight_tonne_km,rail,passenger,all,all,yearly,national,['manually_inputted_data $ energy-intensity-of-passenger-transport-modes-2018'],1,2.6e-09,manually_inputted_data $ energy-intensity-of-passenger-transport-modes-2018,2e-10,single_datapoint,no_comment
9997,2016,13_PNG,intensity,all,pj_per_passenger_or_freight_tonne_km,ship,passenger,all,all,yearly,national,['manually_inputted_data $ iea_howtocalculatetheindicatorsforthetransportsectors.pdf'],1,7.02e-09,manually_inputted_data $ iea_howtocalculatetheindicatorsforthetransportsectors.pdf,5.4e-10,single_datapoint,assumed_to_be_the_same_as_ship_freight_from_iea_how_to
9998,2017,13_PNG,intensity,all,pj_per_passenger_or_freight_tonne_km,air,freight,all,all,yearly,national,['manually_inputted_data $ energy-intensity-of-passenger-transport-modes-2018'],1,4.0300000000000004e-08,manually_inputted_data $ energy-intensity-of-passenger-transport-modes-2018,3.1e-09,single_datapoint,assumed_to_be_same_as_passenger_air_because_of_lack_of_data
9999,2017,13_PNG,intensity,all,pj_per_passenger_or_freight_tonne_km,rail,freight,all,all,yearly,national,['manually_inputted_data $ iea_howtocalculatetheindicatorsforthetransportsectors.pdf'],1,2.86e-09,manually_inputted_data $ iea_howtocalculatetheindicatorsforthetransportsectors.pdf,2.2e-10,single_datapoint,from_how_to_calculate_the_indicators_for_the_transport_sector
10000,2017,13_PNG,intensity,all,pj_per_passenger_or_freight_tonne_km,ship,freight,all,all,yearly,national,['manually_inputted_data $ iea_howtocalculatetheindicatorsforthetransportsectors.pdf'],1,7.02e-09,manually_inputted_data $ iea_howtocalculatetheindicatorsforthetransportsectors.pdf,5.4e-10,single_datapoint,from_how_to_calculate_the_indicators_for_the_transport_sector
10001,2017,13_PNG,intensity,all,pj_per_passenger_or_freight_tonne_km,air,passenger,all,all,yearly,national,['manually_inputted_data $ energy-intensity-of-passenger-transport-modes-2018'],1,4.0300000000000004e-08,manually_inputted_data $ energy-intensity-of-passenger-transport-modes-2018,3.1e-09,single_datapoint,no_comment
10002,2017,13_PNG,intensity,all,pj_per_passenger_or_freight_tonne_km,rail,passenger,all,all,yearly,national,['manually_inputted_data $ energy-intensity-of-passenger-transport-modes-2018'],1,2.6e-09,manually_inputted_data $ energy-intensity-of-passenger-transport-modes-2018,2e-10,single_datapoint,no_comment
10003,2017,13_PNG,intensity,all,pj_per_passenger_or_freight_tonne_km,ship,passenger,all,all,yearly,national,['manually_inputted_data $ iea_howtocalculatetheindicatorsforthetransportsectors.pdf'],1,7.02e-09,manually_inputted_data $ iea_howtocalculatetheindicatorsforthetransportsectors.pdf,5.4e-10,single_datapoint,assumed_to_be_the_same_as_ship_freight_from_iea_how_to
10004,2018,13_PNG,intensity,all,pj_per_passenger_or_freight_tonne_km,air,freight,all,all,yearly,national,['manually_inputted_data $ energy-intensity-of-passenger-transport-modes-2018'],1,4.0300000000000004e-08,manually_inputted_data $ energy-intensity-of-passenger-transport-modes-2018,3.1e-09,single_datapoint,assumed_to_be_same_as_passenger_air_because_of_lack_of_data
10005,2018,13_PNG,intensity,all,pj_per_passenger_or_freight_tonne_km,rail,freight,all,all,yearly,national,['manually_inputted_data $ iea_howtocalculatetheindicatorsforthetransportsectors.pdf'],1,2.86e-09,manually_inputted_data $ iea_howtocalculatetheindicatorsforthetransportsectors.pdf,2.2e-10,single_datapoint,from_how_to_calculate_the_indicators_for_the_transport_sector
10006,2018,13_PNG,intensity,all,pj_per_passenger_or_freight_tonne_km,ship,freight,all,all,yearly,national,['manually_inputted_data $ iea_howtocalculatetheindicatorsforthetransportsectors.pdf'],1,7.02e-09,manually_inputted_data $ iea_howtocalculatetheindicatorsforthetransportsectors.pdf,5.4e-10,single_datapoint,from_how_to_calculate_the_indicators_for_the_transport_sector
10007,2018,13_PNG,intensity,all,pj_per_passenger_or_freight_tonne_km,air,passenger,all,all,yearly,national,['manually_inputted_data $ energy-intensity-of-passenger-transport-modes-2018'],1,4.0300000000000004e-08,manually_inputted_data $ energy-intensity-of-passenger-transport-modes-2018,3.1e-09,single_datapoint,no_comment
10008,2018,13_PNG,intensity,all,pj_per_passenger_or_freight_tonne_km,rail,passenger,all,all,yearly,national,['manually_inputted_data $ energy-intensity-of-passenger-transport-modes-2018'],1,2.6e-09,manually_inputted_data $ energy-intensity-of-passenger-transport-modes-2018,2e-10,single_datapoint,no_comment
10009,2018,13_PNG,intensity,all,pj_per_passenger_or_freight_tonne_km,ship,passenger,all,all,yearly,national,['manually_inputted_data $ iea_howtocalculatetheindicatorsforthetransportsectors.pdf'],1,7.02e-09,manually_inputted_data $ iea_howtocalculatetheindicatorsforthetransportsectors.pdf,5.4e-10,single_datapoint,assumed_to_be_the_same_as_ship_freight_from_iea_how_to
10010,2019,13_PNG,intensity,all,pj_per_passenger_or_freight_tonne_km,air,freight,all,all,yearly,national,['manually_inputted_data $ energy-intensity-of-passenger-transport-modes-2018'],1,4.0300000000000004e-08,manually_inputted_data $ energy-intensity-of-passenger-transport-modes-2018,3.1e-09,single_datapoint,assumed_to_be_same_as_passenger_air_because_of_lack_of_data
10011,2019,13_PNG,intensity,all,pj_per_passenger_or_freight_tonne_km,rail,freight,all,all,yearly,national,['manually_inputted_data $ iea_howtocalculatetheindicatorsforthetransportsectors.pdf'],1,2.86e-09,manually_inputted_data $ iea_howtocalculatetheindicatorsforthetransportsectors.pdf,2.2e-10,single_datapoint,from_how_to_calculate_the_indicators_for_the_transport_sector
10012,2019,13_PNG,intensity,all,pj_per_passenger_or_freight_tonne_km,ship,freight,all,all,yearly,national,['manually_inputted_data $ iea_howtocalculatetheindicatorsforthetransportsectors.pdf'],1,7.02e-09,manually_inputted_data $ iea_howtocalculatetheindicatorsforthetransportsectors.pdf,5.4e-10,single_datapoint,from_how_to_calculate_the_indicators_for_the_transport_sector
10013,2019,13_PNG,intensity,all,pj_per_passenger_or_freight_tonne_km,air,passenger,all,all,yearly,national,['manually_inputted_data $ energy-intensity-of-passenger-transport-modes-2018'],1,4.0300000000000004e-08,manually_inputted_data $ energy-intensity-of-passenger-transport-modes-2018,3.1e-09,single_datapoint,no_comment
10014,2019,13_PNG,intensity,all,pj_per_passenger_or_freight_tonne_km,rail,passenger,all,all,yearly,national,['manually_inputted_data $ energy-intensity-of-passenger-transport-modes-2018'],1,2.6e-09,manually_inputted_data $ energy-intensity-of-passenger-transport-modes-2018,2e-10,single_datapoint,no_comment
10015,2019,13_PNG,intensity,all,pj_per_passenger_or_freight_tonne_km,ship,passenger,all,all,yearly,national,['manually_inputted_data $ iea_howtocalculatetheindicatorsforthetransportsectors.pdf'],1,7.02e-09,manually_inputted_data $ iea_howtocalculatetheindicatorsforthetransportsectors.pdf,5.4e-10,single_datapoint,assumed_to_be_the_same_as_ship_freight_from_iea_how_to
10016,2020,13_PNG,intensity,all,pj_per_passenger_or_freight_tonne_km,air,freight,all,all,yearly,national,['manually_inputted_data $ energy-intensity-of-passenger-transport-modes-2018'],1,4.0300000000000004e-08,manually_inputted_data $ energy-intensity-of-passenger-transport-modes-2018,3.1e-09,single_datapoint,assumed_to_be_same_as_passenger_air_because_of_lack_of_data
10017,2020,13_PNG,intensity,all,pj_per_passenger_or_freight_tonne_km,rail,freight,all,all,yearly,national,['manually_inputted_data $ iea_howtocalculatetheindicatorsforthetransportsectors.pdf'],1,2.86e-09,manually_inputted_data $ iea_howtocalculatetheindicatorsforthetransportsectors.pdf,2.2e-10,single_datapoint,from_how_to_calculate_the_indicators_for_the_transport_sector
10018,2020,13_PNG,intensity,all,pj_per_passenger_or_freight_tonne_km,ship,freight,all,all,yearly,national,['manually_inputted_data $ iea_howtocalculatetheindicatorsforthetransportsectors.pdf'],1,7.02e-09,manually_inputted_data $ iea_howtocalculatetheindicatorsforthetransportsectors.pdf,5.4e-10,single_datapoint,from_how_to_calculate_the_indicators_for_the_transport_sector
10019,2020,13_PNG,intensity,all,pj_per_passenger_or_freight_tonne_km,air,passenger,all,all,yearly,national,['manually_inputted_data $ energy-intensity-of-passenger-transport-modes-2018'],1,4.0300000000000004e-08,manually_inputted_data $ energy-intensity-of-passenger-transport-modes-2018,3.1e-09,single_datapoint,no_comment
10020,2020,13_PNG,intensity,all,pj_per_passenger_or_freight_tonne_km,rail,passenger,all,all,yearly,national,['manually_inputted_data $ energy-intensity-of-passenger-transport-modes-2018'],1,2.6e-09,manually_inputted_data $ energy-intensity-of-passenger-transport-modes-2018,2e-10,single_datapoint,no_comment
10021,2020,13_PNG,intensity,all,pj_per_passenger_or_freight_tonne_km,ship,passenger,all,all,yearly,national,['manually_inputted_data $ iea_howtocalculatetheindicatorsforthetransportsectors.pdf'],1,7.02e-09,manually_inputted_data $ iea_howtocalculatetheindicatorsforthetransportsectors.pdf,5.4e-10,single_datapoint,assumed_to_be_the_same_as_ship_freight_from_iea_how_to
10022,2021,13_PNG,intensity,all,pj_per_passenger_or_freight_tonne_km,air,freight,all,all,yearly,national,['manually_inputted_data $ energy-intensity-of-passenger-transport-modes-2018'],1,4.0300000000000004e-08,manually_inputted_data $ energy-intensity-of-passenger-transport-modes-2018,3.1e-09,single_datapoint,assumed_to_be_same_as_passenger_air_because_of_lack_of_data
10023,2021,13_PNG,intensity,all,pj_per_passenger_or_freight_tonne_km,rail,freight,all,all,yearly,national,['manually_inputted_data $ iea_howtocalculatetheindicatorsforthetransportsectors.pdf'],1,2.86e-09,manually_inputted_data $ iea_howtocalculatetheindicatorsforthetransportsectors.pdf,2.2e-10,single_datapoint,from_how_to_calculate_the_indicators_for_the_transport_sector
10024,2021,13_PNG,intensity,all,pj_per_passenger_or_freight_tonne_km,ship,freight,all,all,yearly,national,['manually_inputted_data $ iea_howtocalculatetheindicatorsforthetransportsectors.pdf'],1,7.02e-09,manually_inputted_data $ iea_howtocalculatetheindicatorsforthetransportsectors.pdf,5.4e-10,single_datapoint,from_how_to_calculate_the_indicators_for_the_transport_sector
10025,2021,13_PNG,intensity,all,pj_per_passenger_or_freight_tonne_km,air,passenger,all,all,yearly,national,['manually_inputted_data $ energy-intensity-of-passenger-transport-modes-2018'],1,4.0300000000000004e-08,manually_inputted_data $ energy-intensity-of-passenger-transport-modes-2018,3.1e-09,single_datapoint,no_comment
10026,2021,13_PNG,intensity,all,pj_per_passenger_or_freight_tonne_km,rail,passenger,all,all,yearly,national,['manually_inputted_data $ energy-intensity-of-passenger-transport-modes-2018'],1,2.6e-09,manually_inputted_data $ energy-intensity-of-passenger-transport-modes-2018,2e-10,single_datapoint,no_comment
10027,2021,13_PNG,intensity,all,pj_per_passenger_or_freight_tonne_km,ship,passenger,all,all,yearly,national,['manually_inputted_data $ iea_howtocalculatetheindicatorsforthetransportsectors.pdf'],1,7.02e-09,manually_inputted_data $ iea_howtocalculatetheindicatorsforthetransportsectors.pdf,5.4e-10,single_datapoint,assumed_to_be_the_same_as_ship_freight_from_iea_how_to
10028,2022,13_PNG,intensity,all,pj_per_passenger_or_freight_tonne_km,air,freight,all,all,yearly,national,['manually_inputted_data $ energy-intensity-of-passenger-transport-modes-2018'],1,4.0300000000000004e-08,manually_inputted_data $ energy-intensity-of-passenger-transport-modes-2018,3.1e-09,single_datapoint,assumed_to_be_same_as_passenger_air_because_of_lack_of_data
10029,2022,13_PNG,intensity,all,pj_per_passenger_or_freight_tonne_km,rail,freight,all,all,yearly,national,['manually_inputted_data $ iea_howtocalculatetheindicatorsforthetransportsectors.pdf'],1,2.86e-09,manually_inputted_data $ iea_howtocalculatetheindicatorsforthetransportsectors.pdf,2.2e-10,single_datapoint,from_how_to_calculate_the_indicators_for_the_transport_sector
10030,2022,13_PNG,intensity,all,pj_per_passenger_or_freight_tonne_km,ship,freight,all,all,yearly,national,['manually_inputted_data $ iea_howtocalculatetheindicatorsforthetransportsectors.pdf'],1,7.02e-09,manually_inputted_data $ iea_howtocalculatetheindicatorsforthetransportsectors.pdf,5.4e-10,single_datapoint,from_how_to_calculate_the_indicators_for_the_transport_sector
10031,2022,13_PNG,intensity,all,pj_per_passenger_or_freight_tonne_km,air,passenger,all,all,yearly,national,['manually_inputted_data $ energy-intensity-of-passenger-transport-modes-2018'],1,4.0300000000000004e-08,manually_inputted_data $ energy-intensity-of-passenger-transport-modes-2018,3.1e-09,single_datapoint,no_comment
10032,2022,13_PNG,intensity,all,pj_per_passenger_or_freight_tonne_km,rail,passenger,all,all,yearly,national,['manually_inputted_data $ energy-intensity-of-passenger-transport-modes-2018'],1,2.6e-09,manually_inputted_data $ energy-intensity-of-passenger-transport-modes-2018,2e-10,single_datapoint,no_comment
10033,2022,13_PNG,intensity,all,pj_per_passenger_or_freight_tonne_km,ship,passenger,all,all,yearly,national,['manually_inputted_data $ iea_howtocalculatetheindicatorsforthetransportsectors.pdf'],1,7.02e-09,manually_inputted_data $ iea_howtocalculatetheindicatorsforthetransportsectors.pdf,5.4e-10,single_datapoint,assumed_to_be_the_same_as_ship_freight_from_iea_how_to
10034,2010,13_PNG,new_vehicle_efficiency,bus,km_per_pj,road,passenger,bev,all,yearly,national,['avg_eff_no_outliers $ transport_data_system_9th'],1,1058314235.1561403,avg_eff_no_outliers $ transport_data_system_9th,81408787.3197031,single_datapoint,no_comment
10035,2010,13_PNG,turnover_rate,bus,%,road,passenger,bev,all,yearly,national,['manually_inputted_data $ guess'],1,0.42,manually_inputted_data $ guess,0.03,manual,no_comment
10036,2011,13_PNG,new_vehicle_efficiency,bus,km_per_pj,road,passenger,bev,all,yearly,national,['avg_eff_no_outliers $ transport_data_system_9th'],1,1058314235.1561403,avg_eff_no_outliers $ transport_data_system_9th,81408787.3197031,single_datapoint,no_comment
10037,2011,13_PNG,turnover_rate,bus,%,road,passenger,bev,all,yearly,national,['manually_inputted_data $ guess'],1,0.42,manually_inputted_data $ guess,0.03,manual,no_comment
10038,2012,13_PNG,new_vehicle_efficiency,bus,km_per_pj,road,passenger,bev,all,yearly,national,['avg_eff_no_outliers $ transport_data_system_9th'],1,1058314235.1561403,avg_eff_no_outliers $ transport_data_system_9th,81408787.3197031,single_datapoint,no_comment
10039,2012,13_PNG,turnover_rate,bus,%,road,passenger,bev,all,yearly,national,['manually_inputted_data $ guess'],1,0.42,manually_inputted_data $ guess,0.03,manual,no_comment
10040,2013,13_PNG,new_vehicle_efficiency,bus,km_per_pj,road,passenger,bev,all,yearly,national,['avg_eff_no_outliers $ transport_data_system_9th'],1,1058314235.1561403,avg_eff_no_outliers $ transport_data_system_9th,81408787.3197031,single_datapoint,no_comment
10041,2013,13_PNG,turnover_rate,bus,%,road,passenger,bev,all,yearly,national,['manually_inputted_data $ guess'],1,0.42,manually_inputted_data $ guess,0.03,manual,no_comment
10042,2014,13_PNG,new_vehicle_efficiency,bus,km_per_pj,road,passenger,bev,all,yearly,national,['avg_eff_no_outliers $ transport_data_system_9th'],1,1058314235.1561403,avg_eff_no_outliers $ transport_data_system_9th,81408787.3197031,single_datapoint,no_comment
10043,2014,13_PNG,turnover_rate,bus,%,road,passenger,bev,all,yearly,national,['manually_inputted_data $ guess'],1,0.42,manually_inputted_data $ guess,0.03,manual,no_comment
10044,2015,13_PNG,new_vehicle_efficiency,bus,km_per_pj,road,passenger,bev,all,yearly,national,['avg_eff_no_outliers $ transport_data_system_9th'],1,1058314235.1561403,avg_eff_no_outliers $ transport_data_system_9th,81408787.3197031,single_datapoint,no_comment
10045,2015,13_PNG,turnover_rate,bus,%,road,passenger,bev,all,yearly,national,['manually_inputted_data $ guess'],1,0.42,manually_inputted_data $ guess,0.03,manual,no_comment
10046,2016,13_PNG,new_vehicle_efficiency,bus,km_per_pj,road,passenger,bev,all,yearly,national,['avg_eff_no_outliers $ transport_data_system_9th'],1,1058314235.1561403,avg_eff_no_outliers $ transport_data_system_9th,81408787.3197031,single_datapoint,no_comment
10047,2016,13_PNG,turnover_rate,bus,%,road,passenger,bev,all,yearly,national,['manually_inputted_data $ guess'],1,0.42,manually_inputted_data $ guess,0.03,manual,no_comment
10048,2017,13_PNG,new_vehicle_efficiency,bus,km_per_pj,road,passenger,bev,all,yearly,national,['avg_eff_no_outliers $ transport_data_system_9th'],1,1058314235.1561403,avg_eff_no_outliers $ transport_data_system_9th,81408787.3197031,single_datapoint,no_comment
10049,2017,13_PNG,turnover_rate,bus,%,road,passenger,bev,all,yearly,national,"['manually_inputted_data $ guess', 'turnover_rate_est']",2,0.42,manually_inputted_data $ guess,0.03,manual,no_comment
10050,2018,13_PNG,new_vehicle_efficiency,bus,km_per_pj,road,passenger,bev,all,yearly,national,['avg_eff_no_outliers $ transport_data_system_9th'],1,1058314235.1561403,avg_eff_no_outliers $ transport_data_system_9th,81408787.3197031,single_datapoint,no_comment
10051,2018,13_PNG,turnover_rate,bus,%,road,passenger,bev,all,yearly,national,['manually_inputted_data $ guess'],1,0.42,manually_inputted_data $ guess,0.03,manual,no_comment
10052,2019,13_PNG,new_vehicle_efficiency,bus,km_per_pj,road,passenger,bev,all,yearly,national,['avg_eff_no_outliers $ transport_data_system_9th'],1,1058314235.1561403,avg_eff_no_outliers $ transport_data_system_9th,81408787.3197031,single_datapoint,no_comment
10053,2019,13_PNG,turnover_rate,bus,%,road,passenger,bev,all,yearly,national,['manually_inputted_data $ guess'],1,0.42,manually_inputted_data $ guess,0.03,manual,no_comment
10054,2020,13_PNG,new_vehicle_efficiency,bus,km_per_pj,road,passenger,bev,all,yearly,national,['avg_eff_no_outliers $ transport_data_system_9th'],1,1058314235.1561403,avg_eff_no_outliers $ transport_data_system_9th,81408787.3197031,single_datapoint,no_comment
10055,2020,13_PNG,turnover_rate,bus,%,road,passenger,bev,all,yearly,national,['manually_inputted_data $ guess'],1,0.42,manually_inputted_data $ guess,0.03,manual,no_comment
10056,2021,13_PNG,new_vehicle_efficiency,bus,km_per_pj,road,passenger,bev,all,yearly,national,['avg_eff_no_outliers $ transport_data_system_9th'],1,1058314235.1561403,avg_eff_no_outliers $ transport_data_system_9th,81408787.3197031,single_datapoint,no_comment
10057,2021,13_PNG,turnover_rate,bus,%,road,passenger,bev,all,yearly,national,['manually_inputted_data $ guess'],1,0.42,manually_inputted_data $ guess,0.03,manual,no_comment
10058,2022,13_PNG,new_vehicle_efficiency,bus,km_per_pj,road,passenger,bev,all,yearly,national,['avg_eff_no_outliers $ transport_data_system_9th'],1,1058314235.1561403,avg_eff_no_outliers $ transport_data_system_9th,81408787.3197031,single_datapoint,no_comment
10059,2022,13_PNG,turnover_rate,bus,%,road,passenger,bev,all,yearly,national,['manually_inputted_data $ guess'],1,0.42,manually_inputted_data $ guess,0.03,manual,no_comment
10060,2010,13_PNG,new_vehicle_efficiency,bus,km_per_pj,road,passenger,cng,all,yearly,national,['avg_eff_no_outliers $ transport_data_system_9th'],1,1813839119.6717222,avg_eff_no_outliers $ transport_data_system_9th,139526086.128594,single_datapoint,no_comment
10061,2010,13_PNG,turnover_rate,bus,%,road,passenger,cng,all,yearly,national,['manually_inputted_data $ guess'],1,0.42,manually_inputted_data $ guess,0.03,manual,no_comment
10062,2011,13_PNG,new_vehicle_efficiency,bus,km_per_pj,road,passenger,cng,all,yearly,national,['avg_eff_no_outliers $ transport_data_system_9th'],1,1813839119.6717222,avg_eff_no_outliers $ transport_data_system_9th,139526086.128594,single_datapoint,no_comment
10063,2011,13_PNG,turnover_rate,bus,%,road,passenger,cng,all,yearly,national,['manually_inputted_data $ guess'],1,0.42,manually_inputted_data $ guess,0.03,manual,no_comment
10064,2012,13_PNG,new_vehicle_efficiency,bus,km_per_pj,road,passenger,cng,all,yearly,national,['avg_eff_no_outliers $ transport_data_system_9th'],1,1813839119.6717222,avg_eff_no_outliers $ transport_data_system_9th,139526086.128594,single_datapoint,no_comment
10065,2012,13_PNG,turnover_rate,bus,%,road,passenger,cng,all,yearly,national,['manually_inputted_data $ guess'],1,0.42,manually_inputted_data $ guess,0.03,manual,no_comment
10066,2013,13_PNG,new_vehicle_efficiency,bus,km_per_pj,road,passenger,cng,all,yearly,national,['avg_eff_no_outliers $ transport_data_system_9th'],1,1813839119.6717222,avg_eff_no_outliers $ transport_data_system_9th,139526086.128594,single_datapoint,no_comment
10067,2013,13_PNG,turnover_rate,bus,%,road,passenger,cng,all,yearly,national,['manually_inputted_data $ guess'],1,0.42,manually_inputted_data $ guess,0.03,manual,no_comment
10068,2014,13_PNG,new_vehicle_efficiency,bus,km_per_pj,road,passenger,cng,all,yearly,national,['avg_eff_no_outliers $ transport_data_system_9th'],1,1813839119.6717222,avg_eff_no_outliers $ transport_data_system_9th,139526086.128594,single_datapoint,no_comment
10069,2014,13_PNG,turnover_rate,bus,%,road,passenger,cng,all,yearly,national,['manually_inputted_data $ guess'],1,0.42,manually_inputted_data $ guess,0.03,manual,no_comment
10070,2015,13_PNG,new_vehicle_efficiency,bus,km_per_pj,road,passenger,cng,all,yearly,national,['avg_eff_no_outliers $ transport_data_system_9th'],1,1813839119.6717222,avg_eff_no_outliers $ transport_data_system_9th,139526086.128594,single_datapoint,no_comment
10071,2015,13_PNG,turnover_rate,bus,%,road,passenger,cng,all,yearly,national,['manually_inputted_data $ guess'],1,0.42,manually_inputted_data $ guess,0.03,manual,no_comment
10072,2016,13_PNG,new_vehicle_efficiency,bus,km_per_pj,road,passenger,cng,all,yearly,national,['avg_eff_no_outliers $ transport_data_system_9th'],1,1813839119.6717222,avg_eff_no_outliers $ transport_data_system_9th,139526086.128594,single_datapoint,no_comment
10073,2016,13_PNG,turnover_rate,bus,%,road,passenger,cng,all,yearly,national,['manually_inputted_data $ guess'],1,0.42,manually_inputted_data $ guess,0.03,manual,no_comment
10074,2017,13_PNG,new_vehicle_efficiency,bus,km_per_pj,road,passenger,cng,all,yearly,national,['avg_eff_no_outliers $ transport_data_system_9th'],1,1813839119.6717222,avg_eff_no_outliers $ transport_data_system_9th,139526086.128594,single_datapoint,no_comment
10075,2017,13_PNG,turnover_rate,bus,%,road,passenger,cng,all,yearly,national,"['manually_inputted_data $ guess', 'turnover_rate_est']",2,0.42,manually_inputted_data $ guess,0.03,manual,no_comment
10076,2018,13_PNG,new_vehicle_efficiency,bus,km_per_pj,road,passenger,cng,all,yearly,national,['avg_eff_no_outliers $ transport_data_system_9th'],1,1813839119.6717222,avg_eff_no_outliers $ transport_data_system_9th,139526086.128594,single_datapoint,no_comment
10077,2018,13_PNG,turnover_rate,bus,%,road,passenger,cng,all,yearly,national,['manually_inputted_data $ guess'],1,0.42,manually_inputted_data $ guess,0.03,manual,no_comment
10078,2019,13_PNG,new_vehicle_efficiency,bus,km_per_pj,road,passenger,cng,all,yearly,national,['avg_eff_no_outliers $ transport_data_system_9th'],1,1813839119.6717222,avg_eff_no_outliers $ transport_data_system_9th,139526086.128594,single_datapoint,no_comment
10079,2019,13_PNG,turnover_rate,bus,%,road,passenger,cng,all,yearly,national,['manually_inputted_data $ guess'],1,0.42,manually_inputted_data $ guess,0.03,manual,no_comment
10080,2020,13_PNG,new_vehicle_efficiency,bus,km_per_pj,road,passenger,cng,all,yearly,national,['avg_eff_no_outliers $ transport_data_system_9th'],1,1813839119.6717222,avg_eff_no_outliers $ transport_data_system_9th,139526086.128594,single_datapoint,no_comment
10081,2020,13_PNG,turnover_rate,bus,%,road,passenger,cng,all,yearly,national,['manually_inputted_data $ guess'],1,0.42,manually_inputted_data $ guess,0.03,manual,no_comment
10082,2021,13_PNG,new_vehicle_efficiency,bus,km_per_pj,road,passenger,cng,all,yearly,national,['avg_eff_no_outliers $ transport_data_system_9th'],1,1813839119.6717222,avg_eff_no_outliers $ transport_data_system_9th,139526086.128594,single_datapoint,no_comment
10083,2021,13_PNG,turnover_rate,bus,%,road,passenger,cng,all,yearly,national,['manually_inputted_data $ guess'],1,0.42,manually_inputted_data $ guess,0.03,manual,no_comment
10084,2022,13_PNG,new_vehicle_efficiency,bus,km_per_pj,road,passenger,cng,all,yearly,national,['avg_eff_no_outliers $ transport_data_system_9th'],1,1813839119.6717222,avg_eff_no_outliers $ transport_data_system_9th,139526086.128594,single_datapoint,no_comment
10085,2022,13_PNG,turnover_rate,bus,%,road,passenger,cng,all,yearly,national,['manually_inputted_data $ guess'],1,0.42,manually_inputted_data $ guess,0.03,manual,no_comment
10086,2017,13_PNG,turnover_rate,bus,%,road,passenger,fcev,all,yearly,national,['turnover_rate_est'],1,0.03,turnover_rate_est,0.03,single_datapoint,no_comment
10087,2010,13_PNG,new_vehicle_efficiency,bus,km_per_pj,road,passenger,ice,all,yearly,national,['avg_eff_no_outliers $ transport_data_system_9th'],1,910941040.8338033,avg_eff_no_outliers $ transport_data_system_9th,70072387.7564464,single_datapoint,no_comment
10088,2010,13_PNG,turnover_rate,bus,%,road,passenger,ice,all,yearly,national,['manually_inputted_data $ guess'],1,0.39,manually_inputted_data $ guess,0.03,single_datapoint,no_comment
10089,2011,13_PNG,new_vehicle_efficiency,bus,km_per_pj,road,passenger,ice,all,yearly,national,['avg_eff_no_outliers $ transport_data_system_9th'],1,910941040.8338033,avg_eff_no_outliers $ transport_data_system_9th,70072387.7564464,single_datapoint,no_comment
10090,2011,13_PNG,turnover_rate,bus,%,road,passenger,ice,all,yearly,national,['manually_inputted_data $ guess'],1,0.39,manually_inputted_data $ guess,0.03,single_datapoint,no_comment
10091,2012,13_PNG,new_vehicle_efficiency,bus,km_per_pj,road,passenger,ice,all,yearly,national,['avg_eff_no_outliers $ transport_data_system_9th'],1,910941040.8338033,avg_eff_no_outliers $ transport_data_system_9th,70072387.7564464,single_datapoint,no_comment
10092,2012,13_PNG,turnover_rate,bus,%,road,passenger,ice,all,yearly,national,['manually_inputted_data $ guess'],1,0.39,manually_inputted_data $ guess,0.03,single_datapoint,no_comment
10093,2013,13_PNG,new_vehicle_efficiency,bus,km_per_pj,road,passenger,ice,all,yearly,national,['avg_eff_no_outliers $ transport_data_system_9th'],1,910941040.8338033,avg_eff_no_outliers $ transport_data_system_9th,70072387.7564464,single_datapoint,no_comment
10094,2013,13_PNG,turnover_rate,bus,%,road,passenger,ice,all,yearly,national,['manually_inputted_data $ guess'],1,0.39,manually_inputted_data $ guess,0.03,single_datapoint,no_comment
10095,2014,13_PNG,new_vehicle_efficiency,bus,km_per_pj,road,passenger,ice,all,yearly,national,['avg_eff_no_outliers $ transport_data_system_9th'],1,910941040.8338033,avg_eff_no_outliers $ transport_data_system_9th,70072387.7564464,single_datapoint,no_comment
10096,2014,13_PNG,turnover_rate,bus,%,road,passenger,ice,all,yearly,national,['manually_inputted_data $ guess'],1,0.39,manually_inputted_data $ guess,0.03,single_datapoint,no_comment
10097,2015,13_PNG,new_vehicle_efficiency,bus,km_per_pj,road,passenger,ice,all,yearly,national,['avg_eff_no_outliers $ transport_data_system_9th'],1,910941040.8338033,avg_eff_no_outliers $ transport_data_system_9th,70072387.7564464,single_datapoint,no_comment
10098,2015,13_PNG,turnover_rate,bus,%,road,passenger,ice,all,yearly,national,['manually_inputted_data $ guess'],1,0.39,manually_inputted_data $ guess,0.03,single_datapoint,no_comment
10099,2016,13_PNG,new_vehicle_efficiency,bus,km_per_pj,road,passenger,ice,all,yearly,national,['avg_eff_no_outliers $ transport_data_system_9th'],1,910941040.8338033,avg_eff_no_outliers $ transport_data_system_9th,70072387.7564464,single_datapoint,no_comment
10100,2016,13_PNG,turnover_rate,bus,%,road,passenger,ice,all,yearly,national,['manually_inputted_data $ guess'],1,0.39,manually_inputted_data $ guess,0.03,single_datapoint,no_comment
10101,2017,13_PNG,activity,bus,passenger_km_or_freight_tonne_km,road,passenger,ice,all,yearly,national,['estimated $ calculate_energy_and_activity()'],1,146431125000.0,estimated $ calculate_energy_and_activity(),146431125000.0,single_datapoint,no_comment
10102,2017,13_PNG,energy,bus,pj,road,passenger,ice,all,yearly,national,['estimated $ calculate_energy_and_activity()'],1,131.17551748622728,estimated $ calculate_energy_and_activity(),131.17551748622728,single_datapoint,no_comment
10103,2017,13_PNG,new_vehicle_efficiency,bus,km_per_pj,road,passenger,ice,all,yearly,national,['avg_eff_no_outliers $ transport_data_system_9th'],1,910941040.8338033,avg_eff_no_outliers $ transport_data_system_9th,70072387.7564464,single_datapoint,no_comment
10104,2017,13_PNG,travel_km,bus,km,road,passenger,ice,all,yearly,national,['estimated $ calculate_energy_and_activity()'],1,9762075000.0,estimated $ calculate_energy_and_activity(),9762075000.0,single_datapoint,no_comment
10105,2017,13_PNG,turnover_rate,bus,%,road,passenger,ice,all,yearly,national,['manually_inputted_data $ guess'],1,0.39,manually_inputted_data $ guess,0.03,single_datapoint,no_comment
10106,2018,13_PNG,new_vehicle_efficiency,bus,km_per_pj,road,passenger,ice,all,yearly,national,['avg_eff_no_outliers $ transport_data_system_9th'],1,910941040.8338033,avg_eff_no_outliers $ transport_data_system_9th,70072387.7564464,single_datapoint,no_comment
10107,2018,13_PNG,turnover_rate,bus,%,road,passenger,ice,all,yearly,national,['manually_inputted_data $ guess'],1,0.39,manually_inputted_data $ guess,0.03,single_datapoint,no_comment
10108,2019,13_PNG,new_vehicle_efficiency,bus,km_per_pj,road,passenger,ice,all,yearly,national,['avg_eff_no_outliers $ transport_data_system_9th'],1,910941040.8338033,avg_eff_no_outliers $ transport_data_system_9th,70072387.7564464,single_datapoint,no_comment
10109,2019,13_PNG,turnover_rate,bus,%,road,passenger,ice,all,yearly,national,['manually_inputted_data $ guess'],1,0.39,manually_inputted_data $ guess,0.03,single_datapoint,no_comment
10110,2020,13_PNG,new_vehicle_efficiency,bus,km_per_pj,road,passenger,ice,all,yearly,national,['avg_eff_no_outliers $ transport_data_system_9th'],1,910941040.8338033,avg_eff_no_outliers $ transport_data_system_9th,70072387.7564464,single_datapoint,no_comment
10111,2020,13_PNG,turnover_rate,bus,%,road,passenger,ice,all,yearly,national,['manually_inputted_data $ guess'],1,0.39,manually_inputted_data $ guess,0.03,single_datapoint,no_comment
10112,2021,13_PNG,new_vehicle_efficiency,bus,km_per_pj,road,passenger,ice,all,yearly,national,['avg_eff_no_outliers $ transport_data_system_9th'],1,910941040.8338033,avg_eff_no_outliers $ transport_data_system_9th,70072387.7564464,single_datapoint,no_comment
10113,2021,13_PNG,turnover_rate,bus,%,road,passenger,ice,all,yearly,national,['manually_inputted_data $ guess'],1,0.39,manually_inputted_data $ guess,0.03,single_datapoint,no_comment
10114,2022,13_PNG,new_vehicle_efficiency,bus,km_per_pj,road,passenger,ice,all,yearly,national,['avg_eff_no_outliers $ transport_data_system_9th'],1,910941040.8338033,avg_eff_no_outliers $ transport_data_system_9th,70072387.7564464,single_datapoint,no_comment
10115,2022,13_PNG,turnover_rate,bus,%,road,passenger,ice,all,yearly,national,['manually_inputted_data $ guess'],1,0.39,manually_inputted_data $ guess,0.03,single_datapoint,no_comment
10116,2010,13_PNG,new_vehicle_efficiency,bus,km_per_pj,road,passenger,lpg,all,yearly,national,['avg_eff_no_outliers $ transport_data_system_9th'],1,1295830676.4857378,avg_eff_no_outliers $ transport_data_system_9th,99679282.8065952,single_datapoint,no_comment
10117,2010,13_PNG,turnover_rate,bus,%,road,passenger,lpg,all,yearly,national,['manually_inputted_data $ guess'],1,0.42,manually_inputted_data $ guess,0.03,manual,no_comment
10118,2011,13_PNG,new_vehicle_efficiency,bus,km_per_pj,road,passenger,lpg,all,yearly,national,['avg_eff_no_outliers $ transport_data_system_9th'],1,1295830676.4857378,avg_eff_no_outliers $ transport_data_system_9th,99679282.8065952,single_datapoint,no_comment
10119,2011,13_PNG,turnover_rate,bus,%,road,passenger,lpg,all,yearly,national,['manually_inputted_data $ guess'],1,0.42,manually_inputted_data $ guess,0.03,manual,no_comment
10120,2012,13_PNG,new_vehicle_efficiency,bus,km_per_pj,road,passenger,lpg,all,yearly,national,['avg_eff_no_outliers $ transport_data_system_9th'],1,1295830676.4857378,avg_eff_no_outliers $ transport_data_system_9th,99679282.8065952,single_datapoint,no_comment
10121,2012,13_PNG,turnover_rate,bus,%,road,passenger,lpg,all,yearly,national,['manually_inputted_data $ guess'],1,0.42,manually_inputted_data $ guess,0.03,manual,no_comment
10122,2013,13_PNG,new_vehicle_efficiency,bus,km_per_pj,road,passenger,lpg,all,yearly,national,['avg_eff_no_outliers $ transport_data_system_9th'],1,1295830676.4857378,avg_eff_no_outliers $ transport_data_system_9th,99679282.8065952,single_datapoint,no_comment
10123,2013,13_PNG,turnover_rate,bus,%,road,passenger,lpg,all,yearly,national,['manually_inputted_data $ guess'],1,0.42,manually_inputted_data $ guess,0.03,manual,no_comment
10124,2014,13_PNG,new_vehicle_efficiency,bus,km_per_pj,road,passenger,lpg,all,yearly,national,['avg_eff_no_outliers $ transport_data_system_9th'],1,1295830676.4857378,avg_eff_no_outliers $ transport_data_system_9th,99679282.8065952,single_datapoint,no_comment
10125,2014,13_PNG,turnover_rate,bus,%,road,passenger,lpg,all,yearly,national,['manually_inputted_data $ guess'],1,0.42,manually_inputted_data $ guess,0.03,manual,no_comment
10126,2015,13_PNG,new_vehicle_efficiency,bus,km_per_pj,road,passenger,lpg,all,yearly,national,['avg_eff_no_outliers $ transport_data_system_9th'],1,1295830676.4857378,avg_eff_no_outliers $ transport_data_system_9th,99679282.8065952,single_datapoint,no_comment
10127,2015,13_PNG,turnover_rate,bus,%,road,passenger,lpg,all,yearly,national,['manually_inputted_data $ guess'],1,0.42,manually_inputted_data $ guess,0.03,manual,no_comment
10128,2016,13_PNG,new_vehicle_efficiency,bus,km_per_pj,road,passenger,lpg,all,yearly,national,['avg_eff_no_outliers $ transport_data_system_9th'],1,1295830676.4857378,avg_eff_no_outliers $ transport_data_system_9th,99679282.8065952,single_datapoint,no_comment
10129,2016,13_PNG,turnover_rate,bus,%,road,passenger,lpg,all,yearly,national,['manually_inputted_data $ guess'],1,0.42,manually_inputted_data $ guess,0.03,manual,no_comment
10130,2017,13_PNG,new_vehicle_efficiency,bus,km_per_pj,road,passenger,lpg,all,yearly,national,['avg_eff_no_outliers $ transport_data_system_9th'],1,1295830676.4857378,avg_eff_no_outliers $ transport_data_system_9th,99679282.8065952,single_datapoint,no_comment
10131,2017,13_PNG,turnover_rate,bus,%,road,passenger,lpg,all,yearly,national,"['manually_inputted_data $ guess', 'turnover_rate_est']",2,0.42,manually_inputted_data $ guess,0.03,manual,no_comment
10132,2018,13_PNG,new_vehicle_efficiency,bus,km_per_pj,road,passenger,lpg,all,yearly,national,['avg_eff_no_outliers $ transport_data_system_9th'],1,1295830676.4857378,avg_eff_no_outliers $ transport_data_system_9th,99679282.8065952,single_datapoint,no_comment
10133,2018,13_PNG,turnover_rate,bus,%,road,passenger,lpg,all,yearly,national,['manually_inputted_data $ guess'],1,0.42,manually_inputted_data $ guess,0.03,manual,no_comment
10134,2019,13_PNG,new_vehicle_efficiency,bus,km_per_pj,road,passenger,lpg,all,yearly,national,['avg_eff_no_outliers $ transport_data_system_9th'],1,1295830676.4857378,avg_eff_no_outliers $ transport_data_system_9th,99679282.8065952,single_datapoint,no_comment
10135,2019,13_PNG,turnover_rate,bus,%,road,passenger,lpg,all,yearly,national,['manually_inputted_data $ guess'],1,0.42,manually_inputted_data $ guess,0.03,manual,no_comment
10136,2020,13_PNG,new_vehicle_efficiency,bus,km_per_pj,road,passenger,lpg,all,yearly,national,['avg_eff_no_outliers $ transport_data_system_9th'],1,1295830676.4857378,avg_eff_no_outliers $ transport_data_system_9th,99679282.8065952,single_datapoint,no_comment
10137,2020,13_PNG,turnover_rate,bus,%,road,passenger,lpg,all,yearly,national,['manually_inputted_data $ guess'],1,0.42,manually_inputted_data $ guess,0.03,manual,no_comment
10138,2021,13_PNG,new_vehicle_efficiency,bus,km_per_pj,road,passenger,lpg,all,yearly,national,['avg_eff_no_outliers $ transport_data_system_9th'],1,1295830676.4857378,avg_eff_no_outliers $ transport_data_system_9th,99679282.8065952,single_datapoint,no_comment
10139,2021,13_PNG,turnover_rate,bus,%,road,passenger,lpg,all,yearly,national,['manually_inputted_data $ guess'],1,0.42,manually_inputted_data $ guess,0.03,manual,no_comment
10140,2022,13_PNG,new_vehicle_efficiency,bus,km_per_pj,road,passenger,lpg,all,yearly,national,['avg_eff_no_outliers $ transport_data_system_9th'],1,1295830676.4857378,avg_eff_no_outliers $ transport_data_system_9th,99679282.8065952,single_datapoint,no_comment
10141,2022,13_PNG,turnover_rate,bus,%,road,passenger,lpg,all,yearly,national,['manually_inputted_data $ guess'],1,0.42,manually_inputted_data $ guess,0.03,manual,no_comment
10142,2010,13_PNG,new_vehicle_efficiency,bus,km_per_pj,road,passenger,phev,all,yearly,national,['avg_eff_no_outliers $ transport_data_system_9th'],1,1472018422.278209,avg_eff_no_outliers $ transport_data_system_9th,113232186.329093,single_datapoint,no_comment
10143,2010,13_PNG,turnover_rate,bus,%,road,passenger,phev,all,yearly,national,['manually_inputted_data $ guess'],1,0.39,manually_inputted_data $ guess,0.03,single_datapoint,no_comment
10144,2011,13_PNG,new_vehicle_efficiency,bus,km_per_pj,road,passenger,phev,all,yearly,national,['avg_eff_no_outliers $ transport_data_system_9th'],1,1472018422.278209,avg_eff_no_outliers $ transport_data_system_9th,113232186.329093,single_datapoint,no_comment
10145,2011,13_PNG,turnover_rate,bus,%,road,passenger,phev,all,yearly,national,['manually_inputted_data $ guess'],1,0.39,manually_inputted_data $ guess,0.03,single_datapoint,no_comment
10146,2012,13_PNG,new_vehicle_efficiency,bus,km_per_pj,road,passenger,phev,all,yearly,national,['avg_eff_no_outliers $ transport_data_system_9th'],1,1472018422.278209,avg_eff_no_outliers $ transport_data_system_9th,113232186.329093,single_datapoint,no_comment
10147,2012,13_PNG,turnover_rate,bus,%,road,passenger,phev,all,yearly,national,['manually_inputted_data $ guess'],1,0.39,manually_inputted_data $ guess,0.03,single_datapoint,no_comment
10148,2013,13_PNG,new_vehicle_efficiency,bus,km_per_pj,road,passenger,phev,all,yearly,national,['avg_eff_no_outliers $ transport_data_system_9th'],1,1472018422.278209,avg_eff_no_outliers $ transport_data_system_9th,113232186.329093,single_datapoint,no_comment
10149,2013,13_PNG,turnover_rate,bus,%,road,passenger,phev,all,yearly,national,['manually_inputted_data $ guess'],1,0.39,manually_inputted_data $ guess,0.03,single_datapoint,no_comment
10150,2014,13_PNG,new_vehicle_efficiency,bus,km_per_pj,road,passenger,phev,all,yearly,national,['avg_eff_no_outliers $ transport_data_system_9th'],1,1472018422.278209,avg_eff_no_outliers $ transport_data_system_9th,113232186.329093,single_datapoint,no_comment
10151,2014,13_PNG,turnover_rate,bus,%,road,passenger,phev,all,yearly,national,['manually_inputted_data $ guess'],1,0.39,manually_inputted_data $ guess,0.03,single_datapoint,no_comment
10152,2015,13_PNG,new_vehicle_efficiency,bus,km_per_pj,road,passenger,phev,all,yearly,national,['avg_eff_no_outliers $ transport_data_system_9th'],1,1472018422.278209,avg_eff_no_outliers $ transport_data_system_9th,113232186.329093,single_datapoint,no_comment
10153,2015,13_PNG,turnover_rate,bus,%,road,passenger,phev,all,yearly,national,['manually_inputted_data $ guess'],1,0.39,manually_inputted_data $ guess,0.03,single_datapoint,no_comment
10154,2016,13_PNG,new_vehicle_efficiency,bus,km_per_pj,road,passenger,phev,all,yearly,national,['avg_eff_no_outliers $ transport_data_system_9th'],1,1472018422.278209,avg_eff_no_outliers $ transport_data_system_9th,113232186.329093,single_datapoint,no_comment
10155,2016,13_PNG,turnover_rate,bus,%,road,passenger,phev,all,yearly,national,['manually_inputted_data $ guess'],1,0.39,manually_inputted_data $ guess,0.03,single_datapoint,no_comment
10156,2017,13_PNG,new_vehicle_efficiency,bus,km_per_pj,road,passenger,phev,all,yearly,national,['avg_eff_no_outliers $ transport_data_system_9th'],1,1472018422.278209,avg_eff_no_outliers $ transport_data_system_9th,113232186.329093,single_datapoint,no_comment
10157,2017,13_PNG,turnover_rate,bus,%,road,passenger,phev,all,yearly,national,['manually_inputted_data $ guess'],1,0.39,manually_inputted_data $ guess,0.03,single_datapoint,no_comment
10158,2018,13_PNG,new_vehicle_efficiency,bus,km_per_pj,road,passenger,phev,all,yearly,national,['avg_eff_no_outliers $ transport_data_system_9th'],1,1472018422.278209,avg_eff_no_outliers $ transport_data_system_9th,113232186.329093,single_datapoint,no_comment
10159,2018,13_PNG,turnover_rate,bus,%,road,passenger,phev,all,yearly,national,['manually_inputted_data $ guess'],1,0.39,manually_inputted_data $ guess,0.03,single_datapoint,no_comment
10160,2019,13_PNG,new_vehicle_efficiency,bus,km_per_pj,road,passenger,phev,all,yearly,national,['avg_eff_no_outliers $ transport_data_system_9th'],1,1472018422.278209,avg_eff_no_outliers $ transport_data_system_9th,113232186.329093,single_datapoint,no_comment
10161,2019,13_PNG,turnover_rate,bus,%,road,passenger,phev,all,yearly,national,['manually_inputted_data $ guess'],1,0.39,manually_inputted_data $ guess,0.03,single_datapoint,no_comment
10162,2020,13_PNG,new_vehicle_efficiency,bus,km_per_pj,road,passenger,phev,all,yearly,national,['avg_eff_no_outliers $ transport_data_system_9th'],1,1472018422.278209,avg_eff_no_outliers $ transport_data_system_9th,113232186.329093,single_datapoint,no_comment
10163,2020,13_PNG,turnover_rate,bus,%,road,passenger,phev,all,yearly,national,['manually_inputted_data $ guess'],1,0.39,manually_inputted_data $ guess,0.03,single_datapoint,no_comment
10164,2021,13_PNG,new_vehicle_efficiency,bus,km_per_pj,road,passenger,phev,all,yearly,national,['avg_eff_no_outliers $ transport_data_system_9th'],1,1472018422.278209,avg_eff_no_outliers $ transport_data_system_9th,113232186.329093,single_datapoint,no_comment
10165,2021,13_PNG,turnover_rate,bus,%,road,passenger,phev,all,yearly,national,['manually_inputted_data $ guess'],1,0.39,manually_inputted_data $ guess,0.03,single_datapoint,no_comment
10166,2022,13_PNG,new_vehicle_efficiency,bus,km_per_pj,road,passenger,phev,all,yearly,national,['avg_eff_no_outliers $ transport_data_system_9th'],1,1472018422.278209,avg_eff_no_outliers $ transport_data_system_9th,113232186.329093,single_datapoint,no_comment
10167,2022,13_PNG,turnover_rate,bus,%,road,passenger,phev,all,yearly,national,['manually_inputted_data $ guess'],1,0.39,manually_inputted_data $ guess,0.03,single_datapoint,no_comment
10168,2010,13_PNG,new_vehicle_efficiency,ht,km_per_pj,road,freight,bev,all,yearly,national,['avg_eff_no_outliers $ transport_data_system_9th'],1,3249486640.872147,avg_eff_no_outliers $ transport_data_system_9th,249960510.836319,single_datapoint,no_comment
10169,2010,13_PNG,turnover_rate,ht,%,road,freight,bev,all,yearly,national,['manually_inputted_data $ guess'],1,0.42,manually_inputted_data $ guess,0.03,manual,no_comment
10170,2011,13_PNG,new_vehicle_efficiency,ht,km_per_pj,road,freight,bev,all,yearly,national,['avg_eff_no_outliers $ transport_data_system_9th'],1,3249486640.872147,avg_eff_no_outliers $ transport_data_system_9th,249960510.836319,single_datapoint,no_comment
10171,2011,13_PNG,turnover_rate,ht,%,road,freight,bev,all,yearly,national,['manually_inputted_data $ guess'],1,0.42,manually_inputted_data $ guess,0.03,manual,no_comment
10172,2012,13_PNG,new_vehicle_efficiency,ht,km_per_pj,road,freight,bev,all,yearly,national,['avg_eff_no_outliers $ transport_data_system_9th'],1,3249486640.872147,avg_eff_no_outliers $ transport_data_system_9th,249960510.836319,single_datapoint,no_comment
10173,2012,13_PNG,turnover_rate,ht,%,road,freight,bev,all,yearly,national,['manually_inputted_data $ guess'],1,0.42,manually_inputted_data $ guess,0.03,manual,no_comment
10174,2013,13_PNG,new_vehicle_efficiency,ht,km_per_pj,road,freight,bev,all,yearly,national,['avg_eff_no_outliers $ transport_data_system_9th'],1,3249486640.872147,avg_eff_no_outliers $ transport_data_system_9th,249960510.836319,single_datapoint,no_comment
10175,2013,13_PNG,turnover_rate,ht,%,road,freight,bev,all,yearly,national,['manually_inputted_data $ guess'],1,0.42,manually_inputted_data $ guess,0.03,manual,no_comment
10176,2014,13_PNG,new_vehicle_efficiency,ht,km_per_pj,road,freight,bev,all,yearly,national,['avg_eff_no_outliers $ transport_data_system_9th'],1,3249486640.872147,avg_eff_no_outliers $ transport_data_system_9th,249960510.836319,single_datapoint,no_comment
10177,2014,13_PNG,turnover_rate,ht,%,road,freight,bev,all,yearly,national,['manually_inputted_data $ guess'],1,0.42,manually_inputted_data $ guess,0.03,manual,no_comment
10178,2015,13_PNG,new_vehicle_efficiency,ht,km_per_pj,road,freight,bev,all,yearly,national,['avg_eff_no_outliers $ transport_data_system_9th'],1,3249486640.872147,avg_eff_no_outliers $ transport_data_system_9th,249960510.836319,single_datapoint,no_comment
10179,2015,13_PNG,turnover_rate,ht,%,road,freight,bev,all,yearly,national,['manually_inputted_data $ guess'],1,0.42,manually_inputted_data $ guess,0.03,manual,no_comment
10180,2016,13_PNG,new_vehicle_efficiency,ht,km_per_pj,road,freight,bev,all,yearly,national,['avg_eff_no_outliers $ transport_data_system_9th'],1,3249486640.872147,avg_eff_no_outliers $ transport_data_system_9th,249960510.836319,single_datapoint,no_comment
10181,2016,13_PNG,turnover_rate,ht,%,road,freight,bev,all,yearly,national,['manually_inputted_data $ guess'],1,0.42,manually_inputted_data $ guess,0.03,manual,no_comment
10182,2017,13_PNG,new_vehicle_efficiency,ht,km_per_pj,road,freight,bev,all,yearly,national,['avg_eff_no_outliers $ transport_data_system_9th'],1,3249486640.872147,avg_eff_no_outliers $ transport_data_system_9th,249960510.836319,single_datapoint,no_comment
10183,2017,13_PNG,turnover_rate,ht,%,road,freight,bev,all,yearly,national,"['manually_inputted_data $ guess', 'turnover_rate_est']",2,0.42,manually_inputted_data $ guess,0.03,manual,no_comment
10184,2018,13_PNG,new_vehicle_efficiency,ht,km_per_pj,road,freight,bev,all,yearly,national,['avg_eff_no_outliers $ transport_data_system_9th'],1,3249486640.872147,avg_eff_no_outliers $ transport_data_system_9th,249960510.836319,single_datapoint,no_comment
10185,2018,13_PNG,turnover_rate,ht,%,road,freight,bev,all,yearly,national,['manually_inputted_data $ guess'],1,0.42,manually_inputted_data $ guess,0.03,manual,no_comment
10186,2019,13_PNG,new_vehicle_efficiency,ht,km_per_pj,road,freight,bev,all,yearly,national,['avg_eff_no_outliers $ transport_data_system_9th'],1,3249486640.872147,avg_eff_no_outliers $ transport_data_system_9th,249960510.836319,single_datapoint,no_comment
10187,2019,13_PNG,turnover_rate,ht,%,road,freight,bev,all,yearly,national,['manually_inputted_data $ guess'],1,0.42,manually_inputted_data $ guess,0.03,manual,no_comment
10188,2020,13_PNG,new_vehicle_efficiency,ht,km_per_pj,road,freight,bev,all,yearly,national,['avg_eff_no_outliers $ transport_data_system_9th'],1,3249486640.872147,avg_eff_no_outliers $ transport_data_system_9th,249960510.836319,single_datapoint,no_comment
10189,2020,13_PNG,turnover_rate,ht,%,road,freight,bev,all,yearly,national,['manually_inputted_data $ guess'],1,0.42,manually_inputted_data $ guess,0.03,manual,no_comment
10190,2021,13_PNG,new_vehicle_efficiency,ht,km_per_pj,road,freight,bev,all,yearly,national,['avg_eff_no_outliers $ transport_data_system_9th'],1,3249486640.872147,avg_eff_no_outliers $ transport_data_system_9th,249960510.836319,single_datapoint,no_comment
10191,2021,13_PNG,turnover_rate,ht,%,road,freight,bev,all,yearly,national,['manually_inputted_data $ guess'],1,0.42,manually_inputted_data $ guess,0.03,manual,no_comment
10192,2022,13_PNG,new_vehicle_efficiency,ht,km_per_pj,road,freight,bev,all,yearly,national,['avg_eff_no_outliers $ transport_data_system_9th'],1,3249486640.872147,avg_eff_no_outliers $ transport_data_system_9th,249960510.836319,single_datapoint,no_comment
10193,2022,13_PNG,turnover_rate,ht,%,road,freight,bev,all,yearly,national,['manually_inputted_data $ guess'],1,0.42,manually_inputted_data $ guess,0.03,manual,no_comment
10194,2010,13_PNG,new_vehicle_efficiency,ht,km_per_pj,road,freight,cng,all,yearly,national,['avg_eff_no_outliers $ transport_data_system_9th'],1,1775178058.548531,avg_eff_no_outliers $ transport_data_system_9th,136552158.349887,single_datapoint,no_comment
10195,2010,13_PNG,turnover_rate,ht,%,road,freight,cng,all,yearly,national,['manually_inputted_data $ guess'],1,0.42,manually_inputted_data $ guess,0.03,manual,no_comment
10196,2011,13_PNG,new_vehicle_efficiency,ht,km_per_pj,road,freight,cng,all,yearly,national,['avg_eff_no_outliers $ transport_data_system_9th'],1,1775178058.548531,avg_eff_no_outliers $ transport_data_system_9th,136552158.349887,single_datapoint,no_comment
10197,2011,13_PNG,turnover_rate,ht,%,road,freight,cng,all,yearly,national,['manually_inputted_data $ guess'],1,0.42,manually_inputted_data $ guess,0.03,manual,no_comment
10198,2012,13_PNG,new_vehicle_efficiency,ht,km_per_pj,road,freight,cng,all,yearly,national,['avg_eff_no_outliers $ transport_data_system_9th'],1,1775178058.548531,avg_eff_no_outliers $ transport_data_system_9th,136552158.349887,single_datapoint,no_comment
10199,2012,13_PNG,turnover_rate,ht,%,road,freight,cng,all,yearly,national,['manually_inputted_data $ guess'],1,0.42,manually_inputted_data $ guess,0.03,manual,no_comment
10200,2013,13_PNG,new_vehicle_efficiency,ht,km_per_pj,road,freight,cng,all,yearly,national,['avg_eff_no_outliers $ transport_data_system_9th'],1,1775178058.548531,avg_eff_no_outliers $ transport_data_system_9th,136552158.349887,single_datapoint,no_comment
10201,2013,13_PNG,turnover_rate,ht,%,road,freight,cng,all,yearly,national,['manually_inputted_data $ guess'],1,0.42,manually_inputted_data $ guess,0.03,manual,no_comment
10202,2014,13_PNG,new_vehicle_efficiency,ht,km_per_pj,road,freight,cng,all,yearly,national,['avg_eff_no_outliers $ transport_data_system_9th'],1,1775178058.548531,avg_eff_no_outliers $ transport_data_system_9th,136552158.349887,single_datapoint,no_comment
10203,2014,13_PNG,turnover_rate,ht,%,road,freight,cng,all,yearly,national,['manually_inputted_data $ guess'],1,0.42,manually_inputted_data $ guess,0.03,manual,no_comment
10204,2015,13_PNG,new_vehicle_efficiency,ht,km_per_pj,road,freight,cng,all,yearly,national,['avg_eff_no_outliers $ transport_data_system_9th'],1,1775178058.548531,avg_eff_no_outliers $ transport_data_system_9th,136552158.349887,single_datapoint,no_comment
10205,2015,13_PNG,turnover_rate,ht,%,road,freight,cng,all,yearly,national,['manually_inputted_data $ guess'],1,0.42,manually_inputted_data $ guess,0.03,manual,no_comment
10206,2016,13_PNG,new_vehicle_efficiency,ht,km_per_pj,road,freight,cng,all,yearly,national,['avg_eff_no_outliers $ transport_data_system_9th'],1,1775178058.548531,avg_eff_no_outliers $ transport_data_system_9th,136552158.349887,single_datapoint,no_comment
10207,2016,13_PNG,turnover_rate,ht,%,road,freight,cng,all,yearly,national,['manually_inputted_data $ guess'],1,0.42,manually_inputted_data $ guess,0.03,manual,no_comment
10208,2017,13_PNG,new_vehicle_efficiency,ht,km_per_pj,road,freight,cng,all,yearly,national,['avg_eff_no_outliers $ transport_data_system_9th'],1,1775178058.548531,avg_eff_no_outliers $ transport_data_system_9th,136552158.349887,single_datapoint,no_comment
10209,2017,13_PNG,turnover_rate,ht,%,road,freight,cng,all,yearly,national,"['manually_inputted_data $ guess', 'turnover_rate_est']",2,0.42,manually_inputted_data $ guess,0.03,manual,no_comment
10210,2018,13_PNG,new_vehicle_efficiency,ht,km_per_pj,road,freight,cng,all,yearly,national,['avg_eff_no_outliers $ transport_data_system_9th'],1,1775178058.548531,avg_eff_no_outliers $ transport_data_system_9th,136552158.349887,single_datapoint,no_comment
10211,2018,13_PNG,turnover_rate,ht,%,road,freight,cng,all,yearly,national,['manually_inputted_data $ guess'],1,0.42,manually_inputted_data $ guess,0.03,manual,no_comment
10212,2019,13_PNG,new_vehicle_efficiency,ht,km_per_pj,road,freight,cng,all,yearly,national,['avg_eff_no_outliers $ transport_data_system_9th'],1,1775178058.548531,avg_eff_no_outliers $ transport_data_system_9th,136552158.349887,single_datapoint,no_comment
10213,2019,13_PNG,turnover_rate,ht,%,road,freight,cng,all,yearly,national,['manually_inputted_data $ guess'],1,0.42,manually_inputted_data $ guess,0.03,manual,no_comment
10214,2020,13_PNG,new_vehicle_efficiency,ht,km_per_pj,road,freight,cng,all,yearly,national,['avg_eff_no_outliers $ transport_data_system_9th'],1,1775178058.548531,avg_eff_no_outliers $ transport_data_system_9th,136552158.349887,single_datapoint,no_comment
10215,2020,13_PNG,turnover_rate,ht,%,road,freight,cng,all,yearly,national,['manually_inputted_data $ guess'],1,0.42,manually_inputted_data $ guess,0.03,manual,no_comment
10216,2021,13_PNG,new_vehicle_efficiency,ht,km_per_pj,road,freight,cng,all,yearly,national,['avg_eff_no_outliers $ transport_data_system_9th'],1,1775178058.548531,avg_eff_no_outliers $ transport_data_system_9th,136552158.349887,single_datapoint,no_comment
10217,2021,13_PNG,turnover_rate,ht,%,road,freight,cng,all,yearly,national,['manually_inputted_data $ guess'],1,0.42,manually_inputted_data $ guess,0.03,manual,no_comment
10218,2022,13_PNG,new_vehicle_efficiency,ht,km_per_pj,road,freight,cng,all,yearly,national,['avg_eff_no_outliers $ transport_data_system_9th'],1,1775178058.548531,avg_eff_no_outliers $ transport_data_system_9th,136552158.349887,single_datapoint,no_comment
10219,2022,13_PNG,turnover_rate,ht,%,road,freight,cng,all,yearly,national,['manually_inputted_data $ guess'],1,0.42,manually_inputted_data $ guess,0.03,manual,no_comment
10220,2017,13_PNG,turnover_rate,ht,%,road,freight,fcev,all,yearly,national,['turnover_rate_est'],1,0.03,turnover_rate_est,0.03,single_datapoint,no_comment
10221,2010,13_PNG,new_vehicle_efficiency,ht,km_per_pj,road,freight,ice,all,yearly,national,['avg_eff_no_outliers $ transport_data_system_9th'],1,1058551713.3301452,avg_eff_no_outliers $ transport_data_system_9th,81427054.87154964,single_datapoint,no_comment
10222,2010,13_PNG,turnover_rate,ht,%,road,freight,ice,all,yearly,national,['manually_inputted_data $ guess'],1,0.39,manually_inputted_data $ guess,0.03,single_datapoint,no_comment
10223,2011,13_PNG,new_vehicle_efficiency,ht,km_per_pj,road,freight,ice,all,yearly,national,['avg_eff_no_outliers $ transport_data_system_9th'],1,1058551713.3301452,avg_eff_no_outliers $ transport_data_system_9th,81427054.87154964,single_datapoint,no_comment
10224,2011,13_PNG,turnover_rate,ht,%,road,freight,ice,all,yearly,national,['manually_inputted_data $ guess'],1,0.39,manually_inputted_data $ guess,0.03,single_datapoint,no_comment
10225,2012,13_PNG,new_vehicle_efficiency,ht,km_per_pj,road,freight,ice,all,yearly,national,['avg_eff_no_outliers $ transport_data_system_9th'],1,1058551713.3301452,avg_eff_no_outliers $ transport_data_system_9th,81427054.87154964,single_datapoint,no_comment
10226,2012,13_PNG,turnover_rate,ht,%,road,freight,ice,all,yearly,national,['manually_inputted_data $ guess'],1,0.39,manually_inputted_data $ guess,0.03,single_datapoint,no_comment
10227,2013,13_PNG,new_vehicle_efficiency,ht,km_per_pj,road,freight,ice,all,yearly,national,['avg_eff_no_outliers $ transport_data_system_9th'],1,1058551713.3301452,avg_eff_no_outliers $ transport_data_system_9th,81427054.87154964,single_datapoint,no_comment
10228,2013,13_PNG,turnover_rate,ht,%,road,freight,ice,all,yearly,national,['manually_inputted_data $ guess'],1,0.39,manually_inputted_data $ guess,0.03,single_datapoint,no_comment
10229,2014,13_PNG,new_vehicle_efficiency,ht,km_per_pj,road,freight,ice,all,yearly,national,['avg_eff_no_outliers $ transport_data_system_9th'],1,1058551713.3301452,avg_eff_no_outliers $ transport_data_system_9th,81427054.87154964,single_datapoint,no_comment
10230,2014,13_PNG,turnover_rate,ht,%,road,freight,ice,all,yearly,national,['manually_inputted_data $ guess'],1,0.39,manually_inputted_data $ guess,0.03,single_datapoint,no_comment
10231,2015,13_PNG,new_vehicle_efficiency,ht,km_per_pj,road,freight,ice,all,yearly,national,['avg_eff_no_outliers $ transport_data_system_9th'],1,1058551713.3301452,avg_eff_no_outliers $ transport_data_system_9th,81427054.87154964,single_datapoint,no_comment
10232,2015,13_PNG,turnover_rate,ht,%,road,freight,ice,all,yearly,national,['manually_inputted_data $ guess'],1,0.39,manually_inputted_data $ guess,0.03,single_datapoint,no_comment
10233,2016,13_PNG,new_vehicle_efficiency,ht,km_per_pj,road,freight,ice,all,yearly,national,['avg_eff_no_outliers $ transport_data_system_9th'],1,1058551713.3301452,avg_eff_no_outliers $ transport_data_system_9th,81427054.87154964,single_datapoint,no_comment
10234,2016,13_PNG,turnover_rate,ht,%,road,freight,ice,all,yearly,national,['manually_inputted_data $ guess'],1,0.39,manually_inputted_data $ guess,0.03,single_datapoint,no_comment
10235,2017,13_PNG,activity,ht,passenger_km_or_freight_tonne_km,road,freight,ice,all,yearly,national,['estimated $ calculate_energy_and_activity()'],1,60336562500.0,estimated $ calculate_energy_and_activity(),60336562500.0,single_datapoint,no_comment
10236,2017,13_PNG,energy,ht,pj,road,freight,ice,all,yearly,national,['estimated $ calculate_energy_and_activity()'],1,151.99427792049133,estimated $ calculate_energy_and_activity(),151.99427792049133,single_datapoint,no_comment
10237,2017,13_PNG,new_vehicle_efficiency,ht,km_per_pj,road,freight,ice,all,yearly,national,['avg_eff_no_outliers $ transport_data_system_9th'],1,1058551713.3301452,avg_eff_no_outliers $ transport_data_system_9th,81427054.87154964,single_datapoint,no_comment
10238,2017,13_PNG,travel_km,ht,km,road,freight,ice,all,yearly,national,['estimated $ calculate_energy_and_activity()'],1,10726500000.0,estimated $ calculate_energy_and_activity(),10726500000.0,single_datapoint,no_comment
10239,2017,13_PNG,turnover_rate,ht,%,road,freight,ice,all,yearly,national,['manually_inputted_data $ guess'],1,0.39,manually_inputted_data $ guess,0.03,single_datapoint,no_comment
10240,2018,13_PNG,new_vehicle_efficiency,ht,km_per_pj,road,freight,ice,all,yearly,national,['avg_eff_no_outliers $ transport_data_system_9th'],1,1058551713.3301452,avg_eff_no_outliers $ transport_data_system_9th,81427054.87154964,single_datapoint,no_comment
10241,2018,13_PNG,turnover_rate,ht,%,road,freight,ice,all,yearly,national,['manually_inputted_data $ guess'],1,0.39,manually_inputted_data $ guess,0.03,single_datapoint,no_comment
10242,2019,13_PNG,new_vehicle_efficiency,ht,km_per_pj,road,freight,ice,all,yearly,national,['avg_eff_no_outliers $ transport_data_system_9th'],1,1058551713.3301452,avg_eff_no_outliers $ transport_data_system_9th,81427054.87154964,single_datapoint,no_comment
10243,2019,13_PNG,turnover_rate,ht,%,road,freight,ice,all,yearly,national,['manually_inputted_data $ guess'],1,0.39,manually_inputted_data $ guess,0.03,single_datapoint,no_comment
10244,2020,13_PNG,new_vehicle_efficiency,ht,km_per_pj,road,freight,ice,all,yearly,national,['avg_eff_no_outliers $ transport_data_system_9th'],1,1058551713.3301452,avg_eff_no_outliers $ transport_data_system_9th,81427054.87154964,single_datapoint,no_comment
10245,2020,13_PNG,turnover_rate,ht,%,road,freight,ice,all,yearly,national,['manually_inputted_data $ guess'],1,0.39,manually_inputted_data $ guess,0.03,single_datapoint,no_comment
10246,2021,13_PNG,new_vehicle_efficiency,ht,km_per_pj,road,freight,ice,all,yearly,national,['avg_eff_no_outliers $ transport_data_system_9th'],1,1058551713.3301452,avg_eff_no_outliers $ transport_data_system_9th,81427054.87154964,single_datapoint,no_comment
10247,2021,13_PNG,turnover_rate,ht,%,road,freight,ice,all,yearly,national,['manually_inputted_data $ guess'],1,0.39,manually_inputted_data $ guess,0.03,single_datapoint,no_comment
10248,2022,13_PNG,new_vehicle_efficiency,ht,km_per_pj,road,freight,ice,all,yearly,national,['avg_eff_no_outliers $ transport_data_system_9th'],1,1058551713.3301452,avg_eff_no_outliers $ transport_data_system_9th,81427054.87154964,single_datapoint,no_comment
10249,2022,13_PNG,turnover_rate,ht,%,road,freight,ice,all,yearly,national,['manually_inputted_data $ guess'],1,0.39,manually_inputted_data $ guess,0.03,single_datapoint,no_comment
10250,2010,13_PNG,new_vehicle_efficiency,ht,km_per_pj,road,freight,lpg,all,yearly,national,['avg_eff_no_outliers $ transport_data_system_9th'],1,1405649677.815799,avg_eff_no_outliers $ transport_data_system_9th,108126898.293523,single_datapoint,no_comment
10251,2010,13_PNG,turnover_rate,ht,%,road,freight,lpg,all,yearly,national,['manually_inputted_data $ guess'],1,0.42,manually_inputted_data $ guess,0.03,manual,no_comment
10252,2011,13_PNG,new_vehicle_efficiency,ht,km_per_pj,road,freight,lpg,all,yearly,national,['avg_eff_no_outliers $ transport_data_system_9th'],1,1405649677.815799,avg_eff_no_outliers $ transport_data_system_9th,108126898.293523,single_datapoint,no_comment
10253,2011,13_PNG,turnover_rate,ht,%,road,freight,lpg,all,yearly,national,['manually_inputted_data $ guess'],1,0.42,manually_inputted_data $ guess,0.03,manual,no_comment
10254,2012,13_PNG,new_vehicle_efficiency,ht,km_per_pj,road,freight,lpg,all,yearly,national,['avg_eff_no_outliers $ transport_data_system_9th'],1,1405649677.815799,avg_eff_no_outliers $ transport_data_system_9th,108126898.293523,single_datapoint,no_comment
10255,2012,13_PNG,turnover_rate,ht,%,road,freight,lpg,all,yearly,national,['manually_inputted_data $ guess'],1,0.42,manually_inputted_data $ guess,0.03,manual,no_comment
10256,2013,13_PNG,new_vehicle_efficiency,ht,km_per_pj,road,freight,lpg,all,yearly,national,['avg_eff_no_outliers $ transport_data_system_9th'],1,1405649677.815799,avg_eff_no_outliers $ transport_data_system_9th,108126898.293523,single_datapoint,no_comment
10257,2013,13_PNG,turnover_rate,ht,%,road,freight,lpg,all,yearly,national,['manually_inputted_data $ guess'],1,0.42,manually_inputted_data $ guess,0.03,manual,no_comment
10258,2014,13_PNG,new_vehicle_efficiency,ht,km_per_pj,road,freight,lpg,all,yearly,national,['avg_eff_no_outliers $ transport_data_system_9th'],1,1405649677.815799,avg_eff_no_outliers $ transport_data_system_9th,108126898.293523,single_datapoint,no_comment
10259,2014,13_PNG,turnover_rate,ht,%,road,freight,lpg,all,yearly,national,['manually_inputted_data $ guess'],1,0.42,manually_inputted_data $ guess,0.03,manual,no_comment
10260,2015,13_PNG,new_vehicle_efficiency,ht,km_per_pj,road,freight,lpg,all,yearly,national,['avg_eff_no_outliers $ transport_data_system_9th'],1,1405649677.815799,avg_eff_no_outliers $ transport_data_system_9th,108126898.293523,single_datapoint,no_comment
10261,2015,13_PNG,turnover_rate,ht,%,road,freight,lpg,all,yearly,national,['manually_inputted_data $ guess'],1,0.42,manually_inputted_data $ guess,0.03,manual,no_comment
10262,2016,13_PNG,new_vehicle_efficiency,ht,km_per_pj,road,freight,lpg,all,yearly,national,['avg_eff_no_outliers $ transport_data_system_9th'],1,1405649677.815799,avg_eff_no_outliers $ transport_data_system_9th,108126898.293523,single_datapoint,no_comment
10263,2016,13_PNG,turnover_rate,ht,%,road,freight,lpg,all,yearly,national,['manually_inputted_data $ guess'],1,0.42,manually_inputted_data $ guess,0.03,manual,no_comment
10264,2017,13_PNG,new_vehicle_efficiency,ht,km_per_pj,road,freight,lpg,all,yearly,national,['avg_eff_no_outliers $ transport_data_system_9th'],1,1405649677.815799,avg_eff_no_outliers $ transport_data_system_9th,108126898.293523,single_datapoint,no_comment
10265,2017,13_PNG,turnover_rate,ht,%,road,freight,lpg,all,yearly,national,"['manually_inputted_data $ guess', 'turnover_rate_est']",2,0.42,manually_inputted_data $ guess,0.03,manual,no_comment
10266,2018,13_PNG,new_vehicle_efficiency,ht,km_per_pj,road,freight,lpg,all,yearly,national,['avg_eff_no_outliers $ transport_data_system_9th'],1,1405649677.815799,avg_eff_no_outliers $ transport_data_system_9th,108126898.293523,single_datapoint,no_comment
10267,2018,13_PNG,turnover_rate,ht,%,road,freight,lpg,all,yearly,national,['manually_inputted_data $ guess'],1,0.42,manually_inputted_data $ guess,0.03,manual,no_comment
10268,2019,13_PNG,new_vehicle_efficiency,ht,km_per_pj,road,freight,lpg,all,yearly,national,['avg_eff_no_outliers $ transport_data_system_9th'],1,1405649677.815799,avg_eff_no_outliers $ transport_data_system_9th,108126898.293523,single_datapoint,no_comment
10269,2019,13_PNG,turnover_rate,ht,%,road,freight,lpg,all,yearly,national,['manually_inputted_data $ guess'],1,0.42,manually_inputted_data $ guess,0.03,manual,no_comment
10270,2020,13_PNG,new_vehicle_efficiency,ht,km_per_pj,road,freight,lpg,all,yearly,national,['avg_eff_no_outliers $ transport_data_system_9th'],1,1405649677.815799,avg_eff_no_outliers $ transport_data_system_9th,108126898.293523,single_datapoint,no_comment
10271,2020,13_PNG,turnover_rate,ht,%,road,freight,lpg,all,yearly,national,['manually_inputted_data $ guess'],1,0.42,manually_inputted_data $ guess,0.03,manual,no_comment
10272,2021,13_PNG,new_vehicle_efficiency,ht,km_per_pj,road,freight,lpg,all,yearly,national,['avg_eff_no_outliers $ transport_data_system_9th'],1,1405649677.815799,avg_eff_no_outliers $ transport_data_system_9th,108126898.293523,single_datapoint,no_comment
10273,2021,13_PNG,turnover_rate,ht,%,road,freight,lpg,all,yearly,national,['manually_inputted_data $ guess'],1,0.42,manually_inputted_data $ guess,0.03,manual,no_comment
10274,2022,13_PNG,new_vehicle_efficiency,ht,km_per_pj,road,freight,lpg,all,yearly,national,['avg_eff_no_outliers $ transport_data_system_9th'],1,1405649677.815799,avg_eff_no_outliers $ transport_data_system_9th,108126898.293523,single_datapoint,no_comment
10275,2022,13_PNG,turnover_rate,ht,%,road,freight,lpg,all,yearly,national,['manually_inputted_data $ guess'],1,0.42,manually_inputted_data $ guess,0.03,manual,no_comment
10276,2010,13_PNG,new_vehicle_efficiency,ldv,km_per_pj,road,freight,bev,all,yearly,national,['avg_eff_no_outliers $ transport_data_system_9th'],1,7200566335.010296,avg_eff_no_outliers $ transport_data_system_9th,553889718.077715,single_datapoint,no_comment
10277,2010,13_PNG,new_vehicle_efficiency,ldv,km_per_pj,road,passenger,bev,all,yearly,national,['avg_eff_no_outliers $ transport_data_system_9th'],1,9901716082.423439,avg_eff_no_outliers $ transport_data_system_9th,761670467.878726,single_datapoint,no_comment
10278,2010,13_PNG,turnover_rate,ldv,%,road,freight,bev,all,yearly,national,['manually_inputted_data $ guess'],1,0.42,manually_inputted_data $ guess,0.03,manual,no_comment
10279,2010,13_PNG,turnover_rate,ldv,%,road,passenger,bev,all,yearly,national,['manually_inputted_data $ guess'],1,0.42,manually_inputted_data $ guess,0.03,manual,no_comment
10280,2011,13_PNG,new_vehicle_efficiency,ldv,km_per_pj,road,freight,bev,all,yearly,national,['avg_eff_no_outliers $ transport_data_system_9th'],1,7200566335.010296,avg_eff_no_outliers $ transport_data_system_9th,553889718.077715,single_datapoint,no_comment
10281,2011,13_PNG,new_vehicle_efficiency,ldv,km_per_pj,road,passenger,bev,all,yearly,national,['avg_eff_no_outliers $ transport_data_system_9th'],1,9901716082.423439,avg_eff_no_outliers $ transport_data_system_9th,761670467.878726,single_datapoint,no_comment
10282,2011,13_PNG,turnover_rate,ldv,%,road,freight,bev,all,yearly,national,['manually_inputted_data $ guess'],1,0.42,manually_inputted_data $ guess,0.03,manual,no_comment
10283,2011,13_PNG,turnover_rate,ldv,%,road,passenger,bev,all,yearly,national,['manually_inputted_data $ guess'],1,0.42,manually_inputted_data $ guess,0.03,manual,no_comment
10284,2012,13_PNG,new_vehicle_efficiency,ldv,km_per_pj,road,freight,bev,all,yearly,national,['avg_eff_no_outliers $ transport_data_system_9th'],1,7200566335.010296,avg_eff_no_outliers $ transport_data_system_9th,553889718.077715,single_datapoint,no_comment
10285,2012,13_PNG,new_vehicle_efficiency,ldv,km_per_pj,road,passenger,bev,all,yearly,national,['avg_eff_no_outliers $ transport_data_system_9th'],1,9901716082.423439,avg_eff_no_outliers $ transport_data_system_9th,761670467.878726,single_datapoint,no_comment
10286,2012,13_PNG,turnover_rate,ldv,%,road,freight,bev,all,yearly,national,['manually_inputted_data $ guess'],1,0.42,manually_inputted_data $ guess,0.03,manual,no_comment
10287,2012,13_PNG,turnover_rate,ldv,%,road,passenger,bev,all,yearly,national,['manually_inputted_data $ guess'],1,0.42,manually_inputted_data $ guess,0.03,manual,no_comment
10288,2013,13_PNG,new_vehicle_efficiency,ldv,km_per_pj,road,freight,bev,all,yearly,national,['avg_eff_no_outliers $ transport_data_system_9th'],1,7200566335.010296,avg_eff_no_outliers $ transport_data_system_9th,553889718.077715,single_datapoint,no_comment
10289,2013,13_PNG,new_vehicle_efficiency,ldv,km_per_pj,road,passenger,bev,all,yearly,national,['avg_eff_no_outliers $ transport_data_system_9th'],1,9901716082.423439,avg_eff_no_outliers $ transport_data_system_9th,761670467.878726,single_datapoint,no_comment
10290,2013,13_PNG,turnover_rate,ldv,%,road,freight,bev,all,yearly,national,['manually_inputted_data $ guess'],1,0.42,manually_inputted_data $ guess,0.03,manual,no_comment
10291,2013,13_PNG,turnover_rate,ldv,%,road,passenger,bev,all,yearly,national,['manually_inputted_data $ guess'],1,0.42,manually_inputted_data $ guess,0.03,manual,no_comment
10292,2014,13_PNG,new_vehicle_efficiency,ldv,km_per_pj,road,freight,bev,all,yearly,national,['avg_eff_no_outliers $ transport_data_system_9th'],1,7200566335.010296,avg_eff_no_outliers $ transport_data_system_9th,553889718.077715,single_datapoint,no_comment
10293,2014,13_PNG,new_vehicle_efficiency,ldv,km_per_pj,road,passenger,bev,all,yearly,national,['avg_eff_no_outliers $ transport_data_system_9th'],1,9901716082.423439,avg_eff_no_outliers $ transport_data_system_9th,761670467.878726,single_datapoint,no_comment
10294,2014,13_PNG,turnover_rate,ldv,%,road,freight,bev,all,yearly,national,['manually_inputted_data $ guess'],1,0.42,manually_inputted_data $ guess,0.03,manual,no_comment
10295,2014,13_PNG,turnover_rate,ldv,%,road,passenger,bev,all,yearly,national,['manually_inputted_data $ guess'],1,0.42,manually_inputted_data $ guess,0.03,manual,no_comment
10296,2015,13_PNG,new_vehicle_efficiency,ldv,km_per_pj,road,freight,bev,all,yearly,national,['avg_eff_no_outliers $ transport_data_system_9th'],1,7200566335.010296,avg_eff_no_outliers $ transport_data_system_9th,553889718.077715,single_datapoint,no_comment
10297,2015,13_PNG,new_vehicle_efficiency,ldv,km_per_pj,road,passenger,bev,all,yearly,national,['avg_eff_no_outliers $ transport_data_system_9th'],1,9901716082.423439,avg_eff_no_outliers $ transport_data_system_9th,761670467.878726,single_datapoint,no_comment
10298,2015,13_PNG,turnover_rate,ldv,%,road,freight,bev,all,yearly,national,['manually_inputted_data $ guess'],1,0.42,manually_inputted_data $ guess,0.03,manual,no_comment
10299,2015,13_PNG,turnover_rate,ldv,%,road,passenger,bev,all,yearly,national,['manually_inputted_data $ guess'],1,0.42,manually_inputted_data $ guess,0.03,manual,no_comment
10300,2016,13_PNG,new_vehicle_efficiency,ldv,km_per_pj,road,freight,bev,all,yearly,national,['avg_eff_no_outliers $ transport_data_system_9th'],1,7200566335.010296,avg_eff_no_outliers $ transport_data_system_9th,553889718.077715,single_datapoint,no_comment
10301,2016,13_PNG,new_vehicle_efficiency,ldv,km_per_pj,road,passenger,bev,all,yearly,national,['avg_eff_no_outliers $ transport_data_system_9th'],1,9901716082.423439,avg_eff_no_outliers $ transport_data_system_9th,761670467.878726,single_datapoint,no_comment
10302,2016,13_PNG,turnover_rate,ldv,%,road,freight,bev,all,yearly,national,['manually_inputted_data $ guess'],1,0.42,manually_inputted_data $ guess,0.03,manual,no_comment
10303,2016,13_PNG,turnover_rate,ldv,%,road,passenger,bev,all,yearly,national,['manually_inputted_data $ guess'],1,0.42,manually_inputted_data $ guess,0.03,manual,no_comment
10304,2017,13_PNG,new_vehicle_efficiency,ldv,km_per_pj,road,freight,bev,all,yearly,national,['avg_eff_no_outliers $ transport_data_system_9th'],1,7200566335.010296,avg_eff_no_outliers $ transport_data_system_9th,553889718.077715,single_datapoint,no_comment
10305,2017,13_PNG,new_vehicle_efficiency,ldv,km_per_pj,road,passenger,bev,all,yearly,national,['avg_eff_no_outliers $ transport_data_system_9th'],1,9901716082.423439,avg_eff_no_outliers $ transport_data_system_9th,761670467.878726,single_datapoint,no_comment
10306,2017,13_PNG,turnover_rate,ldv,%,road,freight,bev,all,yearly,national,"['manually_inputted_data $ guess', 'turnover_rate_est']",2,0.42,manually_inputted_data $ guess,0.03,manual,no_comment
10307,2017,13_PNG,turnover_rate,ldv,%,road,passenger,bev,all,yearly,national,"['manually_inputted_data $ guess', 'turnover_rate_est']",2,0.42,manually_inputted_data $ guess,0.03,manual,no_comment
10308,2018,13_PNG,new_vehicle_efficiency,ldv,km_per_pj,road,freight,bev,all,yearly,national,['avg_eff_no_outliers $ transport_data_system_9th'],1,7200566335.010296,avg_eff_no_outliers $ transport_data_system_9th,553889718.077715,single_datapoint,no_comment
10309,2018,13_PNG,new_vehicle_efficiency,ldv,km_per_pj,road,passenger,bev,all,yearly,national,['avg_eff_no_outliers $ transport_data_system_9th'],1,9901716082.423439,avg_eff_no_outliers $ transport_data_system_9th,761670467.878726,single_datapoint,no_comment
10310,2018,13_PNG,turnover_rate,ldv,%,road,freight,bev,all,yearly,national,['manually_inputted_data $ guess'],1,0.42,manually_inputted_data $ guess,0.03,manual,no_comment
10311,2018,13_PNG,turnover_rate,ldv,%,road,passenger,bev,all,yearly,national,['manually_inputted_data $ guess'],1,0.42,manually_inputted_data $ guess,0.03,manual,no_comment
10312,2019,13_PNG,new_vehicle_efficiency,ldv,km_per_pj,road,freight,bev,all,yearly,national,['avg_eff_no_outliers $ transport_data_system_9th'],1,7200566335.010296,avg_eff_no_outliers $ transport_data_system_9th,553889718.077715,single_datapoint,no_comment
10313,2019,13_PNG,new_vehicle_efficiency,ldv,km_per_pj,road,passenger,bev,all,yearly,national,['avg_eff_no_outliers $ transport_data_system_9th'],1,9901716082.423439,avg_eff_no_outliers $ transport_data_system_9th,761670467.878726,single_datapoint,no_comment
10314,2019,13_PNG,turnover_rate,ldv,%,road,freight,bev,all,yearly,national,['manually_inputted_data $ guess'],1,0.42,manually_inputted_data $ guess,0.03,manual,no_comment
10315,2019,13_PNG,turnover_rate,ldv,%,road,passenger,bev,all,yearly,national,['manually_inputted_data $ guess'],1,0.42,manually_inputted_data $ guess,0.03,manual,no_comment
10316,2020,13_PNG,new_vehicle_efficiency,ldv,km_per_pj,road,freight,bev,all,yearly,national,['avg_eff_no_outliers $ transport_data_system_9th'],1,7200566335.010296,avg_eff_no_outliers $ transport_data_system_9th,553889718.077715,single_datapoint,no_comment
10317,2020,13_PNG,new_vehicle_efficiency,ldv,km_per_pj,road,passenger,bev,all,yearly,national,['avg_eff_no_outliers $ transport_data_system_9th'],1,9901716082.423439,avg_eff_no_outliers $ transport_data_system_9th,761670467.878726,single_datapoint,no_comment
10318,2020,13_PNG,turnover_rate,ldv,%,road,freight,bev,all,yearly,national,['manually_inputted_data $ guess'],1,0.42,manually_inputted_data $ guess,0.03,manual,no_comment
10319,2020,13_PNG,turnover_rate,ldv,%,road,passenger,bev,all,yearly,national,['manually_inputted_data $ guess'],1,0.42,manually_inputted_data $ guess,0.03,manual,no_comment
10320,2021,13_PNG,new_vehicle_efficiency,ldv,km_per_pj,road,freight,bev,all,yearly,national,['avg_eff_no_outliers $ transport_data_system_9th'],1,7200566335.010296,avg_eff_no_outliers $ transport_data_system_9th,553889718.077715,single_datapoint,no_comment
10321,2021,13_PNG,new_vehicle_efficiency,ldv,km_per_pj,road,passenger,bev,all,yearly,national,['avg_eff_no_outliers $ transport_data_system_9th'],1,9901716082.423439,avg_eff_no_outliers $ transport_data_system_9th,761670467.878726,single_datapoint,no_comment
10322,2021,13_PNG,turnover_rate,ldv,%,road,freight,bev,all,yearly,national,['manually_inputted_data $ guess'],1,0.42,manually_inputted_data $ guess,0.03,manual,no_comment
10323,2021,13_PNG,turnover_rate,ldv,%,road,passenger,bev,all,yearly,national,['manually_inputted_data $ guess'],1,0.42,manually_inputted_data $ guess,0.03,manual,no_comment
10324,2022,13_PNG,new_vehicle_efficiency,ldv,km_per_pj,road,freight,bev,all,yearly,national,['avg_eff_no_outliers $ transport_data_system_9th'],1,7200566335.010296,avg_eff_no_outliers $ transport_data_system_9th,553889718.077715,single_datapoint,no_comment
10325,2022,13_PNG,new_vehicle_efficiency,ldv,km_per_pj,road,passenger,bev,all,yearly,national,['avg_eff_no_outliers $ transport_data_system_9th'],1,9901716082.423439,avg_eff_no_outliers $ transport_data_system_9th,761670467.878726,single_datapoint,no_comment
10326,2022,13_PNG,turnover_rate,ldv,%,road,freight,bev,all,yearly,national,['manually_inputted_data $ guess'],1,0.42,manually_inputted_data $ guess,0.03,manual,no_comment
10327,2022,13_PNG,turnover_rate,ldv,%,road,passenger,bev,all,yearly,national,['manually_inputted_data $ guess'],1,0.42,manually_inputted_data $ guess,0.03,manual,no_comment
10328,2010,13_PNG,new_vehicle_efficiency,ldv,km_per_pj,road,freight,cng,all,yearly,national,['avg_eff_no_outliers $ transport_data_system_9th'],1,7214767129.708009,avg_eff_no_outliers $ transport_data_system_9th,554982086.900616,single_datapoint,no_comment
10329,2010,13_PNG,new_vehicle_efficiency,ldv,km_per_pj,road,passenger,cng,all,yearly,national,['avg_eff_no_outliers $ transport_data_system_9th'],1,5429169522.90635,avg_eff_no_outliers $ transport_data_system_9th,417628424.83895,single_datapoint,no_comment
10330,2010,13_PNG,turnover_rate,ldv,%,road,freight,cng,all,yearly,national,['manually_inputted_data $ guess'],1,0.42,manually_inputted_data $ guess,0.03,manual,no_comment
10331,2010,13_PNG,turnover_rate,ldv,%,road,passenger,cng,all,yearly,national,['manually_inputted_data $ guess'],1,0.42,manually_inputted_data $ guess,0.03,manual,no_comment
10332,2011,13_PNG,new_vehicle_efficiency,ldv,km_per_pj,road,freight,cng,all,yearly,national,['avg_eff_no_outliers $ transport_data_system_9th'],1,7214767129.708009,avg_eff_no_outliers $ transport_data_system_9th,554982086.900616,single_datapoint,no_comment
10333,2011,13_PNG,new_vehicle_efficiency,ldv,km_per_pj,road,passenger,cng,all,yearly,national,['avg_eff_no_outliers $ transport_data_system_9th'],1,5429169522.90635,avg_eff_no_outliers $ transport_data_system_9th,417628424.83895,single_datapoint,no_comment
10334,2011,13_PNG,turnover_rate,ldv,%,road,freight,cng,all,yearly,national,['manually_inputted_data $ guess'],1,0.42,manually_inputted_data $ guess,0.03,manual,no_comment
10335,2011,13_PNG,turnover_rate,ldv,%,road,passenger,cng,all,yearly,national,['manually_inputted_data $ guess'],1,0.42,manually_inputted_data $ guess,0.03,manual,no_comment
10336,2012,13_PNG,new_vehicle_efficiency,ldv,km_per_pj,road,freight,cng,all,yearly,national,['avg_eff_no_outliers $ transport_data_system_9th'],1,7214767129.708009,avg_eff_no_outliers $ transport_data_system_9th,554982086.900616,single_datapoint,no_comment
10337,2012,13_PNG,new_vehicle_efficiency,ldv,km_per_pj,road,passenger,cng,all,yearly,national,['avg_eff_no_outliers $ transport_data_system_9th'],1,5429169522.90635,avg_eff_no_outliers $ transport_data_system_9th,417628424.83895,single_datapoint,no_comment
10338,2012,13_PNG,turnover_rate,ldv,%,road,freight,cng,all,yearly,national,['manually_inputted_data $ guess'],1,0.42,manually_inputted_data $ guess,0.03,manual,no_comment
10339,2012,13_PNG,turnover_rate,ldv,%,road,passenger,cng,all,yearly,national,['manually_inputted_data $ guess'],1,0.42,manually_inputted_data $ guess,0.03,manual,no_comment
10340,2013,13_PNG,new_vehicle_efficiency,ldv,km_per_pj,road,freight,cng,all,yearly,national,['avg_eff_no_outliers $ transport_data_system_9th'],1,7214767129.708009,avg_eff_no_outliers $ transport_data_system_9th,554982086.900616,single_datapoint,no_comment
10341,2013,13_PNG,new_vehicle_efficiency,ldv,km_per_pj,road,passenger,cng,all,yearly,national,['avg_eff_no_outliers $ transport_data_system_9th'],1,5429169522.90635,avg_eff_no_outliers $ transport_data_system_9th,417628424.83895,single_datapoint,no_comment
10342,2013,13_PNG,turnover_rate,ldv,%,road,freight,cng,all,yearly,national,['manually_inputted_data $ guess'],1,0.42,manually_inputted_data $ guess,0.03,manual,no_comment
10343,2013,13_PNG,turnover_rate,ldv,%,road,passenger,cng,all,yearly,national,['manually_inputted_data $ guess'],1,0.42,manually_inputted_data $ guess,0.03,manual,no_comment
10344,2014,13_PNG,new_vehicle_efficiency,ldv,km_per_pj,road,freight,cng,all,yearly,national,['avg_eff_no_outliers $ transport_data_system_9th'],1,7214767129.708009,avg_eff_no_outliers $ transport_data_system_9th,554982086.900616,single_datapoint,no_comment
10345,2014,13_PNG,new_vehicle_efficiency,ldv,km_per_pj,road,passenger,cng,all,yearly,national,['avg_eff_no_outliers $ transport_data_system_9th'],1,5429169522.90635,avg_eff_no_outliers $ transport_data_system_9th,417628424.83895,single_datapoint,no_comment
10346,2014,13_PNG,turnover_rate,ldv,%,road,freight,cng,all,yearly,national,['manually_inputted_data $ guess'],1,0.42,manually_inputted_data $ guess,0.03,manual,no_comment
10347,2014,13_PNG,turnover_rate,ldv,%,road,passenger,cng,all,yearly,national,['manually_inputted_data $ guess'],1,0.42,manually_inputted_data $ guess,0.03,manual,no_comment
10348,2015,13_PNG,new_vehicle_efficiency,ldv,km_per_pj,road,freight,cng,all,yearly,national,['avg_eff_no_outliers $ transport_data_system_9th'],1,7214767129.708009,avg_eff_no_outliers $ transport_data_system_9th,554982086.900616,single_datapoint,no_comment
10349,2015,13_PNG,new_vehicle_efficiency,ldv,km_per_pj,road,passenger,cng,all,yearly,national,['avg_eff_no_outliers $ transport_data_system_9th'],1,5429169522.90635,avg_eff_no_outliers $ transport_data_system_9th,417628424.83895,single_datapoint,no_comment
10350,2015,13_PNG,turnover_rate,ldv,%,road,freight,cng,all,yearly,national,['manually_inputted_data $ guess'],1,0.42,manually_inputted_data $ guess,0.03,manual,no_comment
10351,2015,13_PNG,turnover_rate,ldv,%,road,passenger,cng,all,yearly,national,['manually_inputted_data $ guess'],1,0.42,manually_inputted_data $ guess,0.03,manual,no_comment
10352,2016,13_PNG,new_vehicle_efficiency,ldv,km_per_pj,road,freight,cng,all,yearly,national,['avg_eff_no_outliers $ transport_data_system_9th'],1,7214767129.708009,avg_eff_no_outliers $ transport_data_system_9th,554982086.900616,single_datapoint,no_comment
10353,2016,13_PNG,new_vehicle_efficiency,ldv,km_per_pj,road,passenger,cng,all,yearly,national,['avg_eff_no_outliers $ transport_data_system_9th'],1,5429169522.90635,avg_eff_no_outliers $ transport_data_system_9th,417628424.83895,single_datapoint,no_comment
10354,2016,13_PNG,turnover_rate,ldv,%,road,freight,cng,all,yearly,national,['manually_inputted_data $ guess'],1,0.42,manually_inputted_data $ guess,0.03,manual,no_comment
10355,2016,13_PNG,turnover_rate,ldv,%,road,passenger,cng,all,yearly,national,['manually_inputted_data $ guess'],1,0.42,manually_inputted_data $ guess,0.03,manual,no_comment
10356,2017,13_PNG,new_vehicle_efficiency,ldv,km_per_pj,road,freight,cng,all,yearly,national,['avg_eff_no_outliers $ transport_data_system_9th'],1,7214767129.708009,avg_eff_no_outliers $ transport_data_system_9th,554982086.900616,single_datapoint,no_comment
10357,2017,13_PNG,new_vehicle_efficiency,ldv,km_per_pj,road,passenger,cng,all,yearly,national,['avg_eff_no_outliers $ transport_data_system_9th'],1,5429169522.90635,avg_eff_no_outliers $ transport_data_system_9th,417628424.83895,single_datapoint,no_comment
10358,2017,13_PNG,turnover_rate,ldv,%,road,freight,cng,all,yearly,national,"['manually_inputted_data $ guess', 'turnover_rate_est']",2,0.42,manually_inputted_data $ guess,0.03,manual,no_comment
10359,2017,13_PNG,turnover_rate,ldv,%,road,passenger,cng,all,yearly,national,"['manually_inputted_data $ guess', 'turnover_rate_est']",2,0.42,manually_inputted_data $ guess,0.03,manual,no_comment
10360,2018,13_PNG,new_vehicle_efficiency,ldv,km_per_pj,road,freight,cng,all,yearly,national,['avg_eff_no_outliers $ transport_data_system_9th'],1,7214767129.708009,avg_eff_no_outliers $ transport_data_system_9th,554982086.900616,single_datapoint,no_comment
10361,2018,13_PNG,new_vehicle_efficiency,ldv,km_per_pj,road,passenger,cng,all,yearly,national,['avg_eff_no_outliers $ transport_data_system_9th'],1,5429169522.90635,avg_eff_no_outliers $ transport_data_system_9th,417628424.83895,single_datapoint,no_comment
10362,2018,13_PNG,turnover_rate,ldv,%,road,freight,cng,all,yearly,national,['manually_inputted_data $ guess'],1,0.42,manually_inputted_data $ guess,0.03,manual,no_comment
10363,2018,13_PNG,turnover_rate,ldv,%,road,passenger,cng,all,yearly,national,['manually_inputted_data $ guess'],1,0.42,manually_inputted_data $ guess,0.03,manual,no_comment
10364,2019,13_PNG,new_vehicle_efficiency,ldv,km_per_pj,road,freight,cng,all,yearly,national,['avg_eff_no_outliers $ transport_data_system_9th'],1,7214767129.708009,avg_eff_no_outliers $ transport_data_system_9th,554982086.900616,single_datapoint,no_comment
10365,2019,13_PNG,new_vehicle_efficiency,ldv,km_per_pj,road,passenger,cng,all,yearly,national,['avg_eff_no_outliers $ transport_data_system_9th'],1,5429169522.90635,avg_eff_no_outliers $ transport_data_system_9th,417628424.83895,single_datapoint,no_comment
10366,2019,13_PNG,turnover_rate,ldv,%,road,freight,cng,all,yearly,national,['manually_inputted_data $ guess'],1,0.42,manually_inputted_data $ guess,0.03,manual,no_comment
10367,2019,13_PNG,turnover_rate,ldv,%,road,passenger,cng,all,yearly,national,['manually_inputted_data $ guess'],1,0.42,manually_inputted_data $ guess,0.03,manual,no_comment
10368,2020,13_PNG,new_vehicle_efficiency,ldv,km_per_pj,road,freight,cng,all,yearly,national,['avg_eff_no_outliers $ transport_data_system_9th'],1,7214767129.708009,avg_eff_no_outliers $ transport_data_system_9th,554982086.900616,single_datapoint,no_comment
10369,2020,13_PNG,new_vehicle_efficiency,ldv,km_per_pj,road,passenger,cng,all,yearly,national,['avg_eff_no_outliers $ transport_data_system_9th'],1,5429169522.90635,avg_eff_no_outliers $ transport_data_system_9th,417628424.83895,single_datapoint,no_comment
10370,2020,13_PNG,turnover_rate,ldv,%,road,freight,cng,all,yearly,national,['manually_inputted_data $ guess'],1,0.42,manually_inputted_data $ guess,0.03,manual,no_comment
10371,2020,13_PNG,turnover_rate,ldv,%,road,passenger,cng,all,yearly,national,['manually_inputted_data $ guess'],1,0.42,manually_inputted_data $ guess,0.03,manual,no_comment
10372,2021,13_PNG,new_vehicle_efficiency,ldv,km_per_pj,road,freight,cng,all,yearly,national,['avg_eff_no_outliers $ transport_data_system_9th'],1,7214767129.708009,avg_eff_no_outliers $ transport_data_system_9th,554982086.900616,single_datapoint,no_comment
10373,2021,13_PNG,new_vehicle_efficiency,ldv,km_per_pj,road,passenger,cng,all,yearly,national,['avg_eff_no_outliers $ transport_data_system_9th'],1,5429169522.90635,avg_eff_no_outliers $ transport_data_system_9th,417628424.83895,single_datapoint,no_comment
10374,2021,13_PNG,turnover_rate,ldv,%,road,freight,cng,all,yearly,national,['manually_inputted_data $ guess'],1,0.42,manually_inputted_data $ guess,0.03,manual,no_comment
10375,2021,13_PNG,turnover_rate,ldv,%,road,passenger,cng,all,yearly,national,['manually_inputted_data $ guess'],1,0.42,manually_inputted_data $ guess,0.03,manual,no_comment
10376,2022,13_PNG,new_vehicle_efficiency,ldv,km_per_pj,road,freight,cng,all,yearly,national,['avg_eff_no_outliers $ transport_data_system_9th'],1,7214767129.708009,avg_eff_no_outliers $ transport_data_system_9th,554982086.900616,single_datapoint,no_comment
10377,2022,13_PNG,new_vehicle_efficiency,ldv,km_per_pj,road,passenger,cng,all,yearly,national,['avg_eff_no_outliers $ transport_data_system_9th'],1,5429169522.90635,avg_eff_no_outliers $ transport_data_system_9th,417628424.83895,single_datapoint,no_comment
10378,2022,13_PNG,turnover_rate,ldv,%,road,freight,cng,all,yearly,national,['manually_inputted_data $ guess'],1,0.42,manually_inputted_data $ guess,0.03,manual,no_comment
10379,2022,13_PNG,turnover_rate,ldv,%,road,passenger,cng,all,yearly,national,['manually_inputted_data $ guess'],1,0.42,manually_inputted_data $ guess,0.03,manual,no_comment
10380,2010,13_PNG,new_vehicle_efficiency,ldv,km_per_pj,road,passenger,fcev,all,yearly,national,['avg_eff_no_outliers $ transport_data_system_9th'],1,1469603353.601357,avg_eff_no_outliers $ transport_data_system_9th,113046411.815489,single_datapoint,no_comment
10381,2010,13_PNG,turnover_rate,ldv,%,road,passenger,fcev,all,yearly,national,['manually_inputted_data $ guess'],1,0.42,manually_inputted_data $ guess,0.03,manual,no_comment
10382,2011,13_PNG,new_vehicle_efficiency,ldv,km_per_pj,road,passenger,fcev,all,yearly,national,['avg_eff_no_outliers $ transport_data_system_9th'],1,1469603353.601357,avg_eff_no_outliers $ transport_data_system_9th,113046411.815489,single_datapoint,no_comment
10383,2011,13_PNG,turnover_rate,ldv,%,road,passenger,fcev,all,yearly,national,['manually_inputted_data $ guess'],1,0.42,manually_inputted_data $ guess,0.03,manual,no_comment
10384,2012,13_PNG,new_vehicle_efficiency,ldv,km_per_pj,road,passenger,fcev,all,yearly,national,['avg_eff_no_outliers $ transport_data_system_9th'],1,1469603353.601357,avg_eff_no_outliers $ transport_data_system_9th,113046411.815489,single_datapoint,no_comment
10385,2012,13_PNG,turnover_rate,ldv,%,road,passenger,fcev,all,yearly,national,['manually_inputted_data $ guess'],1,0.42,manually_inputted_data $ guess,0.03,manual,no_comment
10386,2013,13_PNG,new_vehicle_efficiency,ldv,km_per_pj,road,passenger,fcev,all,yearly,national,['avg_eff_no_outliers $ transport_data_system_9th'],1,1469603353.601357,avg_eff_no_outliers $ transport_data_system_9th,113046411.815489,single_datapoint,no_comment
10387,2013,13_PNG,turnover_rate,ldv,%,road,passenger,fcev,all,yearly,national,['manually_inputted_data $ guess'],1,0.42,manually_inputted_data $ guess,0.03,manual,no_comment
10388,2014,13_PNG,new_vehicle_efficiency,ldv,km_per_pj,road,passenger,fcev,all,yearly,national,['avg_eff_no_outliers $ transport_data_system_9th'],1,1469603353.601357,avg_eff_no_outliers $ transport_data_system_9th,113046411.815489,single_datapoint,no_comment
10389,2014,13_PNG,turnover_rate,ldv,%,road,passenger,fcev,all,yearly,national,['manually_inputted_data $ guess'],1,0.42,manually_inputted_data $ guess,0.03,manual,no_comment
10390,2015,13_PNG,new_vehicle_efficiency,ldv,km_per_pj,road,passenger,fcev,all,yearly,national,['avg_eff_no_outliers $ transport_data_system_9th'],1,1469603353.601357,avg_eff_no_outliers $ transport_data_system_9th,113046411.815489,single_datapoint,no_comment
10391,2015,13_PNG,turnover_rate,ldv,%,road,passenger,fcev,all,yearly,national,['manually_inputted_data $ guess'],1,0.42,manually_inputted_data $ guess,0.03,manual,no_comment
10392,2016,13_PNG,new_vehicle_efficiency,ldv,km_per_pj,road,passenger,fcev,all,yearly,national,['avg_eff_no_outliers $ transport_data_system_9th'],1,1469603353.601357,avg_eff_no_outliers $ transport_data_system_9th,113046411.815489,single_datapoint,no_comment
10393,2016,13_PNG,turnover_rate,ldv,%,road,passenger,fcev,all,yearly,national,['manually_inputted_data $ guess'],1,0.42,manually_inputted_data $ guess,0.03,manual,no_comment
10394,2017,13_PNG,new_vehicle_efficiency,ldv,km_per_pj,road,passenger,fcev,all,yearly,national,['avg_eff_no_outliers $ transport_data_system_9th'],1,1469603353.601357,avg_eff_no_outliers $ transport_data_system_9th,113046411.815489,single_datapoint,no_comment
10395,2017,13_PNG,turnover_rate,ldv,%,road,freight,fcev,all,yearly,national,['turnover_rate_est'],1,0.03,turnover_rate_est,0.03,single_datapoint,no_comment
10396,2017,13_PNG,turnover_rate,ldv,%,road,passenger,fcev,all,yearly,national,"['manually_inputted_data $ guess', 'turnover_rate_est']",2,0.42,manually_inputted_data $ guess,0.03,manual,no_comment
10397,2018,13_PNG,new_vehicle_efficiency,ldv,km_per_pj,road,passenger,fcev,all,yearly,national,['avg_eff_no_outliers $ transport_data_system_9th'],1,1469603353.601357,avg_eff_no_outliers $ transport_data_system_9th,113046411.815489,single_datapoint,no_comment
10398,2018,13_PNG,turnover_rate,ldv,%,road,passenger,fcev,all,yearly,national,['manually_inputted_data $ guess'],1,0.42,manually_inputted_data $ guess,0.03,manual,no_comment
10399,2019,13_PNG,new_vehicle_efficiency,ldv,km_per_pj,road,passenger,fcev,all,yearly,national,['avg_eff_no_outliers $ transport_data_system_9th'],1,1469603353.601357,avg_eff_no_outliers $ transport_data_system_9th,113046411.815489,single_datapoint,no_comment
10400,2019,13_PNG,turnover_rate,ldv,%,road,passenger,fcev,all,yearly,national,['manually_inputted_data $ guess'],1,0.42,manually_inputted_data $ guess,0.03,manual,no_comment
10401,2020,13_PNG,new_vehicle_efficiency,ldv,km_per_pj,road,passenger,fcev,all,yearly,national,['avg_eff_no_outliers $ transport_data_system_9th'],1,1469603353.601357,avg_eff_no_outliers $ transport_data_system_9th,113046411.815489,single_datapoint,no_comment
10402,2020,13_PNG,turnover_rate,ldv,%,road,passenger,fcev,all,yearly,national,['manually_inputted_data $ guess'],1,0.42,manually_inputted_data $ guess,0.03,manual,no_comment
10403,2021,13_PNG,new_vehicle_efficiency,ldv,km_per_pj,road,passenger,fcev,all,yearly,national,['avg_eff_no_outliers $ transport_data_system_9th'],1,1469603353.601357,avg_eff_no_outliers $ transport_data_system_9th,113046411.815489,single_datapoint,no_comment
10404,2021,13_PNG,turnover_rate,ldv,%,road,passenger,fcev,all,yearly,national,['manually_inputted_data $ guess'],1,0.42,manually_inputted_data $ guess,0.03,manual,no_comment
10405,2022,13_PNG,new_vehicle_efficiency,ldv,km_per_pj,road,passenger,fcev,all,yearly,national,['avg_eff_no_outliers $ transport_data_system_9th'],1,1469603353.601357,avg_eff_no_outliers $ transport_data_system_9th,113046411.815489,single_datapoint,no_comment
10406,2022,13_PNG,turnover_rate,ldv,%,road,passenger,fcev,all,yearly,national,['manually_inputted_data $ guess'],1,0.42,manually_inputted_data $ guess,0.03,manual,no_comment
10407,2010,13_PNG,new_vehicle_efficiency,ldv,km_per_pj,road,freight,ice,all,yearly,national,['avg_eff_no_outliers $ transport_data_system_9th'],1,4776513034.843043,avg_eff_no_outliers $ transport_data_system_9th,367424079.603311,single_datapoint,no_comment
10408,2010,13_PNG,new_vehicle_efficiency,ldv,km_per_pj,road,passenger,ice,all,yearly,national,['avg_eff_no_outliers $ transport_data_system_9th'],1,3086802010.889935,avg_eff_no_outliers $ transport_data_system_9th,237446308.529995,single_datapoint,no_comment
10409,2010,13_PNG,turnover_rate,ldv,%,road,freight,ice,all,yearly,national,['manually_inputted_data $ guess'],1,0.39,manually_inputted_data $ guess,0.03,single_datapoint,no_comment
10410,2010,13_PNG,turnover_rate,ldv,%,road,passenger,ice,all,yearly,national,['manually_inputted_data $ guess'],1,0.39,manually_inputted_data $ guess,0.03,single_datapoint,no_comment
10411,2011,13_PNG,new_vehicle_efficiency,ldv,km_per_pj,road,freight,ice,all,yearly,national,['avg_eff_no_outliers $ transport_data_system_9th'],1,4776513034.843043,avg_eff_no_outliers $ transport_data_system_9th,367424079.603311,single_datapoint,no_comment
10412,2011,13_PNG,new_vehicle_efficiency,ldv,km_per_pj,road,passenger,ice,all,yearly,national,['avg_eff_no_outliers $ transport_data_system_9th'],1,3086802010.889935,avg_eff_no_outliers $ transport_data_system_9th,237446308.529995,single_datapoint,no_comment
10413,2011,13_PNG,turnover_rate,ldv,%,road,freight,ice,all,yearly,national,['manually_inputted_data $ guess'],1,0.39,manually_inputted_data $ guess,0.03,single_datapoint,no_comment
10414,2011,13_PNG,turnover_rate,ldv,%,road,passenger,ice,all,yearly,national,['manually_inputted_data $ guess'],1,0.39,manually_inputted_data $ guess,0.03,single_datapoint,no_comment
10415,2012,13_PNG,new_vehicle_efficiency,ldv,km_per_pj,road,freight,ice,all,yearly,national,['avg_eff_no_outliers $ transport_data_system_9th'],1,4776513034.843043,avg_eff_no_outliers $ transport_data_system_9th,367424079.603311,single_datapoint,no_comment
10416,2012,13_PNG,new_vehicle_efficiency,ldv,km_per_pj,road,passenger,ice,all,yearly,national,['avg_eff_no_outliers $ transport_data_system_9th'],1,3086802010.889935,avg_eff_no_outliers $ transport_data_system_9th,237446308.529995,single_datapoint,no_comment
10417,2012,13_PNG,turnover_rate,ldv,%,road,freight,ice,all,yearly,national,['manually_inputted_data $ guess'],1,0.39,manually_inputted_data $ guess,0.03,single_datapoint,no_comment
10418,2012,13_PNG,turnover_rate,ldv,%,road,passenger,ice,all,yearly,national,['manually_inputted_data $ guess'],1,0.39,manually_inputted_data $ guess,0.03,single_datapoint,no_comment
10419,2013,13_PNG,new_vehicle_efficiency,ldv,km_per_pj,road,freight,ice,all,yearly,national,['avg_eff_no_outliers $ transport_data_system_9th'],1,4776513034.843043,avg_eff_no_outliers $ transport_data_system_9th,367424079.603311,single_datapoint,no_comment
10420,2013,13_PNG,new_vehicle_efficiency,ldv,km_per_pj,road,passenger,ice,all,yearly,national,['avg_eff_no_outliers $ transport_data_system_9th'],1,3086802010.889935,avg_eff_no_outliers $ transport_data_system_9th,237446308.529995,single_datapoint,no_comment
10421,2013,13_PNG,turnover_rate,ldv,%,road,freight,ice,all,yearly,national,['manually_inputted_data $ guess'],1,0.39,manually_inputted_data $ guess,0.03,single_datapoint,no_comment
10422,2013,13_PNG,turnover_rate,ldv,%,road,passenger,ice,all,yearly,national,['manually_inputted_data $ guess'],1,0.39,manually_inputted_data $ guess,0.03,single_datapoint,no_comment
10423,2014,13_PNG,new_vehicle_efficiency,ldv,km_per_pj,road,freight,ice,all,yearly,national,['avg_eff_no_outliers $ transport_data_system_9th'],1,4776513034.843043,avg_eff_no_outliers $ transport_data_system_9th,367424079.603311,single_datapoint,no_comment
10424,2014,13_PNG,new_vehicle_efficiency,ldv,km_per_pj,road,passenger,ice,all,yearly,national,['avg_eff_no_outliers $ transport_data_system_9th'],1,3086802010.889935,avg_eff_no_outliers $ transport_data_system_9th,237446308.529995,single_datapoint,no_comment
10425,2014,13_PNG,turnover_rate,ldv,%,road,freight,ice,all,yearly,national,['manually_inputted_data $ guess'],1,0.39,manually_inputted_data $ guess,0.03,single_datapoint,no_comment
10426,2014,13_PNG,turnover_rate,ldv,%,road,passenger,ice,all,yearly,national,['manually_inputted_data $ guess'],1,0.39,manually_inputted_data $ guess,0.03,single_datapoint,no_comment
10427,2015,13_PNG,new_vehicle_efficiency,ldv,km_per_pj,road,freight,ice,all,yearly,national,['avg_eff_no_outliers $ transport_data_system_9th'],1,4776513034.843043,avg_eff_no_outliers $ transport_data_system_9th,367424079.603311,single_datapoint,no_comment
10428,2015,13_PNG,new_vehicle_efficiency,ldv,km_per_pj,road,passenger,ice,all,yearly,national,['avg_eff_no_outliers $ transport_data_system_9th'],1,3086802010.889935,avg_eff_no_outliers $ transport_data_system_9th,237446308.529995,single_datapoint,no_comment
10429,2015,13_PNG,turnover_rate,ldv,%,road,freight,ice,all,yearly,national,['manually_inputted_data $ guess'],1,0.39,manually_inputted_data $ guess,0.03,single_datapoint,no_comment
10430,2015,13_PNG,turnover_rate,ldv,%,road,passenger,ice,all,yearly,national,['manually_inputted_data $ guess'],1,0.39,manually_inputted_data $ guess,0.03,single_datapoint,no_comment
10431,2016,13_PNG,new_vehicle_efficiency,ldv,km_per_pj,road,freight,ice,all,yearly,national,['avg_eff_no_outliers $ transport_data_system_9th'],1,4776513034.843043,avg_eff_no_outliers $ transport_data_system_9th,367424079.603311,single_datapoint,no_comment
10432,2016,13_PNG,new_vehicle_efficiency,ldv,km_per_pj,road,passenger,ice,all,yearly,national,['avg_eff_no_outliers $ transport_data_system_9th'],1,3086802010.889935,avg_eff_no_outliers $ transport_data_system_9th,237446308.529995,single_datapoint,no_comment
10433,2016,13_PNG,turnover_rate,ldv,%,road,freight,ice,all,yearly,national,['manually_inputted_data $ guess'],1,0.39,manually_inputted_data $ guess,0.03,single_datapoint,no_comment
10434,2016,13_PNG,turnover_rate,ldv,%,road,passenger,ice,all,yearly,national,['manually_inputted_data $ guess'],1,0.39,manually_inputted_data $ guess,0.03,single_datapoint,no_comment
10435,2017,13_PNG,activity,ldv,passenger_km_or_freight_tonne_km,road,freight,ice,all,yearly,national,['estimated $ calculate_energy_and_activity()'],1,55669800.0,estimated $ calculate_energy_and_activity(),55669800.0,single_datapoint,no_comment
10436,2017,13_PNG,activity,ldv,passenger_km_or_freight_tonne_km,road,passenger,ice,all,yearly,national,['estimated $ calculate_energy_and_activity()'],1,4346505000.0,estimated $ calculate_energy_and_activity(),4346505000.0,single_datapoint,no_comment
10437,2017,13_PNG,energy,ldv,pj,road,freight,ice,all,yearly,national,['estimated $ calculate_energy_and_activity()'],1,0.6063153047427055,estimated $ calculate_energy_and_activity(),0.6063153047427055,single_datapoint,no_comment
10438,2017,13_PNG,energy,ldv,pj,road,passenger,ice,all,yearly,national,['estimated $ calculate_energy_and_activity()'],1,8.329968162728806,estimated $ calculate_energy_and_activity(),8.329968162728806,single_datapoint,no_comment
10439,2017,13_PNG,new_vehicle_efficiency,ldv,km_per_pj,road,freight,ice,all,yearly,national,['avg_eff_no_outliers $ transport_data_system_9th'],1,4776513034.843043,avg_eff_no_outliers $ transport_data_system_9th,367424079.603311,single_datapoint,no_comment
10440,2017,13_PNG,new_vehicle_efficiency,ldv,km_per_pj,road,passenger,ice,all,yearly,national,['avg_eff_no_outliers $ transport_data_system_9th'],1,3086802010.889935,avg_eff_no_outliers $ transport_data_system_9th,237446308.529995,single_datapoint,no_comment
10441,2017,13_PNG,travel_km,ldv,km,road,freight,ice,all,yearly,national,['estimated $ calculate_energy_and_activity()'],1,152520000.0,estimated $ calculate_energy_and_activity(),152520000.0,single_datapoint,no_comment
10442,2017,13_PNG,travel_km,ldv,km,road,passenger,ice,all,yearly,national,['estimated $ calculate_energy_and_activity()'],1,2897670000.0,estimated $ calculate_energy_and_activity(),2897670000.0,single_datapoint,no_comment
10443,2017,13_PNG,turnover_rate,ldv,%,road,freight,ice,all,yearly,national,['manually_inputted_data $ guess'],1,0.39,manually_inputted_data $ guess,0.03,single_datapoint,no_comment
10444,2017,13_PNG,turnover_rate,ldv,%,road,passenger,ice,all,yearly,national,['manually_inputted_data $ guess'],1,0.39,manually_inputted_data $ guess,0.03,single_datapoint,no_comment
10445,2018,13_PNG,new_vehicle_efficiency,ldv,km_per_pj,road,freight,ice,all,yearly,national,['avg_eff_no_outliers $ transport_data_system_9th'],1,4776513034.843043,avg_eff_no_outliers $ transport_data_system_9th,367424079.603311,single_datapoint,no_comment
10446,2018,13_PNG,new_vehicle_efficiency,ldv,km_per_pj,road,passenger,ice,all,yearly,national,['avg_eff_no_outliers $ transport_data_system_9th'],1,3086802010.889935,avg_eff_no_outliers $ transport_data_system_9th,237446308.529995,single_datapoint,no_comment
10447,2018,13_PNG,turnover_rate,ldv,%,road,freight,ice,all,yearly,national,['manually_inputted_data $ guess'],1,0.39,manually_inputted_data $ guess,0.03,single_datapoint,no_comment
10448,2018,13_PNG,turnover_rate,ldv,%,road,passenger,ice,all,yearly,national,['manually_inputted_data $ guess'],1,0.39,manually_inputted_data $ guess,0.03,single_datapoint,no_comment
10449,2019,13_PNG,new_vehicle_efficiency,ldv,km_per_pj,road,freight,ice,all,yearly,national,['avg_eff_no_outliers $ transport_data_system_9th'],1,4776513034.843043,avg_eff_no_outliers $ transport_data_system_9th,367424079.603311,single_datapoint,no_comment
10450,2019,13_PNG,new_vehicle_efficiency,ldv,km_per_pj,road,passenger,ice,all,yearly,national,['avg_eff_no_outliers $ transport_data_system_9th'],1,3086802010.889935,avg_eff_no_outliers $ transport_data_system_9th,237446308.529995,single_datapoint,no_comment
10451,2019,13_PNG,turnover_rate,ldv,%,road,freight,ice,all,yearly,national,['manually_inputted_data $ guess'],1,0.39,manually_inputted_data $ guess,0.03,single_datapoint,no_comment
10452,2019,13_PNG,turnover_rate,ldv,%,road,passenger,ice,all,yearly,national,['manually_inputted_data $ guess'],1,0.39,manually_inputted_data $ guess,0.03,single_datapoint,no_comment
10453,2020,13_PNG,new_vehicle_efficiency,ldv,km_per_pj,road,freight,ice,all,yearly,national,['avg_eff_no_outliers $ transport_data_system_9th'],1,4776513034.843043,avg_eff_no_outliers $ transport_data_system_9th,367424079.603311,single_datapoint,no_comment
10454,2020,13_PNG,new_vehicle_efficiency,ldv,km_per_pj,road,passenger,ice,all,yearly,national,['avg_eff_no_outliers $ transport_data_system_9th'],1,3086802010.889935,avg_eff_no_outliers $ transport_data_system_9th,237446308.529995,single_datapoint,no_comment
10455,2020,13_PNG,turnover_rate,ldv,%,road,freight,ice,all,yearly,national,['manually_inputted_data $ guess'],1,0.39,manually_inputted_data $ guess,0.03,single_datapoint,no_comment
10456,2020,13_PNG,turnover_rate,ldv,%,road,passenger,ice,all,yearly,national,['manually_inputted_data $ guess'],1,0.39,manually_inputted_data $ guess,0.03,single_datapoint,no_comment
10457,2021,13_PNG,new_vehicle_efficiency,ldv,km_per_pj,road,freight,ice,all,yearly,national,['avg_eff_no_outliers $ transport_data_system_9th'],1,4776513034.843043,avg_eff_no_outliers $ transport_data_system_9th,367424079.603311,single_datapoint,no_comment
10458,2021,13_PNG,new_vehicle_efficiency,ldv,km_per_pj,road,passenger,ice,all,yearly,national,['avg_eff_no_outliers $ transport_data_system_9th'],1,3086802010.889935,avg_eff_no_outliers $ transport_data_system_9th,237446308.529995,single_datapoint,no_comment
10459,2021,13_PNG,turnover_rate,ldv,%,road,freight,ice,all,yearly,national,['manually_inputted_data $ guess'],1,0.39,manually_inputted_data $ guess,0.03,single_datapoint,no_comment
10460,2021,13_PNG,turnover_rate,ldv,%,road,passenger,ice,all,yearly,national,['manually_inputted_data $ guess'],1,0.39,manually_inputted_data $ guess,0.03,single_datapoint,no_comment
10461,2022,13_PNG,new_vehicle_efficiency,ldv,km_per_pj,road,freight,ice,all,yearly,national,['avg_eff_no_outliers $ transport_data_system_9th'],1,4776513034.843043,avg_eff_no_outliers $ transport_data_system_9th,367424079.603311,single_datapoint,no_comment
10462,2022,13_PNG,new_vehicle_efficiency,ldv,km_per_pj,road,passenger,ice,all,yearly,national,['avg_eff_no_outliers $ transport_data_system_9th'],1,3086802010.889935,avg_eff_no_outliers $ transport_data_system_9th,237446308.529995,single_datapoint,no_comment
10463,2022,13_PNG,turnover_rate,ldv,%,road,freight,ice,all,yearly,national,['manually_inputted_data $ guess'],1,0.39,manually_inputted_data $ guess,0.03,single_datapoint,no_comment
10464,2022,13_PNG,turnover_rate,ldv,%,road,passenger,ice,all,yearly,national,['manually_inputted_data $ guess'],1,0.39,manually_inputted_data $ guess,0.03,single_datapoint,no_comment
10465,2010,13_PNG,new_vehicle_efficiency,ldv,km_per_pj,road,freight,lpg,all,yearly,national,['avg_eff_no_outliers $ transport_data_system_9th'],1,3668778329.1297708,avg_eff_no_outliers $ transport_data_system_9th,282213717.625367,single_datapoint,no_comment
10466,2010,13_PNG,new_vehicle_efficiency,ldv,km_per_pj,road,passenger,lpg,all,yearly,national,['avg_eff_no_outliers $ transport_data_system_9th'],1,4713924488.084526,avg_eff_no_outliers $ transport_data_system_9th,362609576.006502,single_datapoint,no_comment
10467,2010,13_PNG,turnover_rate,ldv,%,road,freight,lpg,all,yearly,national,['manually_inputted_data $ guess'],1,0.42,manually_inputted_data $ guess,0.03,manual,no_comment
10468,2010,13_PNG,turnover_rate,ldv,%,road,passenger,lpg,all,yearly,national,['manually_inputted_data $ guess'],1,0.42,manually_inputted_data $ guess,0.03,manual,no_comment
10469,2011,13_PNG,new_vehicle_efficiency,ldv,km_per_pj,road,freight,lpg,all,yearly,national,['avg_eff_no_outliers $ transport_data_system_9th'],1,3668778329.1297708,avg_eff_no_outliers $ transport_data_system_9th,282213717.625367,single_datapoint,no_comment
10470,2011,13_PNG,new_vehicle_efficiency,ldv,km_per_pj,road,passenger,lpg,all,yearly,national,['avg_eff_no_outliers $ transport_data_system_9th'],1,4713924488.084526,avg_eff_no_outliers $ transport_data_system_9th,362609576.006502,single_datapoint,no_comment
10471,2011,13_PNG,turnover_rate,ldv,%,road,freight,lpg,all,yearly,national,['manually_inputted_data $ guess'],1,0.42,manually_inputted_data $ guess,0.03,manual,no_comment
10472,2011,13_PNG,turnover_rate,ldv,%,road,passenger,lpg,all,yearly,national,['manually_inputted_data $ guess'],1,0.42,manually_inputted_data $ guess,0.03,manual,no_comment
10473,2012,13_PNG,new_vehicle_efficiency,ldv,km_per_pj,road,freight,lpg,all,yearly,national,['avg_eff_no_outliers $ transport_data_system_9th'],1,3668778329.1297708,avg_eff_no_outliers $ transport_data_system_9th,282213717.625367,single_datapoint,no_comment
10474,2012,13_PNG,new_vehicle_efficiency,ldv,km_per_pj,road,passenger,lpg,all,yearly,national,['avg_eff_no_outliers $ transport_data_system_9th'],1,4713924488.084526,avg_eff_no_outliers $ transport_data_system_9th,362609576.006502,single_datapoint,no_comment
10475,2012,13_PNG,turnover_rate,ldv,%,road,freight,lpg,all,yearly,national,['manually_inputted_data $ guess'],1,0.42,manually_inputted_data $ guess,0.03,manual,no_comment
10476,2012,13_PNG,turnover_rate,ldv,%,road,passenger,lpg,all,yearly,national,['manually_inputted_data $ guess'],1,0.42,manually_inputted_data $ guess,0.03,manual,no_comment
10477,2013,13_PNG,new_vehicle_efficiency,ldv,km_per_pj,road,freight,lpg,all,yearly,national,['avg_eff_no_outliers $ transport_data_system_9th'],1,3668778329.1297708,avg_eff_no_outliers $ transport_data_system_9th,282213717.625367,single_datapoint,no_comment
10478,2013,13_PNG,new_vehicle_efficiency,ldv,km_per_pj,road,passenger,lpg,all,yearly,national,['avg_eff_no_outliers $ transport_data_system_9th'],1,4713924488.084526,avg_eff_no_outliers $ transport_data_system_9th,362609576.006502,single_datapoint,no_comment
10479,2013,13_PNG,turnover_rate,ldv,%,road,freight,lpg,all,yearly,national,['manually_inputted_data $ guess'],1,0.42,manually_inputted_data $ guess,0.03,manual,no_comment
10480,2013,13_PNG,turnover_rate,ldv,%,road,passenger,lpg,all,yearly,national,['manually_inputted_data $ guess'],1,0.42,manually_inputted_data $ guess,0.03,manual,no_comment
10481,2014,13_PNG,new_vehicle_efficiency,ldv,km_per_pj,road,freight,lpg,all,yearly,national,['avg_eff_no_outliers $ transport_data_system_9th'],1,3668778329.1297708,avg_eff_no_outliers $ transport_data_system_9th,282213717.625367,single_datapoint,no_comment
10482,2014,13_PNG,new_vehicle_efficiency,ldv,km_per_pj,road,passenger,lpg,all,yearly,national,['avg_eff_no_outliers $ transport_data_system_9th'],1,4713924488.084526,avg_eff_no_outliers $ transport_data_system_9th,362609576.006502,single_datapoint,no_comment
10483,2014,13_PNG,turnover_rate,ldv,%,road,freight,lpg,all,yearly,national,['manually_inputted_data $ guess'],1,0.42,manually_inputted_data $ guess,0.03,manual,no_comment
10484,2014,13_PNG,turnover_rate,ldv,%,road,passenger,lpg,all,yearly,national,['manually_inputted_data $ guess'],1,0.42,manually_inputted_data $ guess,0.03,manual,no_comment
10485,2015,13_PNG,new_vehicle_efficiency,ldv,km_per_pj,road,freight,lpg,all,yearly,national,['avg_eff_no_outliers $ transport_data_system_9th'],1,3668778329.1297708,avg_eff_no_outliers $ transport_data_system_9th,282213717.625367,single_datapoint,no_comment
10486,2015,13_PNG,new_vehicle_efficiency,ldv,km_per_pj,road,passenger,lpg,all,yearly,national,['avg_eff_no_outliers $ transport_data_system_9th'],1,4713924488.084526,avg_eff_no_outliers $ transport_data_system_9th,362609576.006502,single_datapoint,no_comment
10487,2015,13_PNG,turnover_rate,ldv,%,road,freight,lpg,all,yearly,national,['manually_inputted_data $ guess'],1,0.42,manually_inputted_data $ guess,0.03,manual,no_comment
10488,2015,13_PNG,turnover_rate,ldv,%,road,passenger,lpg,all,yearly,national,['manually_inputted_data $ guess'],1,0.42,manually_inputted_data $ guess,0.03,manual,no_comment
10489,2016,13_PNG,new_vehicle_efficiency,ldv,km_per_pj,road,freight,lpg,all,yearly,national,['avg_eff_no_outliers $ transport_data_system_9th'],1,3668778329.1297708,avg_eff_no_outliers $ transport_data_system_9th,282213717.625367,single_datapoint,no_comment
10490,2016,13_PNG,new_vehicle_efficiency,ldv,km_per_pj,road,passenger,lpg,all,yearly,national,['avg_eff_no_outliers $ transport_data_system_9th'],1,4713924488.084526,avg_eff_no_outliers $ transport_data_system_9th,362609576.006502,single_datapoint,no_comment
10491,2016,13_PNG,turnover_rate,ldv,%,road,freight,lpg,all,yearly,national,['manually_inputted_data $ guess'],1,0.42,manually_inputted_data $ guess,0.03,manual,no_comment
10492,2016,13_PNG,turnover_rate,ldv,%,road,passenger,lpg,all,yearly,national,['manually_inputted_data $ guess'],1,0.42,manually_inputted_data $ guess,0.03,manual,no_comment
10493,2017,13_PNG,new_vehicle_efficiency,ldv,km_per_pj,road,freight,lpg,all,yearly,national,['avg_eff_no_outliers $ transport_data_system_9th'],1,3668778329.1297708,avg_eff_no_outliers $ transport_data_system_9th,282213717.625367,single_datapoint,no_comment
10494,2017,13_PNG,new_vehicle_efficiency,ldv,km_per_pj,road,passenger,lpg,all,yearly,national,['avg_eff_no_outliers $ transport_data_system_9th'],1,4713924488.084526,avg_eff_no_outliers $ transport_data_system_9th,362609576.006502,single_datapoint,no_comment
10495,2017,13_PNG,turnover_rate,ldv,%,road,freight,lpg,all,yearly,national,"['manually_inputted_data $ guess', 'turnover_rate_est']",2,0.42,manually_inputted_data $ guess,0.03,manual,no_comment
10496,2017,13_PNG,turnover_rate,ldv,%,road,passenger,lpg,all,yearly,national,"['manually_inputted_data $ guess', 'turnover_rate_est']",2,0.42,manually_inputted_data $ guess,0.03,manual,no_comment
10497,2018,13_PNG,new_vehicle_efficiency,ldv,km_per_pj,road,freight,lpg,all,yearly,national,['avg_eff_no_outliers $ transport_data_system_9th'],1,3668778329.1297708,avg_eff_no_outliers $ transport_data_system_9th,282213717.625367,single_datapoint,no_comment
10498,2018,13_PNG,new_vehicle_efficiency,ldv,km_per_pj,road,passenger,lpg,all,yearly,national,['avg_eff_no_outliers $ transport_data_system_9th'],1,4713924488.084526,avg_eff_no_outliers $ transport_data_system_9th,362609576.006502,single_datapoint,no_comment
10499,2018,13_PNG,turnover_rate,ldv,%,road,freight,lpg,all,yearly,national,['manually_inputted_data $ guess'],1,0.42,manually_inputted_data $ guess,0.03,manual,no_comment
10500,2018,13_PNG,turnover_rate,ldv,%,road,passenger,lpg,all,yearly,national,['manually_inputted_data $ guess'],1,0.42,manually_inputted_data $ guess,0.03,manual,no_comment
10501,2019,13_PNG,new_vehicle_efficiency,ldv,km_per_pj,road,freight,lpg,all,yearly,national,['avg_eff_no_outliers $ transport_data_system_9th'],1,3668778329.1297708,avg_eff_no_outliers $ transport_data_system_9th,282213717.625367,single_datapoint,no_comment
10502,2019,13_PNG,new_vehicle_efficiency,ldv,km_per_pj,road,passenger,lpg,all,yearly,national,['avg_eff_no_outliers $ transport_data_system_9th'],1,4713924488.084526,avg_eff_no_outliers $ transport_data_system_9th,362609576.006502,single_datapoint,no_comment
10503,2019,13_PNG,turnover_rate,ldv,%,road,freight,lpg,all,yearly,national,['manually_inputted_data $ guess'],1,0.42,manually_inputted_data $ guess,0.03,manual,no_comment
10504,2019,13_PNG,turnover_rate,ldv,%,road,passenger,lpg,all,yearly,national,['manually_inputted_data $ guess'],1,0.42,manually_inputted_data $ guess,0.03,manual,no_comment
10505,2020,13_PNG,new_vehicle_efficiency,ldv,km_per_pj,road,freight,lpg,all,yearly,national,['avg_eff_no_outliers $ transport_data_system_9th'],1,3668778329.1297708,avg_eff_no_outliers $ transport_data_system_9th,282213717.625367,single_datapoint,no_comment
10506,2020,13_PNG,new_vehicle_efficiency,ldv,km_per_pj,road,passenger,lpg,all,yearly,national,['avg_eff_no_outliers $ transport_data_system_9th'],1,4713924488.084526,avg_eff_no_outliers $ transport_data_system_9th,362609576.006502,single_datapoint,no_comment
10507,2020,13_PNG,turnover_rate,ldv,%,road,freight,lpg,all,yearly,national,['manually_inputted_data $ guess'],1,0.42,manually_inputted_data $ guess,0.03,manual,no_comment
10508,2020,13_PNG,turnover_rate,ldv,%,road,passenger,lpg,all,yearly,national,['manually_inputted_data $ guess'],1,0.42,manually_inputted_data $ guess,0.03,manual,no_comment
10509,2021,13_PNG,new_vehicle_efficiency,ldv,km_per_pj,road,freight,lpg,all,yearly,national,['avg_eff_no_outliers $ transport_data_system_9th'],1,3668778329.1297708,avg_eff_no_outliers $ transport_data_system_9th,282213717.625367,single_datapoint,no_comment
10510,2021,13_PNG,new_vehicle_efficiency,ldv,km_per_pj,road,passenger,lpg,all,yearly,national,['avg_eff_no_outliers $ transport_data_system_9th'],1,4713924488.084526,avg_eff_no_outliers $ transport_data_system_9th,362609576.006502,single_datapoint,no_comment
10511,2021,13_PNG,turnover_rate,ldv,%,road,freight,lpg,all,yearly,national,['manually_inputted_data $ guess'],1,0.42,manually_inputted_data $ guess,0.03,manual,no_comment
10512,2021,13_PNG,turnover_rate,ldv,%,road,passenger,lpg,all,yearly,national,['manually_inputted_data $ guess'],1,0.42,manually_inputted_data $ guess,0.03,manual,no_comment
10513,2022,13_PNG,new_vehicle_efficiency,ldv,km_per_pj,road,freight,lpg,all,yearly,national,['avg_eff_no_outliers $ transport_data_system_9th'],1,3668778329.1297708,avg_eff_no_outliers $ transport_data_system_9th,282213717.625367,single_datapoint,no_comment
10514,2022,13_PNG,new_vehicle_efficiency,ldv,km_per_pj,road,passenger,lpg,all,yearly,national,['avg_eff_no_outliers $ transport_data_system_9th'],1,4713924488.084526,avg_eff_no_outliers $ transport_data_system_9th,362609576.006502,single_datapoint,no_comment
10515,2022,13_PNG,turnover_rate,ldv,%,road,freight,lpg,all,yearly,national,['manually_inputted_data $ guess'],1,0.42,manually_inputted_data $ guess,0.03,manual,no_comment
10516,2022,13_PNG,turnover_rate,ldv,%,road,passenger,lpg,all,yearly,national,['manually_inputted_data $ guess'],1,0.42,manually_inputted_data $ guess,0.03,manual,no_comment
10517,2010,13_PNG,new_vehicle_efficiency,ldv,km_per_pj,road,freight,phev,all,yearly,national,['avg_eff_no_outliers $ transport_data_system_9th'],1,8979606259.303562,avg_eff_no_outliers $ transport_data_system_9th,690738943.023351,single_datapoint,no_comment
10518,2010,13_PNG,new_vehicle_efficiency,ldv,km_per_pj,road,passenger,phev,all,yearly,national,['avg_eff_no_outliers $ transport_data_system_9th'],1,5974718100.659283,avg_eff_no_outliers $ transport_data_system_9th,459593700.050714,single_datapoint,no_comment
10519,2010,13_PNG,turnover_rate,ldv,%,road,freight,phev,all,yearly,national,['manually_inputted_data $ guess'],1,0.39,manually_inputted_data $ guess,0.03,single_datapoint,no_comment
10520,2010,13_PNG,turnover_rate,ldv,%,road,passenger,phev,all,yearly,national,['manually_inputted_data $ guess'],1,0.39,manually_inputted_data $ guess,0.03,single_datapoint,no_comment
10521,2011,13_PNG,new_vehicle_efficiency,ldv,km_per_pj,road,freight,phev,all,yearly,national,['avg_eff_no_outliers $ transport_data_system_9th'],1,8979606259.303562,avg_eff_no_outliers $ transport_data_system_9th,690738943.023351,single_datapoint,no_comment
10522,2011,13_PNG,new_vehicle_efficiency,ldv,km_per_pj,road,passenger,phev,all,yearly,national,['avg_eff_no_outliers $ transport_data_system_9th'],1,5974718100.659283,avg_eff_no_outliers $ transport_data_system_9th,459593700.050714,single_datapoint,no_comment
10523,2011,13_PNG,turnover_rate,ldv,%,road,freight,phev,all,yearly,national,['manually_inputted_data $ guess'],1,0.39,manually_inputted_data $ guess,0.03,single_datapoint,no_comment
10524,2011,13_PNG,turnover_rate,ldv,%,road,passenger,phev,all,yearly,national,['manually_inputted_data $ guess'],1,0.39,manually_inputted_data $ guess,0.03,single_datapoint,no_comment
10525,2012,13_PNG,new_vehicle_efficiency,ldv,km_per_pj,road,freight,phev,all,yearly,national,['avg_eff_no_outliers $ transport_data_system_9th'],1,8979606259.303562,avg_eff_no_outliers $ transport_data_system_9th,690738943.023351,single_datapoint,no_comment
10526,2012,13_PNG,new_vehicle_efficiency,ldv,km_per_pj,road,passenger,phev,all,yearly,national,['avg_eff_no_outliers $ transport_data_system_9th'],1,5974718100.659283,avg_eff_no_outliers $ transport_data_system_9th,459593700.050714,single_datapoint,no_comment
10527,2012,13_PNG,turnover_rate,ldv,%,road,freight,phev,all,yearly,national,['manually_inputted_data $ guess'],1,0.39,manually_inputted_data $ guess,0.03,single_datapoint,no_comment
10528,2012,13_PNG,turnover_rate,ldv,%,road,passenger,phev,all,yearly,national,['manually_inputted_data $ guess'],1,0.39,manually_inputted_data $ guess,0.03,single_datapoint,no_comment
10529,2013,13_PNG,new_vehicle_efficiency,ldv,km_per_pj,road,freight,phev,all,yearly,national,['avg_eff_no_outliers $ transport_data_system_9th'],1,8979606259.303562,avg_eff_no_outliers $ transport_data_system_9th,690738943.023351,single_datapoint,no_comment
10530,2013,13_PNG,new_vehicle_efficiency,ldv,km_per_pj,road,passenger,phev,all,yearly,national,['avg_eff_no_outliers $ transport_data_system_9th'],1,5974718100.659283,avg_eff_no_outliers $ transport_data_system_9th,459593700.050714,single_datapoint,no_comment
10531,2013,13_PNG,turnover_rate,ldv,%,road,freight,phev,all,yearly,national,['manually_inputted_data $ guess'],1,0.39,manually_inputted_data $ guess,0.03,single_datapoint,no_comment
10532,2013,13_PNG,turnover_rate,ldv,%,road,passenger,phev,all,yearly,national,['manually_inputted_data $ guess'],1,0.39,manually_inputted_data $ guess,0.03,single_datapoint,no_comment
10533,2014,13_PNG,new_vehicle_efficiency,ldv,km_per_pj,road,freight,phev,all,yearly,national,['avg_eff_no_outliers $ transport_data_system_9th'],1,8979606259.303562,avg_eff_no_outliers $ transport_data_system_9th,690738943.023351,single_datapoint,no_comment
10534,2014,13_PNG,new_vehicle_efficiency,ldv,km_per_pj,road,passenger,phev,all,yearly,national,['avg_eff_no_outliers $ transport_data_system_9th'],1,5974718100.659283,avg_eff_no_outliers $ transport_data_system_9th,459593700.050714,single_datapoint,no_comment
10535,2014,13_PNG,turnover_rate,ldv,%,road,freight,phev,all,yearly,national,['manually_inputted_data $ guess'],1,0.39,manually_inputted_data $ guess,0.03,single_datapoint,no_comment
10536,2014,13_PNG,turnover_rate,ldv,%,road,passenger,phev,all,yearly,national,['manually_inputted_data $ guess'],1,0.39,manually_inputted_data $ guess,0.03,single_datapoint,no_comment
10537,2015,13_PNG,new_vehicle_efficiency,ldv,km_per_pj,road,freight,phev,all,yearly,national,['avg_eff_no_outliers $ transport_data_system_9th'],1,8979606259.303562,avg_eff_no_outliers $ transport_data_system_9th,690738943.023351,single_datapoint,no_comment
10538,2015,13_PNG,new_vehicle_efficiency,ldv,km_per_pj,road,passenger,phev,all,yearly,national,['avg_eff_no_outliers $ transport_data_system_9th'],1,5974718100.659283,avg_eff_no_outliers $ transport_data_system_9th,459593700.050714,single_datapoint,no_comment
10539,2015,13_PNG,turnover_rate,ldv,%,road,freight,phev,all,yearly,national,['manually_inputted_data $ guess'],1,0.39,manually_inputted_data $ guess,0.03,single_datapoint,no_comment
10540,2015,13_PNG,turnover_rate,ldv,%,road,passenger,phev,all,yearly,national,['manually_inputted_data $ guess'],1,0.39,manually_inputted_data $ guess,0.03,single_datapoint,no_comment
10541,2016,13_PNG,new_vehicle_efficiency,ldv,km_per_pj,road,freight,phev,all,yearly,national,['avg_eff_no_outliers $ transport_data_system_9th'],1,8979606259.303562,avg_eff_no_outliers $ transport_data_system_9th,690738943.023351,single_datapoint,no_comment
10542,2016,13_PNG,new_vehicle_efficiency,ldv,km_per_pj,road,passenger,phev,all,yearly,national,['avg_eff_no_outliers $ transport_data_system_9th'],1,5974718100.659283,avg_eff_no_outliers $ transport_data_system_9th,459593700.050714,single_datapoint,no_comment
10543,2016,13_PNG,turnover_rate,ldv,%,road,freight,phev,all,yearly,national,['manually_inputted_data $ guess'],1,0.39,manually_inputted_data $ guess,0.03,single_datapoint,no_comment
10544,2016,13_PNG,turnover_rate,ldv,%,road,passenger,phev,all,yearly,national,['manually_inputted_data $ guess'],1,0.39,manually_inputted_data $ guess,0.03,single_datapoint,no_comment
10545,2017,13_PNG,new_vehicle_efficiency,ldv,km_per_pj,road,freight,phev,all,yearly,national,['avg_eff_no_outliers $ transport_data_system_9th'],1,8979606259.303562,avg_eff_no_outliers $ transport_data_system_9th,690738943.023351,single_datapoint,no_comment
10546,2017,13_PNG,new_vehicle_efficiency,ldv,km_per_pj,road,passenger,phev,all,yearly,national,['avg_eff_no_outliers $ transport_data_system_9th'],1,5974718100.659283,avg_eff_no_outliers $ transport_data_system_9th,459593700.050714,single_datapoint,no_comment
10547,2017,13_PNG,turnover_rate,ldv,%,road,freight,phev,all,yearly,national,['manually_inputted_data $ guess'],1,0.39,manually_inputted_data $ guess,0.03,single_datapoint,no_comment
10548,2017,13_PNG,turnover_rate,ldv,%,road,passenger,phev,all,yearly,national,['manually_inputted_data $ guess'],1,0.39,manually_inputted_data $ guess,0.03,single_datapoint,no_comment
10549,2018,13_PNG,new_vehicle_efficiency,ldv,km_per_pj,road,freight,phev,all,yearly,national,['avg_eff_no_outliers $ transport_data_system_9th'],1,8979606259.303562,avg_eff_no_outliers $ transport_data_system_9th,690738943.023351,single_datapoint,no_comment
10550,2018,13_PNG,new_vehicle_efficiency,ldv,km_per_pj,road,passenger,phev,all,yearly,national,['avg_eff_no_outliers $ transport_data_system_9th'],1,5974718100.659283,avg_eff_no_outliers $ transport_data_system_9th,459593700.050714,single_datapoint,no_comment
10551,2018,13_PNG,turnover_rate,ldv,%,road,freight,phev,all,yearly,national,['manually_inputted_data $ guess'],1,0.39,manually_inputted_data $ guess,0.03,single_datapoint,no_comment
10552,2018,13_PNG,turnover_rate,ldv,%,road,passenger,phev,all,yearly,national,['manually_inputted_data $ guess'],1,0.39,manually_inputted_data $ guess,0.03,single_datapoint,no_comment
10553,2019,13_PNG,new_vehicle_efficiency,ldv,km_per_pj,road,freight,phev,all,yearly,national,['avg_eff_no_outliers $ transport_data_system_9th'],1,8979606259.303562,avg_eff_no_outliers $ transport_data_system_9th,690738943.023351,single_datapoint,no_comment
10554,2019,13_PNG,new_vehicle_efficiency,ldv,km_per_pj,road,passenger,phev,all,yearly,national,['avg_eff_no_outliers $ transport_data_system_9th'],1,5974718100.659283,avg_eff_no_outliers $ transport_data_system_9th,459593700.050714,single_datapoint,no_comment
10555,2019,13_PNG,turnover_rate,ldv,%,road,freight,phev,all,yearly,national,['manually_inputted_data $ guess'],1,0.39,manually_inputted_data $ guess,0.03,single_datapoint,no_comment
10556,2019,13_PNG,turnover_rate,ldv,%,road,passenger,phev,all,yearly,national,['manually_inputted_data $ guess'],1,0.39,manually_inputted_data $ guess,0.03,single_datapoint,no_comment
10557,2020,13_PNG,new_vehicle_efficiency,ldv,km_per_pj,road,freight,phev,all,yearly,national,['avg_eff_no_outliers $ transport_data_system_9th'],1,8979606259.303562,avg_eff_no_outliers $ transport_data_system_9th,690738943.023351,single_datapoint,no_comment
10558,2020,13_PNG,new_vehicle_efficiency,ldv,km_per_pj,road,passenger,phev,all,yearly,national,['avg_eff_no_outliers $ transport_data_system_9th'],1,5974718100.659283,avg_eff_no_outliers $ transport_data_system_9th,459593700.050714,single_datapoint,no_comment
10559,2020,13_PNG,turnover_rate,ldv,%,road,freight,phev,all,yearly,national,['manually_inputted_data $ guess'],1,0.39,manually_inputted_data $ guess,0.03,single_datapoint,no_comment
10560,2020,13_PNG,turnover_rate,ldv,%,road,passenger,phev,all,yearly,national,['manually_inputted_data $ guess'],1,0.39,manually_inputted_data $ guess,0.03,single_datapoint,no_comment
10561,2021,13_PNG,new_vehicle_efficiency,ldv,km_per_pj,road,freight,phev,all,yearly,national,['avg_eff_no_outliers $ transport_data_system_9th'],1,8979606259.303562,avg_eff_no_outliers $ transport_data_system_9th,690738943.023351,single_datapoint,no_comment
10562,2021,13_PNG,new_vehicle_efficiency,ldv,km_per_pj,road,passenger,phev,all,yearly,national,['avg_eff_no_outliers $ transport_data_system_9th'],1,5974718100.659283,avg_eff_no_outliers $ transport_data_system_9th,459593700.050714,single_datapoint,no_comment
10563,2021,13_PNG,turnover_rate,ldv,%,road,freight,phev,all,yearly,national,['manually_inputted_data $ guess'],1,0.39,manually_inputted_data $ guess,0.03,single_datapoint,no_comment
10564,2021,13_PNG,turnover_rate,ldv,%,road,passenger,phev,all,yearly,national,['manually_inputted_data $ guess'],1,0.39,manually_inputted_data $ guess,0.03,single_datapoint,no_comment
10565,2022,13_PNG,new_vehicle_efficiency,ldv,km_per_pj,road,freight,phev,all,yearly,national,['avg_eff_no_outliers $ transport_data_system_9th'],1,8979606259.303562,avg_eff_no_outliers $ transport_data_system_9th,690738943.023351,single_datapoint,no_comment
10566,2022,13_PNG,new_vehicle_efficiency,ldv,km_per_pj,road,passenger,phev,all,yearly,national,['avg_eff_no_outliers $ transport_data_system_9th'],1,5974718100.659283,avg_eff_no_outliers $ transport_data_system_9th,459593700.050714,single_datapoint,no_comment
10567,2022,13_PNG,turnover_rate,ldv,%,road,freight,phev,all,yearly,national,['manually_inputted_data $ guess'],1,0.39,manually_inputted_data $ guess,0.03,single_datapoint,no_comment
10568,2022,13_PNG,turnover_rate,ldv,%,road,passenger,phev,all,yearly,national,['manually_inputted_data $ guess'],1,0.39,manually_inputted_data $ guess,0.03,single_datapoint,no_comment
10569,2010,14_PE,new_vehicle_efficiency,2w,km_per_pj,road,passenger,bev,all,yearly,national,['avg_eff_no_outliers $ transport_data_system_9th'],1,33137029391.83156,avg_eff_no_outliers $ transport_data_system_9th,2549002260.91012,single_datapoint,no_comment
10570,2010,14_PE,turnover_rate,2w,%,road,passenger,bev,all,yearly,national,['manually_inputted_data $ guess'],1,0.42,manually_inputted_data $ guess,0.03,manual,no_comment
10571,2011,14_PE,new_vehicle_efficiency,2w,km_per_pj,road,passenger,bev,all,yearly,national,['avg_eff_no_outliers $ transport_data_system_9th'],1,33137029391.83156,avg_eff_no_outliers $ transport_data_system_9th,2549002260.91012,single_datapoint,no_comment
10572,2011,14_PE,turnover_rate,2w,%,road,passenger,bev,all,yearly,national,['manually_inputted_data $ guess'],1,0.42,manually_inputted_data $ guess,0.03,manual,no_comment
10573,2012,14_PE,new_vehicle_efficiency,2w,km_per_pj,road,passenger,bev,all,yearly,national,['avg_eff_no_outliers $ transport_data_system_9th'],1,33137029391.83156,avg_eff_no_outliers $ transport_data_system_9th,2549002260.91012,single_datapoint,no_comment
10574,2012,14_PE,turnover_rate,2w,%,road,passenger,bev,all,yearly,national,['manually_inputted_data $ guess'],1,0.42,manually_inputted_data $ guess,0.03,manual,no_comment
10575,2013,14_PE,new_vehicle_efficiency,2w,km_per_pj,road,passenger,bev,all,yearly,national,['avg_eff_no_outliers $ transport_data_system_9th'],1,33137029391.83156,avg_eff_no_outliers $ transport_data_system_9th,2549002260.91012,single_datapoint,no_comment
10576,2013,14_PE,turnover_rate,2w,%,road,passenger,bev,all,yearly,national,['manually_inputted_data $ guess'],1,0.42,manually_inputted_data $ guess,0.03,manual,no_comment
10577,2014,14_PE,new_vehicle_efficiency,2w,km_per_pj,road,passenger,bev,all,yearly,national,['avg_eff_no_outliers $ transport_data_system_9th'],1,33137029391.83156,avg_eff_no_outliers $ transport_data_system_9th,2549002260.91012,single_datapoint,no_comment
10578,2014,14_PE,turnover_rate,2w,%,road,passenger,bev,all,yearly,national,['manually_inputted_data $ guess'],1,0.42,manually_inputted_data $ guess,0.03,manual,no_comment
10579,2015,14_PE,new_vehicle_efficiency,2w,km_per_pj,road,passenger,bev,all,yearly,national,['avg_eff_no_outliers $ transport_data_system_9th'],1,33137029391.83156,avg_eff_no_outliers $ transport_data_system_9th,2549002260.91012,single_datapoint,no_comment
10580,2015,14_PE,turnover_rate,2w,%,road,passenger,bev,all,yearly,national,['manually_inputted_data $ guess'],1,0.42,manually_inputted_data $ guess,0.03,manual,no_comment
10581,2016,14_PE,new_vehicle_efficiency,2w,km_per_pj,road,passenger,bev,all,yearly,national,['avg_eff_no_outliers $ transport_data_system_9th'],1,33137029391.83156,avg_eff_no_outliers $ transport_data_system_9th,2549002260.91012,single_datapoint,no_comment
10582,2016,14_PE,turnover_rate,2w,%,road,passenger,bev,all,yearly,national,['manually_inputted_data $ guess'],1,0.42,manually_inputted_data $ guess,0.03,manual,no_comment
10583,2017,14_PE,activity,2w,passenger_km_or_freight_tonne_km,road,passenger,bev,all,yearly,national,"['8th_edition_transport_model $ reference', 'estimated $ calculate_energy_and_activity()']",2,11825425.1938404,estimated $ calculate_energy_and_activity(),9066750.0,manual,no_comment
10584,2017,14_PE,energy,2w,pj,road,passenger,bev,all,yearly,national,"['8th_edition_transport_model $ reference', 'estimated $ calculate_energy_and_activity()']",2,0.0048673107692756715,estimated $ calculate_energy_and_activity(),0.0037234713624306717,manual,no_comment
10585,2017,14_PE,new_vehicle_efficiency,2w,km_per_pj,road,passenger,bev,all,yearly,national,['avg_eff_no_outliers $ transport_data_system_9th'],1,33137029391.83156,avg_eff_no_outliers $ transport_data_system_9th,2549002260.91012,single_datapoint,no_comment
10586,2017,14_PE,travel_km,2w,km,road,passenger,bev,all,yearly,national,['estimated $ calculate_energy_and_activity()'],1,8242500.0,estimated $ calculate_energy_and_activity(),8242500.0,single_datapoint,no_comment
10587,2017,14_PE,turnover_rate,2w,%,road,passenger,bev,all,yearly,national,"['manually_inputted_data $ guess', 'turnover_rate_est']",2,0.42,manually_inputted_data $ guess,0.03,manual,no_comment
10588,2018,14_PE,new_vehicle_efficiency,2w,km_per_pj,road,passenger,bev,all,yearly,national,['avg_eff_no_outliers $ transport_data_system_9th'],1,33137029391.83156,avg_eff_no_outliers $ transport_data_system_9th,2549002260.91012,single_datapoint,no_comment
10589,2018,14_PE,turnover_rate,2w,%,road,passenger,bev,all,yearly,national,['manually_inputted_data $ guess'],1,0.42,manually_inputted_data $ guess,0.03,manual,no_comment
10590,2019,14_PE,new_vehicle_efficiency,2w,km_per_pj,road,passenger,bev,all,yearly,national,['avg_eff_no_outliers $ transport_data_system_9th'],1,33137029391.83156,avg_eff_no_outliers $ transport_data_system_9th,2549002260.91012,single_datapoint,no_comment
10591,2019,14_PE,turnover_rate,2w,%,road,passenger,bev,all,yearly,national,['manually_inputted_data $ guess'],1,0.42,manually_inputted_data $ guess,0.03,manual,no_comment
10592,2020,14_PE,new_vehicle_efficiency,2w,km_per_pj,road,passenger,bev,all,yearly,national,['avg_eff_no_outliers $ transport_data_system_9th'],1,33137029391.83156,avg_eff_no_outliers $ transport_data_system_9th,2549002260.91012,single_datapoint,no_comment
10593,2020,14_PE,turnover_rate,2w,%,road,passenger,bev,all,yearly,national,['manually_inputted_data $ guess'],1,0.42,manually_inputted_data $ guess,0.03,manual,no_comment
10594,2021,14_PE,new_vehicle_efficiency,2w,km_per_pj,road,passenger,bev,all,yearly,national,['avg_eff_no_outliers $ transport_data_system_9th'],1,33137029391.83156,avg_eff_no_outliers $ transport_data_system_9th,2549002260.91012,single_datapoint,no_comment
10595,2021,14_PE,turnover_rate,2w,%,road,passenger,bev,all,yearly,national,['manually_inputted_data $ guess'],1,0.42,manually_inputted_data $ guess,0.03,manual,no_comment
10596,2022,14_PE,new_vehicle_efficiency,2w,km_per_pj,road,passenger,bev,all,yearly,national,['avg_eff_no_outliers $ transport_data_system_9th'],1,33137029391.83156,avg_eff_no_outliers $ transport_data_system_9th,2549002260.91012,single_datapoint,no_comment
10597,2022,14_PE,turnover_rate,2w,%,road,passenger,bev,all,yearly,national,['manually_inputted_data $ guess'],1,0.42,manually_inputted_data $ guess,0.03,manual,no_comment
10598,2010,14_PE,new_vehicle_efficiency,2w,km_per_pj,road,passenger,ice,all,yearly,national,['avg_eff_no_outliers $ transport_data_system_9th'],1,7669072338.574219,avg_eff_no_outliers $ transport_data_system_9th,589928641.428786,single_datapoint,no_comment
10599,2010,14_PE,turnover_rate,2w,%,road,passenger,ice,all,yearly,national,['manually_inputted_data $ guess'],1,0.39,manually_inputted_data $ guess,0.03,single_datapoint,no_comment
10600,2011,14_PE,new_vehicle_efficiency,2w,km_per_pj,road,passenger,ice,all,yearly,national,['avg_eff_no_outliers $ transport_data_system_9th'],1,7669072338.574219,avg_eff_no_outliers $ transport_data_system_9th,589928641.428786,single_datapoint,no_comment
10601,2011,14_PE,turnover_rate,2w,%,road,passenger,ice,all,yearly,national,['manually_inputted_data $ guess'],1,0.39,manually_inputted_data $ guess,0.03,single_datapoint,no_comment
10602,2012,14_PE,new_vehicle_efficiency,2w,km_per_pj,road,passenger,ice,all,yearly,national,['avg_eff_no_outliers $ transport_data_system_9th'],1,7669072338.574219,avg_eff_no_outliers $ transport_data_system_9th,589928641.428786,single_datapoint,no_comment
10603,2012,14_PE,turnover_rate,2w,%,road,passenger,ice,all,yearly,national,['manually_inputted_data $ guess'],1,0.39,manually_inputted_data $ guess,0.03,single_datapoint,no_comment
10604,2013,14_PE,new_vehicle_efficiency,2w,km_per_pj,road,passenger,ice,all,yearly,national,['avg_eff_no_outliers $ transport_data_system_9th'],1,7669072338.574219,avg_eff_no_outliers $ transport_data_system_9th,589928641.428786,single_datapoint,no_comment
10605,2013,14_PE,turnover_rate,2w,%,road,passenger,ice,all,yearly,national,['manually_inputted_data $ guess'],1,0.39,manually_inputted_data $ guess,0.03,single_datapoint,no_comment
10606,2014,14_PE,new_vehicle_efficiency,2w,km_per_pj,road,passenger,ice,all,yearly,national,['avg_eff_no_outliers $ transport_data_system_9th'],1,7669072338.574219,avg_eff_no_outliers $ transport_data_system_9th,589928641.428786,single_datapoint,no_comment
10607,2014,14_PE,turnover_rate,2w,%,road,passenger,ice,all,yearly,national,['manually_inputted_data $ guess'],1,0.39,manually_inputted_data $ guess,0.03,single_datapoint,no_comment
10608,2015,14_PE,new_vehicle_efficiency,2w,km_per_pj,road,passenger,ice,all,yearly,national,['avg_eff_no_outliers $ transport_data_system_9th'],1,7669072338.574219,avg_eff_no_outliers $ transport_data_system_9th,589928641.428786,single_datapoint,no_comment
10609,2015,14_PE,turnover_rate,2w,%,road,passenger,ice,all,yearly,national,['manually_inputted_data $ guess'],1,0.39,manually_inputted_data $ guess,0.03,single_datapoint,no_comment
10610,2016,14_PE,new_vehicle_efficiency,2w,km_per_pj,road,passenger,ice,all,yearly,national,['avg_eff_no_outliers $ transport_data_system_9th'],1,7669072338.574219,avg_eff_no_outliers $ transport_data_system_9th,589928641.428786,single_datapoint,no_comment
10611,2016,14_PE,turnover_rate,2w,%,road,passenger,ice,all,yearly,national,['manually_inputted_data $ guess'],1,0.39,manually_inputted_data $ guess,0.03,single_datapoint,no_comment
10612,2017,14_PE,activity,2w,passenger_km_or_freight_tonne_km,road,passenger,ice,all,yearly,national,['estimated $ calculate_energy_and_activity()'],1,1816707750.0000002,estimated $ calculate_energy_and_activity(),1816707750.0000002,single_datapoint,no_comment
10613,2017,14_PE,energy,2w,pj,road,passenger,ice,all,yearly,national,['estimated $ calculate_energy_and_activity()'],1,2.6112562366457674,estimated $ calculate_energy_and_activity(),2.6112562366457674,single_datapoint,no_comment
10614,2017,14_PE,new_vehicle_efficiency,2w,km_per_pj,road,passenger,ice,all,yearly,national,['avg_eff_no_outliers $ transport_data_system_9th'],1,7669072338.574219,avg_eff_no_outliers $ transport_data_system_9th,589928641.428786,single_datapoint,no_comment
10615,2017,14_PE,travel_km,2w,km,road,passenger,ice,all,yearly,national,['estimated $ calculate_energy_and_activity()'],1,1651552500.0,estimated $ calculate_energy_and_activity(),1651552500.0,single_datapoint,no_comment
10616,2017,14_PE,turnover_rate,2w,%,road,passenger,ice,all,yearly,national,['manually_inputted_data $ guess'],1,0.39,manually_inputted_data $ guess,0.03,single_datapoint,no_comment
10617,2018,14_PE,new_vehicle_efficiency,2w,km_per_pj,road,passenger,ice,all,yearly,national,['avg_eff_no_outliers $ transport_data_system_9th'],1,7669072338.574219,avg_eff_no_outliers $ transport_data_system_9th,589928641.428786,single_datapoint,no_comment
10618,2018,14_PE,turnover_rate,2w,%,road,passenger,ice,all,yearly,national,['manually_inputted_data $ guess'],1,0.39,manually_inputted_data $ guess,0.03,single_datapoint,no_comment
10619,2019,14_PE,new_vehicle_efficiency,2w,km_per_pj,road,passenger,ice,all,yearly,national,['avg_eff_no_outliers $ transport_data_system_9th'],1,7669072338.574219,avg_eff_no_outliers $ transport_data_system_9th,589928641.428786,single_datapoint,no_comment
10620,2019,14_PE,turnover_rate,2w,%,road,passenger,ice,all,yearly,national,['manually_inputted_data $ guess'],1,0.39,manually_inputted_data $ guess,0.03,single_datapoint,no_comment
10621,2020,14_PE,new_vehicle_efficiency,2w,km_per_pj,road,passenger,ice,all,yearly,national,['avg_eff_no_outliers $ transport_data_system_9th'],1,7669072338.574219,avg_eff_no_outliers $ transport_data_system_9th,589928641.428786,single_datapoint,no_comment
10622,2020,14_PE,turnover_rate,2w,%,road,passenger,ice,all,yearly,national,['manually_inputted_data $ guess'],1,0.39,manually_inputted_data $ guess,0.03,single_datapoint,no_comment
10623,2021,14_PE,new_vehicle_efficiency,2w,km_per_pj,road,passenger,ice,all,yearly,national,['avg_eff_no_outliers $ transport_data_system_9th'],1,7669072338.574219,avg_eff_no_outliers $ transport_data_system_9th,589928641.428786,single_datapoint,no_comment
10624,2021,14_PE,turnover_rate,2w,%,road,passenger,ice,all,yearly,national,['manually_inputted_data $ guess'],1,0.39,manually_inputted_data $ guess,0.03,single_datapoint,no_comment
10625,2022,14_PE,new_vehicle_efficiency,2w,km_per_pj,road,passenger,ice,all,yearly,national,['avg_eff_no_outliers $ transport_data_system_9th'],1,7669072338.574219,avg_eff_no_outliers $ transport_data_system_9th,589928641.428786,single_datapoint,no_comment
10626,2022,14_PE,turnover_rate,2w,%,road,passenger,ice,all,yearly,national,['manually_inputted_data $ guess'],1,0.39,manually_inputted_data $ guess,0.03,single_datapoint,no_comment
10627,2010,14_PE,intensity,all,pj_per_passenger_or_freight_tonne_km,air,freight,all,all,yearly,national,['manually_inputted_data $ energy-intensity-of-passenger-transport-modes-2018'],1,4.0300000000000004e-08,manually_inputted_data $ energy-intensity-of-passenger-transport-modes-2018,3.1e-09,single_datapoint,assumed_to_be_same_as_passenger_air_because_of_lack_of_data
10628,2010,14_PE,intensity,all,pj_per_passenger_or_freight_tonne_km,rail,freight,all,all,yearly,national,['manually_inputted_data $ iea_howtocalculatetheindicatorsforthetransportsectors.pdf'],1,2.86e-09,manually_inputted_data $ iea_howtocalculatetheindicatorsforthetransportsectors.pdf,2.2e-10,single_datapoint,from_how_to_calculate_the_indicators_for_the_transport_sector
10629,2010,14_PE,intensity,all,pj_per_passenger_or_freight_tonne_km,ship,freight,all,all,yearly,national,['manually_inputted_data $ iea_howtocalculatetheindicatorsforthetransportsectors.pdf'],1,7.02e-09,manually_inputted_data $ iea_howtocalculatetheindicatorsforthetransportsectors.pdf,5.4e-10,single_datapoint,from_how_to_calculate_the_indicators_for_the_transport_sector
10630,2010,14_PE,intensity,all,pj_per_passenger_or_freight_tonne_km,air,passenger,all,all,yearly,national,['manually_inputted_data $ energy-intensity-of-passenger-transport-modes-2018'],1,4.0300000000000004e-08,manually_inputted_data $ energy-intensity-of-passenger-transport-modes-2018,3.1e-09,single_datapoint,no_comment
10631,2010,14_PE,intensity,all,pj_per_passenger_or_freight_tonne_km,rail,passenger,all,all,yearly,national,['manually_inputted_data $ energy-intensity-of-passenger-transport-modes-2018'],1,2.6e-09,manually_inputted_data $ energy-intensity-of-passenger-transport-modes-2018,2e-10,single_datapoint,no_comment
10632,2010,14_PE,intensity,all,pj_per_passenger_or_freight_tonne_km,ship,passenger,all,all,yearly,national,['manually_inputted_data $ iea_howtocalculatetheindicatorsforthetransportsectors.pdf'],1,7.02e-09,manually_inputted_data $ iea_howtocalculatetheindicatorsforthetransportsectors.pdf,5.4e-10,single_datapoint,assumed_to_be_the_same_as_ship_freight_from_iea_how_to
10633,2011,14_PE,intensity,all,pj_per_passenger_or_freight_tonne_km,air,freight,all,all,yearly,national,['manually_inputted_data $ energy-intensity-of-passenger-transport-modes-2018'],1,4.0300000000000004e-08,manually_inputted_data $ energy-intensity-of-passenger-transport-modes-2018,3.1e-09,single_datapoint,assumed_to_be_same_as_passenger_air_because_of_lack_of_data
10634,2011,14_PE,intensity,all,pj_per_passenger_or_freight_tonne_km,rail,freight,all,all,yearly,national,['manually_inputted_data $ iea_howtocalculatetheindicatorsforthetransportsectors.pdf'],1,2.86e-09,manually_inputted_data $ iea_howtocalculatetheindicatorsforthetransportsectors.pdf,2.2e-10,single_datapoint,from_how_to_calculate_the_indicators_for_the_transport_sector
10635,2011,14_PE,intensity,all,pj_per_passenger_or_freight_tonne_km,ship,freight,all,all,yearly,national,['manually_inputted_data $ iea_howtocalculatetheindicatorsforthetransportsectors.pdf'],1,7.02e-09,manually_inputted_data $ iea_howtocalculatetheindicatorsforthetransportsectors.pdf,5.4e-10,single_datapoint,from_how_to_calculate_the_indicators_for_the_transport_sector
10636,2011,14_PE,intensity,all,pj_per_passenger_or_freight_tonne_km,air,passenger,all,all,yearly,national,['manually_inputted_data $ energy-intensity-of-passenger-transport-modes-2018'],1,4.0300000000000004e-08,manually_inputted_data $ energy-intensity-of-passenger-transport-modes-2018,3.1e-09,single_datapoint,no_comment
10637,2011,14_PE,intensity,all,pj_per_passenger_or_freight_tonne_km,rail,passenger,all,all,yearly,national,['manually_inputted_data $ energy-intensity-of-passenger-transport-modes-2018'],1,2.6e-09,manually_inputted_data $ energy-intensity-of-passenger-transport-modes-2018,2e-10,single_datapoint,no_comment
10638,2011,14_PE,intensity,all,pj_per_passenger_or_freight_tonne_km,ship,passenger,all,all,yearly,national,['manually_inputted_data $ iea_howtocalculatetheindicatorsforthetransportsectors.pdf'],1,7.02e-09,manually_inputted_data $ iea_howtocalculatetheindicatorsforthetransportsectors.pdf,5.4e-10,single_datapoint,assumed_to_be_the_same_as_ship_freight_from_iea_how_to
10639,2012,14_PE,intensity,all,pj_per_passenger_or_freight_tonne_km,air,freight,all,all,yearly,national,['manually_inputted_data $ energy-intensity-of-passenger-transport-modes-2018'],1,4.0300000000000004e-08,manually_inputted_data $ energy-intensity-of-passenger-transport-modes-2018,3.1e-09,single_datapoint,assumed_to_be_same_as_passenger_air_because_of_lack_of_data
10640,2012,14_PE,intensity,all,pj_per_passenger_or_freight_tonne_km,rail,freight,all,all,yearly,national,['manually_inputted_data $ iea_howtocalculatetheindicatorsforthetransportsectors.pdf'],1,2.86e-09,manually_inputted_data $ iea_howtocalculatetheindicatorsforthetransportsectors.pdf,2.2e-10,single_datapoint,from_how_to_calculate_the_indicators_for_the_transport_sector
10641,2012,14_PE,intensity,all,pj_per_passenger_or_freight_tonne_km,ship,freight,all,all,yearly,national,['manually_inputted_data $ iea_howtocalculatetheindicatorsforthetransportsectors.pdf'],1,7.02e-09,manually_inputted_data $ iea_howtocalculatetheindicatorsforthetransportsectors.pdf,5.4e-10,single_datapoint,from_how_to_calculate_the_indicators_for_the_transport_sector
10642,2012,14_PE,intensity,all,pj_per_passenger_or_freight_tonne_km,air,passenger,all,all,yearly,national,['manually_inputted_data $ energy-intensity-of-passenger-transport-modes-2018'],1,4.0300000000000004e-08,manually_inputted_data $ energy-intensity-of-passenger-transport-modes-2018,3.1e-09,single_datapoint,no_comment
10643,2012,14_PE,intensity,all,pj_per_passenger_or_freight_tonne_km,rail,passenger,all,all,yearly,national,['manually_inputted_data $ energy-intensity-of-passenger-transport-modes-2018'],1,2.6e-09,manually_inputted_data $ energy-intensity-of-passenger-transport-modes-2018,2e-10,single_datapoint,no_comment
10644,2012,14_PE,intensity,all,pj_per_passenger_or_freight_tonne_km,ship,passenger,all,all,yearly,national,['manually_inputted_data $ iea_howtocalculatetheindicatorsforthetransportsectors.pdf'],1,7.02e-09,manually_inputted_data $ iea_howtocalculatetheindicatorsforthetransportsectors.pdf,5.4e-10,single_datapoint,assumed_to_be_the_same_as_ship_freight_from_iea_how_to
10645,2013,14_PE,intensity,all,pj_per_passenger_or_freight_tonne_km,air,freight,all,all,yearly,national,['manually_inputted_data $ energy-intensity-of-passenger-transport-modes-2018'],1,4.0300000000000004e-08,manually_inputted_data $ energy-intensity-of-passenger-transport-modes-2018,3.1e-09,single_datapoint,assumed_to_be_same_as_passenger_air_because_of_lack_of_data
10646,2013,14_PE,intensity,all,pj_per_passenger_or_freight_tonne_km,rail,freight,all,all,yearly,national,['manually_inputted_data $ iea_howtocalculatetheindicatorsforthetransportsectors.pdf'],1,2.86e-09,manually_inputted_data $ iea_howtocalculatetheindicatorsforthetransportsectors.pdf,2.2e-10,single_datapoint,from_how_to_calculate_the_indicators_for_the_transport_sector
10647,2013,14_PE,intensity,all,pj_per_passenger_or_freight_tonne_km,ship,freight,all,all,yearly,national,['manually_inputted_data $ iea_howtocalculatetheindicatorsforthetransportsectors.pdf'],1,7.02e-09,manually_inputted_data $ iea_howtocalculatetheindicatorsforthetransportsectors.pdf,5.4e-10,single_datapoint,from_how_to_calculate_the_indicators_for_the_transport_sector
10648,2013,14_PE,intensity,all,pj_per_passenger_or_freight_tonne_km,air,passenger,all,all,yearly,national,['manually_inputted_data $ energy-intensity-of-passenger-transport-modes-2018'],1,4.0300000000000004e-08,manually_inputted_data $ energy-intensity-of-passenger-transport-modes-2018,3.1e-09,single_datapoint,no_comment
10649,2013,14_PE,intensity,all,pj_per_passenger_or_freight_tonne_km,rail,passenger,all,all,yearly,national,['manually_inputted_data $ energy-intensity-of-passenger-transport-modes-2018'],1,2.6e-09,manually_inputted_data $ energy-intensity-of-passenger-transport-modes-2018,2e-10,single_datapoint,no_comment
10650,2013,14_PE,intensity,all,pj_per_passenger_or_freight_tonne_km,ship,passenger,all,all,yearly,national,['manually_inputted_data $ iea_howtocalculatetheindicatorsforthetransportsectors.pdf'],1,7.02e-09,manually_inputted_data $ iea_howtocalculatetheindicatorsforthetransportsectors.pdf,5.4e-10,single_datapoint,assumed_to_be_the_same_as_ship_freight_from_iea_how_to
10651,2014,14_PE,intensity,all,pj_per_passenger_or_freight_tonne_km,air,freight,all,all,yearly,national,['manually_inputted_data $ energy-intensity-of-passenger-transport-modes-2018'],1,4.0300000000000004e-08,manually_inputted_data $ energy-intensity-of-passenger-transport-modes-2018,3.1e-09,single_datapoint,assumed_to_be_same_as_passenger_air_because_of_lack_of_data
10652,2014,14_PE,intensity,all,pj_per_passenger_or_freight_tonne_km,rail,freight,all,all,yearly,national,['manually_inputted_data $ iea_howtocalculatetheindicatorsforthetransportsectors.pdf'],1,2.86e-09,manually_inputted_data $ iea_howtocalculatetheindicatorsforthetransportsectors.pdf,2.2e-10,single_datapoint,from_how_to_calculate_the_indicators_for_the_transport_sector
10653,2014,14_PE,intensity,all,pj_per_passenger_or_freight_tonne_km,ship,freight,all,all,yearly,national,['manually_inputted_data $ iea_howtocalculatetheindicatorsforthetransportsectors.pdf'],1,7.02e-09,manually_inputted_data $ iea_howtocalculatetheindicatorsforthetransportsectors.pdf,5.4e-10,single_datapoint,from_how_to_calculate_the_indicators_for_the_transport_sector
10654,2014,14_PE,intensity,all,pj_per_passenger_or_freight_tonne_km,air,passenger,all,all,yearly,national,['manually_inputted_data $ energy-intensity-of-passenger-transport-modes-2018'],1,4.0300000000000004e-08,manually_inputted_data $ energy-intensity-of-passenger-transport-modes-2018,3.1e-09,single_datapoint,no_comment
10655,2014,14_PE,intensity,all,pj_per_passenger_or_freight_tonne_km,rail,passenger,all,all,yearly,national,['manually_inputted_data $ energy-intensity-of-passenger-transport-modes-2018'],1,2.6e-09,manually_inputted_data $ energy-intensity-of-passenger-transport-modes-2018,2e-10,single_datapoint,no_comment
10656,2014,14_PE,intensity,all,pj_per_passenger_or_freight_tonne_km,ship,passenger,all,all,yearly,national,['manually_inputted_data $ iea_howtocalculatetheindicatorsforthetransportsectors.pdf'],1,7.02e-09,manually_inputted_data $ iea_howtocalculatetheindicatorsforthetransportsectors.pdf,5.4e-10,single_datapoint,assumed_to_be_the_same_as_ship_freight_from_iea_how_to
10657,2015,14_PE,intensity,all,pj_per_passenger_or_freight_tonne_km,air,freight,all,all,yearly,national,['manually_inputted_data $ energy-intensity-of-passenger-transport-modes-2018'],1,4.0300000000000004e-08,manually_inputted_data $ energy-intensity-of-passenger-transport-modes-2018,3.1e-09,single_datapoint,assumed_to_be_same_as_passenger_air_because_of_lack_of_data
10658,2015,14_PE,intensity,all,pj_per_passenger_or_freight_tonne_km,rail,freight,all,all,yearly,national,['manually_inputted_data $ iea_howtocalculatetheindicatorsforthetransportsectors.pdf'],1,2.86e-09,manually_inputted_data $ iea_howtocalculatetheindicatorsforthetransportsectors.pdf,2.2e-10,single_datapoint,from_how_to_calculate_the_indicators_for_the_transport_sector
10659,2015,14_PE,intensity,all,pj_per_passenger_or_freight_tonne_km,ship,freight,all,all,yearly,national,['manually_inputted_data $ iea_howtocalculatetheindicatorsforthetransportsectors.pdf'],1,7.02e-09,manually_inputted_data $ iea_howtocalculatetheindicatorsforthetransportsectors.pdf,5.4e-10,single_datapoint,from_how_to_calculate_the_indicators_for_the_transport_sector
10660,2015,14_PE,intensity,all,pj_per_passenger_or_freight_tonne_km,air,passenger,all,all,yearly,national,['manually_inputted_data $ energy-intensity-of-passenger-transport-modes-2018'],1,4.0300000000000004e-08,manually_inputted_data $ energy-intensity-of-passenger-transport-modes-2018,3.1e-09,single_datapoint,no_comment
10661,2015,14_PE,intensity,all,pj_per_passenger_or_freight_tonne_km,rail,passenger,all,all,yearly,national,['manually_inputted_data $ energy-intensity-of-passenger-transport-modes-2018'],1,2.6e-09,manually_inputted_data $ energy-intensity-of-passenger-transport-modes-2018,2e-10,single_datapoint,no_comment
10662,2015,14_PE,intensity,all,pj_per_passenger_or_freight_tonne_km,ship,passenger,all,all,yearly,national,['manually_inputted_data $ iea_howtocalculatetheindicatorsforthetransportsectors.pdf'],1,7.02e-09,manually_inputted_data $ iea_howtocalculatetheindicatorsforthetransportsectors.pdf,5.4e-10,single_datapoint,assumed_to_be_the_same_as_ship_freight_from_iea_how_to
10663,2016,14_PE,intensity,all,pj_per_passenger_or_freight_tonne_km,air,freight,all,all,yearly,national,['manually_inputted_data $ energy-intensity-of-passenger-transport-modes-2018'],1,4.0300000000000004e-08,manually_inputted_data $ energy-intensity-of-passenger-transport-modes-2018,3.1e-09,single_datapoint,assumed_to_be_same_as_passenger_air_because_of_lack_of_data
10664,2016,14_PE,intensity,all,pj_per_passenger_or_freight_tonne_km,rail,freight,all,all,yearly,national,['manually_inputted_data $ iea_howtocalculatetheindicatorsforthetransportsectors.pdf'],1,2.86e-09,manually_inputted_data $ iea_howtocalculatetheindicatorsforthetransportsectors.pdf,2.2e-10,single_datapoint,from_how_to_calculate_the_indicators_for_the_transport_sector
10665,2016,14_PE,intensity,all,pj_per_passenger_or_freight_tonne_km,ship,freight,all,all,yearly,national,['manually_inputted_data $ iea_howtocalculatetheindicatorsforthetransportsectors.pdf'],1,7.02e-09,manually_inputted_data $ iea_howtocalculatetheindicatorsforthetransportsectors.pdf,5.4e-10,single_datapoint,from_how_to_calculate_the_indicators_for_the_transport_sector
10666,2016,14_PE,intensity,all,pj_per_passenger_or_freight_tonne_km,air,passenger,all,all,yearly,national,['manually_inputted_data $ energy-intensity-of-passenger-transport-modes-2018'],1,4.0300000000000004e-08,manually_inputted_data $ energy-intensity-of-passenger-transport-modes-2018,3.1e-09,single_datapoint,no_comment
10667,2016,14_PE,intensity,all,pj_per_passenger_or_freight_tonne_km,rail,passenger,all,all,yearly,national,['manually_inputted_data $ energy-intensity-of-passenger-transport-modes-2018'],1,2.6e-09,manually_inputted_data $ energy-intensity-of-passenger-transport-modes-2018,2e-10,single_datapoint,no_comment
10668,2016,14_PE,intensity,all,pj_per_passenger_or_freight_tonne_km,ship,passenger,all,all,yearly,national,['manually_inputted_data $ iea_howtocalculatetheindicatorsforthetransportsectors.pdf'],1,7.02e-09,manually_inputted_data $ iea_howtocalculatetheindicatorsforthetransportsectors.pdf,5.4e-10,single_datapoint,assumed_to_be_the_same_as_ship_freight_from_iea_how_to
10669,2017,14_PE,intensity,all,pj_per_passenger_or_freight_tonne_km,air,freight,all,all,yearly,national,['manually_inputted_data $ energy-intensity-of-passenger-transport-modes-2018'],1,4.0300000000000004e-08,manually_inputted_data $ energy-intensity-of-passenger-transport-modes-2018,3.1e-09,single_datapoint,assumed_to_be_same_as_passenger_air_because_of_lack_of_data
10670,2017,14_PE,intensity,all,pj_per_passenger_or_freight_tonne_km,rail,freight,all,all,yearly,national,['manually_inputted_data $ iea_howtocalculatetheindicatorsforthetransportsectors.pdf'],1,2.86e-09,manually_inputted_data $ iea_howtocalculatetheindicatorsforthetransportsectors.pdf,2.2e-10,single_datapoint,from_how_to_calculate_the_indicators_for_the_transport_sector
10671,2017,14_PE,intensity,all,pj_per_passenger_or_freight_tonne_km,ship,freight,all,all,yearly,national,['manually_inputted_data $ iea_howtocalculatetheindicatorsforthetransportsectors.pdf'],1,7.02e-09,manually_inputted_data $ iea_howtocalculatetheindicatorsforthetransportsectors.pdf,5.4e-10,single_datapoint,from_how_to_calculate_the_indicators_for_the_transport_sector
10672,2017,14_PE,intensity,all,pj_per_passenger_or_freight_tonne_km,air,passenger,all,all,yearly,national,['manually_inputted_data $ energy-intensity-of-passenger-transport-modes-2018'],1,4.0300000000000004e-08,manually_inputted_data $ energy-intensity-of-passenger-transport-modes-2018,3.1e-09,single_datapoint,no_comment
10673,2017,14_PE,intensity,all,pj_per_passenger_or_freight_tonne_km,rail,passenger,all,all,yearly,national,['manually_inputted_data $ energy-intensity-of-passenger-transport-modes-2018'],1,2.6e-09,manually_inputted_data $ energy-intensity-of-passenger-transport-modes-2018,2e-10,single_datapoint,no_comment
10674,2017,14_PE,intensity,all,pj_per_passenger_or_freight_tonne_km,ship,passenger,all,all,yearly,national,['manually_inputted_data $ iea_howtocalculatetheindicatorsforthetransportsectors.pdf'],1,7.02e-09,manually_inputted_data $ iea_howtocalculatetheindicatorsforthetransportsectors.pdf,5.4e-10,single_datapoint,assumed_to_be_the_same_as_ship_freight_from_iea_how_to
10675,2018,14_PE,intensity,all,pj_per_passenger_or_freight_tonne_km,air,freight,all,all,yearly,national,['manually_inputted_data $ energy-intensity-of-passenger-transport-modes-2018'],1,4.0300000000000004e-08,manually_inputted_data $ energy-intensity-of-passenger-transport-modes-2018,3.1e-09,single_datapoint,assumed_to_be_same_as_passenger_air_because_of_lack_of_data
10676,2018,14_PE,intensity,all,pj_per_passenger_or_freight_tonne_km,rail,freight,all,all,yearly,national,['manually_inputted_data $ iea_howtocalculatetheindicatorsforthetransportsectors.pdf'],1,2.86e-09,manually_inputted_data $ iea_howtocalculatetheindicatorsforthetransportsectors.pdf,2.2e-10,single_datapoint,from_how_to_calculate_the_indicators_for_the_transport_sector
10677,2018,14_PE,intensity,all,pj_per_passenger_or_freight_tonne_km,ship,freight,all,all,yearly,national,['manually_inputted_data $ iea_howtocalculatetheindicatorsforthetransportsectors.pdf'],1,7.02e-09,manually_inputted_data $ iea_howtocalculatetheindicatorsforthetransportsectors.pdf,5.4e-10,single_datapoint,from_how_to_calculate_the_indicators_for_the_transport_sector
10678,2018,14_PE,intensity,all,pj_per_passenger_or_freight_tonne_km,air,passenger,all,all,yearly,national,['manually_inputted_data $ energy-intensity-of-passenger-transport-modes-2018'],1,4.0300000000000004e-08,manually_inputted_data $ energy-intensity-of-passenger-transport-modes-2018,3.1e-09,single_datapoint,no_comment
10679,2018,14_PE,intensity,all,pj_per_passenger_or_freight_tonne_km,rail,passenger,all,all,yearly,national,['manually_inputted_data $ energy-intensity-of-passenger-transport-modes-2018'],1,2.6e-09,manually_inputted_data $ energy-intensity-of-passenger-transport-modes-2018,2e-10,single_datapoint,no_comment
10680,2018,14_PE,intensity,all,pj_per_passenger_or_freight_tonne_km,ship,passenger,all,all,yearly,national,['manually_inputted_data $ iea_howtocalculatetheindicatorsforthetransportsectors.pdf'],1,7.02e-09,manually_inputted_data $ iea_howtocalculatetheindicatorsforthetransportsectors.pdf,5.4e-10,single_datapoint,assumed_to_be_the_same_as_ship_freight_from_iea_how_to
10681,2019,14_PE,intensity,all,pj_per_passenger_or_freight_tonne_km,air,freight,all,all,yearly,national,['manually_inputted_data $ energy-intensity-of-passenger-transport-modes-2018'],1,4.0300000000000004e-08,manually_inputted_data $ energy-intensity-of-passenger-transport-modes-2018,3.1e-09,single_datapoint,assumed_to_be_same_as_passenger_air_because_of_lack_of_data
10682,2019,14_PE,intensity,all,pj_per_passenger_or_freight_tonne_km,rail,freight,all,all,yearly,national,['manually_inputted_data $ iea_howtocalculatetheindicatorsforthetransportsectors.pdf'],1,2.86e-09,manually_inputted_data $ iea_howtocalculatetheindicatorsforthetransportsectors.pdf,2.2e-10,single_datapoint,from_how_to_calculate_the_indicators_for_the_transport_sector
10683,2019,14_PE,intensity,all,pj_per_passenger_or_freight_tonne_km,ship,freight,all,all,yearly,national,['manually_inputted_data $ iea_howtocalculatetheindicatorsforthetransportsectors.pdf'],1,7.02e-09,manually_inputted_data $ iea_howtocalculatetheindicatorsforthetransportsectors.pdf,5.4e-10,single_datapoint,from_how_to_calculate_the_indicators_for_the_transport_sector
10684,2019,14_PE,intensity,all,pj_per_passenger_or_freight_tonne_km,air,passenger,all,all,yearly,national,['manually_inputted_data $ energy-intensity-of-passenger-transport-modes-2018'],1,4.0300000000000004e-08,manually_inputted_data $ energy-intensity-of-passenger-transport-modes-2018,3.1e-09,single_datapoint,no_comment
10685,2019,14_PE,intensity,all,pj_per_passenger_or_freight_tonne_km,rail,passenger,all,all,yearly,national,['manually_inputted_data $ energy-intensity-of-passenger-transport-modes-2018'],1,2.6e-09,manually_inputted_data $ energy-intensity-of-passenger-transport-modes-2018,2e-10,single_datapoint,no_comment
10686,2019,14_PE,intensity,all,pj_per_passenger_or_freight_tonne_km,ship,passenger,all,all,yearly,national,['manually_inputted_data $ iea_howtocalculatetheindicatorsforthetransportsectors.pdf'],1,7.02e-09,manually_inputted_data $ iea_howtocalculatetheindicatorsforthetransportsectors.pdf,5.4e-10,single_datapoint,assumed_to_be_the_same_as_ship_freight_from_iea_how_to
10687,2020,14_PE,intensity,all,pj_per_passenger_or_freight_tonne_km,air,freight,all,all,yearly,national,['manually_inputted_data $ energy-intensity-of-passenger-transport-modes-2018'],1,4.0300000000000004e-08,manually_inputted_data $ energy-intensity-of-passenger-transport-modes-2018,3.1e-09,single_datapoint,assumed_to_be_same_as_passenger_air_because_of_lack_of_data
10688,2020,14_PE,intensity,all,pj_per_passenger_or_freight_tonne_km,rail,freight,all,all,yearly,national,['manually_inputted_data $ iea_howtocalculatetheindicatorsforthetransportsectors.pdf'],1,2.86e-09,manually_inputted_data $ iea_howtocalculatetheindicatorsforthetransportsectors.pdf,2.2e-10,single_datapoint,from_how_to_calculate_the_indicators_for_the_transport_sector
10689,2020,14_PE,intensity,all,pj_per_passenger_or_freight_tonne_km,ship,freight,all,all,yearly,national,['manually_inputted_data $ iea_howtocalculatetheindicatorsforthetransportsectors.pdf'],1,7.02e-09,manually_inputted_data $ iea_howtocalculatetheindicatorsforthetransportsectors.pdf,5.4e-10,single_datapoint,from_how_to_calculate_the_indicators_for_the_transport_sector
10690,2020,14_PE,intensity,all,pj_per_passenger_or_freight_tonne_km,air,passenger,all,all,yearly,national,['manually_inputted_data $ energy-intensity-of-passenger-transport-modes-2018'],1,4.0300000000000004e-08,manually_inputted_data $ energy-intensity-of-passenger-transport-modes-2018,3.1e-09,single_datapoint,no_comment
10691,2020,14_PE,intensity,all,pj_per_passenger_or_freight_tonne_km,rail,passenger,all,all,yearly,national,['manually_inputted_data $ energy-intensity-of-passenger-transport-modes-2018'],1,2.6e-09,manually_inputted_data $ energy-intensity-of-passenger-transport-modes-2018,2e-10,single_datapoint,no_comment
10692,2020,14_PE,intensity,all,pj_per_passenger_or_freight_tonne_km,ship,passenger,all,all,yearly,national,['manually_inputted_data $ iea_howtocalculatetheindicatorsforthetransportsectors.pdf'],1,7.02e-09,manually_inputted_data $ iea_howtocalculatetheindicatorsforthetransportsectors.pdf,5.4e-10,single_datapoint,assumed_to_be_the_same_as_ship_freight_from_iea_how_to
10693,2021,14_PE,intensity,all,pj_per_passenger_or_freight_tonne_km,air,freight,all,all,yearly,national,['manually_inputted_data $ energy-intensity-of-passenger-transport-modes-2018'],1,4.0300000000000004e-08,manually_inputted_data $ energy-intensity-of-passenger-transport-modes-2018,3.1e-09,single_datapoint,assumed_to_be_same_as_passenger_air_because_of_lack_of_data
10694,2021,14_PE,intensity,all,pj_per_passenger_or_freight_tonne_km,rail,freight,all,all,yearly,national,['manually_inputted_data $ iea_howtocalculatetheindicatorsforthetransportsectors.pdf'],1,2.86e-09,manually_inputted_data $ iea_howtocalculatetheindicatorsforthetransportsectors.pdf,2.2e-10,single_datapoint,from_how_to_calculate_the_indicators_for_the_transport_sector
10695,2021,14_PE,intensity,all,pj_per_passenger_or_freight_tonne_km,ship,freight,all,all,yearly,national,['manually_inputted_data $ iea_howtocalculatetheindicatorsforthetransportsectors.pdf'],1,7.02e-09,manually_inputted_data $ iea_howtocalculatetheindicatorsforthetransportsectors.pdf,5.4e-10,single_datapoint,from_how_to_calculate_the_indicators_for_the_transport_sector
10696,2021,14_PE,intensity,all,pj_per_passenger_or_freight_tonne_km,air,passenger,all,all,yearly,national,['manually_inputted_data $ energy-intensity-of-passenger-transport-modes-2018'],1,4.0300000000000004e-08,manually_inputted_data $ energy-intensity-of-passenger-transport-modes-2018,3.1e-09,single_datapoint,no_comment
10697,2021,14_PE,intensity,all,pj_per_passenger_or_freight_tonne_km,rail,passenger,all,all,yearly,national,['manually_inputted_data $ energy-intensity-of-passenger-transport-modes-2018'],1,2.6e-09,manually_inputted_data $ energy-intensity-of-passenger-transport-modes-2018,2e-10,single_datapoint,no_comment
10698,2021,14_PE,intensity,all,pj_per_passenger_or_freight_tonne_km,ship,passenger,all,all,yearly,national,['manually_inputted_data $ iea_howtocalculatetheindicatorsforthetransportsectors.pdf'],1,7.02e-09,manually_inputted_data $ iea_howtocalculatetheindicatorsforthetransportsectors.pdf,5.4e-10,single_datapoint,assumed_to_be_the_same_as_ship_freight_from_iea_how_to
10699,2022,14_PE,intensity,all,pj_per_passenger_or_freight_tonne_km,air,freight,all,all,yearly,national,['manually_inputted_data $ energy-intensity-of-passenger-transport-modes-2018'],1,4.0300000000000004e-08,manually_inputted_data $ energy-intensity-of-passenger-transport-modes-2018,3.1e-09,single_datapoint,assumed_to_be_same_as_passenger_air_because_of_lack_of_data
10700,2022,14_PE,intensity,all,pj_per_passenger_or_freight_tonne_km,rail,freight,all,all,yearly,national,['manually_inputted_data $ iea_howtocalculatetheindicatorsforthetransportsectors.pdf'],1,2.86e-09,manually_inputted_data $ iea_howtocalculatetheindicatorsforthetransportsectors.pdf,2.2e-10,single_datapoint,from_how_to_calculate_the_indicators_for_the_transport_sector
10701,2022,14_PE,intensity,all,pj_per_passenger_or_freight_tonne_km,ship,freight,all,all,yearly,national,['manually_inputted_data $ iea_howtocalculatetheindicatorsforthetransportsectors.pdf'],1,7.02e-09,manually_inputted_data $ iea_howtocalculatetheindicatorsforthetransportsectors.pdf,5.4e-10,single_datapoint,from_how_to_calculate_the_indicators_for_the_transport_sector
10702,2022,14_PE,intensity,all,pj_per_passenger_or_freight_tonne_km,air,passenger,all,all,yearly,national,['manually_inputted_data $ energy-intensity-of-passenger-transport-modes-2018'],1,4.0300000000000004e-08,manually_inputted_data $ energy-intensity-of-passenger-transport-modes-2018,3.1e-09,single_datapoint,no_comment
10703,2022,14_PE,intensity,all,pj_per_passenger_or_freight_tonne_km,rail,passenger,all,all,yearly,national,['manually_inputted_data $ energy-intensity-of-passenger-transport-modes-2018'],1,2.6e-09,manually_inputted_data $ energy-intensity-of-passenger-transport-modes-2018,2e-10,single_datapoint,no_comment
10704,2022,14_PE,intensity,all,pj_per_passenger_or_freight_tonne_km,ship,passenger,all,all,yearly,national,['manually_inputted_data $ iea_howtocalculatetheindicatorsforthetransportsectors.pdf'],1,7.02e-09,manually_inputted_data $ iea_howtocalculatetheindicatorsforthetransportsectors.pdf,5.4e-10,single_datapoint,assumed_to_be_the_same_as_ship_freight_from_iea_how_to
10705,2010,14_PE,new_vehicle_efficiency,bus,km_per_pj,road,passenger,bev,all,yearly,national,['avg_eff_no_outliers $ transport_data_system_9th'],1,1058314235.1561403,avg_eff_no_outliers $ transport_data_system_9th,81408787.3197031,single_datapoint,no_comment
10706,2010,14_PE,turnover_rate,bus,%,road,passenger,bev,all,yearly,national,['manually_inputted_data $ guess'],1,0.42,manually_inputted_data $ guess,0.03,manual,no_comment
10707,2011,14_PE,new_vehicle_efficiency,bus,km_per_pj,road,passenger,bev,all,yearly,national,['avg_eff_no_outliers $ transport_data_system_9th'],1,1058314235.1561403,avg_eff_no_outliers $ transport_data_system_9th,81408787.3197031,single_datapoint,no_comment
10708,2011,14_PE,turnover_rate,bus,%,road,passenger,bev,all,yearly,national,['manually_inputted_data $ guess'],1,0.42,manually_inputted_data $ guess,0.03,manual,no_comment
10709,2012,14_PE,new_vehicle_efficiency,bus,km_per_pj,road,passenger,bev,all,yearly,national,['avg_eff_no_outliers $ transport_data_system_9th'],1,1058314235.1561403,avg_eff_no_outliers $ transport_data_system_9th,81408787.3197031,single_datapoint,no_comment
10710,2012,14_PE,turnover_rate,bus,%,road,passenger,bev,all,yearly,national,['manually_inputted_data $ guess'],1,0.42,manually_inputted_data $ guess,0.03,manual,no_comment
10711,2013,14_PE,new_vehicle_efficiency,bus,km_per_pj,road,passenger,bev,all,yearly,national,['avg_eff_no_outliers $ transport_data_system_9th'],1,1058314235.1561403,avg_eff_no_outliers $ transport_data_system_9th,81408787.3197031,single_datapoint,no_comment
10712,2013,14_PE,turnover_rate,bus,%,road,passenger,bev,all,yearly,national,['manually_inputted_data $ guess'],1,0.42,manually_inputted_data $ guess,0.03,manual,no_comment
10713,2014,14_PE,new_vehicle_efficiency,bus,km_per_pj,road,passenger,bev,all,yearly,national,['avg_eff_no_outliers $ transport_data_system_9th'],1,1058314235.1561403,avg_eff_no_outliers $ transport_data_system_9th,81408787.3197031,single_datapoint,no_comment
10714,2014,14_PE,turnover_rate,bus,%,road,passenger,bev,all,yearly,national,['manually_inputted_data $ guess'],1,0.42,manually_inputted_data $ guess,0.03,manual,no_comment
10715,2015,14_PE,new_vehicle_efficiency,bus,km_per_pj,road,passenger,bev,all,yearly,national,['avg_eff_no_outliers $ transport_data_system_9th'],1,1058314235.1561403,avg_eff_no_outliers $ transport_data_system_9th,81408787.3197031,single_datapoint,no_comment
10716,2015,14_PE,turnover_rate,bus,%,road,passenger,bev,all,yearly,national,['manually_inputted_data $ guess'],1,0.42,manually_inputted_data $ guess,0.03,manual,no_comment
10717,2016,14_PE,new_vehicle_efficiency,bus,km_per_pj,road,passenger,bev,all,yearly,national,['avg_eff_no_outliers $ transport_data_system_9th'],1,1058314235.1561403,avg_eff_no_outliers $ transport_data_system_9th,81408787.3197031,single_datapoint,no_comment
10718,2016,14_PE,turnover_rate,bus,%,road,passenger,bev,all,yearly,national,['manually_inputted_data $ guess'],1,0.42,manually_inputted_data $ guess,0.03,manual,no_comment
10719,2017,14_PE,new_vehicle_efficiency,bus,km_per_pj,road,passenger,bev,all,yearly,national,['avg_eff_no_outliers $ transport_data_system_9th'],1,1058314235.1561403,avg_eff_no_outliers $ transport_data_system_9th,81408787.3197031,single_datapoint,no_comment
10720,2017,14_PE,turnover_rate,bus,%,road,passenger,bev,all,yearly,national,"['manually_inputted_data $ guess', 'turnover_rate_est']",2,0.42,manually_inputted_data $ guess,0.03,manual,no_comment
10721,2018,14_PE,new_vehicle_efficiency,bus,km_per_pj,road,passenger,bev,all,yearly,national,['avg_eff_no_outliers $ transport_data_system_9th'],1,1058314235.1561403,avg_eff_no_outliers $ transport_data_system_9th,81408787.3197031,single_datapoint,no_comment
10722,2018,14_PE,turnover_rate,bus,%,road,passenger,bev,all,yearly,national,['manually_inputted_data $ guess'],1,0.42,manually_inputted_data $ guess,0.03,manual,no_comment
10723,2019,14_PE,new_vehicle_efficiency,bus,km_per_pj,road,passenger,bev,all,yearly,national,['avg_eff_no_outliers $ transport_data_system_9th'],1,1058314235.1561403,avg_eff_no_outliers $ transport_data_system_9th,81408787.3197031,single_datapoint,no_comment
10724,2019,14_PE,turnover_rate,bus,%,road,passenger,bev,all,yearly,national,['manually_inputted_data $ guess'],1,0.42,manually_inputted_data $ guess,0.03,manual,no_comment
10725,2020,14_PE,new_vehicle_efficiency,bus,km_per_pj,road,passenger,bev,all,yearly,national,['avg_eff_no_outliers $ transport_data_system_9th'],1,1058314235.1561403,avg_eff_no_outliers $ transport_data_system_9th,81408787.3197031,single_datapoint,no_comment
10726,2020,14_PE,turnover_rate,bus,%,road,passenger,bev,all,yearly,national,['manually_inputted_data $ guess'],1,0.42,manually_inputted_data $ guess,0.03,manual,no_comment
10727,2021,14_PE,new_vehicle_efficiency,bus,km_per_pj,road,passenger,bev,all,yearly,national,['avg_eff_no_outliers $ transport_data_system_9th'],1,1058314235.1561403,avg_eff_no_outliers $ transport_data_system_9th,81408787.3197031,single_datapoint,no_comment
10728,2021,14_PE,turnover_rate,bus,%,road,passenger,bev,all,yearly,national,['manually_inputted_data $ guess'],1,0.42,manually_inputted_data $ guess,0.03,manual,no_comment
10729,2022,14_PE,new_vehicle_efficiency,bus,km_per_pj,road,passenger,bev,all,yearly,national,['avg_eff_no_outliers $ transport_data_system_9th'],1,1058314235.1561403,avg_eff_no_outliers $ transport_data_system_9th,81408787.3197031,single_datapoint,no_comment
10730,2022,14_PE,turnover_rate,bus,%,road,passenger,bev,all,yearly,national,['manually_inputted_data $ guess'],1,0.42,manually_inputted_data $ guess,0.03,manual,no_comment
10731,2010,14_PE,new_vehicle_efficiency,bus,km_per_pj,road,passenger,cng,all,yearly,national,['avg_eff_no_outliers $ transport_data_system_9th'],1,1813839119.6717222,avg_eff_no_outliers $ transport_data_system_9th,139526086.128594,single_datapoint,no_comment
10732,2010,14_PE,turnover_rate,bus,%,road,passenger,cng,all,yearly,national,['manually_inputted_data $ guess'],1,0.42,manually_inputted_data $ guess,0.03,manual,no_comment
10733,2011,14_PE,new_vehicle_efficiency,bus,km_per_pj,road,passenger,cng,all,yearly,national,['avg_eff_no_outliers $ transport_data_system_9th'],1,1813839119.6717222,avg_eff_no_outliers $ transport_data_system_9th,139526086.128594,single_datapoint,no_comment
10734,2011,14_PE,turnover_rate,bus,%,road,passenger,cng,all,yearly,national,['manually_inputted_data $ guess'],1,0.42,manually_inputted_data $ guess,0.03,manual,no_comment
10735,2012,14_PE,new_vehicle_efficiency,bus,km_per_pj,road,passenger,cng,all,yearly,national,['avg_eff_no_outliers $ transport_data_system_9th'],1,1813839119.6717222,avg_eff_no_outliers $ transport_data_system_9th,139526086.128594,single_datapoint,no_comment
10736,2012,14_PE,turnover_rate,bus,%,road,passenger,cng,all,yearly,national,['manually_inputted_data $ guess'],1,0.42,manually_inputted_data $ guess,0.03,manual,no_comment
10737,2013,14_PE,new_vehicle_efficiency,bus,km_per_pj,road,passenger,cng,all,yearly,national,['avg_eff_no_outliers $ transport_data_system_9th'],1,1813839119.6717222,avg_eff_no_outliers $ transport_data_system_9th,139526086.128594,single_datapoint,no_comment
10738,2013,14_PE,turnover_rate,bus,%,road,passenger,cng,all,yearly,national,['manually_inputted_data $ guess'],1,0.42,manually_inputted_data $ guess,0.03,manual,no_comment
10739,2014,14_PE,new_vehicle_efficiency,bus,km_per_pj,road,passenger,cng,all,yearly,national,['avg_eff_no_outliers $ transport_data_system_9th'],1,1813839119.6717222,avg_eff_no_outliers $ transport_data_system_9th,139526086.128594,single_datapoint,no_comment
10740,2014,14_PE,turnover_rate,bus,%,road,passenger,cng,all,yearly,national,['manually_inputted_data $ guess'],1,0.42,manually_inputted_data $ guess,0.03,manual,no_comment
10741,2015,14_PE,new_vehicle_efficiency,bus,km_per_pj,road,passenger,cng,all,yearly,national,['avg_eff_no_outliers $ transport_data_system_9th'],1,1813839119.6717222,avg_eff_no_outliers $ transport_data_system_9th,139526086.128594,single_datapoint,no_comment
10742,2015,14_PE,turnover_rate,bus,%,road,passenger,cng,all,yearly,national,['manually_inputted_data $ guess'],1,0.42,manually_inputted_data $ guess,0.03,manual,no_comment
10743,2016,14_PE,new_vehicle_efficiency,bus,km_per_pj,road,passenger,cng,all,yearly,national,['avg_eff_no_outliers $ transport_data_system_9th'],1,1813839119.6717222,avg_eff_no_outliers $ transport_data_system_9th,139526086.128594,single_datapoint,no_comment
10744,2016,14_PE,turnover_rate,bus,%,road,passenger,cng,all,yearly,national,['manually_inputted_data $ guess'],1,0.42,manually_inputted_data $ guess,0.03,manual,no_comment
10745,2017,14_PE,activity,bus,passenger_km_or_freight_tonne_km,road,passenger,cng,all,yearly,national,"['8th_edition_transport_model $ reference', 'estimated $ calculate_energy_and_activity()']",2,5096442279.827329,estimated $ calculate_energy_and_activity(),4258125000.0,manual,no_comment
10746,2017,14_PE,energy,bus,pj,road,passenger,cng,all,yearly,national,"['8th_edition_transport_model $ reference', 'estimated $ calculate_energy_and_activity()']",2,5.14817014338139,estimated $ calculate_energy_and_activity(),3.814501530299938,manual,no_comment
10747,2017,14_PE,new_vehicle_efficiency,bus,km_per_pj,road,passenger,cng,all,yearly,national,['avg_eff_no_outliers $ transport_data_system_9th'],1,1813839119.6717222,avg_eff_no_outliers $ transport_data_system_9th,139526086.128594,single_datapoint,no_comment
10748,2017,14_PE,travel_km,bus,km,road,passenger,cng,all,yearly,national,['estimated $ calculate_energy_and_activity()'],1,283875000.0,estimated $ calculate_energy_and_activity(),283875000.0,single_datapoint,no_comment
10749,2017,14_PE,turnover_rate,bus,%,road,passenger,cng,all,yearly,national,"['manually_inputted_data $ guess', 'turnover_rate_est']",2,0.42,manually_inputted_data $ guess,0.03,manual,no_comment
10750,2018,14_PE,new_vehicle_efficiency,bus,km_per_pj,road,passenger,cng,all,yearly,national,['avg_eff_no_outliers $ transport_data_system_9th'],1,1813839119.6717222,avg_eff_no_outliers $ transport_data_system_9th,139526086.128594,single_datapoint,no_comment
10751,2018,14_PE,turnover_rate,bus,%,road,passenger,cng,all,yearly,national,['manually_inputted_data $ guess'],1,0.42,manually_inputted_data $ guess,0.03,manual,no_comment
10752,2019,14_PE,new_vehicle_efficiency,bus,km_per_pj,road,passenger,cng,all,yearly,national,['avg_eff_no_outliers $ transport_data_system_9th'],1,1813839119.6717222,avg_eff_no_outliers $ transport_data_system_9th,139526086.128594,single_datapoint,no_comment
10753,2019,14_PE,turnover_rate,bus,%,road,passenger,cng,all,yearly,national,['manually_inputted_data $ guess'],1,0.42,manually_inputted_data $ guess,0.03,manual,no_comment
10754,2020,14_PE,new_vehicle_efficiency,bus,km_per_pj,road,passenger,cng,all,yearly,national,['avg_eff_no_outliers $ transport_data_system_9th'],1,1813839119.6717222,avg_eff_no_outliers $ transport_data_system_9th,139526086.128594,single_datapoint,no_comment
10755,2020,14_PE,turnover_rate,bus,%,road,passenger,cng,all,yearly,national,['manually_inputted_data $ guess'],1,0.42,manually_inputted_data $ guess,0.03,manual,no_comment
10756,2021,14_PE,new_vehicle_efficiency,bus,km_per_pj,road,passenger,cng,all,yearly,national,['avg_eff_no_outliers $ transport_data_system_9th'],1,1813839119.6717222,avg_eff_no_outliers $ transport_data_system_9th,139526086.128594,single_datapoint,no_comment
10757,2021,14_PE,turnover_rate,bus,%,road,passenger,cng,all,yearly,national,['manually_inputted_data $ guess'],1,0.42,manually_inputted_data $ guess,0.03,manual,no_comment
10758,2022,14_PE,new_vehicle_efficiency,bus,km_per_pj,road,passenger,cng,all,yearly,national,['avg_eff_no_outliers $ transport_data_system_9th'],1,1813839119.6717222,avg_eff_no_outliers $ transport_data_system_9th,139526086.128594,single_datapoint,no_comment
10759,2022,14_PE,turnover_rate,bus,%,road,passenger,cng,all,yearly,national,['manually_inputted_data $ guess'],1,0.42,manually_inputted_data $ guess,0.03,manual,no_comment
10760,2017,14_PE,turnover_rate,bus,%,road,passenger,fcev,all,yearly,national,['turnover_rate_est'],1,0.03,turnover_rate_est,0.03,single_datapoint,no_comment
10761,2010,14_PE,new_vehicle_efficiency,bus,km_per_pj,road,passenger,ice,all,yearly,national,['avg_eff_no_outliers $ transport_data_system_9th'],1,910941040.8338033,avg_eff_no_outliers $ transport_data_system_9th,70072387.7564464,single_datapoint,no_comment
10762,2010,14_PE,turnover_rate,bus,%,road,passenger,ice,all,yearly,national,['manually_inputted_data $ guess'],1,0.39,manually_inputted_data $ guess,0.03,single_datapoint,no_comment
10763,2011,14_PE,new_vehicle_efficiency,bus,km_per_pj,road,passenger,ice,all,yearly,national,['avg_eff_no_outliers $ transport_data_system_9th'],1,910941040.8338033,avg_eff_no_outliers $ transport_data_system_9th,70072387.7564464,single_datapoint,no_comment
10764,2011,14_PE,turnover_rate,bus,%,road,passenger,ice,all,yearly,national,['manually_inputted_data $ guess'],1,0.39,manually_inputted_data $ guess,0.03,single_datapoint,no_comment
10765,2012,14_PE,new_vehicle_efficiency,bus,km_per_pj,road,passenger,ice,all,yearly,national,['avg_eff_no_outliers $ transport_data_system_9th'],1,910941040.8338033,avg_eff_no_outliers $ transport_data_system_9th,70072387.7564464,single_datapoint,no_comment
10766,2012,14_PE,turnover_rate,bus,%,road,passenger,ice,all,yearly,national,['manually_inputted_data $ guess'],1,0.39,manually_inputted_data $ guess,0.03,single_datapoint,no_comment
10767,2013,14_PE,new_vehicle_efficiency,bus,km_per_pj,road,passenger,ice,all,yearly,national,['avg_eff_no_outliers $ transport_data_system_9th'],1,910941040.8338033,avg_eff_no_outliers $ transport_data_system_9th,70072387.7564464,single_datapoint,no_comment
10768,2013,14_PE,turnover_rate,bus,%,road,passenger,ice,all,yearly,national,['manually_inputted_data $ guess'],1,0.39,manually_inputted_data $ guess,0.03,single_datapoint,no_comment
10769,2014,14_PE,new_vehicle_efficiency,bus,km_per_pj,road,passenger,ice,all,yearly,national,['avg_eff_no_outliers $ transport_data_system_9th'],1,910941040.8338033,avg_eff_no_outliers $ transport_data_system_9th,70072387.7564464,single_datapoint,no_comment
10770,2014,14_PE,turnover_rate,bus,%,road,passenger,ice,all,yearly,national,['manually_inputted_data $ guess'],1,0.39,manually_inputted_data $ guess,0.03,single_datapoint,no_comment
10771,2015,14_PE,new_vehicle_efficiency,bus,km_per_pj,road,passenger,ice,all,yearly,national,['avg_eff_no_outliers $ transport_data_system_9th'],1,910941040.8338033,avg_eff_no_outliers $ transport_data_system_9th,70072387.7564464,single_datapoint,no_comment
10772,2015,14_PE,turnover_rate,bus,%,road,passenger,ice,all,yearly,national,['manually_inputted_data $ guess'],1,0.39,manually_inputted_data $ guess,0.03,single_datapoint,no_comment
10773,2016,14_PE,new_vehicle_efficiency,bus,km_per_pj,road,passenger,ice,all,yearly,national,['avg_eff_no_outliers $ transport_data_system_9th'],1,910941040.8338033,avg_eff_no_outliers $ transport_data_system_9th,70072387.7564464,single_datapoint,no_comment
10774,2016,14_PE,turnover_rate,bus,%,road,passenger,ice,all,yearly,national,['manually_inputted_data $ guess'],1,0.39,manually_inputted_data $ guess,0.03,single_datapoint,no_comment
10775,2017,14_PE,activity,bus,passenger_km_or_freight_tonne_km,road,passenger,ice,all,yearly,national,['estimated $ calculate_energy_and_activity()'],1,124773750000.0,estimated $ calculate_energy_and_activity(),124773750000.0,single_datapoint,no_comment
10776,2017,14_PE,energy,bus,pj,road,passenger,ice,all,yearly,national,['estimated $ calculate_energy_and_activity()'],1,111.77446888390122,estimated $ calculate_energy_and_activity(),111.77446888390122,single_datapoint,no_comment
10777,2017,14_PE,new_vehicle_efficiency,bus,km_per_pj,road,passenger,ice,all,yearly,national,['avg_eff_no_outliers $ transport_data_system_9th'],1,910941040.8338033,avg_eff_no_outliers $ transport_data_system_9th,70072387.7564464,single_datapoint,no_comment
10778,2017,14_PE,travel_km,bus,km,road,passenger,ice,all,yearly,national,['estimated $ calculate_energy_and_activity()'],1,8318250000.0,estimated $ calculate_energy_and_activity(),8318250000.0,single_datapoint,no_comment
10779,2017,14_PE,turnover_rate,bus,%,road,passenger,ice,all,yearly,national,['manually_inputted_data $ guess'],1,0.39,manually_inputted_data $ guess,0.03,single_datapoint,no_comment
10780,2018,14_PE,new_vehicle_efficiency,bus,km_per_pj,road,passenger,ice,all,yearly,national,['avg_eff_no_outliers $ transport_data_system_9th'],1,910941040.8338033,avg_eff_no_outliers $ transport_data_system_9th,70072387.7564464,single_datapoint,no_comment
10781,2018,14_PE,turnover_rate,bus,%,road,passenger,ice,all,yearly,national,['manually_inputted_data $ guess'],1,0.39,manually_inputted_data $ guess,0.03,single_datapoint,no_comment
10782,2019,14_PE,new_vehicle_efficiency,bus,km_per_pj,road,passenger,ice,all,yearly,national,['avg_eff_no_outliers $ transport_data_system_9th'],1,910941040.8338033,avg_eff_no_outliers $ transport_data_system_9th,70072387.7564464,single_datapoint,no_comment
10783,2019,14_PE,turnover_rate,bus,%,road,passenger,ice,all,yearly,national,['manually_inputted_data $ guess'],1,0.39,manually_inputted_data $ guess,0.03,single_datapoint,no_comment
10784,2020,14_PE,new_vehicle_efficiency,bus,km_per_pj,road,passenger,ice,all,yearly,national,['avg_eff_no_outliers $ transport_data_system_9th'],1,910941040.8338033,avg_eff_no_outliers $ transport_data_system_9th,70072387.7564464,single_datapoint,no_comment
10785,2020,14_PE,turnover_rate,bus,%,road,passenger,ice,all,yearly,national,['manually_inputted_data $ guess'],1,0.39,manually_inputted_data $ guess,0.03,single_datapoint,no_comment
10786,2021,14_PE,new_vehicle_efficiency,bus,km_per_pj,road,passenger,ice,all,yearly,national,['avg_eff_no_outliers $ transport_data_system_9th'],1,910941040.8338033,avg_eff_no_outliers $ transport_data_system_9th,70072387.7564464,single_datapoint,no_comment
10787,2021,14_PE,turnover_rate,bus,%,road,passenger,ice,all,yearly,national,['manually_inputted_data $ guess'],1,0.39,manually_inputted_data $ guess,0.03,single_datapoint,no_comment
10788,2022,14_PE,new_vehicle_efficiency,bus,km_per_pj,road,passenger,ice,all,yearly,national,['avg_eff_no_outliers $ transport_data_system_9th'],1,910941040.8338033,avg_eff_no_outliers $ transport_data_system_9th,70072387.7564464,single_datapoint,no_comment
10789,2022,14_PE,turnover_rate,bus,%,road,passenger,ice,all,yearly,national,['manually_inputted_data $ guess'],1,0.39,manually_inputted_data $ guess,0.03,single_datapoint,no_comment
10790,2010,14_PE,new_vehicle_efficiency,bus,km_per_pj,road,passenger,lpg,all,yearly,national,['avg_eff_no_outliers $ transport_data_system_9th'],1,1295830676.4857378,avg_eff_no_outliers $ transport_data_system_9th,99679282.8065952,single_datapoint,no_comment
10791,2010,14_PE,turnover_rate,bus,%,road,passenger,lpg,all,yearly,national,['manually_inputted_data $ guess'],1,0.42,manually_inputted_data $ guess,0.03,manual,no_comment
10792,2011,14_PE,new_vehicle_efficiency,bus,km_per_pj,road,passenger,lpg,all,yearly,national,['avg_eff_no_outliers $ transport_data_system_9th'],1,1295830676.4857378,avg_eff_no_outliers $ transport_data_system_9th,99679282.8065952,single_datapoint,no_comment
10793,2011,14_PE,turnover_rate,bus,%,road,passenger,lpg,all,yearly,national,['manually_inputted_data $ guess'],1,0.42,manually_inputted_data $ guess,0.03,manual,no_comment
10794,2012,14_PE,new_vehicle_efficiency,bus,km_per_pj,road,passenger,lpg,all,yearly,national,['avg_eff_no_outliers $ transport_data_system_9th'],1,1295830676.4857378,avg_eff_no_outliers $ transport_data_system_9th,99679282.8065952,single_datapoint,no_comment
10795,2012,14_PE,turnover_rate,bus,%,road,passenger,lpg,all,yearly,national,['manually_inputted_data $ guess'],1,0.42,manually_inputted_data $ guess,0.03,manual,no_comment
10796,2013,14_PE,new_vehicle_efficiency,bus,km_per_pj,road,passenger,lpg,all,yearly,national,['avg_eff_no_outliers $ transport_data_system_9th'],1,1295830676.4857378,avg_eff_no_outliers $ transport_data_system_9th,99679282.8065952,single_datapoint,no_comment
10797,2013,14_PE,turnover_rate,bus,%,road,passenger,lpg,all,yearly,national,['manually_inputted_data $ guess'],1,0.42,manually_inputted_data $ guess,0.03,manual,no_comment
10798,2014,14_PE,new_vehicle_efficiency,bus,km_per_pj,road,passenger,lpg,all,yearly,national,['avg_eff_no_outliers $ transport_data_system_9th'],1,1295830676.4857378,avg_eff_no_outliers $ transport_data_system_9th,99679282.8065952,single_datapoint,no_comment
10799,2014,14_PE,turnover_rate,bus,%,road,passenger,lpg,all,yearly,national,['manually_inputted_data $ guess'],1,0.42,manually_inputted_data $ guess,0.03,manual,no_comment
10800,2015,14_PE,new_vehicle_efficiency,bus,km_per_pj,road,passenger,lpg,all,yearly,national,['avg_eff_no_outliers $ transport_data_system_9th'],1,1295830676.4857378,avg_eff_no_outliers $ transport_data_system_9th,99679282.8065952,single_datapoint,no_comment
10801,2015,14_PE,turnover_rate,bus,%,road,passenger,lpg,all,yearly,national,['manually_inputted_data $ guess'],1,0.42,manually_inputted_data $ guess,0.03,manual,no_comment
10802,2016,14_PE,new_vehicle_efficiency,bus,km_per_pj,road,passenger,lpg,all,yearly,national,['avg_eff_no_outliers $ transport_data_system_9th'],1,1295830676.4857378,avg_eff_no_outliers $ transport_data_system_9th,99679282.8065952,single_datapoint,no_comment
10803,2016,14_PE,turnover_rate,bus,%,road,passenger,lpg,all,yearly,national,['manually_inputted_data $ guess'],1,0.42,manually_inputted_data $ guess,0.03,manual,no_comment
10804,2017,14_PE,activity,bus,passenger_km_or_freight_tonne_km,road,passenger,lpg,all,yearly,national,"['8th_edition_transport_model $ reference', 'estimated $ calculate_energy_and_activity()']",2,5375881373.103106,8th_edition_transport_model $ reference,1117756373.103105,manual,no_comment
10805,2017,14_PE,energy,bus,pj,road,passenger,lpg,all,yearly,national,"['8th_edition_transport_model $ reference', 'estimated $ calculate_energy_and_activity()']",2,5.409074177481148,estimated $ calculate_energy_and_activity(),3.814501530299938,manual,no_comment
10806,2017,14_PE,new_vehicle_efficiency,bus,km_per_pj,road,passenger,lpg,all,yearly,national,['avg_eff_no_outliers $ transport_data_system_9th'],1,1295830676.4857378,avg_eff_no_outliers $ transport_data_system_9th,99679282.8065952,single_datapoint,no_comment
10807,2017,14_PE,travel_km,bus,km,road,passenger,lpg,all,yearly,national,['estimated $ calculate_energy_and_activity()'],1,283875000.0,estimated $ calculate_energy_and_activity(),283875000.0,single_datapoint,no_comment
10808,2017,14_PE,turnover_rate,bus,%,road,passenger,lpg,all,yearly,national,"['manually_inputted_data $ guess', 'turnover_rate_est']",2,0.42,manually_inputted_data $ guess,0.03,manual,no_comment
10809,2018,14_PE,new_vehicle_efficiency,bus,km_per_pj,road,passenger,lpg,all,yearly,national,['avg_eff_no_outliers $ transport_data_system_9th'],1,1295830676.4857378,avg_eff_no_outliers $ transport_data_system_9th,99679282.8065952,single_datapoint,no_comment
10810,2018,14_PE,turnover_rate,bus,%,road,passenger,lpg,all,yearly,national,['manually_inputted_data $ guess'],1,0.42,manually_inputted_data $ guess,0.03,manual,no_comment
10811,2019,14_PE,new_vehicle_efficiency,bus,km_per_pj,road,passenger,lpg,all,yearly,national,['avg_eff_no_outliers $ transport_data_system_9th'],1,1295830676.4857378,avg_eff_no_outliers $ transport_data_system_9th,99679282.8065952,single_datapoint,no_comment
10812,2019,14_PE,turnover_rate,bus,%,road,passenger,lpg,all,yearly,national,['manually_inputted_data $ guess'],1,0.42,manually_inputted_data $ guess,0.03,manual,no_comment
10813,2020,14_PE,new_vehicle_efficiency,bus,km_per_pj,road,passenger,lpg,all,yearly,national,['avg_eff_no_outliers $ transport_data_system_9th'],1,1295830676.4857378,avg_eff_no_outliers $ transport_data_system_9th,99679282.8065952,single_datapoint,no_comment
10814,2020,14_PE,turnover_rate,bus,%,road,passenger,lpg,all,yearly,national,['manually_inputted_data $ guess'],1,0.42,manually_inputted_data $ guess,0.03,manual,no_comment
10815,2021,14_PE,new_vehicle_efficiency,bus,km_per_pj,road,passenger,lpg,all,yearly,national,['avg_eff_no_outliers $ transport_data_system_9th'],1,1295830676.4857378,avg_eff_no_outliers $ transport_data_system_9th,99679282.8065952,single_datapoint,no_comment
10816,2021,14_PE,turnover_rate,bus,%,road,passenger,lpg,all,yearly,national,['manually_inputted_data $ guess'],1,0.42,manually_inputted_data $ guess,0.03,manual,no_comment
10817,2022,14_PE,new_vehicle_efficiency,bus,km_per_pj,road,passenger,lpg,all,yearly,national,['avg_eff_no_outliers $ transport_data_system_9th'],1,1295830676.4857378,avg_eff_no_outliers $ transport_data_system_9th,99679282.8065952,single_datapoint,no_comment
10818,2022,14_PE,turnover_rate,bus,%,road,passenger,lpg,all,yearly,national,['manually_inputted_data $ guess'],1,0.42,manually_inputted_data $ guess,0.03,manual,no_comment
10819,2010,14_PE,new_vehicle_efficiency,bus,km_per_pj,road,passenger,phev,all,yearly,national,['avg_eff_no_outliers $ transport_data_system_9th'],1,1472018422.278209,avg_eff_no_outliers $ transport_data_system_9th,113232186.329093,single_datapoint,no_comment
10820,2010,14_PE,turnover_rate,bus,%,road,passenger,phev,all,yearly,national,['manually_inputted_data $ guess'],1,0.39,manually_inputted_data $ guess,0.03,single_datapoint,no_comment
10821,2011,14_PE,new_vehicle_efficiency,bus,km_per_pj,road,passenger,phev,all,yearly,national,['avg_eff_no_outliers $ transport_data_system_9th'],1,1472018422.278209,avg_eff_no_outliers $ transport_data_system_9th,113232186.329093,single_datapoint,no_comment
10822,2011,14_PE,turnover_rate,bus,%,road,passenger,phev,all,yearly,national,['manually_inputted_data $ guess'],1,0.39,manually_inputted_data $ guess,0.03,single_datapoint,no_comment
10823,2012,14_PE,new_vehicle_efficiency,bus,km_per_pj,road,passenger,phev,all,yearly,national,['avg_eff_no_outliers $ transport_data_system_9th'],1,1472018422.278209,avg_eff_no_outliers $ transport_data_system_9th,113232186.329093,single_datapoint,no_comment
10824,2012,14_PE,turnover_rate,bus,%,road,passenger,phev,all,yearly,national,['manually_inputted_data $ guess'],1,0.39,manually_inputted_data $ guess,0.03,single_datapoint,no_comment
10825,2013,14_PE,new_vehicle_efficiency,bus,km_per_pj,road,passenger,phev,all,yearly,national,['avg_eff_no_outliers $ transport_data_system_9th'],1,1472018422.278209,avg_eff_no_outliers $ transport_data_system_9th,113232186.329093,single_datapoint,no_comment
10826,2013,14_PE,turnover_rate,bus,%,road,passenger,phev,all,yearly,national,['manually_inputted_data $ guess'],1,0.39,manually_inputted_data $ guess,0.03,single_datapoint,no_comment
10827,2014,14_PE,new_vehicle_efficiency,bus,km_per_pj,road,passenger,phev,all,yearly,national,['avg_eff_no_outliers $ transport_data_system_9th'],1,1472018422.278209,avg_eff_no_outliers $ transport_data_system_9th,113232186.329093,single_datapoint,no_comment
10828,2014,14_PE,turnover_rate,bus,%,road,passenger,phev,all,yearly,national,['manually_inputted_data $ guess'],1,0.39,manually_inputted_data $ guess,0.03,single_datapoint,no_comment
10829,2015,14_PE,new_vehicle_efficiency,bus,km_per_pj,road,passenger,phev,all,yearly,national,['avg_eff_no_outliers $ transport_data_system_9th'],1,1472018422.278209,avg_eff_no_outliers $ transport_data_system_9th,113232186.329093,single_datapoint,no_comment
10830,2015,14_PE,turnover_rate,bus,%,road,passenger,phev,all,yearly,national,['manually_inputted_data $ guess'],1,0.39,manually_inputted_data $ guess,0.03,single_datapoint,no_comment
10831,2016,14_PE,new_vehicle_efficiency,bus,km_per_pj,road,passenger,phev,all,yearly,national,['avg_eff_no_outliers $ transport_data_system_9th'],1,1472018422.278209,avg_eff_no_outliers $ transport_data_system_9th,113232186.329093,single_datapoint,no_comment
10832,2016,14_PE,turnover_rate,bus,%,road,passenger,phev,all,yearly,national,['manually_inputted_data $ guess'],1,0.39,manually_inputted_data $ guess,0.03,single_datapoint,no_comment
10833,2017,14_PE,new_vehicle_efficiency,bus,km_per_pj,road,passenger,phev,all,yearly,national,['avg_eff_no_outliers $ transport_data_system_9th'],1,1472018422.278209,avg_eff_no_outliers $ transport_data_system_9th,113232186.329093,single_datapoint,no_comment
10834,2017,14_PE,turnover_rate,bus,%,road,passenger,phev,all,yearly,national,['manually_inputted_data $ guess'],1,0.39,manually_inputted_data $ guess,0.03,single_datapoint,no_comment
10835,2018,14_PE,new_vehicle_efficiency,bus,km_per_pj,road,passenger,phev,all,yearly,national,['avg_eff_no_outliers $ transport_data_system_9th'],1,1472018422.278209,avg_eff_no_outliers $ transport_data_system_9th,113232186.329093,single_datapoint,no_comment
10836,2018,14_PE,turnover_rate,bus,%,road,passenger,phev,all,yearly,national,['manually_inputted_data $ guess'],1,0.39,manually_inputted_data $ guess,0.03,single_datapoint,no_comment
10837,2019,14_PE,new_vehicle_efficiency,bus,km_per_pj,road,passenger,phev,all,yearly,national,['avg_eff_no_outliers $ transport_data_system_9th'],1,1472018422.278209,avg_eff_no_outliers $ transport_data_system_9th,113232186.329093,single_datapoint,no_comment
10838,2019,14_PE,turnover_rate,bus,%,road,passenger,phev,all,yearly,national,['manually_inputted_data $ guess'],1,0.39,manually_inputted_data $ guess,0.03,single_datapoint,no_comment
10839,2020,14_PE,new_vehicle_efficiency,bus,km_per_pj,road,passenger,phev,all,yearly,national,['avg_eff_no_outliers $ transport_data_system_9th'],1,1472018422.278209,avg_eff_no_outliers $ transport_data_system_9th,113232186.329093,single_datapoint,no_comment
10840,2020,14_PE,turnover_rate,bus,%,road,passenger,phev,all,yearly,national,['manually_inputted_data $ guess'],1,0.39,manually_inputted_data $ guess,0.03,single_datapoint,no_comment
10841,2021,14_PE,new_vehicle_efficiency,bus,km_per_pj,road,passenger,phev,all,yearly,national,['avg_eff_no_outliers $ transport_data_system_9th'],1,1472018422.278209,avg_eff_no_outliers $ transport_data_system_9th,113232186.329093,single_datapoint,no_comment
10842,2021,14_PE,turnover_rate,bus,%,road,passenger,phev,all,yearly,national,['manually_inputted_data $ guess'],1,0.39,manually_inputted_data $ guess,0.03,single_datapoint,no_comment
10843,2022,14_PE,new_vehicle_efficiency,bus,km_per_pj,road,passenger,phev,all,yearly,national,['avg_eff_no_outliers $ transport_data_system_9th'],1,1472018422.278209,avg_eff_no_outliers $ transport_data_system_9th,113232186.329093,single_datapoint,no_comment
10844,2022,14_PE,turnover_rate,bus,%,road,passenger,phev,all,yearly,national,['manually_inputted_data $ guess'],1,0.39,manually_inputted_data $ guess,0.03,single_datapoint,no_comment
10845,2010,14_PE,new_vehicle_efficiency,ht,km_per_pj,road,freight,bev,all,yearly,national,['avg_eff_no_outliers $ transport_data_system_9th'],1,3249486640.872147,avg_eff_no_outliers $ transport_data_system_9th,249960510.836319,single_datapoint,no_comment
10846,2010,14_PE,turnover_rate,ht,%,road,freight,bev,all,yearly,national,['manually_inputted_data $ guess'],1,0.42,manually_inputted_data $ guess,0.03,manual,no_comment
10847,2011,14_PE,new_vehicle_efficiency,ht,km_per_pj,road,freight,bev,all,yearly,national,['avg_eff_no_outliers $ transport_data_system_9th'],1,3249486640.872147,avg_eff_no_outliers $ transport_data_system_9th,249960510.836319,single_datapoint,no_comment
10848,2011,14_PE,turnover_rate,ht,%,road,freight,bev,all,yearly,national,['manually_inputted_data $ guess'],1,0.42,manually_inputted_data $ guess,0.03,manual,no_comment
10849,2012,14_PE,new_vehicle_efficiency,ht,km_per_pj,road,freight,bev,all,yearly,national,['avg_eff_no_outliers $ transport_data_system_9th'],1,3249486640.872147,avg_eff_no_outliers $ transport_data_system_9th,249960510.836319,single_datapoint,no_comment
10850,2012,14_PE,turnover_rate,ht,%,road,freight,bev,all,yearly,national,['manually_inputted_data $ guess'],1,0.42,manually_inputted_data $ guess,0.03,manual,no_comment
10851,2013,14_PE,new_vehicle_efficiency,ht,km_per_pj,road,freight,bev,all,yearly,national,['avg_eff_no_outliers $ transport_data_system_9th'],1,3249486640.872147,avg_eff_no_outliers $ transport_data_system_9th,249960510.836319,single_datapoint,no_comment
10852,2013,14_PE,turnover_rate,ht,%,road,freight,bev,all,yearly,national,['manually_inputted_data $ guess'],1,0.42,manually_inputted_data $ guess,0.03,manual,no_comment
10853,2014,14_PE,new_vehicle_efficiency,ht,km_per_pj,road,freight,bev,all,yearly,national,['avg_eff_no_outliers $ transport_data_system_9th'],1,3249486640.872147,avg_eff_no_outliers $ transport_data_system_9th,249960510.836319,single_datapoint,no_comment
10854,2014,14_PE,turnover_rate,ht,%,road,freight,bev,all,yearly,national,['manually_inputted_data $ guess'],1,0.42,manually_inputted_data $ guess,0.03,manual,no_comment
10855,2015,14_PE,new_vehicle_efficiency,ht,km_per_pj,road,freight,bev,all,yearly,national,['avg_eff_no_outliers $ transport_data_system_9th'],1,3249486640.872147,avg_eff_no_outliers $ transport_data_system_9th,249960510.836319,single_datapoint,no_comment
10856,2015,14_PE,turnover_rate,ht,%,road,freight,bev,all,yearly,national,['manually_inputted_data $ guess'],1,0.42,manually_inputted_data $ guess,0.03,manual,no_comment
10857,2016,14_PE,new_vehicle_efficiency,ht,km_per_pj,road,freight,bev,all,yearly,national,['avg_eff_no_outliers $ transport_data_system_9th'],1,3249486640.872147,avg_eff_no_outliers $ transport_data_system_9th,249960510.836319,single_datapoint,no_comment
10858,2016,14_PE,turnover_rate,ht,%,road,freight,bev,all,yearly,national,['manually_inputted_data $ guess'],1,0.42,manually_inputted_data $ guess,0.03,manual,no_comment
10859,2017,14_PE,new_vehicle_efficiency,ht,km_per_pj,road,freight,bev,all,yearly,national,['avg_eff_no_outliers $ transport_data_system_9th'],1,3249486640.872147,avg_eff_no_outliers $ transport_data_system_9th,249960510.836319,single_datapoint,no_comment
10860,2017,14_PE,turnover_rate,ht,%,road,freight,bev,all,yearly,national,"['manually_inputted_data $ guess', 'turnover_rate_est']",2,0.42,manually_inputted_data $ guess,0.03,manual,no_comment
10861,2018,14_PE,new_vehicle_efficiency,ht,km_per_pj,road,freight,bev,all,yearly,national,['avg_eff_no_outliers $ transport_data_system_9th'],1,3249486640.872147,avg_eff_no_outliers $ transport_data_system_9th,249960510.836319,single_datapoint,no_comment
10862,2018,14_PE,turnover_rate,ht,%,road,freight,bev,all,yearly,national,['manually_inputted_data $ guess'],1,0.42,manually_inputted_data $ guess,0.03,manual,no_comment
10863,2019,14_PE,new_vehicle_efficiency,ht,km_per_pj,road,freight,bev,all,yearly,national,['avg_eff_no_outliers $ transport_data_system_9th'],1,3249486640.872147,avg_eff_no_outliers $ transport_data_system_9th,249960510.836319,single_datapoint,no_comment
10864,2019,14_PE,turnover_rate,ht,%,road,freight,bev,all,yearly,national,['manually_inputted_data $ guess'],1,0.42,manually_inputted_data $ guess,0.03,manual,no_comment
10865,2020,14_PE,new_vehicle_efficiency,ht,km_per_pj,road,freight,bev,all,yearly,national,['avg_eff_no_outliers $ transport_data_system_9th'],1,3249486640.872147,avg_eff_no_outliers $ transport_data_system_9th,249960510.836319,single_datapoint,no_comment
10866,2020,14_PE,turnover_rate,ht,%,road,freight,bev,all,yearly,national,['manually_inputted_data $ guess'],1,0.42,manually_inputted_data $ guess,0.03,manual,no_comment
10867,2021,14_PE,new_vehicle_efficiency,ht,km_per_pj,road,freight,bev,all,yearly,national,['avg_eff_no_outliers $ transport_data_system_9th'],1,3249486640.872147,avg_eff_no_outliers $ transport_data_system_9th,249960510.836319,single_datapoint,no_comment
10868,2021,14_PE,turnover_rate,ht,%,road,freight,bev,all,yearly,national,['manually_inputted_data $ guess'],1,0.42,manually_inputted_data $ guess,0.03,manual,no_comment
10869,2022,14_PE,new_vehicle_efficiency,ht,km_per_pj,road,freight,bev,all,yearly,national,['avg_eff_no_outliers $ transport_data_system_9th'],1,3249486640.872147,avg_eff_no_outliers $ transport_data_system_9th,249960510.836319,single_datapoint,no_comment
10870,2022,14_PE,turnover_rate,ht,%,road,freight,bev,all,yearly,national,['manually_inputted_data $ guess'],1,0.42,manually_inputted_data $ guess,0.03,manual,no_comment
10871,2010,14_PE,new_vehicle_efficiency,ht,km_per_pj,road,freight,cng,all,yearly,national,['avg_eff_no_outliers $ transport_data_system_9th'],1,1775178058.548531,avg_eff_no_outliers $ transport_data_system_9th,136552158.349887,single_datapoint,no_comment
10872,2010,14_PE,turnover_rate,ht,%,road,freight,cng,all,yearly,national,['manually_inputted_data $ guess'],1,0.42,manually_inputted_data $ guess,0.03,manual,no_comment
10873,2011,14_PE,new_vehicle_efficiency,ht,km_per_pj,road,freight,cng,all,yearly,national,['avg_eff_no_outliers $ transport_data_system_9th'],1,1775178058.548531,avg_eff_no_outliers $ transport_data_system_9th,136552158.349887,single_datapoint,no_comment
10874,2011,14_PE,turnover_rate,ht,%,road,freight,cng,all,yearly,national,['manually_inputted_data $ guess'],1,0.42,manually_inputted_data $ guess,0.03,manual,no_comment
10875,2012,14_PE,new_vehicle_efficiency,ht,km_per_pj,road,freight,cng,all,yearly,national,['avg_eff_no_outliers $ transport_data_system_9th'],1,1775178058.548531,avg_eff_no_outliers $ transport_data_system_9th,136552158.349887,single_datapoint,no_comment
10876,2012,14_PE,turnover_rate,ht,%,road,freight,cng,all,yearly,national,['manually_inputted_data $ guess'],1,0.42,manually_inputted_data $ guess,0.03,manual,no_comment
10877,2013,14_PE,new_vehicle_efficiency,ht,km_per_pj,road,freight,cng,all,yearly,national,['avg_eff_no_outliers $ transport_data_system_9th'],1,1775178058.548531,avg_eff_no_outliers $ transport_data_system_9th,136552158.349887,single_datapoint,no_comment
10878,2013,14_PE,turnover_rate,ht,%,road,freight,cng,all,yearly,national,['manually_inputted_data $ guess'],1,0.42,manually_inputted_data $ guess,0.03,manual,no_comment
10879,2014,14_PE,new_vehicle_efficiency,ht,km_per_pj,road,freight,cng,all,yearly,national,['avg_eff_no_outliers $ transport_data_system_9th'],1,1775178058.548531,avg_eff_no_outliers $ transport_data_system_9th,136552158.349887,single_datapoint,no_comment
10880,2014,14_PE,turnover_rate,ht,%,road,freight,cng,all,yearly,national,['manually_inputted_data $ guess'],1,0.42,manually_inputted_data $ guess,0.03,manual,no_comment
10881,2015,14_PE,new_vehicle_efficiency,ht,km_per_pj,road,freight,cng,all,yearly,national,['avg_eff_no_outliers $ transport_data_system_9th'],1,1775178058.548531,avg_eff_no_outliers $ transport_data_system_9th,136552158.349887,single_datapoint,no_comment
10882,2015,14_PE,turnover_rate,ht,%,road,freight,cng,all,yearly,national,['manually_inputted_data $ guess'],1,0.42,manually_inputted_data $ guess,0.03,manual,no_comment
10883,2016,14_PE,new_vehicle_efficiency,ht,km_per_pj,road,freight,cng,all,yearly,national,['avg_eff_no_outliers $ transport_data_system_9th'],1,1775178058.548531,avg_eff_no_outliers $ transport_data_system_9th,136552158.349887,single_datapoint,no_comment
10884,2016,14_PE,turnover_rate,ht,%,road,freight,cng,all,yearly,national,['manually_inputted_data $ guess'],1,0.42,manually_inputted_data $ guess,0.03,manual,no_comment
10885,2017,14_PE,activity,ht,passenger_km_or_freight_tonne_km,road,freight,cng,all,yearly,national,"['8th_edition_transport_model $ reference', 'estimated $ calculate_energy_and_activity()']",2,12355727465.859146,8th_edition_transport_model $ reference,2803774340.859145,manual,no_comment
10886,2017,14_PE,energy,ht,pj,road,freight,cng,all,yearly,national,"['8th_edition_transport_model $ reference', 'estimated $ calculate_energy_and_activity()']",2,34.6834930515971,8th_edition_transport_model $ reference,10.62109775082477,manual,no_comment
10887,2017,14_PE,new_vehicle_efficiency,ht,km_per_pj,road,freight,cng,all,yearly,national,['avg_eff_no_outliers $ transport_data_system_9th'],1,1775178058.548531,avg_eff_no_outliers $ transport_data_system_9th,136552158.349887,single_datapoint,no_comment
10888,2017,14_PE,travel_km,ht,km,road,freight,cng,all,yearly,national,['estimated $ calculate_energy_and_activity()'],1,1698125000.0,estimated $ calculate_energy_and_activity(),1698125000.0,single_datapoint,no_comment
10889,2017,14_PE,turnover_rate,ht,%,road,freight,cng,all,yearly,national,"['manually_inputted_data $ guess', 'turnover_rate_est']",2,0.42,manually_inputted_data $ guess,0.03,manual,no_comment
10890,2018,14_PE,new_vehicle_efficiency,ht,km_per_pj,road,freight,cng,all,yearly,national,['avg_eff_no_outliers $ transport_data_system_9th'],1,1775178058.548531,avg_eff_no_outliers $ transport_data_system_9th,136552158.349887,single_datapoint,no_comment
10891,2018,14_PE,turnover_rate,ht,%,road,freight,cng,all,yearly,national,['manually_inputted_data $ guess'],1,0.42,manually_inputted_data $ guess,0.03,manual,no_comment
10892,2019,14_PE,new_vehicle_efficiency,ht,km_per_pj,road,freight,cng,all,yearly,national,['avg_eff_no_outliers $ transport_data_system_9th'],1,1775178058.548531,avg_eff_no_outliers $ transport_data_system_9th,136552158.349887,single_datapoint,no_comment
10893,2019,14_PE,turnover_rate,ht,%,road,freight,cng,all,yearly,national,['manually_inputted_data $ guess'],1,0.42,manually_inputted_data $ guess,0.03,manual,no_comment
10894,2020,14_PE,new_vehicle_efficiency,ht,km_per_pj,road,freight,cng,all,yearly,national,['avg_eff_no_outliers $ transport_data_system_9th'],1,1775178058.548531,avg_eff_no_outliers $ transport_data_system_9th,136552158.349887,single_datapoint,no_comment
10895,2020,14_PE,turnover_rate,ht,%,road,freight,cng,all,yearly,national,['manually_inputted_data $ guess'],1,0.42,manually_inputted_data $ guess,0.03,manual,no_comment
10896,2021,14_PE,new_vehicle_efficiency,ht,km_per_pj,road,freight,cng,all,yearly,national,['avg_eff_no_outliers $ transport_data_system_9th'],1,1775178058.548531,avg_eff_no_outliers $ transport_data_system_9th,136552158.349887,single_datapoint,no_comment
10897,2021,14_PE,turnover_rate,ht,%,road,freight,cng,all,yearly,national,['manually_inputted_data $ guess'],1,0.42,manually_inputted_data $ guess,0.03,manual,no_comment
10898,2022,14_PE,new_vehicle_efficiency,ht,km_per_pj,road,freight,cng,all,yearly,national,['avg_eff_no_outliers $ transport_data_system_9th'],1,1775178058.548531,avg_eff_no_outliers $ transport_data_system_9th,136552158.349887,single_datapoint,no_comment
10899,2022,14_PE,turnover_rate,ht,%,road,freight,cng,all,yearly,national,['manually_inputted_data $ guess'],1,0.42,manually_inputted_data $ guess,0.03,manual,no_comment
10900,2017,14_PE,turnover_rate,ht,%,road,freight,fcev,all,yearly,national,['turnover_rate_est'],1,0.03,turnover_rate_est,0.03,single_datapoint,no_comment
10901,2010,14_PE,new_vehicle_efficiency,ht,km_per_pj,road,freight,ice,all,yearly,national,['avg_eff_no_outliers $ transport_data_system_9th'],1,1058551713.3301452,avg_eff_no_outliers $ transport_data_system_9th,81427054.87154964,single_datapoint,no_comment
10902,2010,14_PE,turnover_rate,ht,%,road,freight,ice,all,yearly,national,['manually_inputted_data $ guess'],1,0.39,manually_inputted_data $ guess,0.03,single_datapoint,no_comment
10903,2011,14_PE,new_vehicle_efficiency,ht,km_per_pj,road,freight,ice,all,yearly,national,['avg_eff_no_outliers $ transport_data_system_9th'],1,1058551713.3301452,avg_eff_no_outliers $ transport_data_system_9th,81427054.87154964,single_datapoint,no_comment
10904,2011,14_PE,turnover_rate,ht,%,road,freight,ice,all,yearly,national,['manually_inputted_data $ guess'],1,0.39,manually_inputted_data $ guess,0.03,single_datapoint,no_comment
10905,2012,14_PE,new_vehicle_efficiency,ht,km_per_pj,road,freight,ice,all,yearly,national,['avg_eff_no_outliers $ transport_data_system_9th'],1,1058551713.3301452,avg_eff_no_outliers $ transport_data_system_9th,81427054.87154964,single_datapoint,no_comment
10906,2012,14_PE,turnover_rate,ht,%,road,freight,ice,all,yearly,national,['manually_inputted_data $ guess'],1,0.39,manually_inputted_data $ guess,0.03,single_datapoint,no_comment
10907,2013,14_PE,new_vehicle_efficiency,ht,km_per_pj,road,freight,ice,all,yearly,national,['avg_eff_no_outliers $ transport_data_system_9th'],1,1058551713.3301452,avg_eff_no_outliers $ transport_data_system_9th,81427054.87154964,single_datapoint,no_comment
10908,2013,14_PE,turnover_rate,ht,%,road,freight,ice,all,yearly,national,['manually_inputted_data $ guess'],1,0.39,manually_inputted_data $ guess,0.03,single_datapoint,no_comment
10909,2014,14_PE,new_vehicle_efficiency,ht,km_per_pj,road,freight,ice,all,yearly,national,['avg_eff_no_outliers $ transport_data_system_9th'],1,1058551713.3301452,avg_eff_no_outliers $ transport_data_system_9th,81427054.87154964,single_datapoint,no_comment
10910,2014,14_PE,turnover_rate,ht,%,road,freight,ice,all,yearly,national,['manually_inputted_data $ guess'],1,0.39,manually_inputted_data $ guess,0.03,single_datapoint,no_comment
10911,2015,14_PE,new_vehicle_efficiency,ht,km_per_pj,road,freight,ice,all,yearly,national,['avg_eff_no_outliers $ transport_data_system_9th'],1,1058551713.3301452,avg_eff_no_outliers $ transport_data_system_9th,81427054.87154964,single_datapoint,no_comment
10912,2015,14_PE,turnover_rate,ht,%,road,freight,ice,all,yearly,national,['manually_inputted_data $ guess'],1,0.39,manually_inputted_data $ guess,0.03,single_datapoint,no_comment
10913,2016,14_PE,new_vehicle_efficiency,ht,km_per_pj,road,freight,ice,all,yearly,national,['avg_eff_no_outliers $ transport_data_system_9th'],1,1058551713.3301452,avg_eff_no_outliers $ transport_data_system_9th,81427054.87154964,single_datapoint,no_comment
10914,2016,14_PE,turnover_rate,ht,%,road,freight,ice,all,yearly,national,['manually_inputted_data $ guess'],1,0.39,manually_inputted_data $ guess,0.03,single_datapoint,no_comment
10915,2017,14_PE,activity,ht,passenger_km_or_freight_tonne_km,road,freight,ice,all,yearly,national,['estimated $ calculate_energy_and_activity()'],1,302437265625.0,estimated $ calculate_energy_and_activity(),302437265625.0,single_datapoint,no_comment
10916,2017,14_PE,energy,ht,pj,road,freight,ice,all,yearly,national,['estimated $ calculate_energy_and_activity()'],1,761.8719380130366,estimated $ calculate_energy_and_activity(),761.8719380130366,single_datapoint,no_comment
10917,2017,14_PE,new_vehicle_efficiency,ht,km_per_pj,road,freight,ice,all,yearly,national,['avg_eff_no_outliers $ transport_data_system_9th'],1,1058551713.3301452,avg_eff_no_outliers $ transport_data_system_9th,81427054.87154964,single_datapoint,no_comment
10918,2017,14_PE,travel_km,ht,km,road,freight,ice,all,yearly,national,['estimated $ calculate_energy_and_activity()'],1,53766625000.0,estimated $ calculate_energy_and_activity(),53766625000.0,single_datapoint,no_comment
10919,2017,14_PE,turnover_rate,ht,%,road,freight,ice,all,yearly,national,['manually_inputted_data $ guess'],1,0.39,manually_inputted_data $ guess,0.03,single_datapoint,no_comment
10920,2018,14_PE,new_vehicle_efficiency,ht,km_per_pj,road,freight,ice,all,yearly,national,['avg_eff_no_outliers $ transport_data_system_9th'],1,1058551713.3301452,avg_eff_no_outliers $ transport_data_system_9th,81427054.87154964,single_datapoint,no_comment
10921,2018,14_PE,turnover_rate,ht,%,road,freight,ice,all,yearly,national,['manually_inputted_data $ guess'],1,0.39,manually_inputted_data $ guess,0.03,single_datapoint,no_comment
10922,2019,14_PE,new_vehicle_efficiency,ht,km_per_pj,road,freight,ice,all,yearly,national,['avg_eff_no_outliers $ transport_data_system_9th'],1,1058551713.3301452,avg_eff_no_outliers $ transport_data_system_9th,81427054.87154964,single_datapoint,no_comment
10923,2019,14_PE,turnover_rate,ht,%,road,freight,ice,all,yearly,national,['manually_inputted_data $ guess'],1,0.39,manually_inputted_data $ guess,0.03,single_datapoint,no_comment
10924,2020,14_PE,new_vehicle_efficiency,ht,km_per_pj,road,freight,ice,all,yearly,national,['avg_eff_no_outliers $ transport_data_system_9th'],1,1058551713.3301452,avg_eff_no_outliers $ transport_data_system_9th,81427054.87154964,single_datapoint,no_comment
10925,2020,14_PE,turnover_rate,ht,%,road,freight,ice,all,yearly,national,['manually_inputted_data $ guess'],1,0.39,manually_inputted_data $ guess,0.03,single_datapoint,no_comment
10926,2021,14_PE,new_vehicle_efficiency,ht,km_per_pj,road,freight,ice,all,yearly,national,['avg_eff_no_outliers $ transport_data_system_9th'],1,1058551713.3301452,avg_eff_no_outliers $ transport_data_system_9th,81427054.87154964,single_datapoint,no_comment
10927,2021,14_PE,turnover_rate,ht,%,road,freight,ice,all,yearly,national,['manually_inputted_data $ guess'],1,0.39,manually_inputted_data $ guess,0.03,single_datapoint,no_comment
10928,2022,14_PE,new_vehicle_efficiency,ht,km_per_pj,road,freight,ice,all,yearly,national,['avg_eff_no_outliers $ transport_data_system_9th'],1,1058551713.3301452,avg_eff_no_outliers $ transport_data_system_9th,81427054.87154964,single_datapoint,no_comment
10929,2022,14_PE,turnover_rate,ht,%,road,freight,ice,all,yearly,national,['manually_inputted_data $ guess'],1,0.39,manually_inputted_data $ guess,0.03,single_datapoint,no_comment
10930,2010,14_PE,new_vehicle_efficiency,ht,km_per_pj,road,freight,lpg,all,yearly,national,['avg_eff_no_outliers $ transport_data_system_9th'],1,1405649677.815799,avg_eff_no_outliers $ transport_data_system_9th,108126898.293523,single_datapoint,no_comment
10931,2010,14_PE,turnover_rate,ht,%,road,freight,lpg,all,yearly,national,['manually_inputted_data $ guess'],1,0.42,manually_inputted_data $ guess,0.03,manual,no_comment
10932,2011,14_PE,new_vehicle_efficiency,ht,km_per_pj,road,freight,lpg,all,yearly,national,['avg_eff_no_outliers $ transport_data_system_9th'],1,1405649677.815799,avg_eff_no_outliers $ transport_data_system_9th,108126898.293523,single_datapoint,no_comment
10933,2011,14_PE,turnover_rate,ht,%,road,freight,lpg,all,yearly,national,['manually_inputted_data $ guess'],1,0.42,manually_inputted_data $ guess,0.03,manual,no_comment
10934,2012,14_PE,new_vehicle_efficiency,ht,km_per_pj,road,freight,lpg,all,yearly,national,['avg_eff_no_outliers $ transport_data_system_9th'],1,1405649677.815799,avg_eff_no_outliers $ transport_data_system_9th,108126898.293523,single_datapoint,no_comment
10935,2012,14_PE,turnover_rate,ht,%,road,freight,lpg,all,yearly,national,['manually_inputted_data $ guess'],1,0.42,manually_inputted_data $ guess,0.03,manual,no_comment
10936,2013,14_PE,new_vehicle_efficiency,ht,km_per_pj,road,freight,lpg,all,yearly,national,['avg_eff_no_outliers $ transport_data_system_9th'],1,1405649677.815799,avg_eff_no_outliers $ transport_data_system_9th,108126898.293523,single_datapoint,no_comment
10937,2013,14_PE,turnover_rate,ht,%,road,freight,lpg,all,yearly,national,['manually_inputted_data $ guess'],1,0.42,manually_inputted_data $ guess,0.03,manual,no_comment
10938,2014,14_PE,new_vehicle_efficiency,ht,km_per_pj,road,freight,lpg,all,yearly,national,['avg_eff_no_outliers $ transport_data_system_9th'],1,1405649677.815799,avg_eff_no_outliers $ transport_data_system_9th,108126898.293523,single_datapoint,no_comment
10939,2014,14_PE,turnover_rate,ht,%,road,freight,lpg,all,yearly,national,['manually_inputted_data $ guess'],1,0.42,manually_inputted_data $ guess,0.03,manual,no_comment
10940,2015,14_PE,new_vehicle_efficiency,ht,km_per_pj,road,freight,lpg,all,yearly,national,['avg_eff_no_outliers $ transport_data_system_9th'],1,1405649677.815799,avg_eff_no_outliers $ transport_data_system_9th,108126898.293523,single_datapoint,no_comment
10941,2015,14_PE,turnover_rate,ht,%,road,freight,lpg,all,yearly,national,['manually_inputted_data $ guess'],1,0.42,manually_inputted_data $ guess,0.03,manual,no_comment
10942,2016,14_PE,new_vehicle_efficiency,ht,km_per_pj,road,freight,lpg,all,yearly,national,['avg_eff_no_outliers $ transport_data_system_9th'],1,1405649677.815799,avg_eff_no_outliers $ transport_data_system_9th,108126898.293523,single_datapoint,no_comment
10943,2016,14_PE,turnover_rate,ht,%,road,freight,lpg,all,yearly,national,['manually_inputted_data $ guess'],1,0.42,manually_inputted_data $ guess,0.03,manual,no_comment
10944,2017,14_PE,activity,ht,passenger_km_or_freight_tonne_km,road,freight,lpg,all,yearly,national,"['8th_edition_transport_model $ reference', 'estimated $ calculate_energy_and_activity()']",2,13290318912.812195,estimated $ calculate_energy_and_activity(),9551953125.0,manual,no_comment
10945,2017,14_PE,energy,ht,pj,road,freight,lpg,all,yearly,national,"['8th_edition_transport_model $ reference', 'estimated $ calculate_energy_and_activity()']",2,35.60096987015366,8th_edition_transport_model $ reference,11.53857456938134,manual,no_comment
10946,2017,14_PE,new_vehicle_efficiency,ht,km_per_pj,road,freight,lpg,all,yearly,national,['avg_eff_no_outliers $ transport_data_system_9th'],1,1405649677.815799,avg_eff_no_outliers $ transport_data_system_9th,108126898.293523,single_datapoint,no_comment
10947,2017,14_PE,travel_km,ht,km,road,freight,lpg,all,yearly,national,['estimated $ calculate_energy_and_activity()'],1,1698125000.0,estimated $ calculate_energy_and_activity(),1698125000.0,single_datapoint,no_comment
10948,2017,14_PE,turnover_rate,ht,%,road,freight,lpg,all,yearly,national,"['manually_inputted_data $ guess', 'turnover_rate_est']",2,0.42,manually_inputted_data $ guess,0.03,manual,no_comment
10949,2018,14_PE,new_vehicle_efficiency,ht,km_per_pj,road,freight,lpg,all,yearly,national,['avg_eff_no_outliers $ transport_data_system_9th'],1,1405649677.815799,avg_eff_no_outliers $ transport_data_system_9th,108126898.293523,single_datapoint,no_comment
10950,2018,14_PE,turnover_rate,ht,%,road,freight,lpg,all,yearly,national,['manually_inputted_data $ guess'],1,0.42,manually_inputted_data $ guess,0.03,manual,no_comment
10951,2019,14_PE,new_vehicle_efficiency,ht,km_per_pj,road,freight,lpg,all,yearly,national,['avg_eff_no_outliers $ transport_data_system_9th'],1,1405649677.815799,avg_eff_no_outliers $ transport_data_system_9th,108126898.293523,single_datapoint,no_comment
10952,2019,14_PE,turnover_rate,ht,%,road,freight,lpg,all,yearly,national,['manually_inputted_data $ guess'],1,0.42,manually_inputted_data $ guess,0.03,manual,no_comment
10953,2020,14_PE,new_vehicle_efficiency,ht,km_per_pj,road,freight,lpg,all,yearly,national,['avg_eff_no_outliers $ transport_data_system_9th'],1,1405649677.815799,avg_eff_no_outliers $ transport_data_system_9th,108126898.293523,single_datapoint,no_comment
10954,2020,14_PE,turnover_rate,ht,%,road,freight,lpg,all,yearly,national,['manually_inputted_data $ guess'],1,0.42,manually_inputted_data $ guess,0.03,manual,no_comment
10955,2021,14_PE,new_vehicle_efficiency,ht,km_per_pj,road,freight,lpg,all,yearly,national,['avg_eff_no_outliers $ transport_data_system_9th'],1,1405649677.815799,avg_eff_no_outliers $ transport_data_system_9th,108126898.293523,single_datapoint,no_comment
10956,2021,14_PE,turnover_rate,ht,%,road,freight,lpg,all,yearly,national,['manually_inputted_data $ guess'],1,0.42,manually_inputted_data $ guess,0.03,manual,no_comment
10957,2022,14_PE,new_vehicle_efficiency,ht,km_per_pj,road,freight,lpg,all,yearly,national,['avg_eff_no_outliers $ transport_data_system_9th'],1,1405649677.815799,avg_eff_no_outliers $ transport_data_system_9th,108126898.293523,single_datapoint,no_comment
10958,2022,14_PE,turnover_rate,ht,%,road,freight,lpg,all,yearly,national,['manually_inputted_data $ guess'],1,0.42,manually_inputted_data $ guess,0.03,manual,no_comment
10959,2010,14_PE,new_vehicle_efficiency,ldv,km_per_pj,road,freight,bev,all,yearly,national,['avg_eff_no_outliers $ transport_data_system_9th'],1,7200566335.010296,avg_eff_no_outliers $ transport_data_system_9th,553889718.077715,single_datapoint,no_comment
10960,2010,14_PE,new_vehicle_efficiency,ldv,km_per_pj,road,passenger,bev,all,yearly,national,['avg_eff_no_outliers $ transport_data_system_9th'],1,9901716082.423439,avg_eff_no_outliers $ transport_data_system_9th,761670467.878726,single_datapoint,no_comment
10961,2010,14_PE,turnover_rate,ldv,%,road,freight,bev,all,yearly,national,['manually_inputted_data $ guess'],1,0.42,manually_inputted_data $ guess,0.03,manual,no_comment
10962,2010,14_PE,turnover_rate,ldv,%,road,passenger,bev,all,yearly,national,['manually_inputted_data $ guess'],1,0.42,manually_inputted_data $ guess,0.03,manual,no_comment
10963,2011,14_PE,new_vehicle_efficiency,ldv,km_per_pj,road,freight,bev,all,yearly,national,['avg_eff_no_outliers $ transport_data_system_9th'],1,7200566335.010296,avg_eff_no_outliers $ transport_data_system_9th,553889718.077715,single_datapoint,no_comment
10964,2011,14_PE,new_vehicle_efficiency,ldv,km_per_pj,road,passenger,bev,all,yearly,national,['avg_eff_no_outliers $ transport_data_system_9th'],1,9901716082.423439,avg_eff_no_outliers $ transport_data_system_9th,761670467.878726,single_datapoint,no_comment
10965,2011,14_PE,turnover_rate,ldv,%,road,freight,bev,all,yearly,national,['manually_inputted_data $ guess'],1,0.42,manually_inputted_data $ guess,0.03,manual,no_comment
10966,2011,14_PE,turnover_rate,ldv,%,road,passenger,bev,all,yearly,national,['manually_inputted_data $ guess'],1,0.42,manually_inputted_data $ guess,0.03,manual,no_comment
10967,2012,14_PE,new_vehicle_efficiency,ldv,km_per_pj,road,freight,bev,all,yearly,national,['avg_eff_no_outliers $ transport_data_system_9th'],1,7200566335.010296,avg_eff_no_outliers $ transport_data_system_9th,553889718.077715,single_datapoint,no_comment
10968,2012,14_PE,new_vehicle_efficiency,ldv,km_per_pj,road,passenger,bev,all,yearly,national,['avg_eff_no_outliers $ transport_data_system_9th'],1,9901716082.423439,avg_eff_no_outliers $ transport_data_system_9th,761670467.878726,single_datapoint,no_comment
10969,2012,14_PE,turnover_rate,ldv,%,road,freight,bev,all,yearly,national,['manually_inputted_data $ guess'],1,0.42,manually_inputted_data $ guess,0.03,manual,no_comment
10970,2012,14_PE,turnover_rate,ldv,%,road,passenger,bev,all,yearly,national,['manually_inputted_data $ guess'],1,0.42,manually_inputted_data $ guess,0.03,manual,no_comment
10971,2013,14_PE,new_vehicle_efficiency,ldv,km_per_pj,road,freight,bev,all,yearly,national,['avg_eff_no_outliers $ transport_data_system_9th'],1,7200566335.010296,avg_eff_no_outliers $ transport_data_system_9th,553889718.077715,single_datapoint,no_comment
10972,2013,14_PE,new_vehicle_efficiency,ldv,km_per_pj,road,passenger,bev,all,yearly,national,['avg_eff_no_outliers $ transport_data_system_9th'],1,9901716082.423439,avg_eff_no_outliers $ transport_data_system_9th,761670467.878726,single_datapoint,no_comment
10973,2013,14_PE,turnover_rate,ldv,%,road,freight,bev,all,yearly,national,['manually_inputted_data $ guess'],1,0.42,manually_inputted_data $ guess,0.03,manual,no_comment
10974,2013,14_PE,turnover_rate,ldv,%,road,passenger,bev,all,yearly,national,['manually_inputted_data $ guess'],1,0.42,manually_inputted_data $ guess,0.03,manual,no_comment
10975,2014,14_PE,new_vehicle_efficiency,ldv,km_per_pj,road,freight,bev,all,yearly,national,['avg_eff_no_outliers $ transport_data_system_9th'],1,7200566335.010296,avg_eff_no_outliers $ transport_data_system_9th,553889718.077715,single_datapoint,no_comment
10976,2014,14_PE,new_vehicle_efficiency,ldv,km_per_pj,road,passenger,bev,all,yearly,national,['avg_eff_no_outliers $ transport_data_system_9th'],1,9901716082.423439,avg_eff_no_outliers $ transport_data_system_9th,761670467.878726,single_datapoint,no_comment
10977,2014,14_PE,turnover_rate,ldv,%,road,freight,bev,all,yearly,national,['manually_inputted_data $ guess'],1,0.42,manually_inputted_data $ guess,0.03,manual,no_comment
10978,2014,14_PE,turnover_rate,ldv,%,road,passenger,bev,all,yearly,national,['manually_inputted_data $ guess'],1,0.42,manually_inputted_data $ guess,0.03,manual,no_comment
10979,2015,14_PE,new_vehicle_efficiency,ldv,km_per_pj,road,freight,bev,all,yearly,national,['avg_eff_no_outliers $ transport_data_system_9th'],1,7200566335.010296,avg_eff_no_outliers $ transport_data_system_9th,553889718.077715,single_datapoint,no_comment
10980,2015,14_PE,new_vehicle_efficiency,ldv,km_per_pj,road,passenger,bev,all,yearly,national,['avg_eff_no_outliers $ transport_data_system_9th'],1,9901716082.423439,avg_eff_no_outliers $ transport_data_system_9th,761670467.878726,single_datapoint,no_comment
10981,2015,14_PE,turnover_rate,ldv,%,road,freight,bev,all,yearly,national,['manually_inputted_data $ guess'],1,0.42,manually_inputted_data $ guess,0.03,manual,no_comment
10982,2015,14_PE,turnover_rate,ldv,%,road,passenger,bev,all,yearly,national,['manually_inputted_data $ guess'],1,0.42,manually_inputted_data $ guess,0.03,manual,no_comment
10983,2016,14_PE,new_vehicle_efficiency,ldv,km_per_pj,road,freight,bev,all,yearly,national,['avg_eff_no_outliers $ transport_data_system_9th'],1,7200566335.010296,avg_eff_no_outliers $ transport_data_system_9th,553889718.077715,single_datapoint,no_comment
10984,2016,14_PE,new_vehicle_efficiency,ldv,km_per_pj,road,passenger,bev,all,yearly,national,['avg_eff_no_outliers $ transport_data_system_9th'],1,9901716082.423439,avg_eff_no_outliers $ transport_data_system_9th,761670467.878726,single_datapoint,no_comment
10985,2016,14_PE,turnover_rate,ldv,%,road,freight,bev,all,yearly,national,['manually_inputted_data $ guess'],1,0.42,manually_inputted_data $ guess,0.03,manual,no_comment
10986,2016,14_PE,turnover_rate,ldv,%,road,passenger,bev,all,yearly,national,['manually_inputted_data $ guess'],1,0.42,manually_inputted_data $ guess,0.03,manual,no_comment
10987,2017,14_PE,new_vehicle_efficiency,ldv,km_per_pj,road,freight,bev,all,yearly,national,['avg_eff_no_outliers $ transport_data_system_9th'],1,7200566335.010296,avg_eff_no_outliers $ transport_data_system_9th,553889718.077715,single_datapoint,no_comment
10988,2017,14_PE,new_vehicle_efficiency,ldv,km_per_pj,road,passenger,bev,all,yearly,national,['avg_eff_no_outliers $ transport_data_system_9th'],1,9901716082.423439,avg_eff_no_outliers $ transport_data_system_9th,761670467.878726,single_datapoint,no_comment
10989,2017,14_PE,turnover_rate,ldv,%,road,freight,bev,all,yearly,national,"['manually_inputted_data $ guess', 'turnover_rate_est']",2,0.42,manually_inputted_data $ guess,0.03,manual,no_comment
10990,2017,14_PE,turnover_rate,ldv,%,road,passenger,bev,all,yearly,national,"['manually_inputted_data $ guess', 'turnover_rate_est']",2,0.42,manually_inputted_data $ guess,0.03,manual,no_comment
10991,2018,14_PE,new_vehicle_efficiency,ldv,km_per_pj,road,freight,bev,all,yearly,national,['avg_eff_no_outliers $ transport_data_system_9th'],1,7200566335.010296,avg_eff_no_outliers $ transport_data_system_9th,553889718.077715,single_datapoint,no_comment
10992,2018,14_PE,new_vehicle_efficiency,ldv,km_per_pj,road,passenger,bev,all,yearly,national,['avg_eff_no_outliers $ transport_data_system_9th'],1,9901716082.423439,avg_eff_no_outliers $ transport_data_system_9th,761670467.878726,single_datapoint,no_comment
10993,2018,14_PE,turnover_rate,ldv,%,road,freight,bev,all,yearly,national,['manually_inputted_data $ guess'],1,0.42,manually_inputted_data $ guess,0.03,manual,no_comment
10994,2018,14_PE,turnover_rate,ldv,%,road,passenger,bev,all,yearly,national,['manually_inputted_data $ guess'],1,0.42,manually_inputted_data $ guess,0.03,manual,no_comment
10995,2019,14_PE,new_vehicle_efficiency,ldv,km_per_pj,road,freight,bev,all,yearly,national,['avg_eff_no_outliers $ transport_data_system_9th'],1,7200566335.010296,avg_eff_no_outliers $ transport_data_system_9th,553889718.077715,single_datapoint,no_comment
10996,2019,14_PE,new_vehicle_efficiency,ldv,km_per_pj,road,passenger,bev,all,yearly,national,['avg_eff_no_outliers $ transport_data_system_9th'],1,9901716082.423439,avg_eff_no_outliers $ transport_data_system_9th,761670467.878726,single_datapoint,no_comment
10997,2019,14_PE,turnover_rate,ldv,%,road,freight,bev,all,yearly,national,['manually_inputted_data $ guess'],1,0.42,manually_inputted_data $ guess,0.03,manual,no_comment
10998,2019,14_PE,turnover_rate,ldv,%,road,passenger,bev,all,yearly,national,['manually_inputted_data $ guess'],1,0.42,manually_inputted_data $ guess,0.03,manual,no_comment
10999,2020,14_PE,new_vehicle_efficiency,ldv,km_per_pj,road,freight,bev,all,yearly,national,['avg_eff_no_outliers $ transport_data_system_9th'],1,7200566335.010296,avg_eff_no_outliers $ transport_data_system_9th,553889718.077715,single_datapoint,no_comment
11000,2020,14_PE,new_vehicle_efficiency,ldv,km_per_pj,road,passenger,bev,all,yearly,national,['avg_eff_no_outliers $ transport_data_system_9th'],1,9901716082.423439,avg_eff_no_outliers $ transport_data_system_9th,761670467.878726,single_datapoint,no_comment
11001,2020,14_PE,turnover_rate,ldv,%,road,freight,bev,all,yearly,national,['manually_inputted_data $ guess'],1,0.42,manually_inputted_data $ guess,0.03,manual,no_comment
11002,2020,14_PE,turnover_rate,ldv,%,road,passenger,bev,all,yearly,national,['manually_inputted_data $ guess'],1,0.42,manually_inputted_data $ guess,0.03,manual,no_comment
11003,2021,14_PE,new_vehicle_efficiency,ldv,km_per_pj,road,freight,bev,all,yearly,national,['avg_eff_no_outliers $ transport_data_system_9th'],1,7200566335.010296,avg_eff_no_outliers $ transport_data_system_9th,553889718.077715,single_datapoint,no_comment
11004,2021,14_PE,new_vehicle_efficiency,ldv,km_per_pj,road,passenger,bev,all,yearly,national,['avg_eff_no_outliers $ transport_data_system_9th'],1,9901716082.423439,avg_eff_no_outliers $ transport_data_system_9th,761670467.878726,single_datapoint,no_comment
11005,2021,14_PE,turnover_rate,ldv,%,road,freight,bev,all,yearly,national,['manually_inputted_data $ guess'],1,0.42,manually_inputted_data $ guess,0.03,manual,no_comment
11006,2021,14_PE,turnover_rate,ldv,%,road,passenger,bev,all,yearly,national,['manually_inputted_data $ guess'],1,0.42,manually_inputted_data $ guess,0.03,manual,no_comment
11007,2022,14_PE,new_vehicle_efficiency,ldv,km_per_pj,road,freight,bev,all,yearly,national,['avg_eff_no_outliers $ transport_data_system_9th'],1,7200566335.010296,avg_eff_no_outliers $ transport_data_system_9th,553889718.077715,single_datapoint,no_comment
11008,2022,14_PE,new_vehicle_efficiency,ldv,km_per_pj,road,passenger,bev,all,yearly,national,['avg_eff_no_outliers $ transport_data_system_9th'],1,9901716082.423439,avg_eff_no_outliers $ transport_data_system_9th,761670467.878726,single_datapoint,no_comment
11009,2022,14_PE,turnover_rate,ldv,%,road,freight,bev,all,yearly,national,['manually_inputted_data $ guess'],1,0.42,manually_inputted_data $ guess,0.03,manual,no_comment
11010,2022,14_PE,turnover_rate,ldv,%,road,passenger,bev,all,yearly,national,['manually_inputted_data $ guess'],1,0.42,manually_inputted_data $ guess,0.03,manual,no_comment
11011,2010,14_PE,new_vehicle_efficiency,ldv,km_per_pj,road,freight,cng,all,yearly,national,['avg_eff_no_outliers $ transport_data_system_9th'],1,7214767129.708009,avg_eff_no_outliers $ transport_data_system_9th,554982086.900616,single_datapoint,no_comment
11012,2010,14_PE,new_vehicle_efficiency,ldv,km_per_pj,road,passenger,cng,all,yearly,national,['avg_eff_no_outliers $ transport_data_system_9th'],1,5429169522.90635,avg_eff_no_outliers $ transport_data_system_9th,417628424.83895,single_datapoint,no_comment
11013,2010,14_PE,turnover_rate,ldv,%,road,freight,cng,all,yearly,national,['manually_inputted_data $ guess'],1,0.42,manually_inputted_data $ guess,0.03,manual,no_comment
11014,2010,14_PE,turnover_rate,ldv,%,road,passenger,cng,all,yearly,national,['manually_inputted_data $ guess'],1,0.42,manually_inputted_data $ guess,0.03,manual,no_comment
11015,2011,14_PE,new_vehicle_efficiency,ldv,km_per_pj,road,freight,cng,all,yearly,national,['avg_eff_no_outliers $ transport_data_system_9th'],1,7214767129.708009,avg_eff_no_outliers $ transport_data_system_9th,554982086.900616,single_datapoint,no_comment
11016,2011,14_PE,new_vehicle_efficiency,ldv,km_per_pj,road,passenger,cng,all,yearly,national,['avg_eff_no_outliers $ transport_data_system_9th'],1,5429169522.90635,avg_eff_no_outliers $ transport_data_system_9th,417628424.83895,single_datapoint,no_comment
11017,2011,14_PE,turnover_rate,ldv,%,road,freight,cng,all,yearly,national,['manually_inputted_data $ guess'],1,0.42,manually_inputted_data $ guess,0.03,manual,no_comment
11018,2011,14_PE,turnover_rate,ldv,%,road,passenger,cng,all,yearly,national,['manually_inputted_data $ guess'],1,0.42,manually_inputted_data $ guess,0.03,manual,no_comment
11019,2012,14_PE,new_vehicle_efficiency,ldv,km_per_pj,road,freight,cng,all,yearly,national,['avg_eff_no_outliers $ transport_data_system_9th'],1,7214767129.708009,avg_eff_no_outliers $ transport_data_system_9th,554982086.900616,single_datapoint,no_comment
11020,2012,14_PE,new_vehicle_efficiency,ldv,km_per_pj,road,passenger,cng,all,yearly,national,['avg_eff_no_outliers $ transport_data_system_9th'],1,5429169522.90635,avg_eff_no_outliers $ transport_data_system_9th,417628424.83895,single_datapoint,no_comment
11021,2012,14_PE,turnover_rate,ldv,%,road,freight,cng,all,yearly,national,['manually_inputted_data $ guess'],1,0.42,manually_inputted_data $ guess,0.03,manual,no_comment
11022,2012,14_PE,turnover_rate,ldv,%,road,passenger,cng,all,yearly,national,['manually_inputted_data $ guess'],1,0.42,manually_inputted_data $ guess,0.03,manual,no_comment
11023,2013,14_PE,new_vehicle_efficiency,ldv,km_per_pj,road,freight,cng,all,yearly,national,['avg_eff_no_outliers $ transport_data_system_9th'],1,7214767129.708009,avg_eff_no_outliers $ transport_data_system_9th,554982086.900616,single_datapoint,no_comment
11024,2013,14_PE,new_vehicle_efficiency,ldv,km_per_pj,road,passenger,cng,all,yearly,national,['avg_eff_no_outliers $ transport_data_system_9th'],1,5429169522.90635,avg_eff_no_outliers $ transport_data_system_9th,417628424.83895,single_datapoint,no_comment
11025,2013,14_PE,turnover_rate,ldv,%,road,freight,cng,all,yearly,national,['manually_inputted_data $ guess'],1,0.42,manually_inputted_data $ guess,0.03,manual,no_comment
11026,2013,14_PE,turnover_rate,ldv,%,road,passenger,cng,all,yearly,national,['manually_inputted_data $ guess'],1,0.42,manually_inputted_data $ guess,0.03,manual,no_comment
11027,2014,14_PE,new_vehicle_efficiency,ldv,km_per_pj,road,freight,cng,all,yearly,national,['avg_eff_no_outliers $ transport_data_system_9th'],1,7214767129.708009,avg_eff_no_outliers $ transport_data_system_9th,554982086.900616,single_datapoint,no_comment
11028,2014,14_PE,new_vehicle_efficiency,ldv,km_per_pj,road,passenger,cng,all,yearly,national,['avg_eff_no_outliers $ transport_data_system_9th'],1,5429169522.90635,avg_eff_no_outliers $ transport_data_system_9th,417628424.83895,single_datapoint,no_comment
11029,2014,14_PE,turnover_rate,ldv,%,road,freight,cng,all,yearly,national,['manually_inputted_data $ guess'],1,0.42,manually_inputted_data $ guess,0.03,manual,no_comment
11030,2014,14_PE,turnover_rate,ldv,%,road,passenger,cng,all,yearly,national,['manually_inputted_data $ guess'],1,0.42,manually_inputted_data $ guess,0.03,manual,no_comment
11031,2015,14_PE,new_vehicle_efficiency,ldv,km_per_pj,road,freight,cng,all,yearly,national,['avg_eff_no_outliers $ transport_data_system_9th'],1,7214767129.708009,avg_eff_no_outliers $ transport_data_system_9th,554982086.900616,single_datapoint,no_comment
11032,2015,14_PE,new_vehicle_efficiency,ldv,km_per_pj,road,passenger,cng,all,yearly,national,['avg_eff_no_outliers $ transport_data_system_9th'],1,5429169522.90635,avg_eff_no_outliers $ transport_data_system_9th,417628424.83895,single_datapoint,no_comment
11033,2015,14_PE,turnover_rate,ldv,%,road,freight,cng,all,yearly,national,['manually_inputted_data $ guess'],1,0.42,manually_inputted_data $ guess,0.03,manual,no_comment
11034,2015,14_PE,turnover_rate,ldv,%,road,passenger,cng,all,yearly,national,['manually_inputted_data $ guess'],1,0.42,manually_inputted_data $ guess,0.03,manual,no_comment
11035,2016,14_PE,new_vehicle_efficiency,ldv,km_per_pj,road,freight,cng,all,yearly,national,['avg_eff_no_outliers $ transport_data_system_9th'],1,7214767129.708009,avg_eff_no_outliers $ transport_data_system_9th,554982086.900616,single_datapoint,no_comment
11036,2016,14_PE,new_vehicle_efficiency,ldv,km_per_pj,road,passenger,cng,all,yearly,national,['avg_eff_no_outliers $ transport_data_system_9th'],1,5429169522.90635,avg_eff_no_outliers $ transport_data_system_9th,417628424.83895,single_datapoint,no_comment
11037,2016,14_PE,turnover_rate,ldv,%,road,freight,cng,all,yearly,national,['manually_inputted_data $ guess'],1,0.42,manually_inputted_data $ guess,0.03,manual,no_comment
11038,2016,14_PE,turnover_rate,ldv,%,road,passenger,cng,all,yearly,national,['manually_inputted_data $ guess'],1,0.42,manually_inputted_data $ guess,0.03,manual,no_comment
11039,2017,14_PE,activity,ldv,passenger_km_or_freight_tonne_km,road,freight,cng,all,yearly,national,"['8th_edition_transport_model $ reference', 'estimated $ calculate_energy_and_activity()']",2,298863358.2100441,estimated $ calculate_energy_and_activity(),70676775.0,manual,no_comment
11040,2017,14_PE,activity,ldv,passenger_km_or_freight_tonne_km,road,passenger,cng,all,yearly,national,"['8th_edition_transport_model $ reference', 'estimated $ calculate_energy_and_activity()']",2,13506107094.973516,8th_edition_transport_model $ reference,5969237094.973516,manual,no_comment
11041,2017,14_PE,energy,ldv,pj,road,freight,cng,all,yearly,national,"['8th_edition_transport_model $ reference', 'estimated $ calculate_energy_and_activity()']",2,3.110556612457074,8th_edition_transport_model $ reference,2.340796161146729,manual,no_comment
11042,2017,14_PE,energy,ldv,pj,road,passenger,cng,all,yearly,national,"['8th_edition_transport_model $ reference', 'estimated $ calculate_energy_and_activity()']",2,29.98152625977104,estimated $ calculate_energy_and_activity(),14.44422292085845,manual,no_comment
11043,2017,14_PE,new_vehicle_efficiency,ldv,km_per_pj,road,freight,cng,all,yearly,national,['avg_eff_no_outliers $ transport_data_system_9th'],1,7214767129.708009,avg_eff_no_outliers $ transport_data_system_9th,554982086.900616,single_datapoint,no_comment
11044,2017,14_PE,new_vehicle_efficiency,ldv,km_per_pj,road,passenger,cng,all,yearly,national,['avg_eff_no_outliers $ transport_data_system_9th'],1,5429169522.90635,avg_eff_no_outliers $ transport_data_system_9th,417628424.83895,single_datapoint,no_comment
11045,2017,14_PE,travel_km,ldv,km,road,freight,cng,all,yearly,national,['estimated $ calculate_energy_and_activity()'],1,193635000.0,estimated $ calculate_energy_and_activity(),193635000.0,single_datapoint,no_comment
11046,2017,14_PE,travel_km,ldv,km,road,passenger,cng,all,yearly,national,['estimated $ calculate_energy_and_activity()'],1,5024580000.0,estimated $ calculate_energy_and_activity(),5024580000.0,single_datapoint,no_comment
11047,2017,14_PE,turnover_rate,ldv,%,road,freight,cng,all,yearly,national,"['manually_inputted_data $ guess', 'turnover_rate_est']",2,0.42,manually_inputted_data $ guess,0.03,manual,no_comment
11048,2017,14_PE,turnover_rate,ldv,%,road,passenger,cng,all,yearly,national,"['manually_inputted_data $ guess', 'turnover_rate_est']",2,0.42,manually_inputted_data $ guess,0.03,manual,no_comment
11049,2018,14_PE,new_vehicle_efficiency,ldv,km_per_pj,road,freight,cng,all,yearly,national,['avg_eff_no_outliers $ transport_data_system_9th'],1,7214767129.708009,avg_eff_no_outliers $ transport_data_system_9th,554982086.900616,single_datapoint,no_comment
11050,2018,14_PE,new_vehicle_efficiency,ldv,km_per_pj,road,passenger,cng,all,yearly,national,['avg_eff_no_outliers $ transport_data_system_9th'],1,5429169522.90635,avg_eff_no_outliers $ transport_data_system_9th,417628424.83895,single_datapoint,no_comment
11051,2018,14_PE,turnover_rate,ldv,%,road,freight,cng,all,yearly,national,['manually_inputted_data $ guess'],1,0.42,manually_inputted_data $ guess,0.03,manual,no_comment
11052,2018,14_PE,turnover_rate,ldv,%,road,passenger,cng,all,yearly,national,['manually_inputted_data $ guess'],1,0.42,manually_inputted_data $ guess,0.03,manual,no_comment
11053,2019,14_PE,new_vehicle_efficiency,ldv,km_per_pj,road,freight,cng,all,yearly,national,['avg_eff_no_outliers $ transport_data_system_9th'],1,7214767129.708009,avg_eff_no_outliers $ transport_data_system_9th,554982086.900616,single_datapoint,no_comment
11054,2019,14_PE,new_vehicle_efficiency,ldv,km_per_pj,road,passenger,cng,all,yearly,national,['avg_eff_no_outliers $ transport_data_system_9th'],1,5429169522.90635,avg_eff_no_outliers $ transport_data_system_9th,417628424.83895,single_datapoint,no_comment
11055,2019,14_PE,turnover_rate,ldv,%,road,freight,cng,all,yearly,national,['manually_inputted_data $ guess'],1,0.42,manually_inputted_data $ guess,0.03,manual,no_comment
11056,2019,14_PE,turnover_rate,ldv,%,road,passenger,cng,all,yearly,national,['manually_inputted_data $ guess'],1,0.42,manually_inputted_data $ guess,0.03,manual,no_comment
11057,2020,14_PE,new_vehicle_efficiency,ldv,km_per_pj,road,freight,cng,all,yearly,national,['avg_eff_no_outliers $ transport_data_system_9th'],1,7214767129.708009,avg_eff_no_outliers $ transport_data_system_9th,554982086.900616,single_datapoint,no_comment
11058,2020,14_PE,new_vehicle_efficiency,ldv,km_per_pj,road,passenger,cng,all,yearly,national,['avg_eff_no_outliers $ transport_data_system_9th'],1,5429169522.90635,avg_eff_no_outliers $ transport_data_system_9th,417628424.83895,single_datapoint,no_comment
11059,2020,14_PE,turnover_rate,ldv,%,road,freight,cng,all,yearly,national,['manually_inputted_data $ guess'],1,0.42,manually_inputted_data $ guess,0.03,manual,no_comment
11060,2020,14_PE,turnover_rate,ldv,%,road,passenger,cng,all,yearly,national,['manually_inputted_data $ guess'],1,0.42,manually_inputted_data $ guess,0.03,manual,no_comment
11061,2021,14_PE,new_vehicle_efficiency,ldv,km_per_pj,road,freight,cng,all,yearly,national,['avg_eff_no_outliers $ transport_data_system_9th'],1,7214767129.708009,avg_eff_no_outliers $ transport_data_system_9th,554982086.900616,single_datapoint,no_comment
11062,2021,14_PE,new_vehicle_efficiency,ldv,km_per_pj,road,passenger,cng,all,yearly,national,['avg_eff_no_outliers $ transport_data_system_9th'],1,5429169522.90635,avg_eff_no_outliers $ transport_data_system_9th,417628424.83895,single_datapoint,no_comment
11063,2021,14_PE,turnover_rate,ldv,%,road,freight,cng,all,yearly,national,['manually_inputted_data $ guess'],1,0.42,manually_inputted_data $ guess,0.03,manual,no_comment
11064,2021,14_PE,turnover_rate,ldv,%,road,passenger,cng,all,yearly,national,['manually_inputted_data $ guess'],1,0.42,manually_inputted_data $ guess,0.03,manual,no_comment
11065,2022,14_PE,new_vehicle_efficiency,ldv,km_per_pj,road,freight,cng,all,yearly,national,['avg_eff_no_outliers $ transport_data_system_9th'],1,7214767129.708009,avg_eff_no_outliers $ transport_data_system_9th,554982086.900616,single_datapoint,no_comment
11066,2022,14_PE,new_vehicle_efficiency,ldv,km_per_pj,road,passenger,cng,all,yearly,national,['avg_eff_no_outliers $ transport_data_system_9th'],1,5429169522.90635,avg_eff_no_outliers $ transport_data_system_9th,417628424.83895,single_datapoint,no_comment
11067,2022,14_PE,turnover_rate,ldv,%,road,freight,cng,all,yearly,national,['manually_inputted_data $ guess'],1,0.42,manually_inputted_data $ guess,0.03,manual,no_comment
11068,2022,14_PE,turnover_rate,ldv,%,road,passenger,cng,all,yearly,national,['manually_inputted_data $ guess'],1,0.42,manually_inputted_data $ guess,0.03,manual,no_comment
11069,2010,14_PE,new_vehicle_efficiency,ldv,km_per_pj,road,passenger,fcev,all,yearly,national,['avg_eff_no_outliers $ transport_data_system_9th'],1,1469603353.601357,avg_eff_no_outliers $ transport_data_system_9th,113046411.815489,single_datapoint,no_comment
11070,2010,14_PE,turnover_rate,ldv,%,road,passenger,fcev,all,yearly,national,['manually_inputted_data $ guess'],1,0.42,manually_inputted_data $ guess,0.03,manual,no_comment
11071,2011,14_PE,new_vehicle_efficiency,ldv,km_per_pj,road,passenger,fcev,all,yearly,national,['avg_eff_no_outliers $ transport_data_system_9th'],1,1469603353.601357,avg_eff_no_outliers $ transport_data_system_9th,113046411.815489,single_datapoint,no_comment
11072,2011,14_PE,turnover_rate,ldv,%,road,passenger,fcev,all,yearly,national,['manually_inputted_data $ guess'],1,0.42,manually_inputted_data $ guess,0.03,manual,no_comment
11073,2012,14_PE,new_vehicle_efficiency,ldv,km_per_pj,road,passenger,fcev,all,yearly,national,['avg_eff_no_outliers $ transport_data_system_9th'],1,1469603353.601357,avg_eff_no_outliers $ transport_data_system_9th,113046411.815489,single_datapoint,no_comment
11074,2012,14_PE,turnover_rate,ldv,%,road,passenger,fcev,all,yearly,national,['manually_inputted_data $ guess'],1,0.42,manually_inputted_data $ guess,0.03,manual,no_comment
11075,2013,14_PE,new_vehicle_efficiency,ldv,km_per_pj,road,passenger,fcev,all,yearly,national,['avg_eff_no_outliers $ transport_data_system_9th'],1,1469603353.601357,avg_eff_no_outliers $ transport_data_system_9th,113046411.815489,single_datapoint,no_comment
11076,2013,14_PE,turnover_rate,ldv,%,road,passenger,fcev,all,yearly,national,['manually_inputted_data $ guess'],1,0.42,manually_inputted_data $ guess,0.03,manual,no_comment
11077,2014,14_PE,new_vehicle_efficiency,ldv,km_per_pj,road,passenger,fcev,all,yearly,national,['avg_eff_no_outliers $ transport_data_system_9th'],1,1469603353.601357,avg_eff_no_outliers $ transport_data_system_9th,113046411.815489,single_datapoint,no_comment
11078,2014,14_PE,turnover_rate,ldv,%,road,passenger,fcev,all,yearly,national,['manually_inputted_data $ guess'],1,0.42,manually_inputted_data $ guess,0.03,manual,no_comment
11079,2015,14_PE,new_vehicle_efficiency,ldv,km_per_pj,road,passenger,fcev,all,yearly,national,['avg_eff_no_outliers $ transport_data_system_9th'],1,1469603353.601357,avg_eff_no_outliers $ transport_data_system_9th,113046411.815489,single_datapoint,no_comment
11080,2015,14_PE,turnover_rate,ldv,%,road,passenger,fcev,all,yearly,national,['manually_inputted_data $ guess'],1,0.42,manually_inputted_data $ guess,0.03,manual,no_comment
11081,2016,14_PE,new_vehicle_efficiency,ldv,km_per_pj,road,passenger,fcev,all,yearly,national,['avg_eff_no_outliers $ transport_data_system_9th'],1,1469603353.601357,avg_eff_no_outliers $ transport_data_system_9th,113046411.815489,single_datapoint,no_comment
11082,2016,14_PE,turnover_rate,ldv,%,road,passenger,fcev,all,yearly,national,['manually_inputted_data $ guess'],1,0.42,manually_inputted_data $ guess,0.03,manual,no_comment
11083,2017,14_PE,new_vehicle_efficiency,ldv,km_per_pj,road,passenger,fcev,all,yearly,national,['avg_eff_no_outliers $ transport_data_system_9th'],1,1469603353.601357,avg_eff_no_outliers $ transport_data_system_9th,113046411.815489,single_datapoint,no_comment
11084,2017,14_PE,turnover_rate,ldv,%,road,freight,fcev,all,yearly,national,['turnover_rate_est'],1,0.03,turnover_rate_est,0.03,single_datapoint,no_comment
11085,2017,14_PE,turnover_rate,ldv,%,road,passenger,fcev,all,yearly,national,"['manually_inputted_data $ guess', 'turnover_rate_est']",2,0.42,manually_inputted_data $ guess,0.03,manual,no_comment
11086,2018,14_PE,new_vehicle_efficiency,ldv,km_per_pj,road,passenger,fcev,all,yearly,national,['avg_eff_no_outliers $ transport_data_system_9th'],1,1469603353.601357,avg_eff_no_outliers $ transport_data_system_9th,113046411.815489,single_datapoint,no_comment
11087,2018,14_PE,turnover_rate,ldv,%,road,passenger,fcev,all,yearly,national,['manually_inputted_data $ guess'],1,0.42,manually_inputted_data $ guess,0.03,manual,no_comment
11088,2019,14_PE,new_vehicle_efficiency,ldv,km_per_pj,road,passenger,fcev,all,yearly,national,['avg_eff_no_outliers $ transport_data_system_9th'],1,1469603353.601357,avg_eff_no_outliers $ transport_data_system_9th,113046411.815489,single_datapoint,no_comment
11089,2019,14_PE,turnover_rate,ldv,%,road,passenger,fcev,all,yearly,national,['manually_inputted_data $ guess'],1,0.42,manually_inputted_data $ guess,0.03,manual,no_comment
11090,2020,14_PE,new_vehicle_efficiency,ldv,km_per_pj,road,passenger,fcev,all,yearly,national,['avg_eff_no_outliers $ transport_data_system_9th'],1,1469603353.601357,avg_eff_no_outliers $ transport_data_system_9th,113046411.815489,single_datapoint,no_comment
11091,2020,14_PE,turnover_rate,ldv,%,road,passenger,fcev,all,yearly,national,['manually_inputted_data $ guess'],1,0.42,manually_inputted_data $ guess,0.03,manual,no_comment
11092,2021,14_PE,new_vehicle_efficiency,ldv,km_per_pj,road,passenger,fcev,all,yearly,national,['avg_eff_no_outliers $ transport_data_system_9th'],1,1469603353.601357,avg_eff_no_outliers $ transport_data_system_9th,113046411.815489,single_datapoint,no_comment
11093,2021,14_PE,turnover_rate,ldv,%,road,passenger,fcev,all,yearly,national,['manually_inputted_data $ guess'],1,0.42,manually_inputted_data $ guess,0.03,manual,no_comment
11094,2022,14_PE,new_vehicle_efficiency,ldv,km_per_pj,road,passenger,fcev,all,yearly,national,['avg_eff_no_outliers $ transport_data_system_9th'],1,1469603353.601357,avg_eff_no_outliers $ transport_data_system_9th,113046411.815489,single_datapoint,no_comment
11095,2022,14_PE,turnover_rate,ldv,%,road,passenger,fcev,all,yearly,national,['manually_inputted_data $ guess'],1,0.42,manually_inputted_data $ guess,0.03,manual,no_comment
11096,2010,14_PE,new_vehicle_efficiency,ldv,km_per_pj,road,freight,ice,all,yearly,national,['avg_eff_no_outliers $ transport_data_system_9th'],1,4776513034.843043,avg_eff_no_outliers $ transport_data_system_9th,367424079.603311,single_datapoint,no_comment
11097,2010,14_PE,new_vehicle_efficiency,ldv,km_per_pj,road,passenger,ice,all,yearly,national,['avg_eff_no_outliers $ transport_data_system_9th'],1,3086802010.889935,avg_eff_no_outliers $ transport_data_system_9th,237446308.529995,single_datapoint,no_comment
11098,2010,14_PE,turnover_rate,ldv,%,road,freight,ice,all,yearly,national,['manually_inputted_data $ guess'],1,0.39,manually_inputted_data $ guess,0.03,single_datapoint,no_comment
11099,2010,14_PE,turnover_rate,ldv,%,road,passenger,ice,all,yearly,national,['manually_inputted_data $ guess'],1,0.39,manually_inputted_data $ guess,0.03,single_datapoint,no_comment
11100,2011,14_PE,new_vehicle_efficiency,ldv,km_per_pj,road,freight,ice,all,yearly,national,['avg_eff_no_outliers $ transport_data_system_9th'],1,4776513034.843043,avg_eff_no_outliers $ transport_data_system_9th,367424079.603311,single_datapoint,no_comment
11101,2011,14_PE,new_vehicle_efficiency,ldv,km_per_pj,road,passenger,ice,all,yearly,national,['avg_eff_no_outliers $ transport_data_system_9th'],1,3086802010.889935,avg_eff_no_outliers $ transport_data_system_9th,237446308.529995,single_datapoint,no_comment
11102,2011,14_PE,turnover_rate,ldv,%,road,freight,ice,all,yearly,national,['manually_inputted_data $ guess'],1,0.39,manually_inputted_data $ guess,0.03,single_datapoint,no_comment
11103,2011,14_PE,turnover_rate,ldv,%,road,passenger,ice,all,yearly,national,['manually_inputted_data $ guess'],1,0.39,manually_inputted_data $ guess,0.03,single_datapoint,no_comment
11104,2012,14_PE,new_vehicle_efficiency,ldv,km_per_pj,road,freight,ice,all,yearly,national,['avg_eff_no_outliers $ transport_data_system_9th'],1,4776513034.843043,avg_eff_no_outliers $ transport_data_system_9th,367424079.603311,single_datapoint,no_comment
11105,2012,14_PE,new_vehicle_efficiency,ldv,km_per_pj,road,passenger,ice,all,yearly,national,['avg_eff_no_outliers $ transport_data_system_9th'],1,3086802010.889935,avg_eff_no_outliers $ transport_data_system_9th,237446308.529995,single_datapoint,no_comment
11106,2012,14_PE,turnover_rate,ldv,%,road,freight,ice,all,yearly,national,['manually_inputted_data $ guess'],1,0.39,manually_inputted_data $ guess,0.03,single_datapoint,no_comment
11107,2012,14_PE,turnover_rate,ldv,%,road,passenger,ice,all,yearly,national,['manually_inputted_data $ guess'],1,0.39,manually_inputted_data $ guess,0.03,single_datapoint,no_comment
11108,2013,14_PE,new_vehicle_efficiency,ldv,km_per_pj,road,freight,ice,all,yearly,national,['avg_eff_no_outliers $ transport_data_system_9th'],1,4776513034.843043,avg_eff_no_outliers $ transport_data_system_9th,367424079.603311,single_datapoint,no_comment
11109,2013,14_PE,new_vehicle_efficiency,ldv,km_per_pj,road,passenger,ice,all,yearly,national,['avg_eff_no_outliers $ transport_data_system_9th'],1,3086802010.889935,avg_eff_no_outliers $ transport_data_system_9th,237446308.529995,single_datapoint,no_comment
11110,2013,14_PE,turnover_rate,ldv,%,road,freight,ice,all,yearly,national,['manually_inputted_data $ guess'],1,0.39,manually_inputted_data $ guess,0.03,single_datapoint,no_comment
11111,2013,14_PE,turnover_rate,ldv,%,road,passenger,ice,all,yearly,national,['manually_inputted_data $ guess'],1,0.39,manually_inputted_data $ guess,0.03,single_datapoint,no_comment
11112,2014,14_PE,new_vehicle_efficiency,ldv,km_per_pj,road,freight,ice,all,yearly,national,['avg_eff_no_outliers $ transport_data_system_9th'],1,4776513034.843043,avg_eff_no_outliers $ transport_data_system_9th,367424079.603311,single_datapoint,no_comment
11113,2014,14_PE,new_vehicle_efficiency,ldv,km_per_pj,road,passenger,ice,all,yearly,national,['avg_eff_no_outliers $ transport_data_system_9th'],1,3086802010.889935,avg_eff_no_outliers $ transport_data_system_9th,237446308.529995,single_datapoint,no_comment
11114,2014,14_PE,turnover_rate,ldv,%,road,freight,ice,all,yearly,national,['manually_inputted_data $ guess'],1,0.39,manually_inputted_data $ guess,0.03,single_datapoint,no_comment
11115,2014,14_PE,turnover_rate,ldv,%,road,passenger,ice,all,yearly,national,['manually_inputted_data $ guess'],1,0.39,manually_inputted_data $ guess,0.03,single_datapoint,no_comment
11116,2015,14_PE,new_vehicle_efficiency,ldv,km_per_pj,road,freight,ice,all,yearly,national,['avg_eff_no_outliers $ transport_data_system_9th'],1,4776513034.843043,avg_eff_no_outliers $ transport_data_system_9th,367424079.603311,single_datapoint,no_comment
11117,2015,14_PE,new_vehicle_efficiency,ldv,km_per_pj,road,passenger,ice,all,yearly,national,['avg_eff_no_outliers $ transport_data_system_9th'],1,3086802010.889935,avg_eff_no_outliers $ transport_data_system_9th,237446308.529995,single_datapoint,no_comment
11118,2015,14_PE,turnover_rate,ldv,%,road,freight,ice,all,yearly,national,['manually_inputted_data $ guess'],1,0.39,manually_inputted_data $ guess,0.03,single_datapoint,no_comment
11119,2015,14_PE,turnover_rate,ldv,%,road,passenger,ice,all,yearly,national,['manually_inputted_data $ guess'],1,0.39,manually_inputted_data $ guess,0.03,single_datapoint,no_comment
11120,2016,14_PE,new_vehicle_efficiency,ldv,km_per_pj,road,freight,ice,all,yearly,national,['avg_eff_no_outliers $ transport_data_system_9th'],1,4776513034.843043,avg_eff_no_outliers $ transport_data_system_9th,367424079.603311,single_datapoint,no_comment
11121,2016,14_PE,new_vehicle_efficiency,ldv,km_per_pj,road,passenger,ice,all,yearly,national,['avg_eff_no_outliers $ transport_data_system_9th'],1,3086802010.889935,avg_eff_no_outliers $ transport_data_system_9th,237446308.529995,single_datapoint,no_comment
11122,2016,14_PE,turnover_rate,ldv,%,road,freight,ice,all,yearly,national,['manually_inputted_data $ guess'],1,0.39,manually_inputted_data $ guess,0.03,single_datapoint,no_comment
11123,2016,14_PE,turnover_rate,ldv,%,road,passenger,ice,all,yearly,national,['manually_inputted_data $ guess'],1,0.39,manually_inputted_data $ guess,0.03,single_datapoint,no_comment
11124,2017,14_PE,activity,ldv,passenger_km_or_freight_tonne_km,road,freight,ice,all,yearly,national,['estimated $ calculate_energy_and_activity()'],1,543656550.0,estimated $ calculate_energy_and_activity(),543656550.0,single_datapoint,no_comment
11125,2017,14_PE,activity,ldv,passenger_km_or_freight_tonne_km,road,passenger,ice,all,yearly,national,['estimated $ calculate_energy_and_activity()'],1,69336810000.0,estimated $ calculate_energy_and_activity(),69336810000.0,single_datapoint,no_comment
11126,2017,14_PE,energy,ldv,pj,road,freight,ice,all,yearly,national,['estimated $ calculate_energy_and_activity()'],1,5.921114981347479,estimated $ calculate_energy_and_activity(),5.921114981347479,single_datapoint,no_comment
11127,2017,14_PE,energy,ldv,pj,road,passenger,ice,all,yearly,national,['estimated $ calculate_energy_and_activity()'],1,132.88226283075167,estimated $ calculate_energy_and_activity(),132.88226283075167,single_datapoint,no_comment
11128,2017,14_PE,new_vehicle_efficiency,ldv,km_per_pj,road,freight,ice,all,yearly,national,['avg_eff_no_outliers $ transport_data_system_9th'],1,4776513034.843043,avg_eff_no_outliers $ transport_data_system_9th,367424079.603311,single_datapoint,no_comment
11129,2017,14_PE,new_vehicle_efficiency,ldv,km_per_pj,road,passenger,ice,all,yearly,national,['avg_eff_no_outliers $ transport_data_system_9th'],1,3086802010.889935,avg_eff_no_outliers $ transport_data_system_9th,237446308.529995,single_datapoint,no_comment
11130,2017,14_PE,travel_km,ldv,km,road,freight,ice,all,yearly,national,['estimated $ calculate_energy_and_activity()'],1,1489470000.0,estimated $ calculate_energy_and_activity(),1489470000.0,single_datapoint,no_comment
11131,2017,14_PE,travel_km,ldv,km,road,passenger,ice,all,yearly,national,['estimated $ calculate_energy_and_activity()'],1,46224540000.0,estimated $ calculate_energy_and_activity(),46224540000.0,single_datapoint,no_comment
11132,2017,14_PE,turnover_rate,ldv,%,road,freight,ice,all,yearly,national,['manually_inputted_data $ guess'],1,0.39,manually_inputted_data $ guess,0.03,single_datapoint,no_comment
11133,2017,14_PE,turnover_rate,ldv,%,road,passenger,ice,all,yearly,national,['manually_inputted_data $ guess'],1,0.39,manually_inputted_data $ guess,0.03,single_datapoint,no_comment
11134,2018,14_PE,new_vehicle_efficiency,ldv,km_per_pj,road,freight,ice,all,yearly,national,['avg_eff_no_outliers $ transport_data_system_9th'],1,4776513034.843043,avg_eff_no_outliers $ transport_data_system_9th,367424079.603311,single_datapoint,no_comment
11135,2018,14_PE,new_vehicle_efficiency,ldv,km_per_pj,road,passenger,ice,all,yearly,national,['avg_eff_no_outliers $ transport_data_system_9th'],1,3086802010.889935,avg_eff_no_outliers $ transport_data_system_9th,237446308.529995,single_datapoint,no_comment
11136,2018,14_PE,turnover_rate,ldv,%,road,freight,ice,all,yearly,national,['manually_inputted_data $ guess'],1,0.39,manually_inputted_data $ guess,0.03,single_datapoint,no_comment
11137,2018,14_PE,turnover_rate,ldv,%,road,passenger,ice,all,yearly,national,['manually_inputted_data $ guess'],1,0.39,manually_inputted_data $ guess,0.03,single_datapoint,no_comment
11138,2019,14_PE,new_vehicle_efficiency,ldv,km_per_pj,road,freight,ice,all,yearly,national,['avg_eff_no_outliers $ transport_data_system_9th'],1,4776513034.843043,avg_eff_no_outliers $ transport_data_system_9th,367424079.603311,single_datapoint,no_comment
11139,2019,14_PE,new_vehicle_efficiency,ldv,km_per_pj,road,passenger,ice,all,yearly,national,['avg_eff_no_outliers $ transport_data_system_9th'],1,3086802010.889935,avg_eff_no_outliers $ transport_data_system_9th,237446308.529995,single_datapoint,no_comment
11140,2019,14_PE,turnover_rate,ldv,%,road,freight,ice,all,yearly,national,['manually_inputted_data $ guess'],1,0.39,manually_inputted_data $ guess,0.03,single_datapoint,no_comment
11141,2019,14_PE,turnover_rate,ldv,%,road,passenger,ice,all,yearly,national,['manually_inputted_data $ guess'],1,0.39,manually_inputted_data $ guess,0.03,single_datapoint,no_comment
11142,2020,14_PE,new_vehicle_efficiency,ldv,km_per_pj,road,freight,ice,all,yearly,national,['avg_eff_no_outliers $ transport_data_system_9th'],1,4776513034.843043,avg_eff_no_outliers $ transport_data_system_9th,367424079.603311,single_datapoint,no_comment
11143,2020,14_PE,new_vehicle_efficiency,ldv,km_per_pj,road,passenger,ice,all,yearly,national,['avg_eff_no_outliers $ transport_data_system_9th'],1,3086802010.889935,avg_eff_no_outliers $ transport_data_system_9th,237446308.529995,single_datapoint,no_comment
11144,2020,14_PE,turnover_rate,ldv,%,road,freight,ice,all,yearly,national,['manually_inputted_data $ guess'],1,0.39,manually_inputted_data $ guess,0.03,single_datapoint,no_comment
11145,2020,14_PE,turnover_rate,ldv,%,road,passenger,ice,all,yearly,national,['manually_inputted_data $ guess'],1,0.39,manually_inputted_data $ guess,0.03,single_datapoint,no_comment
11146,2021,14_PE,new_vehicle_efficiency,ldv,km_per_pj,road,freight,ice,all,yearly,national,['avg_eff_no_outliers $ transport_data_system_9th'],1,4776513034.843043,avg_eff_no_outliers $ transport_data_system_9th,367424079.603311,single_datapoint,no_comment
11147,2021,14_PE,new_vehicle_efficiency,ldv,km_per_pj,road,passenger,ice,all,yearly,national,['avg_eff_no_outliers $ transport_data_system_9th'],1,3086802010.889935,avg_eff_no_outliers $ transport_data_system_9th,237446308.529995,single_datapoint,no_comment
11148,2021,14_PE,turnover_rate,ldv,%,road,freight,ice,all,yearly,national,['manually_inputted_data $ guess'],1,0.39,manually_inputted_data $ guess,0.03,single_datapoint,no_comment
11149,2021,14_PE,turnover_rate,ldv,%,road,passenger,ice,all,yearly,national,['manually_inputted_data $ guess'],1,0.39,manually_inputted_data $ guess,0.03,single_datapoint,no_comment
11150,2022,14_PE,new_vehicle_efficiency,ldv,km_per_pj,road,freight,ice,all,yearly,national,['avg_eff_no_outliers $ transport_data_system_9th'],1,4776513034.843043,avg_eff_no_outliers $ transport_data_system_9th,367424079.603311,single_datapoint,no_comment
11151,2022,14_PE,new_vehicle_efficiency,ldv,km_per_pj,road,passenger,ice,all,yearly,national,['avg_eff_no_outliers $ transport_data_system_9th'],1,3086802010.889935,avg_eff_no_outliers $ transport_data_system_9th,237446308.529995,single_datapoint,no_comment
11152,2022,14_PE,turnover_rate,ldv,%,road,freight,ice,all,yearly,national,['manually_inputted_data $ guess'],1,0.39,manually_inputted_data $ guess,0.03,single_datapoint,no_comment
11153,2022,14_PE,turnover_rate,ldv,%,road,passenger,ice,all,yearly,national,['manually_inputted_data $ guess'],1,0.39,manually_inputted_data $ guess,0.03,single_datapoint,no_comment
11154,2010,14_PE,new_vehicle_efficiency,ldv,km_per_pj,road,freight,lpg,all,yearly,national,['avg_eff_no_outliers $ transport_data_system_9th'],1,3668778329.1297708,avg_eff_no_outliers $ transport_data_system_9th,282213717.625367,single_datapoint,no_comment
11155,2010,14_PE,new_vehicle_efficiency,ldv,km_per_pj,road,passenger,lpg,all,yearly,national,['avg_eff_no_outliers $ transport_data_system_9th'],1,4713924488.084526,avg_eff_no_outliers $ transport_data_system_9th,362609576.006502,single_datapoint,no_comment
11156,2010,14_PE,turnover_rate,ldv,%,road,freight,lpg,all,yearly,national,['manually_inputted_data $ guess'],1,0.42,manually_inputted_data $ guess,0.03,manual,no_comment
11157,2010,14_PE,turnover_rate,ldv,%,road,passenger,lpg,all,yearly,national,['manually_inputted_data $ guess'],1,0.42,manually_inputted_data $ guess,0.03,manual,no_comment
11158,2011,14_PE,new_vehicle_efficiency,ldv,km_per_pj,road,freight,lpg,all,yearly,national,['avg_eff_no_outliers $ transport_data_system_9th'],1,3668778329.1297708,avg_eff_no_outliers $ transport_data_system_9th,282213717.625367,single_datapoint,no_comment
11159,2011,14_PE,new_vehicle_efficiency,ldv,km_per_pj,road,passenger,lpg,all,yearly,national,['avg_eff_no_outliers $ transport_data_system_9th'],1,4713924488.084526,avg_eff_no_outliers $ transport_data_system_9th,362609576.006502,single_datapoint,no_comment
11160,2011,14_PE,turnover_rate,ldv,%,road,freight,lpg,all,yearly,national,['manually_inputted_data $ guess'],1,0.42,manually_inputted_data $ guess,0.03,manual,no_comment
11161,2011,14_PE,turnover_rate,ldv,%,road,passenger,lpg,all,yearly,national,['manually_inputted_data $ guess'],1,0.42,manually_inputted_data $ guess,0.03,manual,no_comment
11162,2012,14_PE,new_vehicle_efficiency,ldv,km_per_pj,road,freight,lpg,all,yearly,national,['avg_eff_no_outliers $ transport_data_system_9th'],1,3668778329.1297708,avg_eff_no_outliers $ transport_data_system_9th,282213717.625367,single_datapoint,no_comment
11163,2012,14_PE,new_vehicle_efficiency,ldv,km_per_pj,road,passenger,lpg,all,yearly,national,['avg_eff_no_outliers $ transport_data_system_9th'],1,4713924488.084526,avg_eff_no_outliers $ transport_data_system_9th,362609576.006502,single_datapoint,no_comment
11164,2012,14_PE,turnover_rate,ldv,%,road,freight,lpg,all,yearly,national,['manually_inputted_data $ guess'],1,0.42,manually_inputted_data $ guess,0.03,manual,no_comment
11165,2012,14_PE,turnover_rate,ldv,%,road,passenger,lpg,all,yearly,national,['manually_inputted_data $ guess'],1,0.42,manually_inputted_data $ guess,0.03,manual,no_comment
11166,2013,14_PE,new_vehicle_efficiency,ldv,km_per_pj,road,freight,lpg,all,yearly,national,['avg_eff_no_outliers $ transport_data_system_9th'],1,3668778329.1297708,avg_eff_no_outliers $ transport_data_system_9th,282213717.625367,single_datapoint,no_comment
11167,2013,14_PE,new_vehicle_efficiency,ldv,km_per_pj,road,passenger,lpg,all,yearly,national,['avg_eff_no_outliers $ transport_data_system_9th'],1,4713924488.084526,avg_eff_no_outliers $ transport_data_system_9th,362609576.006502,single_datapoint,no_comment
11168,2013,14_PE,turnover_rate,ldv,%,road,freight,lpg,all,yearly,national,['manually_inputted_data $ guess'],1,0.42,manually_inputted_data $ guess,0.03,manual,no_comment
11169,2013,14_PE,turnover_rate,ldv,%,road,passenger,lpg,all,yearly,national,['manually_inputted_data $ guess'],1,0.42,manually_inputted_data $ guess,0.03,manual,no_comment
11170,2014,14_PE,new_vehicle_efficiency,ldv,km_per_pj,road,freight,lpg,all,yearly,national,['avg_eff_no_outliers $ transport_data_system_9th'],1,3668778329.1297708,avg_eff_no_outliers $ transport_data_system_9th,282213717.625367,single_datapoint,no_comment
11171,2014,14_PE,new_vehicle_efficiency,ldv,km_per_pj,road,passenger,lpg,all,yearly,national,['avg_eff_no_outliers $ transport_data_system_9th'],1,4713924488.084526,avg_eff_no_outliers $ transport_data_system_9th,362609576.006502,single_datapoint,no_comment
11172,2014,14_PE,turnover_rate,ldv,%,road,freight,lpg,all,yearly,national,['manually_inputted_data $ guess'],1,0.42,manually_inputted_data $ guess,0.03,manual,no_comment
11173,2014,14_PE,turnover_rate,ldv,%,road,passenger,lpg,all,yearly,national,['manually_inputted_data $ guess'],1,0.42,manually_inputted_data $ guess,0.03,manual,no_comment
11174,2015,14_PE,new_vehicle_efficiency,ldv,km_per_pj,road,freight,lpg,all,yearly,national,['avg_eff_no_outliers $ transport_data_system_9th'],1,3668778329.1297708,avg_eff_no_outliers $ transport_data_system_9th,282213717.625367,single_datapoint,no_comment
11175,2015,14_PE,new_vehicle_efficiency,ldv,km_per_pj,road,passenger,lpg,all,yearly,national,['avg_eff_no_outliers $ transport_data_system_9th'],1,4713924488.084526,avg_eff_no_outliers $ transport_data_system_9th,362609576.006502,single_datapoint,no_comment
11176,2015,14_PE,turnover_rate,ldv,%,road,freight,lpg,all,yearly,national,['manually_inputted_data $ guess'],1,0.42,manually_inputted_data $ guess,0.03,manual,no_comment
11177,2015,14_PE,turnover_rate,ldv,%,road,passenger,lpg,all,yearly,national,['manually_inputted_data $ guess'],1,0.42,manually_inputted_data $ guess,0.03,manual,no_comment
11178,2016,14_PE,new_vehicle_efficiency,ldv,km_per_pj,road,freight,lpg,all,yearly,national,['avg_eff_no_outliers $ transport_data_system_9th'],1,3668778329.1297708,avg_eff_no_outliers $ transport_data_system_9th,282213717.625367,single_datapoint,no_comment
11179,2016,14_PE,new_vehicle_efficiency,ldv,km_per_pj,road,passenger,lpg,all,yearly,national,['avg_eff_no_outliers $ transport_data_system_9th'],1,4713924488.084526,avg_eff_no_outliers $ transport_data_system_9th,362609576.006502,single_datapoint,no_comment
11180,2016,14_PE,turnover_rate,ldv,%,road,freight,lpg,all,yearly,national,['manually_inputted_data $ guess'],1,0.42,manually_inputted_data $ guess,0.03,manual,no_comment
11181,2016,14_PE,turnover_rate,ldv,%,road,passenger,lpg,all,yearly,national,['manually_inputted_data $ guess'],1,0.42,manually_inputted_data $ guess,0.03,manual,no_comment
11182,2017,14_PE,activity,ldv,passenger_km_or_freight_tonne_km,road,passenger,lpg,all,yearly,national,"['8th_edition_transport_model $ reference', 'estimated $ calculate_energy_and_activity()']",2,10016318527.708035,8th_edition_transport_model $ reference,5093408527.708034,manual,no_comment
11183,2017,14_PE,energy,ldv,pj,road,passenger,lpg,all,yearly,national,"['8th_edition_transport_model $ reference', 'estimated $ calculate_energy_and_activity()']",2,19.014602311011515,8th_edition_transport_model $ reference,9.579968376855392,manual,no_comment
11184,2017,14_PE,new_vehicle_efficiency,ldv,km_per_pj,road,freight,lpg,all,yearly,national,['avg_eff_no_outliers $ transport_data_system_9th'],1,3668778329.1297708,avg_eff_no_outliers $ transport_data_system_9th,282213717.625367,single_datapoint,no_comment
11185,2017,14_PE,new_vehicle_efficiency,ldv,km_per_pj,road,passenger,lpg,all,yearly,national,['avg_eff_no_outliers $ transport_data_system_9th'],1,4713924488.084526,avg_eff_no_outliers $ transport_data_system_9th,362609576.006502,single_datapoint,no_comment
11186,2017,14_PE,travel_km,ldv,km,road,passenger,lpg,all,yearly,national,['estimated $ calculate_energy_and_activity()'],1,3281940000.0,estimated $ calculate_energy_and_activity(),3281940000.0,single_datapoint,no_comment
11187,2017,14_PE,turnover_rate,ldv,%,road,freight,lpg,all,yearly,national,"['manually_inputted_data $ guess', 'turnover_rate_est']",2,0.42,manually_inputted_data $ guess,0.03,manual,no_comment
11188,2017,14_PE,turnover_rate,ldv,%,road,passenger,lpg,all,yearly,national,"['manually_inputted_data $ guess', 'turnover_rate_est']",2,0.42,manually_inputted_data $ guess,0.03,manual,no_comment
11189,2018,14_PE,new_vehicle_efficiency,ldv,km_per_pj,road,freight,lpg,all,yearly,national,['avg_eff_no_outliers $ transport_data_system_9th'],1,3668778329.1297708,avg_eff_no_outliers $ transport_data_system_9th,282213717.625367,single_datapoint,no_comment
11190,2018,14_PE,new_vehicle_efficiency,ldv,km_per_pj,road,passenger,lpg,all,yearly,national,['avg_eff_no_outliers $ transport_data_system_9th'],1,4713924488.084526,avg_eff_no_outliers $ transport_data_system_9th,362609576.006502,single_datapoint,no_comment
11191,2018,14_PE,turnover_rate,ldv,%,road,freight,lpg,all,yearly,national,['manually_inputted_data $ guess'],1,0.42,manually_inputted_data $ guess,0.03,manual,no_comment
11192,2018,14_PE,turnover_rate,ldv,%,road,passenger,lpg,all,yearly,national,['manually_inputted_data $ guess'],1,0.42,manually_inputted_data $ guess,0.03,manual,no_comment
11193,2019,14_PE,new_vehicle_efficiency,ldv,km_per_pj,road,freight,lpg,all,yearly,national,['avg_eff_no_outliers $ transport_data_system_9th'],1,3668778329.1297708,avg_eff_no_outliers $ transport_data_system_9th,282213717.625367,single_datapoint,no_comment
11194,2019,14_PE,new_vehicle_efficiency,ldv,km_per_pj,road,passenger,lpg,all,yearly,national,['avg_eff_no_outliers $ transport_data_system_9th'],1,4713924488.084526,avg_eff_no_outliers $ transport_data_system_9th,362609576.006502,single_datapoint,no_comment
11195,2019,14_PE,turnover_rate,ldv,%,road,freight,lpg,all,yearly,national,['manually_inputted_data $ guess'],1,0.42,manually_inputted_data $ guess,0.03,manual,no_comment
11196,2019,14_PE,turnover_rate,ldv,%,road,passenger,lpg,all,yearly,national,['manually_inputted_data $ guess'],1,0.42,manually_inputted_data $ guess,0.03,manual,no_comment
11197,2020,14_PE,new_vehicle_efficiency,ldv,km_per_pj,road,freight,lpg,all,yearly,national,['avg_eff_no_outliers $ transport_data_system_9th'],1,3668778329.1297708,avg_eff_no_outliers $ transport_data_system_9th,282213717.625367,single_datapoint,no_comment
11198,2020,14_PE,new_vehicle_efficiency,ldv,km_per_pj,road,passenger,lpg,all,yearly,national,['avg_eff_no_outliers $ transport_data_system_9th'],1,4713924488.084526,avg_eff_no_outliers $ transport_data_system_9th,362609576.006502,single_datapoint,no_comment
11199,2020,14_PE,turnover_rate,ldv,%,road,freight,lpg,all,yearly,national,['manually_inputted_data $ guess'],1,0.42,manually_inputted_data $ guess,0.03,manual,no_comment
11200,2020,14_PE,turnover_rate,ldv,%,road,passenger,lpg,all,yearly,national,['manually_inputted_data $ guess'],1,0.42,manually_inputted_data $ guess,0.03,manual,no_comment
11201,2021,14_PE,new_vehicle_efficiency,ldv,km_per_pj,road,freight,lpg,all,yearly,national,['avg_eff_no_outliers $ transport_data_system_9th'],1,3668778329.1297708,avg_eff_no_outliers $ transport_data_system_9th,282213717.625367,single_datapoint,no_comment
11202,2021,14_PE,new_vehicle_efficiency,ldv,km_per_pj,road,passenger,lpg,all,yearly,national,['avg_eff_no_outliers $ transport_data_system_9th'],1,4713924488.084526,avg_eff_no_outliers $ transport_data_system_9th,362609576.006502,single_datapoint,no_comment
11203,2021,14_PE,turnover_rate,ldv,%,road,freight,lpg,all,yearly,national,['manually_inputted_data $ guess'],1,0.42,manually_inputted_data $ guess,0.03,manual,no_comment
11204,2021,14_PE,turnover_rate,ldv,%,road,passenger,lpg,all,yearly,national,['manually_inputted_data $ guess'],1,0.42,manually_inputted_data $ guess,0.03,manual,no_comment
11205,2022,14_PE,new_vehicle_efficiency,ldv,km_per_pj,road,freight,lpg,all,yearly,national,['avg_eff_no_outliers $ transport_data_system_9th'],1,3668778329.1297708,avg_eff_no_outliers $ transport_data_system_9th,282213717.625367,single_datapoint,no_comment
11206,2022,14_PE,new_vehicle_efficiency,ldv,km_per_pj,road,passenger,lpg,all,yearly,national,['avg_eff_no_outliers $ transport_data_system_9th'],1,4713924488.084526,avg_eff_no_outliers $ transport_data_system_9th,362609576.006502,single_datapoint,no_comment
11207,2022,14_PE,turnover_rate,ldv,%,road,freight,lpg,all,yearly,national,['manually_inputted_data $ guess'],1,0.42,manually_inputted_data $ guess,0.03,manual,no_comment
11208,2022,14_PE,turnover_rate,ldv,%,road,passenger,lpg,all,yearly,national,['manually_inputted_data $ guess'],1,0.42,manually_inputted_data $ guess,0.03,manual,no_comment
11209,2010,14_PE,new_vehicle_efficiency,ldv,km_per_pj,road,freight,phev,all,yearly,national,['avg_eff_no_outliers $ transport_data_system_9th'],1,8979606259.303562,avg_eff_no_outliers $ transport_data_system_9th,690738943.023351,single_datapoint,no_comment
11210,2010,14_PE,new_vehicle_efficiency,ldv,km_per_pj,road,passenger,phev,all,yearly,national,['avg_eff_no_outliers $ transport_data_system_9th'],1,5974718100.659283,avg_eff_no_outliers $ transport_data_system_9th,459593700.050714,single_datapoint,no_comment
11211,2010,14_PE,turnover_rate,ldv,%,road,freight,phev,all,yearly,national,['manually_inputted_data $ guess'],1,0.39,manually_inputted_data $ guess,0.03,single_datapoint,no_comment
11212,2010,14_PE,turnover_rate,ldv,%,road,passenger,phev,all,yearly,national,['manually_inputted_data $ guess'],1,0.39,manually_inputted_data $ guess,0.03,single_datapoint,no_comment
11213,2011,14_PE,new_vehicle_efficiency,ldv,km_per_pj,road,freight,phev,all,yearly,national,['avg_eff_no_outliers $ transport_data_system_9th'],1,8979606259.303562,avg_eff_no_outliers $ transport_data_system_9th,690738943.023351,single_datapoint,no_comment
11214,2011,14_PE,new_vehicle_efficiency,ldv,km_per_pj,road,passenger,phev,all,yearly,national,['avg_eff_no_outliers $ transport_data_system_9th'],1,5974718100.659283,avg_eff_no_outliers $ transport_data_system_9th,459593700.050714,single_datapoint,no_comment
11215,2011,14_PE,turnover_rate,ldv,%,road,freight,phev,all,yearly,national,['manually_inputted_data $ guess'],1,0.39,manually_inputted_data $ guess,0.03,single_datapoint,no_comment
11216,2011,14_PE,turnover_rate,ldv,%,road,passenger,phev,all,yearly,national,['manually_inputted_data $ guess'],1,0.39,manually_inputted_data $ guess,0.03,single_datapoint,no_comment
11217,2012,14_PE,new_vehicle_efficiency,ldv,km_per_pj,road,freight,phev,all,yearly,national,['avg_eff_no_outliers $ transport_data_system_9th'],1,8979606259.303562,avg_eff_no_outliers $ transport_data_system_9th,690738943.023351,single_datapoint,no_comment
11218,2012,14_PE,new_vehicle_efficiency,ldv,km_per_pj,road,passenger,phev,all,yearly,national,['avg_eff_no_outliers $ transport_data_system_9th'],1,5974718100.659283,avg_eff_no_outliers $ transport_data_system_9th,459593700.050714,single_datapoint,no_comment
11219,2012,14_PE,turnover_rate,ldv,%,road,freight,phev,all,yearly,national,['manually_inputted_data $ guess'],1,0.39,manually_inputted_data $ guess,0.03,single_datapoint,no_comment
11220,2012,14_PE,turnover_rate,ldv,%,road,passenger,phev,all,yearly,national,['manually_inputted_data $ guess'],1,0.39,manually_inputted_data $ guess,0.03,single_datapoint,no_comment
11221,2013,14_PE,new_vehicle_efficiency,ldv,km_per_pj,road,freight,phev,all,yearly,national,['avg_eff_no_outliers $ transport_data_system_9th'],1,8979606259.303562,avg_eff_no_outliers $ transport_data_system_9th,690738943.023351,single_datapoint,no_comment
11222,2013,14_PE,new_vehicle_efficiency,ldv,km_per_pj,road,passenger,phev,all,yearly,national,['avg_eff_no_outliers $ transport_data_system_9th'],1,5974718100.659283,avg_eff_no_outliers $ transport_data_system_9th,459593700.050714,single_datapoint,no_comment
11223,2013,14_PE,turnover_rate,ldv,%,road,freight,phev,all,yearly,national,['manually_inputted_data $ guess'],1,0.39,manually_inputted_data $ guess,0.03,single_datapoint,no_comment
11224,2013,14_PE,turnover_rate,ldv,%,road,passenger,phev,all,yearly,national,['manually_inputted_data $ guess'],1,0.39,manually_inputted_data $ guess,0.03,single_datapoint,no_comment
11225,2014,14_PE,new_vehicle_efficiency,ldv,km_per_pj,road,freight,phev,all,yearly,national,['avg_eff_no_outliers $ transport_data_system_9th'],1,8979606259.303562,avg_eff_no_outliers $ transport_data_system_9th,690738943.023351,single_datapoint,no_comment
11226,2014,14_PE,new_vehicle_efficiency,ldv,km_per_pj,road,passenger,phev,all,yearly,national,['avg_eff_no_outliers $ transport_data_system_9th'],1,5974718100.659283,avg_eff_no_outliers $ transport_data_system_9th,459593700.050714,single_datapoint,no_comment
11227,2014,14_PE,turnover_rate,ldv,%,road,freight,phev,all,yearly,national,['manually_inputted_data $ guess'],1,0.39,manually_inputted_data $ guess,0.03,single_datapoint,no_comment
11228,2014,14_PE,turnover_rate,ldv,%,road,passenger,phev,all,yearly,national,['manually_inputted_data $ guess'],1,0.39,manually_inputted_data $ guess,0.03,single_datapoint,no_comment
11229,2015,14_PE,new_vehicle_efficiency,ldv,km_per_pj,road,freight,phev,all,yearly,national,['avg_eff_no_outliers $ transport_data_system_9th'],1,8979606259.303562,avg_eff_no_outliers $ transport_data_system_9th,690738943.023351,single_datapoint,no_comment
11230,2015,14_PE,new_vehicle_efficiency,ldv,km_per_pj,road,passenger,phev,all,yearly,national,['avg_eff_no_outliers $ transport_data_system_9th'],1,5974718100.659283,avg_eff_no_outliers $ transport_data_system_9th,459593700.050714,single_datapoint,no_comment
11231,2015,14_PE,turnover_rate,ldv,%,road,freight,phev,all,yearly,national,['manually_inputted_data $ guess'],1,0.39,manually_inputted_data $ guess,0.03,single_datapoint,no_comment
11232,2015,14_PE,turnover_rate,ldv,%,road,passenger,phev,all,yearly,national,['manually_inputted_data $ guess'],1,0.39,manually_inputted_data $ guess,0.03,single_datapoint,no_comment
11233,2016,14_PE,new_vehicle_efficiency,ldv,km_per_pj,road,freight,phev,all,yearly,national,['avg_eff_no_outliers $ transport_data_system_9th'],1,8979606259.303562,avg_eff_no_outliers $ transport_data_system_9th,690738943.023351,single_datapoint,no_comment
11234,2016,14_PE,new_vehicle_efficiency,ldv,km_per_pj,road,passenger,phev,all,yearly,national,['avg_eff_no_outliers $ transport_data_system_9th'],1,5974718100.659283,avg_eff_no_outliers $ transport_data_system_9th,459593700.050714,single_datapoint,no_comment
11235,2016,14_PE,turnover_rate,ldv,%,road,freight,phev,all,yearly,national,['manually_inputted_data $ guess'],1,0.39,manually_inputted_data $ guess,0.03,single_datapoint,no_comment
11236,2016,14_PE,turnover_rate,ldv,%,road,passenger,phev,all,yearly,national,['manually_inputted_data $ guess'],1,0.39,manually_inputted_data $ guess,0.03,single_datapoint,no_comment
11237,2017,14_PE,new_vehicle_efficiency,ldv,km_per_pj,road,freight,phev,all,yearly,national,['avg_eff_no_outliers $ transport_data_system_9th'],1,8979606259.303562,avg_eff_no_outliers $ transport_data_system_9th,690738943.023351,single_datapoint,no_comment
11238,2017,14_PE,new_vehicle_efficiency,ldv,km_per_pj,road,passenger,phev,all,yearly,national,['avg_eff_no_outliers $ transport_data_system_9th'],1,5974718100.659283,avg_eff_no_outliers $ transport_data_system_9th,459593700.050714,single_datapoint,no_comment
11239,2017,14_PE,turnover_rate,ldv,%,road,freight,phev,all,yearly,national,['manually_inputted_data $ guess'],1,0.39,manually_inputted_data $ guess,0.03,single_datapoint,no_comment
11240,2017,14_PE,turnover_rate,ldv,%,road,passenger,phev,all,yearly,national,['manually_inputted_data $ guess'],1,0.39,manually_inputted_data $ guess,0.03,single_datapoint,no_comment
11241,2018,14_PE,new_vehicle_efficiency,ldv,km_per_pj,road,freight,phev,all,yearly,national,['avg_eff_no_outliers $ transport_data_system_9th'],1,8979606259.303562,avg_eff_no_outliers $ transport_data_system_9th,690738943.023351,single_datapoint,no_comment
11242,2018,14_PE,new_vehicle_efficiency,ldv,km_per_pj,road,passenger,phev,all,yearly,national,['avg_eff_no_outliers $ transport_data_system_9th'],1,5974718100.659283,avg_eff_no_outliers $ transport_data_system_9th,459593700.050714,single_datapoint,no_comment
11243,2018,14_PE,turnover_rate,ldv,%,road,freight,phev,all,yearly,national,['manually_inputted_data $ guess'],1,0.39,manually_inputted_data $ guess,0.03,single_datapoint,no_comment
11244,2018,14_PE,turnover_rate,ldv,%,road,passenger,phev,all,yearly,national,['manually_inputted_data $ guess'],1,0.39,manually_inputted_data $ guess,0.03,single_datapoint,no_comment
11245,2019,14_PE,new_vehicle_efficiency,ldv,km_per_pj,road,freight,phev,all,yearly,national,['avg_eff_no_outliers $ transport_data_system_9th'],1,8979606259.303562,avg_eff_no_outliers $ transport_data_system_9th,690738943.023351,single_datapoint,no_comment
11246,2019,14_PE,new_vehicle_efficiency,ldv,km_per_pj,road,passenger,phev,all,yearly,national,['avg_eff_no_outliers $ transport_data_system_9th'],1,5974718100.659283,avg_eff_no_outliers $ transport_data_system_9th,459593700.050714,single_datapoint,no_comment
11247,2019,14_PE,turnover_rate,ldv,%,road,freight,phev,all,yearly,national,['manually_inputted_data $ guess'],1,0.39,manually_inputted_data $ guess,0.03,single_datapoint,no_comment
11248,2019,14_PE,turnover_rate,ldv,%,road,passenger,phev,all,yearly,national,['manually_inputted_data $ guess'],1,0.39,manually_inputted_data $ guess,0.03,single_datapoint,no_comment
11249,2020,14_PE,new_vehicle_efficiency,ldv,km_per_pj,road,freight,phev,all,yearly,national,['avg_eff_no_outliers $ transport_data_system_9th'],1,8979606259.303562,avg_eff_no_outliers $ transport_data_system_9th,690738943.023351,single_datapoint,no_comment
11250,2020,14_PE,new_vehicle_efficiency,ldv,km_per_pj,road,passenger,phev,all,yearly,national,['avg_eff_no_outliers $ transport_data_system_9th'],1,5974718100.659283,avg_eff_no_outliers $ transport_data_system_9th,459593700.050714,single_datapoint,no_comment
11251,2020,14_PE,turnover_rate,ldv,%,road,freight,phev,all,yearly,national,['manually_inputted_data $ guess'],1,0.39,manually_inputted_data $ guess,0.03,single_datapoint,no_comment
11252,2020,14_PE,turnover_rate,ldv,%,road,passenger,phev,all,yearly,national,['manually_inputted_data $ guess'],1,0.39,manually_inputted_data $ guess,0.03,single_datapoint,no_comment
11253,2021,14_PE,new_vehicle_efficiency,ldv,km_per_pj,road,freight,phev,all,yearly,national,['avg_eff_no_outliers $ transport_data_system_9th'],1,8979606259.303562,avg_eff_no_outliers $ transport_data_system_9th,690738943.023351,single_datapoint,no_comment
11254,2021,14_PE,new_vehicle_efficiency,ldv,km_per_pj,road,passenger,phev,all,yearly,national,['avg_eff_no_outliers $ transport_data_system_9th'],1,5974718100.659283,avg_eff_no_outliers $ transport_data_system_9th,459593700.050714,single_datapoint,no_comment
11255,2021,14_PE,turnover_rate,ldv,%,road,freight,phev,all,yearly,national,['manually_inputted_data $ guess'],1,0.39,manually_inputted_data $ guess,0.03,single_datapoint,no_comment
11256,2021,14_PE,turnover_rate,ldv,%,road,passenger,phev,all,yearly,national,['manually_inputted_data $ guess'],1,0.39,manually_inputted_data $ guess,0.03,single_datapoint,no_comment
11257,2022,14_PE,new_vehicle_efficiency,ldv,km_per_pj,road,freight,phev,all,yearly,national,['avg_eff_no_outliers $ transport_data_system_9th'],1,8979606259.303562,avg_eff_no_outliers $ transport_data_system_9th,690738943.023351,single_datapoint,no_comment
11258,2022,14_PE,new_vehicle_efficiency,ldv,km_per_pj,road,passenger,phev,all,yearly,national,['avg_eff_no_outliers $ transport_data_system_9th'],1,5974718100.659283,avg_eff_no_outliers $ transport_data_system_9th,459593700.050714,single_datapoint,no_comment
11259,2022,14_PE,turnover_rate,ldv,%,road,freight,phev,all,yearly,national,['manually_inputted_data $ guess'],1,0.39,manually_inputted_data $ guess,0.03,single_datapoint,no_comment
11260,2022,14_PE,turnover_rate,ldv,%,road,passenger,phev,all,yearly,national,['manually_inputted_data $ guess'],1,0.39,manually_inputted_data $ guess,0.03,single_datapoint,no_comment
11261,2010,15_RP,new_vehicle_efficiency,2w,km_per_pj,road,passenger,bev,all,yearly,national,['avg_eff_no_outliers $ transport_data_system_9th'],1,33137029391.83156,avg_eff_no_outliers $ transport_data_system_9th,2549002260.91012,single_datapoint,no_comment
11262,2010,15_RP,turnover_rate,2w,%,road,passenger,bev,all,yearly,national,['manually_inputted_data $ guess'],1,0.42,manually_inputted_data $ guess,0.03,manual,no_comment
11263,2011,15_RP,new_vehicle_efficiency,2w,km_per_pj,road,passenger,bev,all,yearly,national,['avg_eff_no_outliers $ transport_data_system_9th'],1,33137029391.83156,avg_eff_no_outliers $ transport_data_system_9th,2549002260.91012,single_datapoint,no_comment
11264,2011,15_RP,turnover_rate,2w,%,road,passenger,bev,all,yearly,national,['manually_inputted_data $ guess'],1,0.42,manually_inputted_data $ guess,0.03,manual,no_comment
11265,2012,15_RP,new_vehicle_efficiency,2w,km_per_pj,road,passenger,bev,all,yearly,national,['avg_eff_no_outliers $ transport_data_system_9th'],1,33137029391.83156,avg_eff_no_outliers $ transport_data_system_9th,2549002260.91012,single_datapoint,no_comment
11266,2012,15_RP,turnover_rate,2w,%,road,passenger,bev,all,yearly,national,['manually_inputted_data $ guess'],1,0.42,manually_inputted_data $ guess,0.03,manual,no_comment
11267,2013,15_RP,new_vehicle_efficiency,2w,km_per_pj,road,passenger,bev,all,yearly,national,['avg_eff_no_outliers $ transport_data_system_9th'],1,33137029391.83156,avg_eff_no_outliers $ transport_data_system_9th,2549002260.91012,single_datapoint,no_comment
11268,2013,15_RP,turnover_rate,2w,%,road,passenger,bev,all,yearly,national,['manually_inputted_data $ guess'],1,0.42,manually_inputted_data $ guess,0.03,manual,no_comment
11269,2014,15_RP,new_vehicle_efficiency,2w,km_per_pj,road,passenger,bev,all,yearly,national,['avg_eff_no_outliers $ transport_data_system_9th'],1,33137029391.83156,avg_eff_no_outliers $ transport_data_system_9th,2549002260.91012,single_datapoint,no_comment
11270,2014,15_RP,turnover_rate,2w,%,road,passenger,bev,all,yearly,national,['manually_inputted_data $ guess'],1,0.42,manually_inputted_data $ guess,0.03,manual,no_comment
11271,2015,15_RP,new_vehicle_efficiency,2w,km_per_pj,road,passenger,bev,all,yearly,national,['avg_eff_no_outliers $ transport_data_system_9th'],1,33137029391.83156,avg_eff_no_outliers $ transport_data_system_9th,2549002260.91012,single_datapoint,no_comment
11272,2015,15_RP,turnover_rate,2w,%,road,passenger,bev,all,yearly,national,['manually_inputted_data $ guess'],1,0.42,manually_inputted_data $ guess,0.03,manual,no_comment
11273,2016,15_RP,new_vehicle_efficiency,2w,km_per_pj,road,passenger,bev,all,yearly,national,['avg_eff_no_outliers $ transport_data_system_9th'],1,33137029391.83156,avg_eff_no_outliers $ transport_data_system_9th,2549002260.91012,single_datapoint,no_comment
11274,2016,15_RP,turnover_rate,2w,%,road,passenger,bev,all,yearly,national,['manually_inputted_data $ guess'],1,0.42,manually_inputted_data $ guess,0.03,manual,no_comment
11275,2017,15_RP,new_vehicle_efficiency,2w,km_per_pj,road,passenger,bev,all,yearly,national,['avg_eff_no_outliers $ transport_data_system_9th'],1,33137029391.83156,avg_eff_no_outliers $ transport_data_system_9th,2549002260.91012,single_datapoint,no_comment
11276,2017,15_RP,turnover_rate,2w,%,road,passenger,bev,all,yearly,national,"['manually_inputted_data $ guess', 'turnover_rate_est']",2,0.42,manually_inputted_data $ guess,0.03,manual,no_comment
11277,2018,15_RP,new_vehicle_efficiency,2w,km_per_pj,road,passenger,bev,all,yearly,national,['avg_eff_no_outliers $ transport_data_system_9th'],1,33137029391.83156,avg_eff_no_outliers $ transport_data_system_9th,2549002260.91012,single_datapoint,no_comment
11278,2018,15_RP,turnover_rate,2w,%,road,passenger,bev,all,yearly,national,['manually_inputted_data $ guess'],1,0.42,manually_inputted_data $ guess,0.03,manual,no_comment
11279,2019,15_RP,new_vehicle_efficiency,2w,km_per_pj,road,passenger,bev,all,yearly,national,['avg_eff_no_outliers $ transport_data_system_9th'],1,33137029391.83156,avg_eff_no_outliers $ transport_data_system_9th,2549002260.91012,single_datapoint,no_comment
11280,2019,15_RP,turnover_rate,2w,%,road,passenger,bev,all,yearly,national,['manually_inputted_data $ guess'],1,0.42,manually_inputted_data $ guess,0.03,manual,no_comment
11281,2020,15_RP,new_vehicle_efficiency,2w,km_per_pj,road,passenger,bev,all,yearly,national,['avg_eff_no_outliers $ transport_data_system_9th'],1,33137029391.83156,avg_eff_no_outliers $ transport_data_system_9th,2549002260.91012,single_datapoint,no_comment
11282,2020,15_RP,turnover_rate,2w,%,road,passenger,bev,all,yearly,national,['manually_inputted_data $ guess'],1,0.42,manually_inputted_data $ guess,0.03,manual,no_comment
11283,2021,15_RP,new_vehicle_efficiency,2w,km_per_pj,road,passenger,bev,all,yearly,national,['avg_eff_no_outliers $ transport_data_system_9th'],1,33137029391.83156,avg_eff_no_outliers $ transport_data_system_9th,2549002260.91012,single_datapoint,no_comment
11284,2021,15_RP,turnover_rate,2w,%,road,passenger,bev,all,yearly,national,['manually_inputted_data $ guess'],1,0.42,manually_inputted_data $ guess,0.03,manual,no_comment
11285,2022,15_RP,new_vehicle_efficiency,2w,km_per_pj,road,passenger,bev,all,yearly,national,['avg_eff_no_outliers $ transport_data_system_9th'],1,33137029391.83156,avg_eff_no_outliers $ transport_data_system_9th,2549002260.91012,single_datapoint,no_comment
11286,2022,15_RP,turnover_rate,2w,%,road,passenger,bev,all,yearly,national,['manually_inputted_data $ guess'],1,0.42,manually_inputted_data $ guess,0.03,manual,no_comment
11287,2010,15_RP,activity,2w,passenger_km_or_freight_tonne_km,road,passenger,ice,all,yearly,national,['estimated $ calculate_energy_and_activity()'],1,487620020250.00006,estimated $ calculate_energy_and_activity(),28727729250.000004,single_datapoint,no_comment
11288,2010,15_RP,energy,2w,pj,road,passenger,ice,all,yearly,national,['estimated $ calculate_energy_and_activity()'],1,700.883683130183,estimated $ calculate_energy_and_activity(),41.29198115037134,single_datapoint,no_comment
11289,2010,15_RP,new_vehicle_efficiency,2w,km_per_pj,road,passenger,ice,all,yearly,national,['avg_eff_no_outliers $ transport_data_system_9th'],1,7669072338.574219,avg_eff_no_outliers $ transport_data_system_9th,589928641.428786,single_datapoint,no_comment
11290,2010,15_RP,travel_km,2w,km,road,passenger,ice,all,yearly,national,['estimated $ calculate_energy_and_activity()'],1,443290927500.0,estimated $ calculate_energy_and_activity(),26116117500.0,single_datapoint,no_comment
11291,2010,15_RP,turnover_rate,2w,%,road,passenger,ice,all,yearly,national,['manually_inputted_data $ guess'],1,0.39,manually_inputted_data $ guess,0.03,single_datapoint,no_comment
11292,2011,15_RP,activity,2w,passenger_km_or_freight_tonne_km,road,passenger,ice,all,yearly,national,['estimated $ calculate_energy_and_activity()'],1,487620020250.00006,estimated $ calculate_energy_and_activity(),32022045000.000004,single_datapoint,no_comment
11293,2011,15_RP,energy,2w,pj,road,passenger,ice,all,yearly,national,['estimated $ calculate_energy_and_activity()'],1,700.883683130183,estimated $ calculate_energy_and_activity(),46.02708647904508,single_datapoint,no_comment
11294,2011,15_RP,new_vehicle_efficiency,2w,km_per_pj,road,passenger,ice,all,yearly,national,['avg_eff_no_outliers $ transport_data_system_9th'],1,7669072338.574219,avg_eff_no_outliers $ transport_data_system_9th,589928641.428786,single_datapoint,no_comment
11295,2011,15_RP,travel_km,2w,km,road,passenger,ice,all,yearly,national,['estimated $ calculate_energy_and_activity()'],1,443290927500.0,estimated $ calculate_energy_and_activity(),29110950000.0,single_datapoint,no_comment
11296,2011,15_RP,turnover_rate,2w,%,road,passenger,ice,all,yearly,national,['manually_inputted_data $ guess'],1,0.39,manually_inputted_data $ guess,0.03,single_datapoint,no_comment
11297,2012,15_RP,activity,2w,passenger_km_or_freight_tonne_km,road,passenger,ice,all,yearly,national,['estimated $ calculate_energy_and_activity()'],1,487620020250.00006,estimated $ calculate_energy_and_activity(),33962692500.000004,single_datapoint,no_comment
11298,2012,15_RP,energy,2w,pj,road,passenger,ice,all,yearly,national,['estimated $ calculate_energy_and_activity()'],1,700.883683130183,estimated $ calculate_energy_and_activity(),48.81648828982396,single_datapoint,no_comment
11299,2012,15_RP,new_vehicle_efficiency,2w,km_per_pj,road,passenger,ice,all,yearly,national,['avg_eff_no_outliers $ transport_data_system_9th'],1,7669072338.574219,avg_eff_no_outliers $ transport_data_system_9th,589928641.428786,single_datapoint,no_comment
11300,2012,15_RP,travel_km,2w,km,road,passenger,ice,all,yearly,national,['estimated $ calculate_energy_and_activity()'],1,443290927500.0,estimated $ calculate_energy_and_activity(),30875175000.0,single_datapoint,no_comment
11301,2012,15_RP,turnover_rate,2w,%,road,passenger,ice,all,yearly,national,['manually_inputted_data $ guess'],1,0.39,manually_inputted_data $ guess,0.03,single_datapoint,no_comment
11302,2013,15_RP,activity,2w,passenger_km_or_freight_tonne_km,road,passenger,ice,all,yearly,national,['estimated $ calculate_energy_and_activity()'],1,487620020250.00006,estimated $ calculate_energy_and_activity(),35068002750.0,single_datapoint,no_comment
11303,2013,15_RP,energy,2w,pj,road,passenger,ice,all,yearly,national,['estimated $ calculate_energy_and_activity()'],1,700.883683130183,estimated $ calculate_energy_and_activity(),50.40521288448757,single_datapoint,no_comment
11304,2013,15_RP,new_vehicle_efficiency,2w,km_per_pj,road,passenger,ice,all,yearly,national,['avg_eff_no_outliers $ transport_data_system_9th'],1,7669072338.574219,avg_eff_no_outliers $ transport_data_system_9th,589928641.428786,single_datapoint,no_comment
11305,2013,15_RP,travel_km,2w,km,road,passenger,ice,all,yearly,national,['estimated $ calculate_energy_and_activity()'],1,443290927500.0,estimated $ calculate_energy_and_activity(),31880002500.0,single_datapoint,no_comment
11306,2013,15_RP,turnover_rate,2w,%,road,passenger,ice,all,yearly,national,['manually_inputted_data $ guess'],1,0.39,manually_inputted_data $ guess,0.03,single_datapoint,no_comment
11307,2014,15_RP,activity,2w,passenger_km_or_freight_tonne_km,road,passenger,ice,all,yearly,national,['estimated $ calculate_energy_and_activity()'],1,487620020250.00006,estimated $ calculate_energy_and_activity(),37032121500.0,single_datapoint,no_comment
11308,2014,15_RP,energy,2w,pj,road,passenger,ice,all,yearly,national,['estimated $ calculate_energy_and_activity()'],1,700.883683130183,estimated $ calculate_energy_and_activity(),53.228351243120315,single_datapoint,no_comment
11309,2014,15_RP,new_vehicle_efficiency,2w,km_per_pj,road,passenger,ice,all,yearly,national,['avg_eff_no_outliers $ transport_data_system_9th'],1,7669072338.574219,avg_eff_no_outliers $ transport_data_system_9th,589928641.428786,single_datapoint,no_comment
11310,2014,15_RP,travel_km,2w,km,road,passenger,ice,all,yearly,national,['estimated $ calculate_energy_and_activity()'],1,443290927500.0,estimated $ calculate_energy_and_activity(),33665565000.0,single_datapoint,no_comment
11311,2014,15_RP,turnover_rate,2w,%,road,passenger,ice,all,yearly,national,['manually_inputted_data $ guess'],1,0.39,manually_inputted_data $ guess,0.03,single_datapoint,no_comment
11312,2015,15_RP,activity,2w,passenger_km_or_freight_tonne_km,road,passenger,ice,all,yearly,national,['estimated $ calculate_energy_and_activity()'],1,487620020250.00006,estimated $ calculate_energy_and_activity(),40235769750.0,single_datapoint,no_comment
11313,2015,15_RP,energy,2w,pj,road,passenger,ice,all,yearly,national,['estimated $ calculate_energy_and_activity()'],1,700.883683130183,estimated $ calculate_energy_and_activity(),57.83313507410898,single_datapoint,no_comment
11314,2015,15_RP,new_vehicle_efficiency,2w,km_per_pj,road,passenger,ice,all,yearly,national,['avg_eff_no_outliers $ transport_data_system_9th'],1,7669072338.574219,avg_eff_no_outliers $ transport_data_system_9th,589928641.428786,single_datapoint,no_comment
11315,2015,15_RP,travel_km,2w,km,road,passenger,ice,all,yearly,national,['estimated $ calculate_energy_and_activity()'],1,443290927500.0,estimated $ calculate_energy_and_activity(),36577972500.0,single_datapoint,no_comment
11316,2015,15_RP,turnover_rate,2w,%,road,passenger,ice,all,yearly,national,['manually_inputted_data $ guess'],1,0.39,manually_inputted_data $ guess,0.03,single_datapoint,no_comment
11317,2016,15_RP,activity,2w,passenger_km_or_freight_tonne_km,road,passenger,ice,all,yearly,national,['estimated $ calculate_energy_and_activity()'],1,487620020250.00006,estimated $ calculate_energy_and_activity(),43970602500.0,single_datapoint,no_comment
11318,2016,15_RP,energy,2w,pj,road,passenger,ice,all,yearly,national,['estimated $ calculate_energy_and_activity()'],1,700.883683130183,estimated $ calculate_energy_and_activity(),63.20142026542077,single_datapoint,no_comment
11319,2016,15_RP,new_vehicle_efficiency,2w,km_per_pj,road,passenger,ice,all,yearly,national,['avg_eff_no_outliers $ transport_data_system_9th'],1,7669072338.574219,avg_eff_no_outliers $ transport_data_system_9th,589928641.428786,single_datapoint,no_comment
11320,2016,15_RP,travel_km,2w,km,road,passenger,ice,all,yearly,national,['estimated $ calculate_energy_and_activity()'],1,443290927500.0,estimated $ calculate_energy_and_activity(),39973275000.0,single_datapoint,no_comment
11321,2016,15_RP,turnover_rate,2w,%,road,passenger,ice,all,yearly,national,['manually_inputted_data $ guess'],1,0.39,manually_inputted_data $ guess,0.03,single_datapoint,no_comment
11322,2017,15_RP,activity,2w,passenger_km_or_freight_tonne_km,road,passenger,ice,all,yearly,national,['estimated $ calculate_energy_and_activity()'],1,487620020250.00006,estimated $ calculate_energy_and_activity(),50938346250.00001,single_datapoint,no_comment
11323,2017,15_RP,energy,2w,pj,road,passenger,ice,all,yearly,national,['estimated $ calculate_energy_and_activity()'],1,700.883683130183,estimated $ calculate_energy_and_activity(),73.21655028428984,single_datapoint,no_comment
11324,2017,15_RP,new_vehicle_efficiency,2w,km_per_pj,road,passenger,ice,all,yearly,national,['avg_eff_no_outliers $ transport_data_system_9th'],1,7669072338.574219,avg_eff_no_outliers $ transport_data_system_9th,589928641.428786,single_datapoint,no_comment
11325,2017,15_RP,travel_km,2w,km,road,passenger,ice,all,yearly,national,['estimated $ calculate_energy_and_activity()'],1,443290927500.0,estimated $ calculate_energy_and_activity(),46307587500.0,single_datapoint,no_comment
11326,2017,15_RP,turnover_rate,2w,%,road,passenger,ice,all,yearly,national,['manually_inputted_data $ guess'],1,0.39,manually_inputted_data $ guess,0.03,single_datapoint,no_comment
11327,2018,15_RP,activity,2w,passenger_km_or_freight_tonne_km,road,passenger,ice,all,yearly,national,['estimated $ calculate_energy_and_activity()'],1,487620020250.00006,estimated $ calculate_energy_and_activity(),59088587250.00001,single_datapoint,no_comment
11328,2018,15_RP,energy,2w,pj,road,passenger,ice,all,yearly,national,['estimated $ calculate_energy_and_activity()'],1,700.883683130183,estimated $ calculate_energy_and_activity(),84.93135011459607,single_datapoint,no_comment
11329,2018,15_RP,new_vehicle_efficiency,2w,km_per_pj,road,passenger,ice,all,yearly,national,['avg_eff_no_outliers $ transport_data_system_9th'],1,7669072338.574219,avg_eff_no_outliers $ transport_data_system_9th,589928641.428786,single_datapoint,no_comment
11330,2018,15_RP,travel_km,2w,km,road,passenger,ice,all,yearly,national,['estimated $ calculate_energy_and_activity()'],1,443290927500.0,estimated $ calculate_energy_and_activity(),53716897500.0,single_datapoint,no_comment
11331,2018,15_RP,turnover_rate,2w,%,road,passenger,ice,all,yearly,national,['manually_inputted_data $ guess'],1,0.39,manually_inputted_data $ guess,0.03,single_datapoint,no_comment
11332,2019,15_RP,activity,2w,passenger_km_or_freight_tonne_km,road,passenger,ice,all,yearly,national,['estimated $ calculate_energy_and_activity()'],1,487620020250.00006,estimated $ calculate_energy_and_activity(),66117166500.00001,single_datapoint,no_comment
11333,2019,15_RP,energy,2w,pj,road,passenger,ice,all,yearly,national,['estimated $ calculate_energy_and_activity()'],1,700.883683130183,estimated $ calculate_energy_and_activity(),95.03392241953699,single_datapoint,no_comment
11334,2019,15_RP,new_vehicle_efficiency,2w,km_per_pj,road,passenger,ice,all,yearly,national,['avg_eff_no_outliers $ transport_data_system_9th'],1,7669072338.574219,avg_eff_no_outliers $ transport_data_system_9th,589928641.428786,single_datapoint,no_comment
11335,2019,15_RP,travel_km,2w,km,road,passenger,ice,all,yearly,national,['estimated $ calculate_energy_and_activity()'],1,443290927500.0,estimated $ calculate_energy_and_activity(),60106515000.0,single_datapoint,no_comment
11336,2019,15_RP,turnover_rate,2w,%,road,passenger,ice,all,yearly,national,['manually_inputted_data $ guess'],1,0.39,manually_inputted_data $ guess,0.03,single_datapoint,no_comment
11337,2020,15_RP,activity,2w,passenger_km_or_freight_tonne_km,road,passenger,ice,all,yearly,national,['estimated $ calculate_energy_and_activity()'],1,487620020250.00006,estimated $ calculate_energy_and_activity(),60456957000.00001,single_datapoint,no_comment
11338,2020,15_RP,energy,2w,pj,road,passenger,ice,all,yearly,national,['estimated $ calculate_energy_and_activity()'],1,700.883683130183,estimated $ calculate_energy_and_activity(),86.89818492538218,single_datapoint,no_comment
11339,2020,15_RP,new_vehicle_efficiency,2w,km_per_pj,road,passenger,ice,all,yearly,national,['avg_eff_no_outliers $ transport_data_system_9th'],1,7669072338.574219,avg_eff_no_outliers $ transport_data_system_9th,589928641.428786,single_datapoint,no_comment
11340,2020,15_RP,travel_km,2w,km,road,passenger,ice,all,yearly,national,['estimated $ calculate_energy_and_activity()'],1,443290927500.0,estimated $ calculate_energy_and_activity(),54960870000.0,single_datapoint,no_comment
11341,2020,15_RP,turnover_rate,2w,%,road,passenger,ice,all,yearly,national,['manually_inputted_data $ guess'],1,0.39,manually_inputted_data $ guess,0.03,single_datapoint,no_comment
11342,2021,15_RP,new_vehicle_efficiency,2w,km_per_pj,road,passenger,ice,all,yearly,national,['avg_eff_no_outliers $ transport_data_system_9th'],1,7669072338.574219,avg_eff_no_outliers $ transport_data_system_9th,589928641.428786,single_datapoint,no_comment
11343,2021,15_RP,turnover_rate,2w,%,road,passenger,ice,all,yearly,national,['manually_inputted_data $ guess'],1,0.39,manually_inputted_data $ guess,0.03,single_datapoint,no_comment
11344,2022,15_RP,new_vehicle_efficiency,2w,km_per_pj,road,passenger,ice,all,yearly,national,['avg_eff_no_outliers $ transport_data_system_9th'],1,7669072338.574219,avg_eff_no_outliers $ transport_data_system_9th,589928641.428786,single_datapoint,no_comment
11345,2022,15_RP,turnover_rate,2w,%,road,passenger,ice,all,yearly,national,['manually_inputted_data $ guess'],1,0.39,manually_inputted_data $ guess,0.03,single_datapoint,no_comment
11346,2010,15_RP,intensity,all,pj_per_passenger_or_freight_tonne_km,air,freight,all,all,yearly,national,['manually_inputted_data $ energy-intensity-of-passenger-transport-modes-2018'],1,4.0300000000000004e-08,manually_inputted_data $ energy-intensity-of-passenger-transport-modes-2018,3.1e-09,single_datapoint,assumed_to_be_same_as_passenger_air_because_of_lack_of_data
11347,2010,15_RP,intensity,all,pj_per_passenger_or_freight_tonne_km,rail,freight,all,all,yearly,national,['manually_inputted_data $ iea_howtocalculatetheindicatorsforthetransportsectors.pdf'],1,2.86e-09,manually_inputted_data $ iea_howtocalculatetheindicatorsforthetransportsectors.pdf,2.2e-10,single_datapoint,from_how_to_calculate_the_indicators_for_the_transport_sector
11348,2010,15_RP,intensity,all,pj_per_passenger_or_freight_tonne_km,ship,freight,all,all,yearly,national,['manually_inputted_data $ iea_howtocalculatetheindicatorsforthetransportsectors.pdf'],1,7.02e-09,manually_inputted_data $ iea_howtocalculatetheindicatorsforthetransportsectors.pdf,5.4e-10,single_datapoint,from_how_to_calculate_the_indicators_for_the_transport_sector
11349,2010,15_RP,intensity,all,pj_per_passenger_or_freight_tonne_km,air,passenger,all,all,yearly,national,['manually_inputted_data $ energy-intensity-of-passenger-transport-modes-2018'],1,4.0300000000000004e-08,manually_inputted_data $ energy-intensity-of-passenger-transport-modes-2018,3.1e-09,single_datapoint,no_comment
11350,2010,15_RP,intensity,all,pj_per_passenger_or_freight_tonne_km,rail,passenger,all,all,yearly,national,['manually_inputted_data $ energy-intensity-of-passenger-transport-modes-2018'],1,2.6e-09,manually_inputted_data $ energy-intensity-of-passenger-transport-modes-2018,2e-10,single_datapoint,no_comment
11351,2010,15_RP,intensity,all,pj_per_passenger_or_freight_tonne_km,ship,passenger,all,all,yearly,national,['manually_inputted_data $ iea_howtocalculatetheindicatorsforthetransportsectors.pdf'],1,7.02e-09,manually_inputted_data $ iea_howtocalculatetheindicatorsforthetransportsectors.pdf,5.4e-10,single_datapoint,assumed_to_be_the_same_as_ship_freight_from_iea_how_to
11352,2011,15_RP,intensity,all,pj_per_passenger_or_freight_tonne_km,air,freight,all,all,yearly,national,['manually_inputted_data $ energy-intensity-of-passenger-transport-modes-2018'],1,4.0300000000000004e-08,manually_inputted_data $ energy-intensity-of-passenger-transport-modes-2018,3.1e-09,single_datapoint,assumed_to_be_same_as_passenger_air_because_of_lack_of_data
11353,2011,15_RP,intensity,all,pj_per_passenger_or_freight_tonne_km,rail,freight,all,all,yearly,national,['manually_inputted_data $ iea_howtocalculatetheindicatorsforthetransportsectors.pdf'],1,2.86e-09,manually_inputted_data $ iea_howtocalculatetheindicatorsforthetransportsectors.pdf,2.2e-10,single_datapoint,from_how_to_calculate_the_indicators_for_the_transport_sector
11354,2011,15_RP,intensity,all,pj_per_passenger_or_freight_tonne_km,ship,freight,all,all,yearly,national,['manually_inputted_data $ iea_howtocalculatetheindicatorsforthetransportsectors.pdf'],1,7.02e-09,manually_inputted_data $ iea_howtocalculatetheindicatorsforthetransportsectors.pdf,5.4e-10,single_datapoint,from_how_to_calculate_the_indicators_for_the_transport_sector
11355,2011,15_RP,intensity,all,pj_per_passenger_or_freight_tonne_km,air,passenger,all,all,yearly,national,['manually_inputted_data $ energy-intensity-of-passenger-transport-modes-2018'],1,4.0300000000000004e-08,manually_inputted_data $ energy-intensity-of-passenger-transport-modes-2018,3.1e-09,single_datapoint,no_comment
11356,2011,15_RP,intensity,all,pj_per_passenger_or_freight_tonne_km,rail,passenger,all,all,yearly,national,['manually_inputted_data $ energy-intensity-of-passenger-transport-modes-2018'],1,2.6e-09,manually_inputted_data $ energy-intensity-of-passenger-transport-modes-2018,2e-10,single_datapoint,no_comment
11357,2011,15_RP,intensity,all,pj_per_passenger_or_freight_tonne_km,ship,passenger,all,all,yearly,national,['manually_inputted_data $ iea_howtocalculatetheindicatorsforthetransportsectors.pdf'],1,7.02e-09,manually_inputted_data $ iea_howtocalculatetheindicatorsforthetransportsectors.pdf,5.4e-10,single_datapoint,assumed_to_be_the_same_as_ship_freight_from_iea_how_to
11358,2012,15_RP,intensity,all,pj_per_passenger_or_freight_tonne_km,air,freight,all,all,yearly,national,['manually_inputted_data $ energy-intensity-of-passenger-transport-modes-2018'],1,4.0300000000000004e-08,manually_inputted_data $ energy-intensity-of-passenger-transport-modes-2018,3.1e-09,single_datapoint,assumed_to_be_same_as_passenger_air_because_of_lack_of_data
11359,2012,15_RP,intensity,all,pj_per_passenger_or_freight_tonne_km,rail,freight,all,all,yearly,national,['manually_inputted_data $ iea_howtocalculatetheindicatorsforthetransportsectors.pdf'],1,2.86e-09,manually_inputted_data $ iea_howtocalculatetheindicatorsforthetransportsectors.pdf,2.2e-10,single_datapoint,from_how_to_calculate_the_indicators_for_the_transport_sector
11360,2012,15_RP,intensity,all,pj_per_passenger_or_freight_tonne_km,ship,freight,all,all,yearly,national,['manually_inputted_data $ iea_howtocalculatetheindicatorsforthetransportsectors.pdf'],1,7.02e-09,manually_inputted_data $ iea_howtocalculatetheindicatorsforthetransportsectors.pdf,5.4e-10,single_datapoint,from_how_to_calculate_the_indicators_for_the_transport_sector
11361,2012,15_RP,intensity,all,pj_per_passenger_or_freight_tonne_km,air,passenger,all,all,yearly,national,['manually_inputted_data $ energy-intensity-of-passenger-transport-modes-2018'],1,4.0300000000000004e-08,manually_inputted_data $ energy-intensity-of-passenger-transport-modes-2018,3.1e-09,single_datapoint,no_comment
11362,2012,15_RP,intensity,all,pj_per_passenger_or_freight_tonne_km,rail,passenger,all,all,yearly,national,['manually_inputted_data $ energy-intensity-of-passenger-transport-modes-2018'],1,2.6e-09,manually_inputted_data $ energy-intensity-of-passenger-transport-modes-2018,2e-10,single_datapoint,no_comment
11363,2012,15_RP,intensity,all,pj_per_passenger_or_freight_tonne_km,ship,passenger,all,all,yearly,national,['manually_inputted_data $ iea_howtocalculatetheindicatorsforthetransportsectors.pdf'],1,7.02e-09,manually_inputted_data $ iea_howtocalculatetheindicatorsforthetransportsectors.pdf,5.4e-10,single_datapoint,assumed_to_be_the_same_as_ship_freight_from_iea_how_to
11364,2013,15_RP,intensity,all,pj_per_passenger_or_freight_tonne_km,air,freight,all,all,yearly,national,['manually_inputted_data $ energy-intensity-of-passenger-transport-modes-2018'],1,4.0300000000000004e-08,manually_inputted_data $ energy-intensity-of-passenger-transport-modes-2018,3.1e-09,single_datapoint,assumed_to_be_same_as_passenger_air_because_of_lack_of_data
11365,2013,15_RP,intensity,all,pj_per_passenger_or_freight_tonne_km,rail,freight,all,all,yearly,national,['manually_inputted_data $ iea_howtocalculatetheindicatorsforthetransportsectors.pdf'],1,2.86e-09,manually_inputted_data $ iea_howtocalculatetheindicatorsforthetransportsectors.pdf,2.2e-10,single_datapoint,from_how_to_calculate_the_indicators_for_the_transport_sector
11366,2013,15_RP,intensity,all,pj_per_passenger_or_freight_tonne_km,ship,freight,all,all,yearly,national,['manually_inputted_data $ iea_howtocalculatetheindicatorsforthetransportsectors.pdf'],1,7.02e-09,manually_inputted_data $ iea_howtocalculatetheindicatorsforthetransportsectors.pdf,5.4e-10,single_datapoint,from_how_to_calculate_the_indicators_for_the_transport_sector
11367,2013,15_RP,intensity,all,pj_per_passenger_or_freight_tonne_km,air,passenger,all,all,yearly,national,['manually_inputted_data $ energy-intensity-of-passenger-transport-modes-2018'],1,4.0300000000000004e-08,manually_inputted_data $ energy-intensity-of-passenger-transport-modes-2018,3.1e-09,single_datapoint,no_comment
11368,2013,15_RP,intensity,all,pj_per_passenger_or_freight_tonne_km,rail,passenger,all,all,yearly,national,['manually_inputted_data $ energy-intensity-of-passenger-transport-modes-2018'],1,2.6e-09,manually_inputted_data $ energy-intensity-of-passenger-transport-modes-2018,2e-10,single_datapoint,no_comment
11369,2013,15_RP,intensity,all,pj_per_passenger_or_freight_tonne_km,ship,passenger,all,all,yearly,national,['manually_inputted_data $ iea_howtocalculatetheindicatorsforthetransportsectors.pdf'],1,7.02e-09,manually_inputted_data $ iea_howtocalculatetheindicatorsforthetransportsectors.pdf,5.4e-10,single_datapoint,assumed_to_be_the_same_as_ship_freight_from_iea_how_to
11370,2014,15_RP,intensity,all,pj_per_passenger_or_freight_tonne_km,air,freight,all,all,yearly,national,['manually_inputted_data $ energy-intensity-of-passenger-transport-modes-2018'],1,4.0300000000000004e-08,manually_inputted_data $ energy-intensity-of-passenger-transport-modes-2018,3.1e-09,single_datapoint,assumed_to_be_same_as_passenger_air_because_of_lack_of_data
11371,2014,15_RP,intensity,all,pj_per_passenger_or_freight_tonne_km,rail,freight,all,all,yearly,national,['manually_inputted_data $ iea_howtocalculatetheindicatorsforthetransportsectors.pdf'],1,2.86e-09,manually_inputted_data $ iea_howtocalculatetheindicatorsforthetransportsectors.pdf,2.2e-10,single_datapoint,from_how_to_calculate_the_indicators_for_the_transport_sector
11372,2014,15_RP,intensity,all,pj_per_passenger_or_freight_tonne_km,ship,freight,all,all,yearly,national,['manually_inputted_data $ iea_howtocalculatetheindicatorsforthetransportsectors.pdf'],1,7.02e-09,manually_inputted_data $ iea_howtocalculatetheindicatorsforthetransportsectors.pdf,5.4e-10,single_datapoint,from_how_to_calculate_the_indicators_for_the_transport_sector
11373,2014,15_RP,intensity,all,pj_per_passenger_or_freight_tonne_km,air,passenger,all,all,yearly,national,['manually_inputted_data $ energy-intensity-of-passenger-transport-modes-2018'],1,4.0300000000000004e-08,manually_inputted_data $ energy-intensity-of-passenger-transport-modes-2018,3.1e-09,single_datapoint,no_comment
11374,2014,15_RP,intensity,all,pj_per_passenger_or_freight_tonne_km,rail,passenger,all,all,yearly,national,['manually_inputted_data $ energy-intensity-of-passenger-transport-modes-2018'],1,2.6e-09,manually_inputted_data $ energy-intensity-of-passenger-transport-modes-2018,2e-10,single_datapoint,no_comment
11375,2014,15_RP,intensity,all,pj_per_passenger_or_freight_tonne_km,ship,passenger,all,all,yearly,national,['manually_inputted_data $ iea_howtocalculatetheindicatorsforthetransportsectors.pdf'],1,7.02e-09,manually_inputted_data $ iea_howtocalculatetheindicatorsforthetransportsectors.pdf,5.4e-10,single_datapoint,assumed_to_be_the_same_as_ship_freight_from_iea_how_to
11376,2015,15_RP,intensity,all,pj_per_passenger_or_freight_tonne_km,air,freight,all,all,yearly,national,['manually_inputted_data $ energy-intensity-of-passenger-transport-modes-2018'],1,4.0300000000000004e-08,manually_inputted_data $ energy-intensity-of-passenger-transport-modes-2018,3.1e-09,single_datapoint,assumed_to_be_same_as_passenger_air_because_of_lack_of_data
11377,2015,15_RP,intensity,all,pj_per_passenger_or_freight_tonne_km,rail,freight,all,all,yearly,national,['manually_inputted_data $ iea_howtocalculatetheindicatorsforthetransportsectors.pdf'],1,2.86e-09,manually_inputted_data $ iea_howtocalculatetheindicatorsforthetransportsectors.pdf,2.2e-10,single_datapoint,from_how_to_calculate_the_indicators_for_the_transport_sector
11378,2015,15_RP,intensity,all,pj_per_passenger_or_freight_tonne_km,ship,freight,all,all,yearly,national,['manually_inputted_data $ iea_howtocalculatetheindicatorsforthetransportsectors.pdf'],1,7.02e-09,manually_inputted_data $ iea_howtocalculatetheindicatorsforthetransportsectors.pdf,5.4e-10,single_datapoint,from_how_to_calculate_the_indicators_for_the_transport_sector
11379,2015,15_RP,intensity,all,pj_per_passenger_or_freight_tonne_km,air,passenger,all,all,yearly,national,['manually_inputted_data $ energy-intensity-of-passenger-transport-modes-2018'],1,4.0300000000000004e-08,manually_inputted_data $ energy-intensity-of-passenger-transport-modes-2018,3.1e-09,single_datapoint,no_comment
11380,2015,15_RP,intensity,all,pj_per_passenger_or_freight_tonne_km,rail,passenger,all,all,yearly,national,['manually_inputted_data $ energy-intensity-of-passenger-transport-modes-2018'],1,2.6e-09,manually_inputted_data $ energy-intensity-of-passenger-transport-modes-2018,2e-10,single_datapoint,no_comment
11381,2015,15_RP,intensity,all,pj_per_passenger_or_freight_tonne_km,ship,passenger,all,all,yearly,national,['manually_inputted_data $ iea_howtocalculatetheindicatorsforthetransportsectors.pdf'],1,7.02e-09,manually_inputted_data $ iea_howtocalculatetheindicatorsforthetransportsectors.pdf,5.4e-10,single_datapoint,assumed_to_be_the_same_as_ship_freight_from_iea_how_to
11382,2016,15_RP,intensity,all,pj_per_passenger_or_freight_tonne_km,air,freight,all,all,yearly,national,['manually_inputted_data $ energy-intensity-of-passenger-transport-modes-2018'],1,4.0300000000000004e-08,manually_inputted_data $ energy-intensity-of-passenger-transport-modes-2018,3.1e-09,single_datapoint,assumed_to_be_same_as_passenger_air_because_of_lack_of_data
11383,2016,15_RP,intensity,all,pj_per_passenger_or_freight_tonne_km,rail,freight,all,all,yearly,national,['manually_inputted_data $ iea_howtocalculatetheindicatorsforthetransportsectors.pdf'],1,2.86e-09,manually_inputted_data $ iea_howtocalculatetheindicatorsforthetransportsectors.pdf,2.2e-10,single_datapoint,from_how_to_calculate_the_indicators_for_the_transport_sector
11384,2016,15_RP,intensity,all,pj_per_passenger_or_freight_tonne_km,ship,freight,all,all,yearly,national,['manually_inputted_data $ iea_howtocalculatetheindicatorsforthetransportsectors.pdf'],1,7.02e-09,manually_inputted_data $ iea_howtocalculatetheindicatorsforthetransportsectors.pdf,5.4e-10,single_datapoint,from_how_to_calculate_the_indicators_for_the_transport_sector
11385,2016,15_RP,intensity,all,pj_per_passenger_or_freight_tonne_km,air,passenger,all,all,yearly,national,['manually_inputted_data $ energy-intensity-of-passenger-transport-modes-2018'],1,4.0300000000000004e-08,manually_inputted_data $ energy-intensity-of-passenger-transport-modes-2018,3.1e-09,single_datapoint,no_comment
11386,2016,15_RP,intensity,all,pj_per_passenger_or_freight_tonne_km,rail,passenger,all,all,yearly,national,['manually_inputted_data $ energy-intensity-of-passenger-transport-modes-2018'],1,2.6e-09,manually_inputted_data $ energy-intensity-of-passenger-transport-modes-2018,2e-10,single_datapoint,no_comment
11387,2016,15_RP,intensity,all,pj_per_passenger_or_freight_tonne_km,ship,passenger,all,all,yearly,national,['manually_inputted_data $ iea_howtocalculatetheindicatorsforthetransportsectors.pdf'],1,7.02e-09,manually_inputted_data $ iea_howtocalculatetheindicatorsforthetransportsectors.pdf,5.4e-10,single_datapoint,assumed_to_be_the_same_as_ship_freight_from_iea_how_to
11388,2017,15_RP,intensity,all,pj_per_passenger_or_freight_tonne_km,air,freight,all,all,yearly,national,['manually_inputted_data $ energy-intensity-of-passenger-transport-modes-2018'],1,4.0300000000000004e-08,manually_inputted_data $ energy-intensity-of-passenger-transport-modes-2018,3.1e-09,single_datapoint,assumed_to_be_same_as_passenger_air_because_of_lack_of_data
11389,2017,15_RP,intensity,all,pj_per_passenger_or_freight_tonne_km,rail,freight,all,all,yearly,national,['manually_inputted_data $ iea_howtocalculatetheindicatorsforthetransportsectors.pdf'],1,2.86e-09,manually_inputted_data $ iea_howtocalculatetheindicatorsforthetransportsectors.pdf,2.2e-10,single_datapoint,from_how_to_calculate_the_indicators_for_the_transport_sector
11390,2017,15_RP,intensity,all,pj_per_passenger_or_freight_tonne_km,ship,freight,all,all,yearly,national,['manually_inputted_data $ iea_howtocalculatetheindicatorsforthetransportsectors.pdf'],1,7.02e-09,manually_inputted_data $ iea_howtocalculatetheindicatorsforthetransportsectors.pdf,5.4e-10,single_datapoint,from_how_to_calculate_the_indicators_for_the_transport_sector
11391,2017,15_RP,intensity,all,pj_per_passenger_or_freight_tonne_km,air,passenger,all,all,yearly,national,['manually_inputted_data $ energy-intensity-of-passenger-transport-modes-2018'],1,4.0300000000000004e-08,manually_inputted_data $ energy-intensity-of-passenger-transport-modes-2018,3.1e-09,single_datapoint,no_comment
11392,2017,15_RP,intensity,all,pj_per_passenger_or_freight_tonne_km,rail,passenger,all,all,yearly,national,['manually_inputted_data $ energy-intensity-of-passenger-transport-modes-2018'],1,2.6e-09,manually_inputted_data $ energy-intensity-of-passenger-transport-modes-2018,2e-10,single_datapoint,no_comment
11393,2017,15_RP,intensity,all,pj_per_passenger_or_freight_tonne_km,ship,passenger,all,all,yearly,national,['manually_inputted_data $ iea_howtocalculatetheindicatorsforthetransportsectors.pdf'],1,7.02e-09,manually_inputted_data $ iea_howtocalculatetheindicatorsforthetransportsectors.pdf,5.4e-10,single_datapoint,assumed_to_be_the_same_as_ship_freight_from_iea_how_to
11394,2018,15_RP,intensity,all,pj_per_passenger_or_freight_tonne_km,air,freight,all,all,yearly,national,['manually_inputted_data $ energy-intensity-of-passenger-transport-modes-2018'],1,4.0300000000000004e-08,manually_inputted_data $ energy-intensity-of-passenger-transport-modes-2018,3.1e-09,single_datapoint,assumed_to_be_same_as_passenger_air_because_of_lack_of_data
11395,2018,15_RP,intensity,all,pj_per_passenger_or_freight_tonne_km,rail,freight,all,all,yearly,national,['manually_inputted_data $ iea_howtocalculatetheindicatorsforthetransportsectors.pdf'],1,2.86e-09,manually_inputted_data $ iea_howtocalculatetheindicatorsforthetransportsectors.pdf,2.2e-10,single_datapoint,from_how_to_calculate_the_indicators_for_the_transport_sector
11396,2018,15_RP,intensity,all,pj_per_passenger_or_freight_tonne_km,ship,freight,all,all,yearly,national,['manually_inputted_data $ iea_howtocalculatetheindicatorsforthetransportsectors.pdf'],1,7.02e-09,manually_inputted_data $ iea_howtocalculatetheindicatorsforthetransportsectors.pdf,5.4e-10,single_datapoint,from_how_to_calculate_the_indicators_for_the_transport_sector
11397,2018,15_RP,intensity,all,pj_per_passenger_or_freight_tonne_km,air,passenger,all,all,yearly,national,['manually_inputted_data $ energy-intensity-of-passenger-transport-modes-2018'],1,4.0300000000000004e-08,manually_inputted_data $ energy-intensity-of-passenger-transport-modes-2018,3.1e-09,single_datapoint,no_comment
11398,2018,15_RP,intensity,all,pj_per_passenger_or_freight_tonne_km,rail,passenger,all,all,yearly,national,['manually_inputted_data $ energy-intensity-of-passenger-transport-modes-2018'],1,2.6e-09,manually_inputted_data $ energy-intensity-of-passenger-transport-modes-2018,2e-10,single_datapoint,no_comment
11399,2018,15_RP,intensity,all,pj_per_passenger_or_freight_tonne_km,ship,passenger,all,all,yearly,national,['manually_inputted_data $ iea_howtocalculatetheindicatorsforthetransportsectors.pdf'],1,7.02e-09,manually_inputted_data $ iea_howtocalculatetheindicatorsforthetransportsectors.pdf,5.4e-10,single_datapoint,assumed_to_be_the_same_as_ship_freight_from_iea_how_to
11400,2019,15_RP,intensity,all,pj_per_passenger_or_freight_tonne_km,air,freight,all,all,yearly,national,['manually_inputted_data $ energy-intensity-of-passenger-transport-modes-2018'],1,4.0300000000000004e-08,manually_inputted_data $ energy-intensity-of-passenger-transport-modes-2018,3.1e-09,single_datapoint,assumed_to_be_same_as_passenger_air_because_of_lack_of_data
11401,2019,15_RP,intensity,all,pj_per_passenger_or_freight_tonne_km,rail,freight,all,all,yearly,national,['manually_inputted_data $ iea_howtocalculatetheindicatorsforthetransportsectors.pdf'],1,2.86e-09,manually_inputted_data $ iea_howtocalculatetheindicatorsforthetransportsectors.pdf,2.2e-10,single_datapoint,from_how_to_calculate_the_indicators_for_the_transport_sector
11402,2019,15_RP,intensity,all,pj_per_passenger_or_freight_tonne_km,ship,freight,all,all,yearly,national,['manually_inputted_data $ iea_howtocalculatetheindicatorsforthetransportsectors.pdf'],1,7.02e-09,manually_inputted_data $ iea_howtocalculatetheindicatorsforthetransportsectors.pdf,5.4e-10,single_datapoint,from_how_to_calculate_the_indicators_for_the_transport_sector
11403,2019,15_RP,intensity,all,pj_per_passenger_or_freight_tonne_km,air,passenger,all,all,yearly,national,['manually_inputted_data $ energy-intensity-of-passenger-transport-modes-2018'],1,4.0300000000000004e-08,manually_inputted_data $ energy-intensity-of-passenger-transport-modes-2018,3.1e-09,single_datapoint,no_comment
11404,2019,15_RP,intensity,all,pj_per_passenger_or_freight_tonne_km,rail,passenger,all,all,yearly,national,['manually_inputted_data $ energy-intensity-of-passenger-transport-modes-2018'],1,2.6e-09,manually_inputted_data $ energy-intensity-of-passenger-transport-modes-2018,2e-10,single_datapoint,no_comment
11405,2019,15_RP,intensity,all,pj_per_passenger_or_freight_tonne_km,ship,passenger,all,all,yearly,national,['manually_inputted_data $ iea_howtocalculatetheindicatorsforthetransportsectors.pdf'],1,7.02e-09,manually_inputted_data $ iea_howtocalculatetheindicatorsforthetransportsectors.pdf,5.4e-10,single_datapoint,assumed_to_be_the_same_as_ship_freight_from_iea_how_to
11406,2020,15_RP,intensity,all,pj_per_passenger_or_freight_tonne_km,air,freight,all,all,yearly,national,['manually_inputted_data $ energy-intensity-of-passenger-transport-modes-2018'],1,4.0300000000000004e-08,manually_inputted_data $ energy-intensity-of-passenger-transport-modes-2018,3.1e-09,single_datapoint,assumed_to_be_same_as_passenger_air_because_of_lack_of_data
11407,2020,15_RP,intensity,all,pj_per_passenger_or_freight_tonne_km,rail,freight,all,all,yearly,national,['manually_inputted_data $ iea_howtocalculatetheindicatorsforthetransportsectors.pdf'],1,2.86e-09,manually_inputted_data $ iea_howtocalculatetheindicatorsforthetransportsectors.pdf,2.2e-10,single_datapoint,from_how_to_calculate_the_indicators_for_the_transport_sector
11408,2020,15_RP,intensity,all,pj_per_passenger_or_freight_tonne_km,ship,freight,all,all,yearly,national,['manually_inputted_data $ iea_howtocalculatetheindicatorsforthetransportsectors.pdf'],1,7.02e-09,manually_inputted_data $ iea_howtocalculatetheindicatorsforthetransportsectors.pdf,5.4e-10,single_datapoint,from_how_to_calculate_the_indicators_for_the_transport_sector
11409,2020,15_RP,intensity,all,pj_per_passenger_or_freight_tonne_km,air,passenger,all,all,yearly,national,['manually_inputted_data $ energy-intensity-of-passenger-transport-modes-2018'],1,4.0300000000000004e-08,manually_inputted_data $ energy-intensity-of-passenger-transport-modes-2018,3.1e-09,single_datapoint,no_comment
11410,2020,15_RP,intensity,all,pj_per_passenger_or_freight_tonne_km,rail,passenger,all,all,yearly,national,['manually_inputted_data $ energy-intensity-of-passenger-transport-modes-2018'],1,2.6e-09,manually_inputted_data $ energy-intensity-of-passenger-transport-modes-2018,2e-10,single_datapoint,no_comment
11411,2020,15_RP,intensity,all,pj_per_passenger_or_freight_tonne_km,ship,passenger,all,all,yearly,national,['manually_inputted_data $ iea_howtocalculatetheindicatorsforthetransportsectors.pdf'],1,7.02e-09,manually_inputted_data $ iea_howtocalculatetheindicatorsforthetransportsectors.pdf,5.4e-10,single_datapoint,assumed_to_be_the_same_as_ship_freight_from_iea_how_to
11412,2021,15_RP,intensity,all,pj_per_passenger_or_freight_tonne_km,air,freight,all,all,yearly,national,['manually_inputted_data $ energy-intensity-of-passenger-transport-modes-2018'],1,4.0300000000000004e-08,manually_inputted_data $ energy-intensity-of-passenger-transport-modes-2018,3.1e-09,single_datapoint,assumed_to_be_same_as_passenger_air_because_of_lack_of_data
11413,2021,15_RP,intensity,all,pj_per_passenger_or_freight_tonne_km,rail,freight,all,all,yearly,national,['manually_inputted_data $ iea_howtocalculatetheindicatorsforthetransportsectors.pdf'],1,2.86e-09,manually_inputted_data $ iea_howtocalculatetheindicatorsforthetransportsectors.pdf,2.2e-10,single_datapoint,from_how_to_calculate_the_indicators_for_the_transport_sector
11414,2021,15_RP,intensity,all,pj_per_passenger_or_freight_tonne_km,ship,freight,all,all,yearly,national,['manually_inputted_data $ iea_howtocalculatetheindicatorsforthetransportsectors.pdf'],1,7.02e-09,manually_inputted_data $ iea_howtocalculatetheindicatorsforthetransportsectors.pdf,5.4e-10,single_datapoint,from_how_to_calculate_the_indicators_for_the_transport_sector
11415,2021,15_RP,intensity,all,pj_per_passenger_or_freight_tonne_km,air,passenger,all,all,yearly,national,['manually_inputted_data $ energy-intensity-of-passenger-transport-modes-2018'],1,4.0300000000000004e-08,manually_inputted_data $ energy-intensity-of-passenger-transport-modes-2018,3.1e-09,single_datapoint,no_comment
11416,2021,15_RP,intensity,all,pj_per_passenger_or_freight_tonne_km,rail,passenger,all,all,yearly,national,['manually_inputted_data $ energy-intensity-of-passenger-transport-modes-2018'],1,2.6e-09,manually_inputted_data $ energy-intensity-of-passenger-transport-modes-2018,2e-10,single_datapoint,no_comment
11417,2021,15_RP,intensity,all,pj_per_passenger_or_freight_tonne_km,ship,passenger,all,all,yearly,national,['manually_inputted_data $ iea_howtocalculatetheindicatorsforthetransportsectors.pdf'],1,7.02e-09,manually_inputted_data $ iea_howtocalculatetheindicatorsforthetransportsectors.pdf,5.4e-10,single_datapoint,assumed_to_be_the_same_as_ship_freight_from_iea_how_to
11418,2022,15_RP,intensity,all,pj_per_passenger_or_freight_tonne_km,air,freight,all,all,yearly,national,['manually_inputted_data $ energy-intensity-of-passenger-transport-modes-2018'],1,4.0300000000000004e-08,manually_inputted_data $ energy-intensity-of-passenger-transport-modes-2018,3.1e-09,single_datapoint,assumed_to_be_same_as_passenger_air_because_of_lack_of_data
11419,2022,15_RP,intensity,all,pj_per_passenger_or_freight_tonne_km,rail,freight,all,all,yearly,national,['manually_inputted_data $ iea_howtocalculatetheindicatorsforthetransportsectors.pdf'],1,2.86e-09,manually_inputted_data $ iea_howtocalculatetheindicatorsforthetransportsectors.pdf,2.2e-10,single_datapoint,from_how_to_calculate_the_indicators_for_the_transport_sector
11420,2022,15_RP,intensity,all,pj_per_passenger_or_freight_tonne_km,ship,freight,all,all,yearly,national,['manually_inputted_data $ iea_howtocalculatetheindicatorsforthetransportsectors.pdf'],1,7.02e-09,manually_inputted_data $ iea_howtocalculatetheindicatorsforthetransportsectors.pdf,5.4e-10,single_datapoint,from_how_to_calculate_the_indicators_for_the_transport_sector
11421,2022,15_RP,intensity,all,pj_per_passenger_or_freight_tonne_km,air,passenger,all,all,yearly,national,['manually_inputted_data $ energy-intensity-of-passenger-transport-modes-2018'],1,4.0300000000000004e-08,manually_inputted_data $ energy-intensity-of-passenger-transport-modes-2018,3.1e-09,single_datapoint,no_comment
11422,2022,15_RP,intensity,all,pj_per_passenger_or_freight_tonne_km,rail,passenger,all,all,yearly,national,['manually_inputted_data $ energy-intensity-of-passenger-transport-modes-2018'],1,2.6e-09,manually_inputted_data $ energy-intensity-of-passenger-transport-modes-2018,2e-10,single_datapoint,no_comment
11423,2022,15_RP,intensity,all,pj_per_passenger_or_freight_tonne_km,ship,passenger,all,all,yearly,national,['manually_inputted_data $ iea_howtocalculatetheindicatorsforthetransportsectors.pdf'],1,7.02e-09,manually_inputted_data $ iea_howtocalculatetheindicatorsforthetransportsectors.pdf,5.4e-10,single_datapoint,assumed_to_be_the_same_as_ship_freight_from_iea_how_to
11424,2010,15_RP,new_vehicle_efficiency,bus,km_per_pj,road,passenger,bev,all,yearly,national,['avg_eff_no_outliers $ transport_data_system_9th'],1,1058314235.1561403,avg_eff_no_outliers $ transport_data_system_9th,81408787.3197031,single_datapoint,no_comment
11425,2010,15_RP,turnover_rate,bus,%,road,passenger,bev,all,yearly,national,['manually_inputted_data $ guess'],1,0.42,manually_inputted_data $ guess,0.03,manual,no_comment
11426,2011,15_RP,new_vehicle_efficiency,bus,km_per_pj,road,passenger,bev,all,yearly,national,['avg_eff_no_outliers $ transport_data_system_9th'],1,1058314235.1561403,avg_eff_no_outliers $ transport_data_system_9th,81408787.3197031,single_datapoint,no_comment
11427,2011,15_RP,turnover_rate,bus,%,road,passenger,bev,all,yearly,national,['manually_inputted_data $ guess'],1,0.42,manually_inputted_data $ guess,0.03,manual,no_comment
11428,2012,15_RP,new_vehicle_efficiency,bus,km_per_pj,road,passenger,bev,all,yearly,national,['avg_eff_no_outliers $ transport_data_system_9th'],1,1058314235.1561403,avg_eff_no_outliers $ transport_data_system_9th,81408787.3197031,single_datapoint,no_comment
11429,2012,15_RP,turnover_rate,bus,%,road,passenger,bev,all,yearly,national,['manually_inputted_data $ guess'],1,0.42,manually_inputted_data $ guess,0.03,manual,no_comment
11430,2013,15_RP,new_vehicle_efficiency,bus,km_per_pj,road,passenger,bev,all,yearly,national,['avg_eff_no_outliers $ transport_data_system_9th'],1,1058314235.1561403,avg_eff_no_outliers $ transport_data_system_9th,81408787.3197031,single_datapoint,no_comment
11431,2013,15_RP,turnover_rate,bus,%,road,passenger,bev,all,yearly,national,['manually_inputted_data $ guess'],1,0.42,manually_inputted_data $ guess,0.03,manual,no_comment
11432,2014,15_RP,new_vehicle_efficiency,bus,km_per_pj,road,passenger,bev,all,yearly,national,['avg_eff_no_outliers $ transport_data_system_9th'],1,1058314235.1561403,avg_eff_no_outliers $ transport_data_system_9th,81408787.3197031,single_datapoint,no_comment
11433,2014,15_RP,turnover_rate,bus,%,road,passenger,bev,all,yearly,national,['manually_inputted_data $ guess'],1,0.42,manually_inputted_data $ guess,0.03,manual,no_comment
11434,2015,15_RP,new_vehicle_efficiency,bus,km_per_pj,road,passenger,bev,all,yearly,national,['avg_eff_no_outliers $ transport_data_system_9th'],1,1058314235.1561403,avg_eff_no_outliers $ transport_data_system_9th,81408787.3197031,single_datapoint,no_comment
11435,2015,15_RP,turnover_rate,bus,%,road,passenger,bev,all,yearly,national,['manually_inputted_data $ guess'],1,0.42,manually_inputted_data $ guess,0.03,manual,no_comment
11436,2016,15_RP,new_vehicle_efficiency,bus,km_per_pj,road,passenger,bev,all,yearly,national,['avg_eff_no_outliers $ transport_data_system_9th'],1,1058314235.1561403,avg_eff_no_outliers $ transport_data_system_9th,81408787.3197031,single_datapoint,no_comment
11437,2016,15_RP,turnover_rate,bus,%,road,passenger,bev,all,yearly,national,['manually_inputted_data $ guess'],1,0.42,manually_inputted_data $ guess,0.03,manual,no_comment
11438,2017,15_RP,new_vehicle_efficiency,bus,km_per_pj,road,passenger,bev,all,yearly,national,['avg_eff_no_outliers $ transport_data_system_9th'],1,1058314235.1561403,avg_eff_no_outliers $ transport_data_system_9th,81408787.3197031,single_datapoint,no_comment
11439,2017,15_RP,turnover_rate,bus,%,road,passenger,bev,all,yearly,national,"['manually_inputted_data $ guess', 'turnover_rate_est']",2,0.42,manually_inputted_data $ guess,0.03,manual,no_comment
11440,2018,15_RP,new_vehicle_efficiency,bus,km_per_pj,road,passenger,bev,all,yearly,national,['avg_eff_no_outliers $ transport_data_system_9th'],1,1058314235.1561403,avg_eff_no_outliers $ transport_data_system_9th,81408787.3197031,single_datapoint,no_comment
11441,2018,15_RP,turnover_rate,bus,%,road,passenger,bev,all,yearly,national,['manually_inputted_data $ guess'],1,0.42,manually_inputted_data $ guess,0.03,manual,no_comment
11442,2019,15_RP,new_vehicle_efficiency,bus,km_per_pj,road,passenger,bev,all,yearly,national,['avg_eff_no_outliers $ transport_data_system_9th'],1,1058314235.1561403,avg_eff_no_outliers $ transport_data_system_9th,81408787.3197031,single_datapoint,no_comment
11443,2019,15_RP,turnover_rate,bus,%,road,passenger,bev,all,yearly,national,['manually_inputted_data $ guess'],1,0.42,manually_inputted_data $ guess,0.03,manual,no_comment
11444,2020,15_RP,new_vehicle_efficiency,bus,km_per_pj,road,passenger,bev,all,yearly,national,['avg_eff_no_outliers $ transport_data_system_9th'],1,1058314235.1561403,avg_eff_no_outliers $ transport_data_system_9th,81408787.3197031,single_datapoint,no_comment
11445,2020,15_RP,turnover_rate,bus,%,road,passenger,bev,all,yearly,national,['manually_inputted_data $ guess'],1,0.42,manually_inputted_data $ guess,0.03,manual,no_comment
11446,2021,15_RP,new_vehicle_efficiency,bus,km_per_pj,road,passenger,bev,all,yearly,national,['avg_eff_no_outliers $ transport_data_system_9th'],1,1058314235.1561403,avg_eff_no_outliers $ transport_data_system_9th,81408787.3197031,single_datapoint,no_comment
11447,2021,15_RP,turnover_rate,bus,%,road,passenger,bev,all,yearly,national,['manually_inputted_data $ guess'],1,0.42,manually_inputted_data $ guess,0.03,manual,no_comment
11448,2022,15_RP,new_vehicle_efficiency,bus,km_per_pj,road,passenger,bev,all,yearly,national,['avg_eff_no_outliers $ transport_data_system_9th'],1,1058314235.1561403,avg_eff_no_outliers $ transport_data_system_9th,81408787.3197031,single_datapoint,no_comment
11449,2022,15_RP,turnover_rate,bus,%,road,passenger,bev,all,yearly,national,['manually_inputted_data $ guess'],1,0.42,manually_inputted_data $ guess,0.03,manual,no_comment
11450,2010,15_RP,new_vehicle_efficiency,bus,km_per_pj,road,passenger,cng,all,yearly,national,['avg_eff_no_outliers $ transport_data_system_9th'],1,1813839119.6717222,avg_eff_no_outliers $ transport_data_system_9th,139526086.128594,single_datapoint,no_comment
11451,2010,15_RP,turnover_rate,bus,%,road,passenger,cng,all,yearly,national,['manually_inputted_data $ guess'],1,0.42,manually_inputted_data $ guess,0.03,manual,no_comment
11452,2011,15_RP,new_vehicle_efficiency,bus,km_per_pj,road,passenger,cng,all,yearly,national,['avg_eff_no_outliers $ transport_data_system_9th'],1,1813839119.6717222,avg_eff_no_outliers $ transport_data_system_9th,139526086.128594,single_datapoint,no_comment
11453,2011,15_RP,turnover_rate,bus,%,road,passenger,cng,all,yearly,national,['manually_inputted_data $ guess'],1,0.42,manually_inputted_data $ guess,0.03,manual,no_comment
11454,2012,15_RP,new_vehicle_efficiency,bus,km_per_pj,road,passenger,cng,all,yearly,national,['avg_eff_no_outliers $ transport_data_system_9th'],1,1813839119.6717222,avg_eff_no_outliers $ transport_data_system_9th,139526086.128594,single_datapoint,no_comment
11455,2012,15_RP,turnover_rate,bus,%,road,passenger,cng,all,yearly,national,['manually_inputted_data $ guess'],1,0.42,manually_inputted_data $ guess,0.03,manual,no_comment
11456,2013,15_RP,new_vehicle_efficiency,bus,km_per_pj,road,passenger,cng,all,yearly,national,['avg_eff_no_outliers $ transport_data_system_9th'],1,1813839119.6717222,avg_eff_no_outliers $ transport_data_system_9th,139526086.128594,single_datapoint,no_comment
11457,2013,15_RP,turnover_rate,bus,%,road,passenger,cng,all,yearly,national,['manually_inputted_data $ guess'],1,0.42,manually_inputted_data $ guess,0.03,manual,no_comment
11458,2014,15_RP,new_vehicle_efficiency,bus,km_per_pj,road,passenger,cng,all,yearly,national,['avg_eff_no_outliers $ transport_data_system_9th'],1,1813839119.6717222,avg_eff_no_outliers $ transport_data_system_9th,139526086.128594,single_datapoint,no_comment
11459,2014,15_RP,turnover_rate,bus,%,road,passenger,cng,all,yearly,national,['manually_inputted_data $ guess'],1,0.42,manually_inputted_data $ guess,0.03,manual,no_comment
11460,2015,15_RP,new_vehicle_efficiency,bus,km_per_pj,road,passenger,cng,all,yearly,national,['avg_eff_no_outliers $ transport_data_system_9th'],1,1813839119.6717222,avg_eff_no_outliers $ transport_data_system_9th,139526086.128594,single_datapoint,no_comment
11461,2015,15_RP,turnover_rate,bus,%,road,passenger,cng,all,yearly,national,['manually_inputted_data $ guess'],1,0.42,manually_inputted_data $ guess,0.03,manual,no_comment
11462,2016,15_RP,new_vehicle_efficiency,bus,km_per_pj,road,passenger,cng,all,yearly,national,['avg_eff_no_outliers $ transport_data_system_9th'],1,1813839119.6717222,avg_eff_no_outliers $ transport_data_system_9th,139526086.128594,single_datapoint,no_comment
11463,2016,15_RP,turnover_rate,bus,%,road,passenger,cng,all,yearly,national,['manually_inputted_data $ guess'],1,0.42,manually_inputted_data $ guess,0.03,manual,no_comment
11464,2017,15_RP,new_vehicle_efficiency,bus,km_per_pj,road,passenger,cng,all,yearly,national,['avg_eff_no_outliers $ transport_data_system_9th'],1,1813839119.6717222,avg_eff_no_outliers $ transport_data_system_9th,139526086.128594,single_datapoint,no_comment
11465,2017,15_RP,turnover_rate,bus,%,road,passenger,cng,all,yearly,national,"['manually_inputted_data $ guess', 'turnover_rate_est']",2,0.42,manually_inputted_data $ guess,0.03,manual,no_comment
11466,2018,15_RP,new_vehicle_efficiency,bus,km_per_pj,road,passenger,cng,all,yearly,national,['avg_eff_no_outliers $ transport_data_system_9th'],1,1813839119.6717222,avg_eff_no_outliers $ transport_data_system_9th,139526086.128594,single_datapoint,no_comment
11467,2018,15_RP,turnover_rate,bus,%,road,passenger,cng,all,yearly,national,['manually_inputted_data $ guess'],1,0.42,manually_inputted_data $ guess,0.03,manual,no_comment
11468,2019,15_RP,new_vehicle_efficiency,bus,km_per_pj,road,passenger,cng,all,yearly,national,['avg_eff_no_outliers $ transport_data_system_9th'],1,1813839119.6717222,avg_eff_no_outliers $ transport_data_system_9th,139526086.128594,single_datapoint,no_comment
11469,2019,15_RP,turnover_rate,bus,%,road,passenger,cng,all,yearly,national,['manually_inputted_data $ guess'],1,0.42,manually_inputted_data $ guess,0.03,manual,no_comment
11470,2020,15_RP,new_vehicle_efficiency,bus,km_per_pj,road,passenger,cng,all,yearly,national,['avg_eff_no_outliers $ transport_data_system_9th'],1,1813839119.6717222,avg_eff_no_outliers $ transport_data_system_9th,139526086.128594,single_datapoint,no_comment
11471,2020,15_RP,turnover_rate,bus,%,road,passenger,cng,all,yearly,national,['manually_inputted_data $ guess'],1,0.42,manually_inputted_data $ guess,0.03,manual,no_comment
11472,2021,15_RP,new_vehicle_efficiency,bus,km_per_pj,road,passenger,cng,all,yearly,national,['avg_eff_no_outliers $ transport_data_system_9th'],1,1813839119.6717222,avg_eff_no_outliers $ transport_data_system_9th,139526086.128594,single_datapoint,no_comment
11473,2021,15_RP,turnover_rate,bus,%,road,passenger,cng,all,yearly,national,['manually_inputted_data $ guess'],1,0.42,manually_inputted_data $ guess,0.03,manual,no_comment
11474,2022,15_RP,new_vehicle_efficiency,bus,km_per_pj,road,passenger,cng,all,yearly,national,['avg_eff_no_outliers $ transport_data_system_9th'],1,1813839119.6717222,avg_eff_no_outliers $ transport_data_system_9th,139526086.128594,single_datapoint,no_comment
11475,2022,15_RP,turnover_rate,bus,%,road,passenger,cng,all,yearly,national,['manually_inputted_data $ guess'],1,0.42,manually_inputted_data $ guess,0.03,manual,no_comment
11476,2017,15_RP,turnover_rate,bus,%,road,passenger,fcev,all,yearly,national,['turnover_rate_est'],1,0.03,turnover_rate_est,0.03,single_datapoint,no_comment
11477,2010,15_RP,activity,bus,passenger_km_or_freight_tonne_km,road,passenger,ice,all,yearly,national,['estimated $ calculate_energy_and_activity()'],1,24663414375000.0,estimated $ calculate_energy_and_activity(),1952694000000.0,single_datapoint,no_comment
11478,2010,15_RP,energy,bus,pj,road,passenger,ice,all,yearly,national,['estimated $ calculate_energy_and_activity()'],1,22093.910318710463,estimated $ calculate_energy_and_activity(),1749.2568328096304,single_datapoint,no_comment
11479,2010,15_RP,new_vehicle_efficiency,bus,km_per_pj,road,passenger,ice,all,yearly,national,['avg_eff_no_outliers $ transport_data_system_9th'],1,910941040.8338033,avg_eff_no_outliers $ transport_data_system_9th,70072387.7564464,single_datapoint,no_comment
11480,2010,15_RP,travel_km,bus,km,road,passenger,ice,all,yearly,national,['estimated $ calculate_energy_and_activity()'],1,1644227625000.0,estimated $ calculate_energy_and_activity(),130179600000.0,single_datapoint,no_comment
11481,2010,15_RP,turnover_rate,bus,%,road,passenger,ice,all,yearly,national,['manually_inputted_data $ guess'],1,0.39,manually_inputted_data $ guess,0.03,single_datapoint,no_comment
11482,2011,15_RP,activity,bus,passenger_km_or_freight_tonne_km,road,passenger,ice,all,yearly,national,['estimated $ calculate_energy_and_activity()'],1,24663414375000.0,estimated $ calculate_energy_and_activity(),2005740000000.0,single_datapoint,no_comment
11483,2011,15_RP,energy,bus,pj,road,passenger,ice,all,yearly,national,['estimated $ calculate_energy_and_activity()'],1,22093.910318710463,estimated $ calculate_energy_and_activity(),1796.7763509487856,single_datapoint,no_comment
11484,2011,15_RP,new_vehicle_efficiency,bus,km_per_pj,road,passenger,ice,all,yearly,national,['avg_eff_no_outliers $ transport_data_system_9th'],1,910941040.8338033,avg_eff_no_outliers $ transport_data_system_9th,70072387.7564464,single_datapoint,no_comment
11485,2011,15_RP,travel_km,bus,km,road,passenger,ice,all,yearly,national,['estimated $ calculate_energy_and_activity()'],1,1644227625000.0,estimated $ calculate_energy_and_activity(),133716000000.0,single_datapoint,no_comment
11486,2011,15_RP,turnover_rate,bus,%,road,passenger,ice,all,yearly,national,['manually_inputted_data $ guess'],1,0.39,manually_inputted_data $ guess,0.03,single_datapoint,no_comment
11487,2012,15_RP,activity,bus,passenger_km_or_freight_tonne_km,road,passenger,ice,all,yearly,national,['estimated $ calculate_energy_and_activity()'],1,24663414375000.0,estimated $ calculate_energy_and_activity(),2030508000000.0,single_datapoint,no_comment
11488,2012,15_RP,energy,bus,pj,road,passenger,ice,all,yearly,national,['estimated $ calculate_energy_and_activity()'],1,22093.910318710463,estimated $ calculate_energy_and_activity(),1818.9639508671696,single_datapoint,no_comment
11489,2012,15_RP,new_vehicle_efficiency,bus,km_per_pj,road,passenger,ice,all,yearly,national,['avg_eff_no_outliers $ transport_data_system_9th'],1,910941040.8338033,avg_eff_no_outliers $ transport_data_system_9th,70072387.7564464,single_datapoint,no_comment
11490,2012,15_RP,travel_km,bus,km,road,passenger,ice,all,yearly,national,['estimated $ calculate_energy_and_activity()'],1,1644227625000.0,estimated $ calculate_energy_and_activity(),135367200000.0,single_datapoint,no_comment
11491,2012,15_RP,turnover_rate,bus,%,road,passenger,ice,all,yearly,national,['manually_inputted_data $ guess'],1,0.39,manually_inputted_data $ guess,0.03,single_datapoint,no_comment
11492,2013,15_RP,activity,bus,passenger_km_or_freight_tonne_km,road,passenger,ice,all,yearly,national,['estimated $ calculate_energy_and_activity()'],1,24663414375000.0,estimated $ calculate_energy_and_activity(),2054516625000.0,single_datapoint,no_comment
11493,2013,15_RP,energy,bus,pj,road,passenger,ice,all,yearly,national,['estimated $ calculate_energy_and_activity()'],1,22093.910318710463,estimated $ calculate_energy_and_activity(),1840.471289614364,single_datapoint,no_comment
11494,2013,15_RP,new_vehicle_efficiency,bus,km_per_pj,road,passenger,ice,all,yearly,national,['avg_eff_no_outliers $ transport_data_system_9th'],1,910941040.8338033,avg_eff_no_outliers $ transport_data_system_9th,70072387.7564464,single_datapoint,no_comment
11495,2013,15_RP,travel_km,bus,km,road,passenger,ice,all,yearly,national,['estimated $ calculate_energy_and_activity()'],1,1644227625000.0,estimated $ calculate_energy_and_activity(),136967775000.0,single_datapoint,no_comment
11496,2013,15_RP,turnover_rate,bus,%,road,passenger,ice,all,yearly,national,['manually_inputted_data $ guess'],1,0.39,manually_inputted_data $ guess,0.03,single_datapoint,no_comment
11497,2014,15_RP,activity,bus,passenger_km_or_freight_tonne_km,road,passenger,ice,all,yearly,national,['estimated $ calculate_energy_and_activity()'],1,24663414375000.0,estimated $ calculate_energy_and_activity(),2103840000000.0,single_datapoint,no_comment
11498,2014,15_RP,energy,bus,pj,road,passenger,ice,all,yearly,national,['estimated $ calculate_energy_and_activity()'],1,22093.910318710463,estimated $ calculate_energy_and_activity(),1884.656016323199,single_datapoint,no_comment
11499,2014,15_RP,new_vehicle_efficiency,bus,km_per_pj,road,passenger,ice,all,yearly,national,['avg_eff_no_outliers $ transport_data_system_9th'],1,910941040.8338033,avg_eff_no_outliers $ transport_data_system_9th,70072387.7564464,single_datapoint,no_comment
11500,2014,15_RP,travel_km,bus,km,road,passenger,ice,all,yearly,national,['estimated $ calculate_energy_and_activity()'],1,1644227625000.0,estimated $ calculate_energy_and_activity(),140256000000.0,single_datapoint,no_comment
11501,2014,15_RP,turnover_rate,bus,%,road,passenger,ice,all,yearly,national,['manually_inputted_data $ guess'],1,0.39,manually_inputted_data $ guess,0.03,single_datapoint,no_comment
11502,2015,15_RP,activity,bus,passenger_km_or_freight_tonne_km,road,passenger,ice,all,yearly,national,['estimated $ calculate_energy_and_activity()'],1,24663414375000.0,estimated $ calculate_energy_and_activity(),2260622250000.0,single_datapoint,no_comment
11503,2015,15_RP,energy,bus,pj,road,passenger,ice,all,yearly,national,['estimated $ calculate_energy_and_activity()'],1,22093.910318710463,estimated $ calculate_energy_and_activity(),2025.1042494184856,single_datapoint,no_comment
11504,2015,15_RP,new_vehicle_efficiency,bus,km_per_pj,road,passenger,ice,all,yearly,national,['avg_eff_no_outliers $ transport_data_system_9th'],1,910941040.8338033,avg_eff_no_outliers $ transport_data_system_9th,70072387.7564464,single_datapoint,no_comment
11505,2015,15_RP,travel_km,bus,km,road,passenger,ice,all,yearly,national,['estimated $ calculate_energy_and_activity()'],1,1644227625000.0,estimated $ calculate_energy_and_activity(),150708150000.0,single_datapoint,no_comment
11506,2015,15_RP,turnover_rate,bus,%,road,passenger,ice,all,yearly,national,['manually_inputted_data $ guess'],1,0.39,manually_inputted_data $ guess,0.03,single_datapoint,no_comment
11507,2016,15_RP,activity,bus,passenger_km_or_freight_tonne_km,road,passenger,ice,all,yearly,national,['estimated $ calculate_energy_and_activity()'],1,24663414375000.0,estimated $ calculate_energy_and_activity(),2249038125000.0,single_datapoint,no_comment
11508,2016,15_RP,energy,bus,pj,road,passenger,ice,all,yearly,national,['estimated $ calculate_energy_and_activity()'],1,22093.910318710463,estimated $ calculate_energy_and_activity(),2014.72699122628,single_datapoint,no_comment
11509,2016,15_RP,new_vehicle_efficiency,bus,km_per_pj,road,passenger,ice,all,yearly,national,['avg_eff_no_outliers $ transport_data_system_9th'],1,910941040.8338033,avg_eff_no_outliers $ transport_data_system_9th,70072387.7564464,single_datapoint,no_comment
11510,2016,15_RP,travel_km,bus,km,road,passenger,ice,all,yearly,national,['estimated $ calculate_energy_and_activity()'],1,1644227625000.0,estimated $ calculate_energy_and_activity(),149935875000.0,single_datapoint,no_comment
11511,2016,15_RP,turnover_rate,bus,%,road,passenger,ice,all,yearly,national,['manually_inputted_data $ guess'],1,0.39,manually_inputted_data $ guess,0.03,single_datapoint,no_comment
11512,2017,15_RP,activity,bus,passenger_km_or_freight_tonne_km,road,passenger,ice,all,yearly,national,['estimated $ calculate_energy_and_activity()'],1,24663414375000.0,estimated $ calculate_energy_and_activity(),2411741250000.0,single_datapoint,no_comment
11513,2017,15_RP,energy,bus,pj,road,passenger,ice,all,yearly,national,['estimated $ calculate_energy_and_activity()'],1,22093.910318710463,estimated $ calculate_energy_and_activity(),2160.47924586819,single_datapoint,no_comment
11514,2017,15_RP,new_vehicle_efficiency,bus,km_per_pj,road,passenger,ice,all,yearly,national,['avg_eff_no_outliers $ transport_data_system_9th'],1,910941040.8338033,avg_eff_no_outliers $ transport_data_system_9th,70072387.7564464,single_datapoint,no_comment
11515,2017,15_RP,travel_km,bus,km,road,passenger,ice,all,yearly,national,['estimated $ calculate_energy_and_activity()'],1,1644227625000.0,estimated $ calculate_energy_and_activity(),160782750000.0,single_datapoint,no_comment
11516,2017,15_RP,turnover_rate,bus,%,road,passenger,ice,all,yearly,national,['manually_inputted_data $ guess'],1,0.39,manually_inputted_data $ guess,0.03,single_datapoint,no_comment
11517,2018,15_RP,activity,bus,passenger_km_or_freight_tonne_km,road,passenger,ice,all,yearly,national,['estimated $ calculate_energy_and_activity()'],1,24663414375000.0,estimated $ calculate_energy_and_activity(),2496766500000.0,single_datapoint,no_comment
11518,2018,15_RP,energy,bus,pj,road,passenger,ice,all,yearly,national,['estimated $ calculate_energy_and_activity()'],1,22093.910318710463,estimated $ calculate_energy_and_activity(),2236.6463255662106,single_datapoint,no_comment
11519,2018,15_RP,new_vehicle_efficiency,bus,km_per_pj,road,passenger,ice,all,yearly,national,['avg_eff_no_outliers $ transport_data_system_9th'],1,910941040.8338033,avg_eff_no_outliers $ transport_data_system_9th,70072387.7564464,single_datapoint,no_comment
11520,2018,15_RP,travel_km,bus,km,road,passenger,ice,all,yearly,national,['estimated $ calculate_energy_and_activity()'],1,1644227625000.0,estimated $ calculate_energy_and_activity(),166451100000.0,single_datapoint,no_comment
11521,2018,15_RP,turnover_rate,bus,%,road,passenger,ice,all,yearly,national,['manually_inputted_data $ guess'],1,0.39,manually_inputted_data $ guess,0.03,single_datapoint,no_comment
11522,2019,15_RP,activity,bus,passenger_km_or_freight_tonne_km,road,passenger,ice,all,yearly,national,['estimated $ calculate_energy_and_activity()'],1,24663414375000.0,estimated $ calculate_energy_and_activity(),2618808750000.0,single_datapoint,no_comment
11523,2019,15_RP,energy,bus,pj,road,passenger,ice,all,yearly,national,['estimated $ calculate_energy_and_activity()'],1,22093.910318710463,estimated $ calculate_energy_and_activity(),2345.9738698224846,single_datapoint,no_comment
11524,2019,15_RP,new_vehicle_efficiency,bus,km_per_pj,road,passenger,ice,all,yearly,national,['avg_eff_no_outliers $ transport_data_system_9th'],1,910941040.8338033,avg_eff_no_outliers $ transport_data_system_9th,70072387.7564464,single_datapoint,no_comment
11525,2019,15_RP,travel_km,bus,km,road,passenger,ice,all,yearly,national,['estimated $ calculate_energy_and_activity()'],1,1644227625000.0,estimated $ calculate_energy_and_activity(),174587250000.0,single_datapoint,no_comment
11526,2019,15_RP,turnover_rate,bus,%,road,passenger,ice,all,yearly,national,['manually_inputted_data $ guess'],1,0.39,manually_inputted_data $ guess,0.03,single_datapoint,no_comment
11527,2020,15_RP,activity,bus,passenger_km_or_freight_tonne_km,road,passenger,ice,all,yearly,national,['estimated $ calculate_energy_and_activity()'],1,24663414375000.0,estimated $ calculate_energy_and_activity(),2479138875000.0,single_datapoint,no_comment
11528,2020,15_RP,energy,bus,pj,road,passenger,ice,all,yearly,national,['estimated $ calculate_energy_and_activity()'],1,22093.910318710463,estimated $ calculate_energy_and_activity(),2220.8551962456636,single_datapoint,no_comment
11529,2020,15_RP,new_vehicle_efficiency,bus,km_per_pj,road,passenger,ice,all,yearly,national,['avg_eff_no_outliers $ transport_data_system_9th'],1,910941040.8338033,avg_eff_no_outliers $ transport_data_system_9th,70072387.7564464,single_datapoint,no_comment
11530,2020,15_RP,travel_km,bus,km,road,passenger,ice,all,yearly,national,['estimated $ calculate_energy_and_activity()'],1,1644227625000.0,estimated $ calculate_energy_and_activity(),165275925000.0,single_datapoint,no_comment
11531,2020,15_RP,turnover_rate,bus,%,road,passenger,ice,all,yearly,national,['manually_inputted_data $ guess'],1,0.39,manually_inputted_data $ guess,0.03,single_datapoint,no_comment
11532,2021,15_RP,new_vehicle_efficiency,bus,km_per_pj,road,passenger,ice,all,yearly,national,['avg_eff_no_outliers $ transport_data_system_9th'],1,910941040.8338033,avg_eff_no_outliers $ transport_data_system_9th,70072387.7564464,single_datapoint,no_comment
11533,2021,15_RP,turnover_rate,bus,%,road,passenger,ice,all,yearly,national,['manually_inputted_data $ guess'],1,0.39,manually_inputted_data $ guess,0.03,single_datapoint,no_comment
11534,2022,15_RP,new_vehicle_efficiency,bus,km_per_pj,road,passenger,ice,all,yearly,national,['avg_eff_no_outliers $ transport_data_system_9th'],1,910941040.8338033,avg_eff_no_outliers $ transport_data_system_9th,70072387.7564464,single_datapoint,no_comment
11535,2022,15_RP,turnover_rate,bus,%,road,passenger,ice,all,yearly,national,['manually_inputted_data $ guess'],1,0.39,manually_inputted_data $ guess,0.03,single_datapoint,no_comment
11536,2010,15_RP,new_vehicle_efficiency,bus,km_per_pj,road,passenger,lpg,all,yearly,national,['avg_eff_no_outliers $ transport_data_system_9th'],1,1295830676.4857378,avg_eff_no_outliers $ transport_data_system_9th,99679282.8065952,single_datapoint,no_comment
11537,2010,15_RP,turnover_rate,bus,%,road,passenger,lpg,all,yearly,national,['manually_inputted_data $ guess'],1,0.42,manually_inputted_data $ guess,0.03,manual,no_comment
11538,2011,15_RP,new_vehicle_efficiency,bus,km_per_pj,road,passenger,lpg,all,yearly,national,['avg_eff_no_outliers $ transport_data_system_9th'],1,1295830676.4857378,avg_eff_no_outliers $ transport_data_system_9th,99679282.8065952,single_datapoint,no_comment
11539,2011,15_RP,turnover_rate,bus,%,road,passenger,lpg,all,yearly,national,['manually_inputted_data $ guess'],1,0.42,manually_inputted_data $ guess,0.03,manual,no_comment
11540,2012,15_RP,new_vehicle_efficiency,bus,km_per_pj,road,passenger,lpg,all,yearly,national,['avg_eff_no_outliers $ transport_data_system_9th'],1,1295830676.4857378,avg_eff_no_outliers $ transport_data_system_9th,99679282.8065952,single_datapoint,no_comment
11541,2012,15_RP,turnover_rate,bus,%,road,passenger,lpg,all,yearly,national,['manually_inputted_data $ guess'],1,0.42,manually_inputted_data $ guess,0.03,manual,no_comment
11542,2013,15_RP,new_vehicle_efficiency,bus,km_per_pj,road,passenger,lpg,all,yearly,national,['avg_eff_no_outliers $ transport_data_system_9th'],1,1295830676.4857378,avg_eff_no_outliers $ transport_data_system_9th,99679282.8065952,single_datapoint,no_comment
11543,2013,15_RP,turnover_rate,bus,%,road,passenger,lpg,all,yearly,national,['manually_inputted_data $ guess'],1,0.42,manually_inputted_data $ guess,0.03,manual,no_comment
11544,2014,15_RP,new_vehicle_efficiency,bus,km_per_pj,road,passenger,lpg,all,yearly,national,['avg_eff_no_outliers $ transport_data_system_9th'],1,1295830676.4857378,avg_eff_no_outliers $ transport_data_system_9th,99679282.8065952,single_datapoint,no_comment
11545,2014,15_RP,turnover_rate,bus,%,road,passenger,lpg,all,yearly,national,['manually_inputted_data $ guess'],1,0.42,manually_inputted_data $ guess,0.03,manual,no_comment
11546,2015,15_RP,new_vehicle_efficiency,bus,km_per_pj,road,passenger,lpg,all,yearly,national,['avg_eff_no_outliers $ transport_data_system_9th'],1,1295830676.4857378,avg_eff_no_outliers $ transport_data_system_9th,99679282.8065952,single_datapoint,no_comment
11547,2015,15_RP,turnover_rate,bus,%,road,passenger,lpg,all,yearly,national,['manually_inputted_data $ guess'],1,0.42,manually_inputted_data $ guess,0.03,manual,no_comment
11548,2016,15_RP,new_vehicle_efficiency,bus,km_per_pj,road,passenger,lpg,all,yearly,national,['avg_eff_no_outliers $ transport_data_system_9th'],1,1295830676.4857378,avg_eff_no_outliers $ transport_data_system_9th,99679282.8065952,single_datapoint,no_comment
11549,2016,15_RP,turnover_rate,bus,%,road,passenger,lpg,all,yearly,national,['manually_inputted_data $ guess'],1,0.42,manually_inputted_data $ guess,0.03,manual,no_comment
11550,2017,15_RP,new_vehicle_efficiency,bus,km_per_pj,road,passenger,lpg,all,yearly,national,['avg_eff_no_outliers $ transport_data_system_9th'],1,1295830676.4857378,avg_eff_no_outliers $ transport_data_system_9th,99679282.8065952,single_datapoint,no_comment
11551,2017,15_RP,turnover_rate,bus,%,road,passenger,lpg,all,yearly,national,"['manually_inputted_data $ guess', 'turnover_rate_est']",2,0.42,manually_inputted_data $ guess,0.03,manual,no_comment
11552,2018,15_RP,new_vehicle_efficiency,bus,km_per_pj,road,passenger,lpg,all,yearly,national,['avg_eff_no_outliers $ transport_data_system_9th'],1,1295830676.4857378,avg_eff_no_outliers $ transport_data_system_9th,99679282.8065952,single_datapoint,no_comment
11553,2018,15_RP,turnover_rate,bus,%,road,passenger,lpg,all,yearly,national,['manually_inputted_data $ guess'],1,0.42,manually_inputted_data $ guess,0.03,manual,no_comment
11554,2019,15_RP,new_vehicle_efficiency,bus,km_per_pj,road,passenger,lpg,all,yearly,national,['avg_eff_no_outliers $ transport_data_system_9th'],1,1295830676.4857378,avg_eff_no_outliers $ transport_data_system_9th,99679282.8065952,single_datapoint,no_comment
11555,2019,15_RP,turnover_rate,bus,%,road,passenger,lpg,all,yearly,national,['manually_inputted_data $ guess'],1,0.42,manually_inputted_data $ guess,0.03,manual,no_comment
11556,2020,15_RP,new_vehicle_efficiency,bus,km_per_pj,road,passenger,lpg,all,yearly,national,['avg_eff_no_outliers $ transport_data_system_9th'],1,1295830676.4857378,avg_eff_no_outliers $ transport_data_system_9th,99679282.8065952,single_datapoint,no_comment
11557,2020,15_RP,turnover_rate,bus,%,road,passenger,lpg,all,yearly,national,['manually_inputted_data $ guess'],1,0.42,manually_inputted_data $ guess,0.03,manual,no_comment
11558,2021,15_RP,new_vehicle_efficiency,bus,km_per_pj,road,passenger,lpg,all,yearly,national,['avg_eff_no_outliers $ transport_data_system_9th'],1,1295830676.4857378,avg_eff_no_outliers $ transport_data_system_9th,99679282.8065952,single_datapoint,no_comment
11559,2021,15_RP,turnover_rate,bus,%,road,passenger,lpg,all,yearly,national,['manually_inputted_data $ guess'],1,0.42,manually_inputted_data $ guess,0.03,manual,no_comment
11560,2022,15_RP,new_vehicle_efficiency,bus,km_per_pj,road,passenger,lpg,all,yearly,national,['avg_eff_no_outliers $ transport_data_system_9th'],1,1295830676.4857378,avg_eff_no_outliers $ transport_data_system_9th,99679282.8065952,single_datapoint,no_comment
11561,2022,15_RP,turnover_rate,bus,%,road,passenger,lpg,all,yearly,national,['manually_inputted_data $ guess'],1,0.42,manually_inputted_data $ guess,0.03,manual,no_comment
11562,2010,15_RP,new_vehicle_efficiency,bus,km_per_pj,road,passenger,phev,all,yearly,national,['avg_eff_no_outliers $ transport_data_system_9th'],1,1472018422.278209,avg_eff_no_outliers $ transport_data_system_9th,113232186.329093,single_datapoint,no_comment
11563,2010,15_RP,turnover_rate,bus,%,road,passenger,phev,all,yearly,national,['manually_inputted_data $ guess'],1,0.39,manually_inputted_data $ guess,0.03,single_datapoint,no_comment
11564,2011,15_RP,new_vehicle_efficiency,bus,km_per_pj,road,passenger,phev,all,yearly,national,['avg_eff_no_outliers $ transport_data_system_9th'],1,1472018422.278209,avg_eff_no_outliers $ transport_data_system_9th,113232186.329093,single_datapoint,no_comment
11565,2011,15_RP,turnover_rate,bus,%,road,passenger,phev,all,yearly,national,['manually_inputted_data $ guess'],1,0.39,manually_inputted_data $ guess,0.03,single_datapoint,no_comment
11566,2012,15_RP,new_vehicle_efficiency,bus,km_per_pj,road,passenger,phev,all,yearly,national,['avg_eff_no_outliers $ transport_data_system_9th'],1,1472018422.278209,avg_eff_no_outliers $ transport_data_system_9th,113232186.329093,single_datapoint,no_comment
11567,2012,15_RP,turnover_rate,bus,%,road,passenger,phev,all,yearly,national,['manually_inputted_data $ guess'],1,0.39,manually_inputted_data $ guess,0.03,single_datapoint,no_comment
11568,2013,15_RP,new_vehicle_efficiency,bus,km_per_pj,road,passenger,phev,all,yearly,national,['avg_eff_no_outliers $ transport_data_system_9th'],1,1472018422.278209,avg_eff_no_outliers $ transport_data_system_9th,113232186.329093,single_datapoint,no_comment
11569,2013,15_RP,turnover_rate,bus,%,road,passenger,phev,all,yearly,national,['manually_inputted_data $ guess'],1,0.39,manually_inputted_data $ guess,0.03,single_datapoint,no_comment
11570,2014,15_RP,new_vehicle_efficiency,bus,km_per_pj,road,passenger,phev,all,yearly,national,['avg_eff_no_outliers $ transport_data_system_9th'],1,1472018422.278209,avg_eff_no_outliers $ transport_data_system_9th,113232186.329093,single_datapoint,no_comment
11571,2014,15_RP,turnover_rate,bus,%,road,passenger,phev,all,yearly,national,['manually_inputted_data $ guess'],1,0.39,manually_inputted_data $ guess,0.03,single_datapoint,no_comment
11572,2015,15_RP,new_vehicle_efficiency,bus,km_per_pj,road,passenger,phev,all,yearly,national,['avg_eff_no_outliers $ transport_data_system_9th'],1,1472018422.278209,avg_eff_no_outliers $ transport_data_system_9th,113232186.329093,single_datapoint,no_comment
11573,2015,15_RP,turnover_rate,bus,%,road,passenger,phev,all,yearly,national,['manually_inputted_data $ guess'],1,0.39,manually_inputted_data $ guess,0.03,single_datapoint,no_comment
11574,2016,15_RP,new_vehicle_efficiency,bus,km_per_pj,road,passenger,phev,all,yearly,national,['avg_eff_no_outliers $ transport_data_system_9th'],1,1472018422.278209,avg_eff_no_outliers $ transport_data_system_9th,113232186.329093,single_datapoint,no_comment
11575,2016,15_RP,turnover_rate,bus,%,road,passenger,phev,all,yearly,national,['manually_inputted_data $ guess'],1,0.39,manually_inputted_data $ guess,0.03,single_datapoint,no_comment
11576,2017,15_RP,new_vehicle_efficiency,bus,km_per_pj,road,passenger,phev,all,yearly,national,['avg_eff_no_outliers $ transport_data_system_9th'],1,1472018422.278209,avg_eff_no_outliers $ transport_data_system_9th,113232186.329093,single_datapoint,no_comment
11577,2017,15_RP,turnover_rate,bus,%,road,passenger,phev,all,yearly,national,['manually_inputted_data $ guess'],1,0.39,manually_inputted_data $ guess,0.03,single_datapoint,no_comment
11578,2018,15_RP,new_vehicle_efficiency,bus,km_per_pj,road,passenger,phev,all,yearly,national,['avg_eff_no_outliers $ transport_data_system_9th'],1,1472018422.278209,avg_eff_no_outliers $ transport_data_system_9th,113232186.329093,single_datapoint,no_comment
11579,2018,15_RP,turnover_rate,bus,%,road,passenger,phev,all,yearly,national,['manually_inputted_data $ guess'],1,0.39,manually_inputted_data $ guess,0.03,single_datapoint,no_comment
11580,2019,15_RP,new_vehicle_efficiency,bus,km_per_pj,road,passenger,phev,all,yearly,national,['avg_eff_no_outliers $ transport_data_system_9th'],1,1472018422.278209,avg_eff_no_outliers $ transport_data_system_9th,113232186.329093,single_datapoint,no_comment
11581,2019,15_RP,turnover_rate,bus,%,road,passenger,phev,all,yearly,national,['manually_inputted_data $ guess'],1,0.39,manually_inputted_data $ guess,0.03,single_datapoint,no_comment
11582,2020,15_RP,new_vehicle_efficiency,bus,km_per_pj,road,passenger,phev,all,yearly,national,['avg_eff_no_outliers $ transport_data_system_9th'],1,1472018422.278209,avg_eff_no_outliers $ transport_data_system_9th,113232186.329093,single_datapoint,no_comment
11583,2020,15_RP,turnover_rate,bus,%,road,passenger,phev,all,yearly,national,['manually_inputted_data $ guess'],1,0.39,manually_inputted_data $ guess,0.03,single_datapoint,no_comment
11584,2021,15_RP,new_vehicle_efficiency,bus,km_per_pj,road,passenger,phev,all,yearly,national,['avg_eff_no_outliers $ transport_data_system_9th'],1,1472018422.278209,avg_eff_no_outliers $ transport_data_system_9th,113232186.329093,single_datapoint,no_comment
11585,2021,15_RP,turnover_rate,bus,%,road,passenger,phev,all,yearly,national,['manually_inputted_data $ guess'],1,0.39,manually_inputted_data $ guess,0.03,single_datapoint,no_comment
11586,2022,15_RP,new_vehicle_efficiency,bus,km_per_pj,road,passenger,phev,all,yearly,national,['avg_eff_no_outliers $ transport_data_system_9th'],1,1472018422.278209,avg_eff_no_outliers $ transport_data_system_9th,113232186.329093,single_datapoint,no_comment
11587,2022,15_RP,turnover_rate,bus,%,road,passenger,phev,all,yearly,national,['manually_inputted_data $ guess'],1,0.39,manually_inputted_data $ guess,0.03,single_datapoint,no_comment
11588,2010,15_RP,new_vehicle_efficiency,ht,km_per_pj,road,freight,bev,all,yearly,national,['avg_eff_no_outliers $ transport_data_system_9th'],1,3249486640.872147,avg_eff_no_outliers $ transport_data_system_9th,249960510.836319,single_datapoint,no_comment
11589,2010,15_RP,turnover_rate,ht,%,road,freight,bev,all,yearly,national,['manually_inputted_data $ guess'],1,0.42,manually_inputted_data $ guess,0.03,manual,no_comment
11590,2011,15_RP,new_vehicle_efficiency,ht,km_per_pj,road,freight,bev,all,yearly,national,['avg_eff_no_outliers $ transport_data_system_9th'],1,3249486640.872147,avg_eff_no_outliers $ transport_data_system_9th,249960510.836319,single_datapoint,no_comment
11591,2011,15_RP,turnover_rate,ht,%,road,freight,bev,all,yearly,national,['manually_inputted_data $ guess'],1,0.42,manually_inputted_data $ guess,0.03,manual,no_comment
11592,2012,15_RP,new_vehicle_efficiency,ht,km_per_pj,road,freight,bev,all,yearly,national,['avg_eff_no_outliers $ transport_data_system_9th'],1,3249486640.872147,avg_eff_no_outliers $ transport_data_system_9th,249960510.836319,single_datapoint,no_comment
11593,2012,15_RP,turnover_rate,ht,%,road,freight,bev,all,yearly,national,['manually_inputted_data $ guess'],1,0.42,manually_inputted_data $ guess,0.03,manual,no_comment
11594,2013,15_RP,new_vehicle_efficiency,ht,km_per_pj,road,freight,bev,all,yearly,national,['avg_eff_no_outliers $ transport_data_system_9th'],1,3249486640.872147,avg_eff_no_outliers $ transport_data_system_9th,249960510.836319,single_datapoint,no_comment
11595,2013,15_RP,turnover_rate,ht,%,road,freight,bev,all,yearly,national,['manually_inputted_data $ guess'],1,0.42,manually_inputted_data $ guess,0.03,manual,no_comment
11596,2014,15_RP,new_vehicle_efficiency,ht,km_per_pj,road,freight,bev,all,yearly,national,['avg_eff_no_outliers $ transport_data_system_9th'],1,3249486640.872147,avg_eff_no_outliers $ transport_data_system_9th,249960510.836319,single_datapoint,no_comment
11597,2014,15_RP,turnover_rate,ht,%,road,freight,bev,all,yearly,national,['manually_inputted_data $ guess'],1,0.42,manually_inputted_data $ guess,0.03,manual,no_comment
11598,2015,15_RP,new_vehicle_efficiency,ht,km_per_pj,road,freight,bev,all,yearly,national,['avg_eff_no_outliers $ transport_data_system_9th'],1,3249486640.872147,avg_eff_no_outliers $ transport_data_system_9th,249960510.836319,single_datapoint,no_comment
11599,2015,15_RP,turnover_rate,ht,%,road,freight,bev,all,yearly,national,['manually_inputted_data $ guess'],1,0.42,manually_inputted_data $ guess,0.03,manual,no_comment
11600,2016,15_RP,new_vehicle_efficiency,ht,km_per_pj,road,freight,bev,all,yearly,national,['avg_eff_no_outliers $ transport_data_system_9th'],1,3249486640.872147,avg_eff_no_outliers $ transport_data_system_9th,249960510.836319,single_datapoint,no_comment
11601,2016,15_RP,turnover_rate,ht,%,road,freight,bev,all,yearly,national,['manually_inputted_data $ guess'],1,0.42,manually_inputted_data $ guess,0.03,manual,no_comment
11602,2017,15_RP,new_vehicle_efficiency,ht,km_per_pj,road,freight,bev,all,yearly,national,['avg_eff_no_outliers $ transport_data_system_9th'],1,3249486640.872147,avg_eff_no_outliers $ transport_data_system_9th,249960510.836319,single_datapoint,no_comment
11603,2017,15_RP,turnover_rate,ht,%,road,freight,bev,all,yearly,national,"['manually_inputted_data $ guess', 'turnover_rate_est']",2,0.42,manually_inputted_data $ guess,0.03,manual,no_comment
11604,2018,15_RP,new_vehicle_efficiency,ht,km_per_pj,road,freight,bev,all,yearly,national,['avg_eff_no_outliers $ transport_data_system_9th'],1,3249486640.872147,avg_eff_no_outliers $ transport_data_system_9th,249960510.836319,single_datapoint,no_comment
11605,2018,15_RP,turnover_rate,ht,%,road,freight,bev,all,yearly,national,['manually_inputted_data $ guess'],1,0.42,manually_inputted_data $ guess,0.03,manual,no_comment
11606,2019,15_RP,new_vehicle_efficiency,ht,km_per_pj,road,freight,bev,all,yearly,national,['avg_eff_no_outliers $ transport_data_system_9th'],1,3249486640.872147,avg_eff_no_outliers $ transport_data_system_9th,249960510.836319,single_datapoint,no_comment
11607,2019,15_RP,turnover_rate,ht,%,road,freight,bev,all,yearly,national,['manually_inputted_data $ guess'],1,0.42,manually_inputted_data $ guess,0.03,manual,no_comment
11608,2020,15_RP,new_vehicle_efficiency,ht,km_per_pj,road,freight,bev,all,yearly,national,['avg_eff_no_outliers $ transport_data_system_9th'],1,3249486640.872147,avg_eff_no_outliers $ transport_data_system_9th,249960510.836319,single_datapoint,no_comment
11609,2020,15_RP,turnover_rate,ht,%,road,freight,bev,all,yearly,national,['manually_inputted_data $ guess'],1,0.42,manually_inputted_data $ guess,0.03,manual,no_comment
11610,2021,15_RP,new_vehicle_efficiency,ht,km_per_pj,road,freight,bev,all,yearly,national,['avg_eff_no_outliers $ transport_data_system_9th'],1,3249486640.872147,avg_eff_no_outliers $ transport_data_system_9th,249960510.836319,single_datapoint,no_comment
11611,2021,15_RP,turnover_rate,ht,%,road,freight,bev,all,yearly,national,['manually_inputted_data $ guess'],1,0.42,manually_inputted_data $ guess,0.03,manual,no_comment
11612,2022,15_RP,new_vehicle_efficiency,ht,km_per_pj,road,freight,bev,all,yearly,national,['avg_eff_no_outliers $ transport_data_system_9th'],1,3249486640.872147,avg_eff_no_outliers $ transport_data_system_9th,249960510.836319,single_datapoint,no_comment
11613,2022,15_RP,turnover_rate,ht,%,road,freight,bev,all,yearly,national,['manually_inputted_data $ guess'],1,0.42,manually_inputted_data $ guess,0.03,manual,no_comment
11614,2010,15_RP,new_vehicle_efficiency,ht,km_per_pj,road,freight,cng,all,yearly,national,['avg_eff_no_outliers $ transport_data_system_9th'],1,1775178058.548531,avg_eff_no_outliers $ transport_data_system_9th,136552158.349887,single_datapoint,no_comment
11615,2010,15_RP,turnover_rate,ht,%,road,freight,cng,all,yearly,national,['manually_inputted_data $ guess'],1,0.42,manually_inputted_data $ guess,0.03,manual,no_comment
11616,2011,15_RP,new_vehicle_efficiency,ht,km_per_pj,road,freight,cng,all,yearly,national,['avg_eff_no_outliers $ transport_data_system_9th'],1,1775178058.548531,avg_eff_no_outliers $ transport_data_system_9th,136552158.349887,single_datapoint,no_comment
11617,2011,15_RP,turnover_rate,ht,%,road,freight,cng,all,yearly,national,['manually_inputted_data $ guess'],1,0.42,manually_inputted_data $ guess,0.03,manual,no_comment
11618,2012,15_RP,new_vehicle_efficiency,ht,km_per_pj,road,freight,cng,all,yearly,national,['avg_eff_no_outliers $ transport_data_system_9th'],1,1775178058.548531,avg_eff_no_outliers $ transport_data_system_9th,136552158.349887,single_datapoint,no_comment
11619,2012,15_RP,turnover_rate,ht,%,road,freight,cng,all,yearly,national,['manually_inputted_data $ guess'],1,0.42,manually_inputted_data $ guess,0.03,manual,no_comment
11620,2013,15_RP,new_vehicle_efficiency,ht,km_per_pj,road,freight,cng,all,yearly,national,['avg_eff_no_outliers $ transport_data_system_9th'],1,1775178058.548531,avg_eff_no_outliers $ transport_data_system_9th,136552158.349887,single_datapoint,no_comment
11621,2013,15_RP,turnover_rate,ht,%,road,freight,cng,all,yearly,national,['manually_inputted_data $ guess'],1,0.42,manually_inputted_data $ guess,0.03,manual,no_comment
11622,2014,15_RP,new_vehicle_efficiency,ht,km_per_pj,road,freight,cng,all,yearly,national,['avg_eff_no_outliers $ transport_data_system_9th'],1,1775178058.548531,avg_eff_no_outliers $ transport_data_system_9th,136552158.349887,single_datapoint,no_comment
11623,2014,15_RP,turnover_rate,ht,%,road,freight,cng,all,yearly,national,['manually_inputted_data $ guess'],1,0.42,manually_inputted_data $ guess,0.03,manual,no_comment
11624,2015,15_RP,new_vehicle_efficiency,ht,km_per_pj,road,freight,cng,all,yearly,national,['avg_eff_no_outliers $ transport_data_system_9th'],1,1775178058.548531,avg_eff_no_outliers $ transport_data_system_9th,136552158.349887,single_datapoint,no_comment
11625,2015,15_RP,turnover_rate,ht,%,road,freight,cng,all,yearly,national,['manually_inputted_data $ guess'],1,0.42,manually_inputted_data $ guess,0.03,manual,no_comment
11626,2016,15_RP,new_vehicle_efficiency,ht,km_per_pj,road,freight,cng,all,yearly,national,['avg_eff_no_outliers $ transport_data_system_9th'],1,1775178058.548531,avg_eff_no_outliers $ transport_data_system_9th,136552158.349887,single_datapoint,no_comment
11627,2016,15_RP,turnover_rate,ht,%,road,freight,cng,all,yearly,national,['manually_inputted_data $ guess'],1,0.42,manually_inputted_data $ guess,0.03,manual,no_comment
11628,2017,15_RP,new_vehicle_efficiency,ht,km_per_pj,road,freight,cng,all,yearly,national,['avg_eff_no_outliers $ transport_data_system_9th'],1,1775178058.548531,avg_eff_no_outliers $ transport_data_system_9th,136552158.349887,single_datapoint,no_comment
11629,2017,15_RP,turnover_rate,ht,%,road,freight,cng,all,yearly,national,"['manually_inputted_data $ guess', 'turnover_rate_est']",2,0.42,manually_inputted_data $ guess,0.03,manual,no_comment
11630,2018,15_RP,new_vehicle_efficiency,ht,km_per_pj,road,freight,cng,all,yearly,national,['avg_eff_no_outliers $ transport_data_system_9th'],1,1775178058.548531,avg_eff_no_outliers $ transport_data_system_9th,136552158.349887,single_datapoint,no_comment
11631,2018,15_RP,turnover_rate,ht,%,road,freight,cng,all,yearly,national,['manually_inputted_data $ guess'],1,0.42,manually_inputted_data $ guess,0.03,manual,no_comment
11632,2019,15_RP,new_vehicle_efficiency,ht,km_per_pj,road,freight,cng,all,yearly,national,['avg_eff_no_outliers $ transport_data_system_9th'],1,1775178058.548531,avg_eff_no_outliers $ transport_data_system_9th,136552158.349887,single_datapoint,no_comment
11633,2019,15_RP,turnover_rate,ht,%,road,freight,cng,all,yearly,national,['manually_inputted_data $ guess'],1,0.42,manually_inputted_data $ guess,0.03,manual,no_comment
11634,2020,15_RP,new_vehicle_efficiency,ht,km_per_pj,road,freight,cng,all,yearly,national,['avg_eff_no_outliers $ transport_data_system_9th'],1,1775178058.548531,avg_eff_no_outliers $ transport_data_system_9th,136552158.349887,single_datapoint,no_comment
11635,2020,15_RP,turnover_rate,ht,%,road,freight,cng,all,yearly,national,['manually_inputted_data $ guess'],1,0.42,manually_inputted_data $ guess,0.03,manual,no_comment
11636,2021,15_RP,new_vehicle_efficiency,ht,km_per_pj,road,freight,cng,all,yearly,national,['avg_eff_no_outliers $ transport_data_system_9th'],1,1775178058.548531,avg_eff_no_outliers $ transport_data_system_9th,136552158.349887,single_datapoint,no_comment
11637,2021,15_RP,turnover_rate,ht,%,road,freight,cng,all,yearly,national,['manually_inputted_data $ guess'],1,0.42,manually_inputted_data $ guess,0.03,manual,no_comment
11638,2022,15_RP,new_vehicle_efficiency,ht,km_per_pj,road,freight,cng,all,yearly,national,['avg_eff_no_outliers $ transport_data_system_9th'],1,1775178058.548531,avg_eff_no_outliers $ transport_data_system_9th,136552158.349887,single_datapoint,no_comment
11639,2022,15_RP,turnover_rate,ht,%,road,freight,cng,all,yearly,national,['manually_inputted_data $ guess'],1,0.42,manually_inputted_data $ guess,0.03,manual,no_comment
11640,2017,15_RP,turnover_rate,ht,%,road,freight,fcev,all,yearly,national,['turnover_rate_est'],1,0.03,turnover_rate_est,0.03,single_datapoint,no_comment
11641,2010,15_RP,new_vehicle_efficiency,ht,km_per_pj,road,freight,ice,all,yearly,national,['avg_eff_no_outliers $ transport_data_system_9th'],1,1058551713.3301452,avg_eff_no_outliers $ transport_data_system_9th,81427054.87154964,single_datapoint,no_comment
11642,2010,15_RP,turnover_rate,ht,%,road,freight,ice,all,yearly,national,['manually_inputted_data $ guess'],1,0.39,manually_inputted_data $ guess,0.03,single_datapoint,no_comment
11643,2011,15_RP,new_vehicle_efficiency,ht,km_per_pj,road,freight,ice,all,yearly,national,['avg_eff_no_outliers $ transport_data_system_9th'],1,1058551713.3301452,avg_eff_no_outliers $ transport_data_system_9th,81427054.87154964,single_datapoint,no_comment
11644,2011,15_RP,turnover_rate,ht,%,road,freight,ice,all,yearly,national,['manually_inputted_data $ guess'],1,0.39,manually_inputted_data $ guess,0.03,single_datapoint,no_comment
11645,2012,15_RP,new_vehicle_efficiency,ht,km_per_pj,road,freight,ice,all,yearly,national,['avg_eff_no_outliers $ transport_data_system_9th'],1,1058551713.3301452,avg_eff_no_outliers $ transport_data_system_9th,81427054.87154964,single_datapoint,no_comment
11646,2012,15_RP,turnover_rate,ht,%,road,freight,ice,all,yearly,national,['manually_inputted_data $ guess'],1,0.39,manually_inputted_data $ guess,0.03,single_datapoint,no_comment
11647,2013,15_RP,new_vehicle_efficiency,ht,km_per_pj,road,freight,ice,all,yearly,national,['avg_eff_no_outliers $ transport_data_system_9th'],1,1058551713.3301452,avg_eff_no_outliers $ transport_data_system_9th,81427054.87154964,single_datapoint,no_comment
11648,2013,15_RP,turnover_rate,ht,%,road,freight,ice,all,yearly,national,['manually_inputted_data $ guess'],1,0.39,manually_inputted_data $ guess,0.03,single_datapoint,no_comment
11649,2014,15_RP,new_vehicle_efficiency,ht,km_per_pj,road,freight,ice,all,yearly,national,['avg_eff_no_outliers $ transport_data_system_9th'],1,1058551713.3301452,avg_eff_no_outliers $ transport_data_system_9th,81427054.87154964,single_datapoint,no_comment
11650,2014,15_RP,turnover_rate,ht,%,road,freight,ice,all,yearly,national,['manually_inputted_data $ guess'],1,0.39,manually_inputted_data $ guess,0.03,single_datapoint,no_comment
11651,2015,15_RP,new_vehicle_efficiency,ht,km_per_pj,road,freight,ice,all,yearly,national,['avg_eff_no_outliers $ transport_data_system_9th'],1,1058551713.3301452,avg_eff_no_outliers $ transport_data_system_9th,81427054.87154964,single_datapoint,no_comment
11652,2015,15_RP,turnover_rate,ht,%,road,freight,ice,all,yearly,national,['manually_inputted_data $ guess'],1,0.39,manually_inputted_data $ guess,0.03,single_datapoint,no_comment
11653,2016,15_RP,new_vehicle_efficiency,ht,km_per_pj,road,freight,ice,all,yearly,national,['avg_eff_no_outliers $ transport_data_system_9th'],1,1058551713.3301452,avg_eff_no_outliers $ transport_data_system_9th,81427054.87154964,single_datapoint,no_comment
11654,2016,15_RP,turnover_rate,ht,%,road,freight,ice,all,yearly,national,['manually_inputted_data $ guess'],1,0.39,manually_inputted_data $ guess,0.03,single_datapoint,no_comment
11655,2017,15_RP,activity,ht,passenger_km_or_freight_tonne_km,road,freight,ice,all,yearly,national,['estimated $ calculate_energy_and_activity()'],1,278621718750.0,estimated $ calculate_energy_and_activity(),278621718750.0,single_datapoint,no_comment
11656,2017,15_RP,energy,ht,pj,road,freight,ice,all,yearly,national,['estimated $ calculate_energy_and_activity()'],1,701.8780188939744,estimated $ calculate_energy_and_activity(),701.8780188939744,single_datapoint,no_comment
11657,2017,15_RP,new_vehicle_efficiency,ht,km_per_pj,road,freight,ice,all,yearly,national,['avg_eff_no_outliers $ transport_data_system_9th'],1,1058551713.3301452,avg_eff_no_outliers $ transport_data_system_9th,81427054.87154964,single_datapoint,no_comment
11658,2017,15_RP,travel_km,ht,km,road,freight,ice,all,yearly,national,['estimated $ calculate_energy_and_activity()'],1,49532750000.0,estimated $ calculate_energy_and_activity(),49532750000.0,single_datapoint,no_comment
11659,2017,15_RP,turnover_rate,ht,%,road,freight,ice,all,yearly,national,['manually_inputted_data $ guess'],1,0.39,manually_inputted_data $ guess,0.03,single_datapoint,no_comment
11660,2018,15_RP,new_vehicle_efficiency,ht,km_per_pj,road,freight,ice,all,yearly,national,['avg_eff_no_outliers $ transport_data_system_9th'],1,1058551713.3301452,avg_eff_no_outliers $ transport_data_system_9th,81427054.87154964,single_datapoint,no_comment
11661,2018,15_RP,turnover_rate,ht,%,road,freight,ice,all,yearly,national,['manually_inputted_data $ guess'],1,0.39,manually_inputted_data $ guess,0.03,single_datapoint,no_comment
11662,2019,15_RP,new_vehicle_efficiency,ht,km_per_pj,road,freight,ice,all,yearly,national,['avg_eff_no_outliers $ transport_data_system_9th'],1,1058551713.3301452,avg_eff_no_outliers $ transport_data_system_9th,81427054.87154964,single_datapoint,no_comment
11663,2019,15_RP,turnover_rate,ht,%,road,freight,ice,all,yearly,national,['manually_inputted_data $ guess'],1,0.39,manually_inputted_data $ guess,0.03,single_datapoint,no_comment
11664,2020,15_RP,new_vehicle_efficiency,ht,km_per_pj,road,freight,ice,all,yearly,national,['avg_eff_no_outliers $ transport_data_system_9th'],1,1058551713.3301452,avg_eff_no_outliers $ transport_data_system_9th,81427054.87154964,single_datapoint,no_comment
11665,2020,15_RP,turnover_rate,ht,%,road,freight,ice,all,yearly,national,['manually_inputted_data $ guess'],1,0.39,manually_inputted_data $ guess,0.03,single_datapoint,no_comment
11666,2021,15_RP,new_vehicle_efficiency,ht,km_per_pj,road,freight,ice,all,yearly,national,['avg_eff_no_outliers $ transport_data_system_9th'],1,1058551713.3301452,avg_eff_no_outliers $ transport_data_system_9th,81427054.87154964,single_datapoint,no_comment
11667,2021,15_RP,turnover_rate,ht,%,road,freight,ice,all,yearly,national,['manually_inputted_data $ guess'],1,0.39,manually_inputted_data $ guess,0.03,single_datapoint,no_comment
11668,2022,15_RP,new_vehicle_efficiency,ht,km_per_pj,road,freight,ice,all,yearly,national,['avg_eff_no_outliers $ transport_data_system_9th'],1,1058551713.3301452,avg_eff_no_outliers $ transport_data_system_9th,81427054.87154964,single_datapoint,no_comment
11669,2022,15_RP,turnover_rate,ht,%,road,freight,ice,all,yearly,national,['manually_inputted_data $ guess'],1,0.39,manually_inputted_data $ guess,0.03,single_datapoint,no_comment
11670,2010,15_RP,new_vehicle_efficiency,ht,km_per_pj,road,freight,lpg,all,yearly,national,['avg_eff_no_outliers $ transport_data_system_9th'],1,1405649677.815799,avg_eff_no_outliers $ transport_data_system_9th,108126898.293523,single_datapoint,no_comment
11671,2010,15_RP,turnover_rate,ht,%,road,freight,lpg,all,yearly,national,['manually_inputted_data $ guess'],1,0.42,manually_inputted_data $ guess,0.03,manual,no_comment
11672,2011,15_RP,new_vehicle_efficiency,ht,km_per_pj,road,freight,lpg,all,yearly,national,['avg_eff_no_outliers $ transport_data_system_9th'],1,1405649677.815799,avg_eff_no_outliers $ transport_data_system_9th,108126898.293523,single_datapoint,no_comment
11673,2011,15_RP,turnover_rate,ht,%,road,freight,lpg,all,yearly,national,['manually_inputted_data $ guess'],1,0.42,manually_inputted_data $ guess,0.03,manual,no_comment
11674,2012,15_RP,new_vehicle_efficiency,ht,km_per_pj,road,freight,lpg,all,yearly,national,['avg_eff_no_outliers $ transport_data_system_9th'],1,1405649677.815799,avg_eff_no_outliers $ transport_data_system_9th,108126898.293523,single_datapoint,no_comment
11675,2012,15_RP,turnover_rate,ht,%,road,freight,lpg,all,yearly,national,['manually_inputted_data $ guess'],1,0.42,manually_inputted_data $ guess,0.03,manual,no_comment
11676,2013,15_RP,new_vehicle_efficiency,ht,km_per_pj,road,freight,lpg,all,yearly,national,['avg_eff_no_outliers $ transport_data_system_9th'],1,1405649677.815799,avg_eff_no_outliers $ transport_data_system_9th,108126898.293523,single_datapoint,no_comment
11677,2013,15_RP,turnover_rate,ht,%,road,freight,lpg,all,yearly,national,['manually_inputted_data $ guess'],1,0.42,manually_inputted_data $ guess,0.03,manual,no_comment
11678,2014,15_RP,new_vehicle_efficiency,ht,km_per_pj,road,freight,lpg,all,yearly,national,['avg_eff_no_outliers $ transport_data_system_9th'],1,1405649677.815799,avg_eff_no_outliers $ transport_data_system_9th,108126898.293523,single_datapoint,no_comment
11679,2014,15_RP,turnover_rate,ht,%,road,freight,lpg,all,yearly,national,['manually_inputted_data $ guess'],1,0.42,manually_inputted_data $ guess,0.03,manual,no_comment
11680,2015,15_RP,new_vehicle_efficiency,ht,km_per_pj,road,freight,lpg,all,yearly,national,['avg_eff_no_outliers $ transport_data_system_9th'],1,1405649677.815799,avg_eff_no_outliers $ transport_data_system_9th,108126898.293523,single_datapoint,no_comment
11681,2015,15_RP,turnover_rate,ht,%,road,freight,lpg,all,yearly,national,['manually_inputted_data $ guess'],1,0.42,manually_inputted_data $ guess,0.03,manual,no_comment
11682,2016,15_RP,new_vehicle_efficiency,ht,km_per_pj,road,freight,lpg,all,yearly,national,['avg_eff_no_outliers $ transport_data_system_9th'],1,1405649677.815799,avg_eff_no_outliers $ transport_data_system_9th,108126898.293523,single_datapoint,no_comment
11683,2016,15_RP,turnover_rate,ht,%,road,freight,lpg,all,yearly,national,['manually_inputted_data $ guess'],1,0.42,manually_inputted_data $ guess,0.03,manual,no_comment
11684,2017,15_RP,new_vehicle_efficiency,ht,km_per_pj,road,freight,lpg,all,yearly,national,['avg_eff_no_outliers $ transport_data_system_9th'],1,1405649677.815799,avg_eff_no_outliers $ transport_data_system_9th,108126898.293523,single_datapoint,no_comment
11685,2017,15_RP,turnover_rate,ht,%,road,freight,lpg,all,yearly,national,"['manually_inputted_data $ guess', 'turnover_rate_est']",2,0.42,manually_inputted_data $ guess,0.03,manual,no_comment
11686,2018,15_RP,new_vehicle_efficiency,ht,km_per_pj,road,freight,lpg,all,yearly,national,['avg_eff_no_outliers $ transport_data_system_9th'],1,1405649677.815799,avg_eff_no_outliers $ transport_data_system_9th,108126898.293523,single_datapoint,no_comment
11687,2018,15_RP,turnover_rate,ht,%,road,freight,lpg,all,yearly,national,['manually_inputted_data $ guess'],1,0.42,manually_inputted_data $ guess,0.03,manual,no_comment
11688,2019,15_RP,new_vehicle_efficiency,ht,km_per_pj,road,freight,lpg,all,yearly,national,['avg_eff_no_outliers $ transport_data_system_9th'],1,1405649677.815799,avg_eff_no_outliers $ transport_data_system_9th,108126898.293523,single_datapoint,no_comment
11689,2019,15_RP,turnover_rate,ht,%,road,freight,lpg,all,yearly,national,['manually_inputted_data $ guess'],1,0.42,manually_inputted_data $ guess,0.03,manual,no_comment
11690,2020,15_RP,new_vehicle_efficiency,ht,km_per_pj,road,freight,lpg,all,yearly,national,['avg_eff_no_outliers $ transport_data_system_9th'],1,1405649677.815799,avg_eff_no_outliers $ transport_data_system_9th,108126898.293523,single_datapoint,no_comment
11691,2020,15_RP,turnover_rate,ht,%,road,freight,lpg,all,yearly,national,['manually_inputted_data $ guess'],1,0.42,manually_inputted_data $ guess,0.03,manual,no_comment
11692,2021,15_RP,new_vehicle_efficiency,ht,km_per_pj,road,freight,lpg,all,yearly,national,['avg_eff_no_outliers $ transport_data_system_9th'],1,1405649677.815799,avg_eff_no_outliers $ transport_data_system_9th,108126898.293523,single_datapoint,no_comment
11693,2021,15_RP,turnover_rate,ht,%,road,freight,lpg,all,yearly,national,['manually_inputted_data $ guess'],1,0.42,manually_inputted_data $ guess,0.03,manual,no_comment
11694,2022,15_RP,new_vehicle_efficiency,ht,km_per_pj,road,freight,lpg,all,yearly,national,['avg_eff_no_outliers $ transport_data_system_9th'],1,1405649677.815799,avg_eff_no_outliers $ transport_data_system_9th,108126898.293523,single_datapoint,no_comment
11695,2022,15_RP,turnover_rate,ht,%,road,freight,lpg,all,yearly,national,['manually_inputted_data $ guess'],1,0.42,manually_inputted_data $ guess,0.03,manual,no_comment
11696,2010,15_RP,new_vehicle_efficiency,ldv,km_per_pj,road,freight,bev,all,yearly,national,['avg_eff_no_outliers $ transport_data_system_9th'],1,7200566335.010296,avg_eff_no_outliers $ transport_data_system_9th,553889718.077715,single_datapoint,no_comment
11697,2010,15_RP,new_vehicle_efficiency,ldv,km_per_pj,road,passenger,bev,all,yearly,national,['avg_eff_no_outliers $ transport_data_system_9th'],1,9901716082.423439,avg_eff_no_outliers $ transport_data_system_9th,761670467.878726,single_datapoint,no_comment
11698,2010,15_RP,turnover_rate,ldv,%,road,freight,bev,all,yearly,national,['manually_inputted_data $ guess'],1,0.42,manually_inputted_data $ guess,0.03,manual,no_comment
11699,2010,15_RP,turnover_rate,ldv,%,road,passenger,bev,all,yearly,national,['manually_inputted_data $ guess'],1,0.42,manually_inputted_data $ guess,0.03,manual,no_comment
11700,2011,15_RP,new_vehicle_efficiency,ldv,km_per_pj,road,freight,bev,all,yearly,national,['avg_eff_no_outliers $ transport_data_system_9th'],1,7200566335.010296,avg_eff_no_outliers $ transport_data_system_9th,553889718.077715,single_datapoint,no_comment
11701,2011,15_RP,new_vehicle_efficiency,ldv,km_per_pj,road,passenger,bev,all,yearly,national,['avg_eff_no_outliers $ transport_data_system_9th'],1,9901716082.423439,avg_eff_no_outliers $ transport_data_system_9th,761670467.878726,single_datapoint,no_comment
11702,2011,15_RP,turnover_rate,ldv,%,road,freight,bev,all,yearly,national,['manually_inputted_data $ guess'],1,0.42,manually_inputted_data $ guess,0.03,manual,no_comment
11703,2011,15_RP,turnover_rate,ldv,%,road,passenger,bev,all,yearly,national,['manually_inputted_data $ guess'],1,0.42,manually_inputted_data $ guess,0.03,manual,no_comment
11704,2012,15_RP,new_vehicle_efficiency,ldv,km_per_pj,road,freight,bev,all,yearly,national,['avg_eff_no_outliers $ transport_data_system_9th'],1,7200566335.010296,avg_eff_no_outliers $ transport_data_system_9th,553889718.077715,single_datapoint,no_comment
11705,2012,15_RP,new_vehicle_efficiency,ldv,km_per_pj,road,passenger,bev,all,yearly,national,['avg_eff_no_outliers $ transport_data_system_9th'],1,9901716082.423439,avg_eff_no_outliers $ transport_data_system_9th,761670467.878726,single_datapoint,no_comment
11706,2012,15_RP,turnover_rate,ldv,%,road,freight,bev,all,yearly,national,['manually_inputted_data $ guess'],1,0.42,manually_inputted_data $ guess,0.03,manual,no_comment
11707,2012,15_RP,turnover_rate,ldv,%,road,passenger,bev,all,yearly,national,['manually_inputted_data $ guess'],1,0.42,manually_inputted_data $ guess,0.03,manual,no_comment
11708,2013,15_RP,new_vehicle_efficiency,ldv,km_per_pj,road,freight,bev,all,yearly,national,['avg_eff_no_outliers $ transport_data_system_9th'],1,7200566335.010296,avg_eff_no_outliers $ transport_data_system_9th,553889718.077715,single_datapoint,no_comment
11709,2013,15_RP,new_vehicle_efficiency,ldv,km_per_pj,road,passenger,bev,all,yearly,national,['avg_eff_no_outliers $ transport_data_system_9th'],1,9901716082.423439,avg_eff_no_outliers $ transport_data_system_9th,761670467.878726,single_datapoint,no_comment
11710,2013,15_RP,turnover_rate,ldv,%,road,freight,bev,all,yearly,national,['manually_inputted_data $ guess'],1,0.42,manually_inputted_data $ guess,0.03,manual,no_comment
11711,2013,15_RP,turnover_rate,ldv,%,road,passenger,bev,all,yearly,national,['manually_inputted_data $ guess'],1,0.42,manually_inputted_data $ guess,0.03,manual,no_comment
11712,2014,15_RP,new_vehicle_efficiency,ldv,km_per_pj,road,freight,bev,all,yearly,national,['avg_eff_no_outliers $ transport_data_system_9th'],1,7200566335.010296,avg_eff_no_outliers $ transport_data_system_9th,553889718.077715,single_datapoint,no_comment
11713,2014,15_RP,new_vehicle_efficiency,ldv,km_per_pj,road,passenger,bev,all,yearly,national,['avg_eff_no_outliers $ transport_data_system_9th'],1,9901716082.423439,avg_eff_no_outliers $ transport_data_system_9th,761670467.878726,single_datapoint,no_comment
11714,2014,15_RP,turnover_rate,ldv,%,road,freight,bev,all,yearly,national,['manually_inputted_data $ guess'],1,0.42,manually_inputted_data $ guess,0.03,manual,no_comment
11715,2014,15_RP,turnover_rate,ldv,%,road,passenger,bev,all,yearly,national,['manually_inputted_data $ guess'],1,0.42,manually_inputted_data $ guess,0.03,manual,no_comment
11716,2015,15_RP,new_vehicle_efficiency,ldv,km_per_pj,road,freight,bev,all,yearly,national,['avg_eff_no_outliers $ transport_data_system_9th'],1,7200566335.010296,avg_eff_no_outliers $ transport_data_system_9th,553889718.077715,single_datapoint,no_comment
11717,2015,15_RP,new_vehicle_efficiency,ldv,km_per_pj,road,passenger,bev,all,yearly,national,['avg_eff_no_outliers $ transport_data_system_9th'],1,9901716082.423439,avg_eff_no_outliers $ transport_data_system_9th,761670467.878726,single_datapoint,no_comment
11718,2015,15_RP,turnover_rate,ldv,%,road,freight,bev,all,yearly,national,['manually_inputted_data $ guess'],1,0.42,manually_inputted_data $ guess,0.03,manual,no_comment
11719,2015,15_RP,turnover_rate,ldv,%,road,passenger,bev,all,yearly,national,['manually_inputted_data $ guess'],1,0.42,manually_inputted_data $ guess,0.03,manual,no_comment
11720,2016,15_RP,new_vehicle_efficiency,ldv,km_per_pj,road,freight,bev,all,yearly,national,['avg_eff_no_outliers $ transport_data_system_9th'],1,7200566335.010296,avg_eff_no_outliers $ transport_data_system_9th,553889718.077715,single_datapoint,no_comment
11721,2016,15_RP,new_vehicle_efficiency,ldv,km_per_pj,road,passenger,bev,all,yearly,national,['avg_eff_no_outliers $ transport_data_system_9th'],1,9901716082.423439,avg_eff_no_outliers $ transport_data_system_9th,761670467.878726,single_datapoint,no_comment
11722,2016,15_RP,turnover_rate,ldv,%,road,freight,bev,all,yearly,national,['manually_inputted_data $ guess'],1,0.42,manually_inputted_data $ guess,0.03,manual,no_comment
11723,2016,15_RP,turnover_rate,ldv,%,road,passenger,bev,all,yearly,national,['manually_inputted_data $ guess'],1,0.42,manually_inputted_data $ guess,0.03,manual,no_comment
11724,2017,15_RP,activity,ldv,passenger_km_or_freight_tonne_km,road,freight,bev,all,yearly,national,"['8th_edition_transport_model $ reference', 'estimated $ calculate_energy_and_activity()']",2,140071.6,8th_edition_transport_model $ reference,96271.6,manual,no_comment
11725,2017,15_RP,activity,ldv,passenger_km_or_freight_tonne_km,road,passenger,bev,all,yearly,national,"['8th_edition_transport_model $ reference', 'estimated $ calculate_energy_and_activity()']",2,5151426.0,8th_edition_transport_model $ reference,3216426.0,manual,no_comment
11726,2017,15_RP,energy,ldv,pj,road,freight,bev,all,yearly,national,"['8th_edition_transport_model $ reference', 'estimated $ calculate_energy_and_activity()']",2,0.0007436091717771971,estimated $ calculate_energy_and_activity(),0.00013629657294429707,manual,no_comment
11727,2017,15_RP,energy,ldv,pj,road,passenger,bev,all,yearly,national,"['8th_edition_transport_model $ reference', 'estimated $ calculate_energy_and_activity()']",2,0.003780090838363477,8th_edition_transport_model $ reference,0.0027205539464153,manual,no_comment
11728,2017,15_RP,new_vehicle_efficiency,ldv,km_per_pj,road,freight,bev,all,yearly,national,['avg_eff_no_outliers $ transport_data_system_9th'],1,7200566335.010296,avg_eff_no_outliers $ transport_data_system_9th,553889718.077715,single_datapoint,no_comment
11729,2017,15_RP,new_vehicle_efficiency,ldv,km_per_pj,road,passenger,bev,all,yearly,national,['avg_eff_no_outliers $ transport_data_system_9th'],1,9901716082.423439,avg_eff_no_outliers $ transport_data_system_9th,761670467.878726,single_datapoint,no_comment
11730,2017,15_RP,travel_km,ldv,km,road,freight,bev,all,yearly,national,['estimated $ calculate_energy_and_activity()'],1,120000.0,estimated $ calculate_energy_and_activity(),120000.0,single_datapoint,no_comment
11731,2017,15_RP,travel_km,ldv,km,road,passenger,bev,all,yearly,national,['estimated $ calculate_energy_and_activity()'],1,1290000.0,estimated $ calculate_energy_and_activity(),1290000.0,single_datapoint,no_comment
11732,2017,15_RP,turnover_rate,ldv,%,road,freight,bev,all,yearly,national,"['manually_inputted_data $ guess', 'turnover_rate_est']",2,0.42,manually_inputted_data $ guess,0.03,manual,no_comment
11733,2017,15_RP,turnover_rate,ldv,%,road,passenger,bev,all,yearly,national,"['manually_inputted_data $ guess', 'turnover_rate_est']",2,0.42,manually_inputted_data $ guess,0.03,manual,no_comment
11734,2018,15_RP,new_vehicle_efficiency,ldv,km_per_pj,road,freight,bev,all,yearly,national,['avg_eff_no_outliers $ transport_data_system_9th'],1,7200566335.010296,avg_eff_no_outliers $ transport_data_system_9th,553889718.077715,single_datapoint,no_comment
11735,2018,15_RP,new_vehicle_efficiency,ldv,km_per_pj,road,passenger,bev,all,yearly,national,['avg_eff_no_outliers $ transport_data_system_9th'],1,9901716082.423439,avg_eff_no_outliers $ transport_data_system_9th,761670467.878726,single_datapoint,no_comment
11736,2018,15_RP,turnover_rate,ldv,%,road,freight,bev,all,yearly,national,['manually_inputted_data $ guess'],1,0.42,manually_inputted_data $ guess,0.03,manual,no_comment
11737,2018,15_RP,turnover_rate,ldv,%,road,passenger,bev,all,yearly,national,['manually_inputted_data $ guess'],1,0.42,manually_inputted_data $ guess,0.03,manual,no_comment
11738,2019,15_RP,new_vehicle_efficiency,ldv,km_per_pj,road,freight,bev,all,yearly,national,['avg_eff_no_outliers $ transport_data_system_9th'],1,7200566335.010296,avg_eff_no_outliers $ transport_data_system_9th,553889718.077715,single_datapoint,no_comment
11739,2019,15_RP,new_vehicle_efficiency,ldv,km_per_pj,road,passenger,bev,all,yearly,national,['avg_eff_no_outliers $ transport_data_system_9th'],1,9901716082.423439,avg_eff_no_outliers $ transport_data_system_9th,761670467.878726,single_datapoint,no_comment
11740,2019,15_RP,turnover_rate,ldv,%,road,freight,bev,all,yearly,national,['manually_inputted_data $ guess'],1,0.42,manually_inputted_data $ guess,0.03,manual,no_comment
11741,2019,15_RP,turnover_rate,ldv,%,road,passenger,bev,all,yearly,national,['manually_inputted_data $ guess'],1,0.42,manually_inputted_data $ guess,0.03,manual,no_comment
11742,2020,15_RP,new_vehicle_efficiency,ldv,km_per_pj,road,freight,bev,all,yearly,national,['avg_eff_no_outliers $ transport_data_system_9th'],1,7200566335.010296,avg_eff_no_outliers $ transport_data_system_9th,553889718.077715,single_datapoint,no_comment
11743,2020,15_RP,new_vehicle_efficiency,ldv,km_per_pj,road,passenger,bev,all,yearly,national,['avg_eff_no_outliers $ transport_data_system_9th'],1,9901716082.423439,avg_eff_no_outliers $ transport_data_system_9th,761670467.878726,single_datapoint,no_comment
11744,2020,15_RP,turnover_rate,ldv,%,road,freight,bev,all,yearly,national,['manually_inputted_data $ guess'],1,0.42,manually_inputted_data $ guess,0.03,manual,no_comment
11745,2020,15_RP,turnover_rate,ldv,%,road,passenger,bev,all,yearly,national,['manually_inputted_data $ guess'],1,0.42,manually_inputted_data $ guess,0.03,manual,no_comment
11746,2021,15_RP,new_vehicle_efficiency,ldv,km_per_pj,road,freight,bev,all,yearly,national,['avg_eff_no_outliers $ transport_data_system_9th'],1,7200566335.010296,avg_eff_no_outliers $ transport_data_system_9th,553889718.077715,single_datapoint,no_comment
11747,2021,15_RP,new_vehicle_efficiency,ldv,km_per_pj,road,passenger,bev,all,yearly,national,['avg_eff_no_outliers $ transport_data_system_9th'],1,9901716082.423439,avg_eff_no_outliers $ transport_data_system_9th,761670467.878726,single_datapoint,no_comment
11748,2021,15_RP,turnover_rate,ldv,%,road,freight,bev,all,yearly,national,['manually_inputted_data $ guess'],1,0.42,manually_inputted_data $ guess,0.03,manual,no_comment
11749,2021,15_RP,turnover_rate,ldv,%,road,passenger,bev,all,yearly,national,['manually_inputted_data $ guess'],1,0.42,manually_inputted_data $ guess,0.03,manual,no_comment
11750,2022,15_RP,new_vehicle_efficiency,ldv,km_per_pj,road,freight,bev,all,yearly,national,['avg_eff_no_outliers $ transport_data_system_9th'],1,7200566335.010296,avg_eff_no_outliers $ transport_data_system_9th,553889718.077715,single_datapoint,no_comment
11751,2022,15_RP,new_vehicle_efficiency,ldv,km_per_pj,road,passenger,bev,all,yearly,national,['avg_eff_no_outliers $ transport_data_system_9th'],1,9901716082.423439,avg_eff_no_outliers $ transport_data_system_9th,761670467.878726,single_datapoint,no_comment
11752,2022,15_RP,turnover_rate,ldv,%,road,freight,bev,all,yearly,national,['manually_inputted_data $ guess'],1,0.42,manually_inputted_data $ guess,0.03,manual,no_comment
11753,2022,15_RP,turnover_rate,ldv,%,road,passenger,bev,all,yearly,national,['manually_inputted_data $ guess'],1,0.42,manually_inputted_data $ guess,0.03,manual,no_comment
11754,2010,15_RP,new_vehicle_efficiency,ldv,km_per_pj,road,freight,cng,all,yearly,national,['avg_eff_no_outliers $ transport_data_system_9th'],1,7214767129.708009,avg_eff_no_outliers $ transport_data_system_9th,554982086.900616,single_datapoint,no_comment
11755,2010,15_RP,new_vehicle_efficiency,ldv,km_per_pj,road,passenger,cng,all,yearly,national,['avg_eff_no_outliers $ transport_data_system_9th'],1,5429169522.90635,avg_eff_no_outliers $ transport_data_system_9th,417628424.83895,single_datapoint,no_comment
11756,2010,15_RP,turnover_rate,ldv,%,road,freight,cng,all,yearly,national,['manually_inputted_data $ guess'],1,0.42,manually_inputted_data $ guess,0.03,manual,no_comment
11757,2010,15_RP,turnover_rate,ldv,%,road,passenger,cng,all,yearly,national,['manually_inputted_data $ guess'],1,0.42,manually_inputted_data $ guess,0.03,manual,no_comment
11758,2011,15_RP,new_vehicle_efficiency,ldv,km_per_pj,road,freight,cng,all,yearly,national,['avg_eff_no_outliers $ transport_data_system_9th'],1,7214767129.708009,avg_eff_no_outliers $ transport_data_system_9th,554982086.900616,single_datapoint,no_comment
11759,2011,15_RP,new_vehicle_efficiency,ldv,km_per_pj,road,passenger,cng,all,yearly,national,['avg_eff_no_outliers $ transport_data_system_9th'],1,5429169522.90635,avg_eff_no_outliers $ transport_data_system_9th,417628424.83895,single_datapoint,no_comment
11760,2011,15_RP,turnover_rate,ldv,%,road,freight,cng,all,yearly,national,['manually_inputted_data $ guess'],1,0.42,manually_inputted_data $ guess,0.03,manual,no_comment
11761,2011,15_RP,turnover_rate,ldv,%,road,passenger,cng,all,yearly,national,['manually_inputted_data $ guess'],1,0.42,manually_inputted_data $ guess,0.03,manual,no_comment
11762,2012,15_RP,new_vehicle_efficiency,ldv,km_per_pj,road,freight,cng,all,yearly,national,['avg_eff_no_outliers $ transport_data_system_9th'],1,7214767129.708009,avg_eff_no_outliers $ transport_data_system_9th,554982086.900616,single_datapoint,no_comment
11763,2012,15_RP,new_vehicle_efficiency,ldv,km_per_pj,road,passenger,cng,all,yearly,national,['avg_eff_no_outliers $ transport_data_system_9th'],1,5429169522.90635,avg_eff_no_outliers $ transport_data_system_9th,417628424.83895,single_datapoint,no_comment
11764,2012,15_RP,turnover_rate,ldv,%,road,freight,cng,all,yearly,national,['manually_inputted_data $ guess'],1,0.42,manually_inputted_data $ guess,0.03,manual,no_comment
11765,2012,15_RP,turnover_rate,ldv,%,road,passenger,cng,all,yearly,national,['manually_inputted_data $ guess'],1,0.42,manually_inputted_data $ guess,0.03,manual,no_comment
11766,2013,15_RP,new_vehicle_efficiency,ldv,km_per_pj,road,freight,cng,all,yearly,national,['avg_eff_no_outliers $ transport_data_system_9th'],1,7214767129.708009,avg_eff_no_outliers $ transport_data_system_9th,554982086.900616,single_datapoint,no_comment
11767,2013,15_RP,new_vehicle_efficiency,ldv,km_per_pj,road,passenger,cng,all,yearly,national,['avg_eff_no_outliers $ transport_data_system_9th'],1,5429169522.90635,avg_eff_no_outliers $ transport_data_system_9th,417628424.83895,single_datapoint,no_comment
11768,2013,15_RP,turnover_rate,ldv,%,road,freight,cng,all,yearly,national,['manually_inputted_data $ guess'],1,0.42,manually_inputted_data $ guess,0.03,manual,no_comment
11769,2013,15_RP,turnover_rate,ldv,%,road,passenger,cng,all,yearly,national,['manually_inputted_data $ guess'],1,0.42,manually_inputted_data $ guess,0.03,manual,no_comment
11770,2014,15_RP,new_vehicle_efficiency,ldv,km_per_pj,road,freight,cng,all,yearly,national,['avg_eff_no_outliers $ transport_data_system_9th'],1,7214767129.708009,avg_eff_no_outliers $ transport_data_system_9th,554982086.900616,single_datapoint,no_comment
11771,2014,15_RP,new_vehicle_efficiency,ldv,km_per_pj,road,passenger,cng,all,yearly,national,['avg_eff_no_outliers $ transport_data_system_9th'],1,5429169522.90635,avg_eff_no_outliers $ transport_data_system_9th,417628424.83895,single_datapoint,no_comment
11772,2014,15_RP,turnover_rate,ldv,%,road,freight,cng,all,yearly,national,['manually_inputted_data $ guess'],1,0.42,manually_inputted_data $ guess,0.03,manual,no_comment
11773,2014,15_RP,turnover_rate,ldv,%,road,passenger,cng,all,yearly,national,['manually_inputted_data $ guess'],1,0.42,manually_inputted_data $ guess,0.03,manual,no_comment
11774,2015,15_RP,new_vehicle_efficiency,ldv,km_per_pj,road,freight,cng,all,yearly,national,['avg_eff_no_outliers $ transport_data_system_9th'],1,7214767129.708009,avg_eff_no_outliers $ transport_data_system_9th,554982086.900616,single_datapoint,no_comment
11775,2015,15_RP,new_vehicle_efficiency,ldv,km_per_pj,road,passenger,cng,all,yearly,national,['avg_eff_no_outliers $ transport_data_system_9th'],1,5429169522.90635,avg_eff_no_outliers $ transport_data_system_9th,417628424.83895,single_datapoint,no_comment
11776,2015,15_RP,turnover_rate,ldv,%,road,freight,cng,all,yearly,national,['manually_inputted_data $ guess'],1,0.42,manually_inputted_data $ guess,0.03,manual,no_comment
11777,2015,15_RP,turnover_rate,ldv,%,road,passenger,cng,all,yearly,national,['manually_inputted_data $ guess'],1,0.42,manually_inputted_data $ guess,0.03,manual,no_comment
11778,2016,15_RP,new_vehicle_efficiency,ldv,km_per_pj,road,freight,cng,all,yearly,national,['avg_eff_no_outliers $ transport_data_system_9th'],1,7214767129.708009,avg_eff_no_outliers $ transport_data_system_9th,554982086.900616,single_datapoint,no_comment
11779,2016,15_RP,new_vehicle_efficiency,ldv,km_per_pj,road,passenger,cng,all,yearly,national,['avg_eff_no_outliers $ transport_data_system_9th'],1,5429169522.90635,avg_eff_no_outliers $ transport_data_system_9th,417628424.83895,single_datapoint,no_comment
11780,2016,15_RP,turnover_rate,ldv,%,road,freight,cng,all,yearly,national,['manually_inputted_data $ guess'],1,0.42,manually_inputted_data $ guess,0.03,manual,no_comment
11781,2016,15_RP,turnover_rate,ldv,%,road,passenger,cng,all,yearly,national,['manually_inputted_data $ guess'],1,0.42,manually_inputted_data $ guess,0.03,manual,no_comment
11782,2017,15_RP,new_vehicle_efficiency,ldv,km_per_pj,road,freight,cng,all,yearly,national,['avg_eff_no_outliers $ transport_data_system_9th'],1,7214767129.708009,avg_eff_no_outliers $ transport_data_system_9th,554982086.900616,single_datapoint,no_comment
11783,2017,15_RP,new_vehicle_efficiency,ldv,km_per_pj,road,passenger,cng,all,yearly,national,['avg_eff_no_outliers $ transport_data_system_9th'],1,5429169522.90635,avg_eff_no_outliers $ transport_data_system_9th,417628424.83895,single_datapoint,no_comment
11784,2017,15_RP,turnover_rate,ldv,%,road,freight,cng,all,yearly,national,"['manually_inputted_data $ guess', 'turnover_rate_est']",2,0.42,manually_inputted_data $ guess,0.03,manual,no_comment
11785,2017,15_RP,turnover_rate,ldv,%,road,passenger,cng,all,yearly,national,"['manually_inputted_data $ guess', 'turnover_rate_est']",2,0.42,manually_inputted_data $ guess,0.03,manual,no_comment
11786,2018,15_RP,new_vehicle_efficiency,ldv,km_per_pj,road,freight,cng,all,yearly,national,['avg_eff_no_outliers $ transport_data_system_9th'],1,7214767129.708009,avg_eff_no_outliers $ transport_data_system_9th,554982086.900616,single_datapoint,no_comment
11787,2018,15_RP,new_vehicle_efficiency,ldv,km_per_pj,road,passenger,cng,all,yearly,national,['avg_eff_no_outliers $ transport_data_system_9th'],1,5429169522.90635,avg_eff_no_outliers $ transport_data_system_9th,417628424.83895,single_datapoint,no_comment
11788,2018,15_RP,turnover_rate,ldv,%,road,freight,cng,all,yearly,national,['manually_inputted_data $ guess'],1,0.42,manually_inputted_data $ guess,0.03,manual,no_comment
11789,2018,15_RP,turnover_rate,ldv,%,road,passenger,cng,all,yearly,national,['manually_inputted_data $ guess'],1,0.42,manually_inputted_data $ guess,0.03,manual,no_comment
11790,2019,15_RP,new_vehicle_efficiency,ldv,km_per_pj,road,freight,cng,all,yearly,national,['avg_eff_no_outliers $ transport_data_system_9th'],1,7214767129.708009,avg_eff_no_outliers $ transport_data_system_9th,554982086.900616,single_datapoint,no_comment
11791,2019,15_RP,new_vehicle_efficiency,ldv,km_per_pj,road,passenger,cng,all,yearly,national,['avg_eff_no_outliers $ transport_data_system_9th'],1,5429169522.90635,avg_eff_no_outliers $ transport_data_system_9th,417628424.83895,single_datapoint,no_comment
11792,2019,15_RP,turnover_rate,ldv,%,road,freight,cng,all,yearly,national,['manually_inputted_data $ guess'],1,0.42,manually_inputted_data $ guess,0.03,manual,no_comment
11793,2019,15_RP,turnover_rate,ldv,%,road,passenger,cng,all,yearly,national,['manually_inputted_data $ guess'],1,0.42,manually_inputted_data $ guess,0.03,manual,no_comment
11794,2020,15_RP,new_vehicle_efficiency,ldv,km_per_pj,road,freight,cng,all,yearly,national,['avg_eff_no_outliers $ transport_data_system_9th'],1,7214767129.708009,avg_eff_no_outliers $ transport_data_system_9th,554982086.900616,single_datapoint,no_comment
11795,2020,15_RP,new_vehicle_efficiency,ldv,km_per_pj,road,passenger,cng,all,yearly,national,['avg_eff_no_outliers $ transport_data_system_9th'],1,5429169522.90635,avg_eff_no_outliers $ transport_data_system_9th,417628424.83895,single_datapoint,no_comment
11796,2020,15_RP,turnover_rate,ldv,%,road,freight,cng,all,yearly,national,['manually_inputted_data $ guess'],1,0.42,manually_inputted_data $ guess,0.03,manual,no_comment
11797,2020,15_RP,turnover_rate,ldv,%,road,passenger,cng,all,yearly,national,['manually_inputted_data $ guess'],1,0.42,manually_inputted_data $ guess,0.03,manual,no_comment
11798,2021,15_RP,new_vehicle_efficiency,ldv,km_per_pj,road,freight,cng,all,yearly,national,['avg_eff_no_outliers $ transport_data_system_9th'],1,7214767129.708009,avg_eff_no_outliers $ transport_data_system_9th,554982086.900616,single_datapoint,no_comment
11799,2021,15_RP,new_vehicle_efficiency,ldv,km_per_pj,road,passenger,cng,all,yearly,national,['avg_eff_no_outliers $ transport_data_system_9th'],1,5429169522.90635,avg_eff_no_outliers $ transport_data_system_9th,417628424.83895,single_datapoint,no_comment
11800,2021,15_RP,turnover_rate,ldv,%,road,freight,cng,all,yearly,national,['manually_inputted_data $ guess'],1,0.42,manually_inputted_data $ guess,0.03,manual,no_comment
11801,2021,15_RP,turnover_rate,ldv,%,road,passenger,cng,all,yearly,national,['manually_inputted_data $ guess'],1,0.42,manually_inputted_data $ guess,0.03,manual,no_comment
11802,2022,15_RP,new_vehicle_efficiency,ldv,km_per_pj,road,freight,cng,all,yearly,national,['avg_eff_no_outliers $ transport_data_system_9th'],1,7214767129.708009,avg_eff_no_outliers $ transport_data_system_9th,554982086.900616,single_datapoint,no_comment
11803,2022,15_RP,new_vehicle_efficiency,ldv,km_per_pj,road,passenger,cng,all,yearly,national,['avg_eff_no_outliers $ transport_data_system_9th'],1,5429169522.90635,avg_eff_no_outliers $ transport_data_system_9th,417628424.83895,single_datapoint,no_comment
11804,2022,15_RP,turnover_rate,ldv,%,road,freight,cng,all,yearly,national,['manually_inputted_data $ guess'],1,0.42,manually_inputted_data $ guess,0.03,manual,no_comment
11805,2022,15_RP,turnover_rate,ldv,%,road,passenger,cng,all,yearly,national,['manually_inputted_data $ guess'],1,0.42,manually_inputted_data $ guess,0.03,manual,no_comment
11806,2010,15_RP,new_vehicle_efficiency,ldv,km_per_pj,road,passenger,fcev,all,yearly,national,['avg_eff_no_outliers $ transport_data_system_9th'],1,1469603353.601357,avg_eff_no_outliers $ transport_data_system_9th,113046411.815489,single_datapoint,no_comment
11807,2010,15_RP,turnover_rate,ldv,%,road,passenger,fcev,all,yearly,national,['manually_inputted_data $ guess'],1,0.42,manually_inputted_data $ guess,0.03,manual,no_comment
11808,2011,15_RP,new_vehicle_efficiency,ldv,km_per_pj,road,passenger,fcev,all,yearly,national,['avg_eff_no_outliers $ transport_data_system_9th'],1,1469603353.601357,avg_eff_no_outliers $ transport_data_system_9th,113046411.815489,single_datapoint,no_comment
11809,2011,15_RP,turnover_rate,ldv,%,road,passenger,fcev,all,yearly,national,['manually_inputted_data $ guess'],1,0.42,manually_inputted_data $ guess,0.03,manual,no_comment
11810,2012,15_RP,new_vehicle_efficiency,ldv,km_per_pj,road,passenger,fcev,all,yearly,national,['avg_eff_no_outliers $ transport_data_system_9th'],1,1469603353.601357,avg_eff_no_outliers $ transport_data_system_9th,113046411.815489,single_datapoint,no_comment
11811,2012,15_RP,turnover_rate,ldv,%,road,passenger,fcev,all,yearly,national,['manually_inputted_data $ guess'],1,0.42,manually_inputted_data $ guess,0.03,manual,no_comment
11812,2013,15_RP,new_vehicle_efficiency,ldv,km_per_pj,road,passenger,fcev,all,yearly,national,['avg_eff_no_outliers $ transport_data_system_9th'],1,1469603353.601357,avg_eff_no_outliers $ transport_data_system_9th,113046411.815489,single_datapoint,no_comment
11813,2013,15_RP,turnover_rate,ldv,%,road,passenger,fcev,all,yearly,national,['manually_inputted_data $ guess'],1,0.42,manually_inputted_data $ guess,0.03,manual,no_comment
11814,2014,15_RP,new_vehicle_efficiency,ldv,km_per_pj,road,passenger,fcev,all,yearly,national,['avg_eff_no_outliers $ transport_data_system_9th'],1,1469603353.601357,avg_eff_no_outliers $ transport_data_system_9th,113046411.815489,single_datapoint,no_comment
11815,2014,15_RP,turnover_rate,ldv,%,road,passenger,fcev,all,yearly,national,['manually_inputted_data $ guess'],1,0.42,manually_inputted_data $ guess,0.03,manual,no_comment
11816,2015,15_RP,new_vehicle_efficiency,ldv,km_per_pj,road,passenger,fcev,all,yearly,national,['avg_eff_no_outliers $ transport_data_system_9th'],1,1469603353.601357,avg_eff_no_outliers $ transport_data_system_9th,113046411.815489,single_datapoint,no_comment
11817,2015,15_RP,turnover_rate,ldv,%,road,passenger,fcev,all,yearly,national,['manually_inputted_data $ guess'],1,0.42,manually_inputted_data $ guess,0.03,manual,no_comment
11818,2016,15_RP,new_vehicle_efficiency,ldv,km_per_pj,road,passenger,fcev,all,yearly,national,['avg_eff_no_outliers $ transport_data_system_9th'],1,1469603353.601357,avg_eff_no_outliers $ transport_data_system_9th,113046411.815489,single_datapoint,no_comment
11819,2016,15_RP,turnover_rate,ldv,%,road,passenger,fcev,all,yearly,national,['manually_inputted_data $ guess'],1,0.42,manually_inputted_data $ guess,0.03,manual,no_comment
11820,2017,15_RP,new_vehicle_efficiency,ldv,km_per_pj,road,passenger,fcev,all,yearly,national,['avg_eff_no_outliers $ transport_data_system_9th'],1,1469603353.601357,avg_eff_no_outliers $ transport_data_system_9th,113046411.815489,single_datapoint,no_comment
11821,2017,15_RP,turnover_rate,ldv,%,road,freight,fcev,all,yearly,national,['turnover_rate_est'],1,0.03,turnover_rate_est,0.03,single_datapoint,no_comment
11822,2017,15_RP,turnover_rate,ldv,%,road,passenger,fcev,all,yearly,national,"['manually_inputted_data $ guess', 'turnover_rate_est']",2,0.42,manually_inputted_data $ guess,0.03,manual,no_comment
11823,2018,15_RP,new_vehicle_efficiency,ldv,km_per_pj,road,passenger,fcev,all,yearly,national,['avg_eff_no_outliers $ transport_data_system_9th'],1,1469603353.601357,avg_eff_no_outliers $ transport_data_system_9th,113046411.815489,single_datapoint,no_comment
11824,2018,15_RP,turnover_rate,ldv,%,road,passenger,fcev,all,yearly,national,['manually_inputted_data $ guess'],1,0.42,manually_inputted_data $ guess,0.03,manual,no_comment
11825,2019,15_RP,new_vehicle_efficiency,ldv,km_per_pj,road,passenger,fcev,all,yearly,national,['avg_eff_no_outliers $ transport_data_system_9th'],1,1469603353.601357,avg_eff_no_outliers $ transport_data_system_9th,113046411.815489,single_datapoint,no_comment
11826,2019,15_RP,turnover_rate,ldv,%,road,passenger,fcev,all,yearly,national,['manually_inputted_data $ guess'],1,0.42,manually_inputted_data $ guess,0.03,manual,no_comment
11827,2020,15_RP,new_vehicle_efficiency,ldv,km_per_pj,road,passenger,fcev,all,yearly,national,['avg_eff_no_outliers $ transport_data_system_9th'],1,1469603353.601357,avg_eff_no_outliers $ transport_data_system_9th,113046411.815489,single_datapoint,no_comment
11828,2020,15_RP,turnover_rate,ldv,%,road,passenger,fcev,all,yearly,national,['manually_inputted_data $ guess'],1,0.42,manually_inputted_data $ guess,0.03,manual,no_comment
11829,2021,15_RP,new_vehicle_efficiency,ldv,km_per_pj,road,passenger,fcev,all,yearly,national,['avg_eff_no_outliers $ transport_data_system_9th'],1,1469603353.601357,avg_eff_no_outliers $ transport_data_system_9th,113046411.815489,single_datapoint,no_comment
11830,2021,15_RP,turnover_rate,ldv,%,road,passenger,fcev,all,yearly,national,['manually_inputted_data $ guess'],1,0.42,manually_inputted_data $ guess,0.03,manual,no_comment
11831,2022,15_RP,new_vehicle_efficiency,ldv,km_per_pj,road,passenger,fcev,all,yearly,national,['avg_eff_no_outliers $ transport_data_system_9th'],1,1469603353.601357,avg_eff_no_outliers $ transport_data_system_9th,113046411.815489,single_datapoint,no_comment
11832,2022,15_RP,turnover_rate,ldv,%,road,passenger,fcev,all,yearly,national,['manually_inputted_data $ guess'],1,0.42,manually_inputted_data $ guess,0.03,manual,no_comment
11833,2010,15_RP,activity,ldv,passenger_km_or_freight_tonne_km,road,passenger,ice,all,yearly,national,['estimated $ calculate_energy_and_activity()'],1,353676555000.0,estimated $ calculate_energy_and_activity(),24070410000.0,single_datapoint,no_comment
11834,2010,15_RP,energy,ldv,pj,road,passenger,ice,all,yearly,national,['estimated $ calculate_energy_and_activity()'],1,677.8122751621369,estimated $ calculate_energy_and_activity(),46.130338965175255,single_datapoint,no_comment
11835,2010,15_RP,new_vehicle_efficiency,ldv,km_per_pj,road,freight,ice,all,yearly,national,['avg_eff_no_outliers $ transport_data_system_9th'],1,4776513034.843043,avg_eff_no_outliers $ transport_data_system_9th,367424079.603311,single_datapoint,no_comment
11836,2010,15_RP,new_vehicle_efficiency,ldv,km_per_pj,road,passenger,ice,all,yearly,national,['avg_eff_no_outliers $ transport_data_system_9th'],1,3086802010.889935,avg_eff_no_outliers $ transport_data_system_9th,237446308.529995,single_datapoint,no_comment
11837,2010,15_RP,travel_km,ldv,km,road,passenger,ice,all,yearly,national,['estimated $ calculate_energy_and_activity()'],1,235784370000.0,estimated $ calculate_energy_and_activity(),16046940000.0,single_datapoint,no_comment
11838,2010,15_RP,turnover_rate,ldv,%,road,freight,ice,all,yearly,national,['manually_inputted_data $ guess'],1,0.39,manually_inputted_data $ guess,0.03,single_datapoint,no_comment
11839,2010,15_RP,turnover_rate,ldv,%,road,passenger,ice,all,yearly,national,['manually_inputted_data $ guess'],1,0.39,manually_inputted_data $ guess,0.03,single_datapoint,no_comment
11840,2011,15_RP,activity,ldv,passenger_km_or_freight_tonne_km,road,passenger,ice,all,yearly,national,['estimated $ calculate_energy_and_activity()'],1,353676555000.0,estimated $ calculate_energy_and_activity(),25035435000.0,single_datapoint,no_comment
11841,2011,15_RP,energy,ldv,pj,road,passenger,ice,all,yearly,national,['estimated $ calculate_energy_and_activity()'],1,677.8122751621369,estimated $ calculate_energy_and_activity(),47.979785250463635,single_datapoint,no_comment
11842,2011,15_RP,new_vehicle_efficiency,ldv,km_per_pj,road,freight,ice,all,yearly,national,['avg_eff_no_outliers $ transport_data_system_9th'],1,4776513034.843043,avg_eff_no_outliers $ transport_data_system_9th,367424079.603311,single_datapoint,no_comment
11843,2011,15_RP,new_vehicle_efficiency,ldv,km_per_pj,road,passenger,ice,all,yearly,national,['avg_eff_no_outliers $ transport_data_system_9th'],1,3086802010.889935,avg_eff_no_outliers $ transport_data_system_9th,237446308.529995,single_datapoint,no_comment
11844,2011,15_RP,travel_km,ldv,km,road,passenger,ice,all,yearly,national,['estimated $ calculate_energy_and_activity()'],1,235784370000.0,estimated $ calculate_energy_and_activity(),16690290000.0,single_datapoint,no_comment
11845,2011,15_RP,turnover_rate,ldv,%,road,freight,ice,all,yearly,national,['manually_inputted_data $ guess'],1,0.39,manually_inputted_data $ guess,0.03,single_datapoint,no_comment
11846,2011,15_RP,turnover_rate,ldv,%,road,passenger,ice,all,yearly,national,['manually_inputted_data $ guess'],1,0.39,manually_inputted_data $ guess,0.03,single_datapoint,no_comment
11847,2012,15_RP,activity,ldv,passenger_km_or_freight_tonne_km,road,passenger,ice,all,yearly,national,['estimated $ calculate_energy_and_activity()'],1,353676555000.0,estimated $ calculate_energy_and_activity(),26162460000.0,single_datapoint,no_comment
11848,2012,15_RP,energy,ldv,pj,road,passenger,ice,all,yearly,national,['estimated $ calculate_energy_and_activity()'],1,677.8122751621369,estimated $ calculate_energy_and_activity(),50.13970048548567,single_datapoint,no_comment
11849,2012,15_RP,new_vehicle_efficiency,ldv,km_per_pj,road,freight,ice,all,yearly,national,['avg_eff_no_outliers $ transport_data_system_9th'],1,4776513034.843043,avg_eff_no_outliers $ transport_data_system_9th,367424079.603311,single_datapoint,no_comment
11850,2012,15_RP,new_vehicle_efficiency,ldv,km_per_pj,road,passenger,ice,all,yearly,national,['avg_eff_no_outliers $ transport_data_system_9th'],1,3086802010.889935,avg_eff_no_outliers $ transport_data_system_9th,237446308.529995,single_datapoint,no_comment
11851,2012,15_RP,travel_km,ldv,km,road,passenger,ice,all,yearly,national,['estimated $ calculate_energy_and_activity()'],1,235784370000.0,estimated $ calculate_energy_and_activity(),17441640000.0,single_datapoint,no_comment
11852,2012,15_RP,turnover_rate,ldv,%,road,freight,ice,all,yearly,national,['manually_inputted_data $ guess'],1,0.39,manually_inputted_data $ guess,0.03,single_datapoint,no_comment
11853,2012,15_RP,turnover_rate,ldv,%,road,passenger,ice,all,yearly,national,['manually_inputted_data $ guess'],1,0.39,manually_inputted_data $ guess,0.03,single_datapoint,no_comment
11854,2013,15_RP,activity,ldv,passenger_km_or_freight_tonne_km,road,passenger,ice,all,yearly,national,['estimated $ calculate_energy_and_activity()'],1,353676555000.0,estimated $ calculate_energy_and_activity(),27327240000.0,single_datapoint,no_comment
11855,2013,15_RP,energy,ldv,pj,road,passenger,ice,all,yearly,national,['estimated $ calculate_energy_and_activity()'],1,677.8122751621369,estimated $ calculate_energy_and_activity(),52.371972234070626,single_datapoint,no_comment
11856,2013,15_RP,new_vehicle_efficiency,ldv,km_per_pj,road,freight,ice,all,yearly,national,['avg_eff_no_outliers $ transport_data_system_9th'],1,4776513034.843043,avg_eff_no_outliers $ transport_data_system_9th,367424079.603311,single_datapoint,no_comment
11857,2013,15_RP,new_vehicle_efficiency,ldv,km_per_pj,road,passenger,ice,all,yearly,national,['avg_eff_no_outliers $ transport_data_system_9th'],1,3086802010.889935,avg_eff_no_outliers $ transport_data_system_9th,237446308.529995,single_datapoint,no_comment
11858,2013,15_RP,travel_km,ldv,km,road,passenger,ice,all,yearly,national,['estimated $ calculate_energy_and_activity()'],1,235784370000.0,estimated $ calculate_energy_and_activity(),18218160000.0,single_datapoint,no_comment
11859,2013,15_RP,turnover_rate,ldv,%,road,freight,ice,all,yearly,national,['manually_inputted_data $ guess'],1,0.39,manually_inputted_data $ guess,0.03,single_datapoint,no_comment
11860,2013,15_RP,turnover_rate,ldv,%,road,passenger,ice,all,yearly,national,['manually_inputted_data $ guess'],1,0.39,manually_inputted_data $ guess,0.03,single_datapoint,no_comment
11861,2014,15_RP,activity,ldv,passenger_km_or_freight_tonne_km,road,passenger,ice,all,yearly,national,['estimated $ calculate_energy_and_activity()'],1,353676555000.0,estimated $ calculate_energy_and_activity(),29621587500.0,single_datapoint,no_comment
11862,2014,15_RP,energy,ldv,pj,road,passenger,ice,all,yearly,national,['estimated $ calculate_energy_and_activity()'],1,677.8122751621369,estimated $ calculate_energy_and_activity(),56.769031855360936,single_datapoint,no_comment
11863,2014,15_RP,new_vehicle_efficiency,ldv,km_per_pj,road,freight,ice,all,yearly,national,['avg_eff_no_outliers $ transport_data_system_9th'],1,4776513034.843043,avg_eff_no_outliers $ transport_data_system_9th,367424079.603311,single_datapoint,no_comment
11864,2014,15_RP,new_vehicle_efficiency,ldv,km_per_pj,road,passenger,ice,all,yearly,national,['avg_eff_no_outliers $ transport_data_system_9th'],1,3086802010.889935,avg_eff_no_outliers $ transport_data_system_9th,237446308.529995,single_datapoint,no_comment
11865,2014,15_RP,travel_km,ldv,km,road,passenger,ice,all,yearly,national,['estimated $ calculate_energy_and_activity()'],1,235784370000.0,estimated $ calculate_energy_and_activity(),19747725000.0,single_datapoint,no_comment
11866,2014,15_RP,turnover_rate,ldv,%,road,freight,ice,all,yearly,national,['manually_inputted_data $ guess'],1,0.39,manually_inputted_data $ guess,0.03,single_datapoint,no_comment
11867,2014,15_RP,turnover_rate,ldv,%,road,passenger,ice,all,yearly,national,['manually_inputted_data $ guess'],1,0.39,manually_inputted_data $ guess,0.03,single_datapoint,no_comment
11868,2015,15_RP,activity,ldv,passenger_km_or_freight_tonne_km,road,passenger,ice,all,yearly,national,['estimated $ calculate_energy_and_activity()'],1,353676555000.0,estimated $ calculate_energy_and_activity(),31288185000.0,single_datapoint,no_comment
11869,2015,15_RP,energy,ldv,pj,road,passenger,ice,all,yearly,national,['estimated $ calculate_energy_and_activity()'],1,677.8122751621369,estimated $ calculate_energy_and_activity(),59.96302429643334,single_datapoint,no_comment
11870,2015,15_RP,new_vehicle_efficiency,ldv,km_per_pj,road,freight,ice,all,yearly,national,['avg_eff_no_outliers $ transport_data_system_9th'],1,4776513034.843043,avg_eff_no_outliers $ transport_data_system_9th,367424079.603311,single_datapoint,no_comment
11871,2015,15_RP,new_vehicle_efficiency,ldv,km_per_pj,road,passenger,ice,all,yearly,national,['avg_eff_no_outliers $ transport_data_system_9th'],1,3086802010.889935,avg_eff_no_outliers $ transport_data_system_9th,237446308.529995,single_datapoint,no_comment
11872,2015,15_RP,travel_km,ldv,km,road,passenger,ice,all,yearly,national,['estimated $ calculate_energy_and_activity()'],1,235784370000.0,estimated $ calculate_energy_and_activity(),20858790000.0,single_datapoint,no_comment
11873,2015,15_RP,turnover_rate,ldv,%,road,freight,ice,all,yearly,national,['manually_inputted_data $ guess'],1,0.39,manually_inputted_data $ guess,0.03,single_datapoint,no_comment
11874,2015,15_RP,turnover_rate,ldv,%,road,passenger,ice,all,yearly,national,['manually_inputted_data $ guess'],1,0.39,manually_inputted_data $ guess,0.03,single_datapoint,no_comment
11875,2016,15_RP,activity,ldv,passenger_km_or_freight_tonne_km,road,passenger,ice,all,yearly,national,['estimated $ calculate_energy_and_activity()'],1,353676555000.0,estimated $ calculate_energy_and_activity(),32962005000.0,single_datapoint,no_comment
11876,2016,15_RP,energy,ldv,pj,road,passenger,ice,all,yearly,national,['estimated $ calculate_energy_and_activity()'],1,677.8122751621369,estimated $ calculate_energy_and_activity(),63.17085847818137,single_datapoint,no_comment
11877,2016,15_RP,new_vehicle_efficiency,ldv,km_per_pj,road,freight,ice,all,yearly,national,['avg_eff_no_outliers $ transport_data_system_9th'],1,4776513034.843043,avg_eff_no_outliers $ transport_data_system_9th,367424079.603311,single_datapoint,no_comment
11878,2016,15_RP,new_vehicle_efficiency,ldv,km_per_pj,road,passenger,ice,all,yearly,national,['avg_eff_no_outliers $ transport_data_system_9th'],1,3086802010.889935,avg_eff_no_outliers $ transport_data_system_9th,237446308.529995,single_datapoint,no_comment
11879,2016,15_RP,travel_km,ldv,km,road,passenger,ice,all,yearly,national,['estimated $ calculate_energy_and_activity()'],1,235784370000.0,estimated $ calculate_energy_and_activity(),21974670000.0,single_datapoint,no_comment
11880,2016,15_RP,turnover_rate,ldv,%,road,freight,ice,all,yearly,national,['manually_inputted_data $ guess'],1,0.39,manually_inputted_data $ guess,0.03,single_datapoint,no_comment
11881,2016,15_RP,turnover_rate,ldv,%,road,passenger,ice,all,yearly,national,['manually_inputted_data $ guess'],1,0.39,manually_inputted_data $ guess,0.03,single_datapoint,no_comment
11882,2017,15_RP,activity,ldv,passenger_km_or_freight_tonne_km,road,freight,ice,all,yearly,national,['estimated $ calculate_energy_and_activity()'],1,1348262550.0,estimated $ calculate_energy_and_activity(),1348262550.0,single_datapoint,no_comment
11883,2017,15_RP,activity,ldv,passenger_km_or_freight_tonne_km,road,passenger,ice,all,yearly,national,['estimated $ calculate_energy_and_activity()'],1,353676555000.0,estimated $ calculate_energy_and_activity(),36204862500.0,single_datapoint,no_comment
11884,2017,15_RP,energy,ldv,pj,road,freight,ice,all,yearly,national,['estimated $ calculate_energy_and_activity()'],1,14.68430313880106,estimated $ calculate_energy_and_activity(),14.68430313880106,single_datapoint,no_comment
11885,2017,15_RP,energy,ldv,pj,road,passenger,ice,all,yearly,national,['estimated $ calculate_energy_and_activity()'],1,677.8122751621369,estimated $ calculate_energy_and_activity(),69.38571380016221,single_datapoint,no_comment
11886,2017,15_RP,new_vehicle_efficiency,ldv,km_per_pj,road,freight,ice,all,yearly,national,['avg_eff_no_outliers $ transport_data_system_9th'],1,4776513034.843043,avg_eff_no_outliers $ transport_data_system_9th,367424079.603311,single_datapoint,no_comment
11887,2017,15_RP,new_vehicle_efficiency,ldv,km_per_pj,road,passenger,ice,all,yearly,national,['avg_eff_no_outliers $ transport_data_system_9th'],1,3086802010.889935,avg_eff_no_outliers $ transport_data_system_9th,237446308.529995,single_datapoint,no_comment
11888,2017,15_RP,travel_km,ldv,km,road,freight,ice,all,yearly,national,['estimated $ calculate_energy_and_activity()'],1,3693870000.0,estimated $ calculate_energy_and_activity(),3693870000.0,single_datapoint,no_comment
11889,2017,15_RP,travel_km,ldv,km,road,passenger,ice,all,yearly,national,['estimated $ calculate_energy_and_activity()'],1,235784370000.0,estimated $ calculate_energy_and_activity(),24136575000.0,single_datapoint,no_comment
11890,2017,15_RP,turnover_rate,ldv,%,road,freight,ice,all,yearly,national,['manually_inputted_data $ guess'],1,0.39,manually_inputted_data $ guess,0.03,single_datapoint,no_comment
11891,2017,15_RP,turnover_rate,ldv,%,road,passenger,ice,all,yearly,national,['manually_inputted_data $ guess'],1,0.39,manually_inputted_data $ guess,0.03,single_datapoint,no_comment
11892,2018,15_RP,activity,ldv,passenger_km_or_freight_tonne_km,road,passenger,ice,all,yearly,national,['estimated $ calculate_energy_and_activity()'],1,353676555000.0,estimated $ calculate_energy_and_activity(),38458350000.0,single_datapoint,no_comment
11893,2018,15_RP,energy,ldv,pj,road,passenger,ice,all,yearly,national,['estimated $ calculate_energy_and_activity()'],1,677.8122751621369,estimated $ calculate_energy_and_activity(),73.7044662530197,single_datapoint,no_comment
11894,2018,15_RP,new_vehicle_efficiency,ldv,km_per_pj,road,freight,ice,all,yearly,national,['avg_eff_no_outliers $ transport_data_system_9th'],1,4776513034.843043,avg_eff_no_outliers $ transport_data_system_9th,367424079.603311,single_datapoint,no_comment
11895,2018,15_RP,new_vehicle_efficiency,ldv,km_per_pj,road,passenger,ice,all,yearly,national,['avg_eff_no_outliers $ transport_data_system_9th'],1,3086802010.889935,avg_eff_no_outliers $ transport_data_system_9th,237446308.529995,single_datapoint,no_comment
11896,2018,15_RP,travel_km,ldv,km,road,passenger,ice,all,yearly,national,['estimated $ calculate_energy_and_activity()'],1,235784370000.0,estimated $ calculate_energy_and_activity(),25638900000.0,single_datapoint,no_comment
11897,2018,15_RP,turnover_rate,ldv,%,road,freight,ice,all,yearly,national,['manually_inputted_data $ guess'],1,0.39,manually_inputted_data $ guess,0.03,single_datapoint,no_comment
11898,2018,15_RP,turnover_rate,ldv,%,road,passenger,ice,all,yearly,national,['manually_inputted_data $ guess'],1,0.39,manually_inputted_data $ guess,0.03,single_datapoint,no_comment
11899,2019,15_RP,activity,ldv,passenger_km_or_freight_tonne_km,road,passenger,ice,all,yearly,national,['estimated $ calculate_energy_and_activity()'],1,353676555000.0,estimated $ calculate_energy_and_activity(),41468692500.0,single_datapoint,no_comment
11900,2019,15_RP,energy,ldv,pj,road,passenger,ice,all,yearly,national,['estimated $ calculate_energy_and_activity()'],1,677.8122751621369,estimated $ calculate_energy_and_activity(),79.47371239075783,single_datapoint,no_comment
11901,2019,15_RP,new_vehicle_efficiency,ldv,km_per_pj,road,freight,ice,all,yearly,national,['avg_eff_no_outliers $ transport_data_system_9th'],1,4776513034.843043,avg_eff_no_outliers $ transport_data_system_9th,367424079.603311,single_datapoint,no_comment
11902,2019,15_RP,new_vehicle_efficiency,ldv,km_per_pj,road,passenger,ice,all,yearly,national,['avg_eff_no_outliers $ transport_data_system_9th'],1,3086802010.889935,avg_eff_no_outliers $ transport_data_system_9th,237446308.529995,single_datapoint,no_comment
11903,2019,15_RP,travel_km,ldv,km,road,passenger,ice,all,yearly,national,['estimated $ calculate_energy_and_activity()'],1,235784370000.0,estimated $ calculate_energy_and_activity(),27645795000.0,single_datapoint,no_comment
11904,2019,15_RP,turnover_rate,ldv,%,road,freight,ice,all,yearly,national,['manually_inputted_data $ guess'],1,0.39,manually_inputted_data $ guess,0.03,single_datapoint,no_comment
11905,2019,15_RP,turnover_rate,ldv,%,road,passenger,ice,all,yearly,national,['manually_inputted_data $ guess'],1,0.39,manually_inputted_data $ guess,0.03,single_datapoint,no_comment
11906,2020,15_RP,activity,ldv,passenger_km_or_freight_tonne_km,road,passenger,ice,all,yearly,national,['estimated $ calculate_energy_and_activity()'],1,353676555000.0,estimated $ calculate_energy_and_activity(),41077327500.0,single_datapoint,no_comment
11907,2020,15_RP,energy,ldv,pj,road,passenger,ice,all,yearly,national,['estimated $ calculate_energy_and_activity()'],1,677.8122751621369,estimated $ calculate_energy_and_activity(),78.72367115302627,single_datapoint,no_comment
11908,2020,15_RP,new_vehicle_efficiency,ldv,km_per_pj,road,freight,ice,all,yearly,national,['avg_eff_no_outliers $ transport_data_system_9th'],1,4776513034.843043,avg_eff_no_outliers $ transport_data_system_9th,367424079.603311,single_datapoint,no_comment
11909,2020,15_RP,new_vehicle_efficiency,ldv,km_per_pj,road,passenger,ice,all,yearly,national,['avg_eff_no_outliers $ transport_data_system_9th'],1,3086802010.889935,avg_eff_no_outliers $ transport_data_system_9th,237446308.529995,single_datapoint,no_comment
11910,2020,15_RP,travel_km,ldv,km,road,passenger,ice,all,yearly,national,['estimated $ calculate_energy_and_activity()'],1,235784370000.0,estimated $ calculate_energy_and_activity(),27384885000.0,single_datapoint,no_comment
11911,2020,15_RP,turnover_rate,ldv,%,road,freight,ice,all,yearly,national,['manually_inputted_data $ guess'],1,0.39,manually_inputted_data $ guess,0.03,single_datapoint,no_comment
11912,2020,15_RP,turnover_rate,ldv,%,road,passenger,ice,all,yearly,national,['manually_inputted_data $ guess'],1,0.39,manually_inputted_data $ guess,0.03,single_datapoint,no_comment
11913,2021,15_RP,new_vehicle_efficiency,ldv,km_per_pj,road,freight,ice,all,yearly,national,['avg_eff_no_outliers $ transport_data_system_9th'],1,4776513034.843043,avg_eff_no_outliers $ transport_data_system_9th,367424079.603311,single_datapoint,no_comment
11914,2021,15_RP,new_vehicle_efficiency,ldv,km_per_pj,road,passenger,ice,all,yearly,national,['avg_eff_no_outliers $ transport_data_system_9th'],1,3086802010.889935,avg_eff_no_outliers $ transport_data_system_9th,237446308.529995,single_datapoint,no_comment
11915,2021,15_RP,turnover_rate,ldv,%,road,freight,ice,all,yearly,national,['manually_inputted_data $ guess'],1,0.39,manually_inputted_data $ guess,0.03,single_datapoint,no_comment
11916,2021,15_RP,turnover_rate,ldv,%,road,passenger,ice,all,yearly,national,['manually_inputted_data $ guess'],1,0.39,manually_inputted_data $ guess,0.03,single_datapoint,no_comment
11917,2022,15_RP,new_vehicle_efficiency,ldv,km_per_pj,road,freight,ice,all,yearly,national,['avg_eff_no_outliers $ transport_data_system_9th'],1,4776513034.843043,avg_eff_no_outliers $ transport_data_system_9th,367424079.603311,single_datapoint,no_comment
11918,2022,15_RP,new_vehicle_efficiency,ldv,km_per_pj,road,passenger,ice,all,yearly,national,['avg_eff_no_outliers $ transport_data_system_9th'],1,3086802010.889935,avg_eff_no_outliers $ transport_data_system_9th,237446308.529995,single_datapoint,no_comment
11919,2022,15_RP,turnover_rate,ldv,%,road,freight,ice,all,yearly,national,['manually_inputted_data $ guess'],1,0.39,manually_inputted_data $ guess,0.03,single_datapoint,no_comment
11920,2022,15_RP,turnover_rate,ldv,%,road,passenger,ice,all,yearly,national,['manually_inputted_data $ guess'],1,0.39,manually_inputted_data $ guess,0.03,single_datapoint,no_comment
11921,2010,15_RP,new_vehicle_efficiency,ldv,km_per_pj,road,freight,lpg,all,yearly,national,['avg_eff_no_outliers $ transport_data_system_9th'],1,3668778329.1297708,avg_eff_no_outliers $ transport_data_system_9th,282213717.625367,single_datapoint,no_comment
11922,2010,15_RP,new_vehicle_efficiency,ldv,km_per_pj,road,passenger,lpg,all,yearly,national,['avg_eff_no_outliers $ transport_data_system_9th'],1,4713924488.084526,avg_eff_no_outliers $ transport_data_system_9th,362609576.006502,single_datapoint,no_comment
11923,2010,15_RP,turnover_rate,ldv,%,road,freight,lpg,all,yearly,national,['manually_inputted_data $ guess'],1,0.42,manually_inputted_data $ guess,0.03,manual,no_comment
11924,2010,15_RP,turnover_rate,ldv,%,road,passenger,lpg,all,yearly,national,['manually_inputted_data $ guess'],1,0.42,manually_inputted_data $ guess,0.03,manual,no_comment
11925,2011,15_RP,new_vehicle_efficiency,ldv,km_per_pj,road,freight,lpg,all,yearly,national,['avg_eff_no_outliers $ transport_data_system_9th'],1,3668778329.1297708,avg_eff_no_outliers $ transport_data_system_9th,282213717.625367,single_datapoint,no_comment
11926,2011,15_RP,new_vehicle_efficiency,ldv,km_per_pj,road,passenger,lpg,all,yearly,national,['avg_eff_no_outliers $ transport_data_system_9th'],1,4713924488.084526,avg_eff_no_outliers $ transport_data_system_9th,362609576.006502,single_datapoint,no_comment
11927,2011,15_RP,turnover_rate,ldv,%,road,freight,lpg,all,yearly,national,['manually_inputted_data $ guess'],1,0.42,manually_inputted_data $ guess,0.03,manual,no_comment
11928,2011,15_RP,turnover_rate,ldv,%,road,passenger,lpg,all,yearly,national,['manually_inputted_data $ guess'],1,0.42,manually_inputted_data $ guess,0.03,manual,no_comment
11929,2012,15_RP,new_vehicle_efficiency,ldv,km_per_pj,road,freight,lpg,all,yearly,national,['avg_eff_no_outliers $ transport_data_system_9th'],1,3668778329.1297708,avg_eff_no_outliers $ transport_data_system_9th,282213717.625367,single_datapoint,no_comment
11930,2012,15_RP,new_vehicle_efficiency,ldv,km_per_pj,road,passenger,lpg,all,yearly,national,['avg_eff_no_outliers $ transport_data_system_9th'],1,4713924488.084526,avg_eff_no_outliers $ transport_data_system_9th,362609576.006502,single_datapoint,no_comment
11931,2012,15_RP,turnover_rate,ldv,%,road,freight,lpg,all,yearly,national,['manually_inputted_data $ guess'],1,0.42,manually_inputted_data $ guess,0.03,manual,no_comment
11932,2012,15_RP,turnover_rate,ldv,%,road,passenger,lpg,all,yearly,national,['manually_inputted_data $ guess'],1,0.42,manually_inputted_data $ guess,0.03,manual,no_comment
11933,2013,15_RP,new_vehicle_efficiency,ldv,km_per_pj,road,freight,lpg,all,yearly,national,['avg_eff_no_outliers $ transport_data_system_9th'],1,3668778329.1297708,avg_eff_no_outliers $ transport_data_system_9th,282213717.625367,single_datapoint,no_comment
11934,2013,15_RP,new_vehicle_efficiency,ldv,km_per_pj,road,passenger,lpg,all,yearly,national,['avg_eff_no_outliers $ transport_data_system_9th'],1,4713924488.084526,avg_eff_no_outliers $ transport_data_system_9th,362609576.006502,single_datapoint,no_comment
11935,2013,15_RP,turnover_rate,ldv,%,road,freight,lpg,all,yearly,national,['manually_inputted_data $ guess'],1,0.42,manually_inputted_data $ guess,0.03,manual,no_comment
11936,2013,15_RP,turnover_rate,ldv,%,road,passenger,lpg,all,yearly,national,['manually_inputted_data $ guess'],1,0.42,manually_inputted_data $ guess,0.03,manual,no_comment
11937,2014,15_RP,new_vehicle_efficiency,ldv,km_per_pj,road,freight,lpg,all,yearly,national,['avg_eff_no_outliers $ transport_data_system_9th'],1,3668778329.1297708,avg_eff_no_outliers $ transport_data_system_9th,282213717.625367,single_datapoint,no_comment
11938,2014,15_RP,new_vehicle_efficiency,ldv,km_per_pj,road,passenger,lpg,all,yearly,national,['avg_eff_no_outliers $ transport_data_system_9th'],1,4713924488.084526,avg_eff_no_outliers $ transport_data_system_9th,362609576.006502,single_datapoint,no_comment
11939,2014,15_RP,turnover_rate,ldv,%,road,freight,lpg,all,yearly,national,['manually_inputted_data $ guess'],1,0.42,manually_inputted_data $ guess,0.03,manual,no_comment
11940,2014,15_RP,turnover_rate,ldv,%,road,passenger,lpg,all,yearly,national,['manually_inputted_data $ guess'],1,0.42,manually_inputted_data $ guess,0.03,manual,no_comment
11941,2015,15_RP,new_vehicle_efficiency,ldv,km_per_pj,road,freight,lpg,all,yearly,national,['avg_eff_no_outliers $ transport_data_system_9th'],1,3668778329.1297708,avg_eff_no_outliers $ transport_data_system_9th,282213717.625367,single_datapoint,no_comment
11942,2015,15_RP,new_vehicle_efficiency,ldv,km_per_pj,road,passenger,lpg,all,yearly,national,['avg_eff_no_outliers $ transport_data_system_9th'],1,4713924488.084526,avg_eff_no_outliers $ transport_data_system_9th,362609576.006502,single_datapoint,no_comment
11943,2015,15_RP,turnover_rate,ldv,%,road,freight,lpg,all,yearly,national,['manually_inputted_data $ guess'],1,0.42,manually_inputted_data $ guess,0.03,manual,no_comment
11944,2015,15_RP,turnover_rate,ldv,%,road,passenger,lpg,all,yearly,national,['manually_inputted_data $ guess'],1,0.42,manually_inputted_data $ guess,0.03,manual,no_comment
11945,2016,15_RP,new_vehicle_efficiency,ldv,km_per_pj,road,freight,lpg,all,yearly,national,['avg_eff_no_outliers $ transport_data_system_9th'],1,3668778329.1297708,avg_eff_no_outliers $ transport_data_system_9th,282213717.625367,single_datapoint,no_comment
11946,2016,15_RP,new_vehicle_efficiency,ldv,km_per_pj,road,passenger,lpg,all,yearly,national,['avg_eff_no_outliers $ transport_data_system_9th'],1,4713924488.084526,avg_eff_no_outliers $ transport_data_system_9th,362609576.006502,single_datapoint,no_comment
11947,2016,15_RP,turnover_rate,ldv,%,road,freight,lpg,all,yearly,national,['manually_inputted_data $ guess'],1,0.42,manually_inputted_data $ guess,0.03,manual,no_comment
11948,2016,15_RP,turnover_rate,ldv,%,road,passenger,lpg,all,yearly,national,['manually_inputted_data $ guess'],1,0.42,manually_inputted_data $ guess,0.03,manual,no_comment
11949,2017,15_RP,activity,ldv,passenger_km_or_freight_tonne_km,road,freight,lpg,all,yearly,national,"['8th_edition_transport_model $ reference', 'estimated $ calculate_energy_and_activity()']",2,8934805.0,estimated $ calculate_energy_and_activity(),2146200.0,manual,no_comment
11950,2017,15_RP,activity,ldv,passenger_km_or_freight_tonne_km,road,passenger,lpg,all,yearly,national,"['8th_edition_transport_model $ reference', 'estimated $ calculate_energy_and_activity()']",2,286421112.0,8th_edition_transport_model $ reference,203081112.0,manual,no_comment
11951,2017,15_RP,energy,ldv,pj,road,freight,lpg,all,yearly,national,"['8th_edition_transport_model $ reference', 'estimated $ calculate_energy_and_activity()']",2,0.11372221504691105,8th_edition_transport_model $ reference,0.0903473527869641,manual,no_comment
11952,2017,15_RP,energy,ldv,pj,road,passenger,lpg,all,yearly,national,"['8th_edition_transport_model $ reference', 'estimated $ calculate_energy_and_activity()']",2,0.5498969383842398,estimated $ calculate_energy_and_activity(),0.1597190263629787,manual,no_comment
11953,2017,15_RP,new_vehicle_efficiency,ldv,km_per_pj,road,freight,lpg,all,yearly,national,['avg_eff_no_outliers $ transport_data_system_9th'],1,3668778329.1297708,avg_eff_no_outliers $ transport_data_system_9th,282213717.625367,single_datapoint,no_comment
11954,2017,15_RP,new_vehicle_efficiency,ldv,km_per_pj,road,passenger,lpg,all,yearly,national,['avg_eff_no_outliers $ transport_data_system_9th'],1,4713924488.084526,avg_eff_no_outliers $ transport_data_system_9th,362609576.006502,single_datapoint,no_comment
11955,2017,15_RP,travel_km,ldv,km,road,freight,lpg,all,yearly,national,['estimated $ calculate_energy_and_activity()'],1,5880000.0,estimated $ calculate_energy_and_activity(),5880000.0,single_datapoint,no_comment
11956,2017,15_RP,travel_km,ldv,km,road,passenger,lpg,all,yearly,national,['estimated $ calculate_energy_and_activity()'],1,55560000.0,estimated $ calculate_energy_and_activity(),55560000.0,single_datapoint,no_comment
11957,2017,15_RP,turnover_rate,ldv,%,road,freight,lpg,all,yearly,national,"['manually_inputted_data $ guess', 'turnover_rate_est']",2,0.42,manually_inputted_data $ guess,0.03,manual,no_comment
11958,2017,15_RP,turnover_rate,ldv,%,road,passenger,lpg,all,yearly,national,"['manually_inputted_data $ guess', 'turnover_rate_est']",2,0.42,manually_inputted_data $ guess,0.03,manual,no_comment
11959,2018,15_RP,new_vehicle_efficiency,ldv,km_per_pj,road,freight,lpg,all,yearly,national,['avg_eff_no_outliers $ transport_data_system_9th'],1,3668778329.1297708,avg_eff_no_outliers $ transport_data_system_9th,282213717.625367,single_datapoint,no_comment
11960,2018,15_RP,new_vehicle_efficiency,ldv,km_per_pj,road,passenger,lpg,all,yearly,national,['avg_eff_no_outliers $ transport_data_system_9th'],1,4713924488.084526,avg_eff_no_outliers $ transport_data_system_9th,362609576.006502,single_datapoint,no_comment
11961,2018,15_RP,turnover_rate,ldv,%,road,freight,lpg,all,yearly,national,['manually_inputted_data $ guess'],1,0.42,manually_inputted_data $ guess,0.03,manual,no_comment
11962,2018,15_RP,turnover_rate,ldv,%,road,passenger,lpg,all,yearly,national,['manually_inputted_data $ guess'],1,0.42,manually_inputted_data $ guess,0.03,manual,no_comment
11963,2019,15_RP,new_vehicle_efficiency,ldv,km_per_pj,road,freight,lpg,all,yearly,national,['avg_eff_no_outliers $ transport_data_system_9th'],1,3668778329.1297708,avg_eff_no_outliers $ transport_data_system_9th,282213717.625367,single_datapoint,no_comment
11964,2019,15_RP,new_vehicle_efficiency,ldv,km_per_pj,road,passenger,lpg,all,yearly,national,['avg_eff_no_outliers $ transport_data_system_9th'],1,4713924488.084526,avg_eff_no_outliers $ transport_data_system_9th,362609576.006502,single_datapoint,no_comment
11965,2019,15_RP,turnover_rate,ldv,%,road,freight,lpg,all,yearly,national,['manually_inputted_data $ guess'],1,0.42,manually_inputted_data $ guess,0.03,manual,no_comment
11966,2019,15_RP,turnover_rate,ldv,%,road,passenger,lpg,all,yearly,national,['manually_inputted_data $ guess'],1,0.42,manually_inputted_data $ guess,0.03,manual,no_comment
11967,2020,15_RP,new_vehicle_efficiency,ldv,km_per_pj,road,freight,lpg,all,yearly,national,['avg_eff_no_outliers $ transport_data_system_9th'],1,3668778329.1297708,avg_eff_no_outliers $ transport_data_system_9th,282213717.625367,single_datapoint,no_comment
11968,2020,15_RP,new_vehicle_efficiency,ldv,km_per_pj,road,passenger,lpg,all,yearly,national,['avg_eff_no_outliers $ transport_data_system_9th'],1,4713924488.084526,avg_eff_no_outliers $ transport_data_system_9th,362609576.006502,single_datapoint,no_comment
11969,2020,15_RP,turnover_rate,ldv,%,road,freight,lpg,all,yearly,national,['manually_inputted_data $ guess'],1,0.42,manually_inputted_data $ guess,0.03,manual,no_comment
11970,2020,15_RP,turnover_rate,ldv,%,road,passenger,lpg,all,yearly,national,['manually_inputted_data $ guess'],1,0.42,manually_inputted_data $ guess,0.03,manual,no_comment
11971,2021,15_RP,new_vehicle_efficiency,ldv,km_per_pj,road,freight,lpg,all,yearly,national,['avg_eff_no_outliers $ transport_data_system_9th'],1,3668778329.1297708,avg_eff_no_outliers $ transport_data_system_9th,282213717.625367,single_datapoint,no_comment
11972,2021,15_RP,new_vehicle_efficiency,ldv,km_per_pj,road,passenger,lpg,all,yearly,national,['avg_eff_no_outliers $ transport_data_system_9th'],1,4713924488.084526,avg_eff_no_outliers $ transport_data_system_9th,362609576.006502,single_datapoint,no_comment
11973,2021,15_RP,turnover_rate,ldv,%,road,freight,lpg,all,yearly,national,['manually_inputted_data $ guess'],1,0.42,manually_inputted_data $ guess,0.03,manual,no_comment
11974,2021,15_RP,turnover_rate,ldv,%,road,passenger,lpg,all,yearly,national,['manually_inputted_data $ guess'],1,0.42,manually_inputted_data $ guess,0.03,manual,no_comment
11975,2022,15_RP,new_vehicle_efficiency,ldv,km_per_pj,road,freight,lpg,all,yearly,national,['avg_eff_no_outliers $ transport_data_system_9th'],1,3668778329.1297708,avg_eff_no_outliers $ transport_data_system_9th,282213717.625367,single_datapoint,no_comment
11976,2022,15_RP,new_vehicle_efficiency,ldv,km_per_pj,road,passenger,lpg,all,yearly,national,['avg_eff_no_outliers $ transport_data_system_9th'],1,4713924488.084526,avg_eff_no_outliers $ transport_data_system_9th,362609576.006502,single_datapoint,no_comment
11977,2022,15_RP,turnover_rate,ldv,%,road,freight,lpg,all,yearly,national,['manually_inputted_data $ guess'],1,0.42,manually_inputted_data $ guess,0.03,manual,no_comment
11978,2022,15_RP,turnover_rate,ldv,%,road,passenger,lpg,all,yearly,national,['manually_inputted_data $ guess'],1,0.42,manually_inputted_data $ guess,0.03,manual,no_comment
11979,2010,15_RP,new_vehicle_efficiency,ldv,km_per_pj,road,freight,phev,all,yearly,national,['avg_eff_no_outliers $ transport_data_system_9th'],1,8979606259.303562,avg_eff_no_outliers $ transport_data_system_9th,690738943.023351,single_datapoint,no_comment
11980,2010,15_RP,new_vehicle_efficiency,ldv,km_per_pj,road,passenger,phev,all,yearly,national,['avg_eff_no_outliers $ transport_data_system_9th'],1,5974718100.659283,avg_eff_no_outliers $ transport_data_system_9th,459593700.050714,single_datapoint,no_comment
11981,2010,15_RP,turnover_rate,ldv,%,road,freight,phev,all,yearly,national,['manually_inputted_data $ guess'],1,0.39,manually_inputted_data $ guess,0.03,single_datapoint,no_comment
11982,2010,15_RP,turnover_rate,ldv,%,road,passenger,phev,all,yearly,national,['manually_inputted_data $ guess'],1,0.39,manually_inputted_data $ guess,0.03,single_datapoint,no_comment
11983,2011,15_RP,new_vehicle_efficiency,ldv,km_per_pj,road,freight,phev,all,yearly,national,['avg_eff_no_outliers $ transport_data_system_9th'],1,8979606259.303562,avg_eff_no_outliers $ transport_data_system_9th,690738943.023351,single_datapoint,no_comment
11984,2011,15_RP,new_vehicle_efficiency,ldv,km_per_pj,road,passenger,phev,all,yearly,national,['avg_eff_no_outliers $ transport_data_system_9th'],1,5974718100.659283,avg_eff_no_outliers $ transport_data_system_9th,459593700.050714,single_datapoint,no_comment
11985,2011,15_RP,turnover_rate,ldv,%,road,freight,phev,all,yearly,national,['manually_inputted_data $ guess'],1,0.39,manually_inputted_data $ guess,0.03,single_datapoint,no_comment
11986,2011,15_RP,turnover_rate,ldv,%,road,passenger,phev,all,yearly,national,['manually_inputted_data $ guess'],1,0.39,manually_inputted_data $ guess,0.03,single_datapoint,no_comment
11987,2012,15_RP,new_vehicle_efficiency,ldv,km_per_pj,road,freight,phev,all,yearly,national,['avg_eff_no_outliers $ transport_data_system_9th'],1,8979606259.303562,avg_eff_no_outliers $ transport_data_system_9th,690738943.023351,single_datapoint,no_comment
11988,2012,15_RP,new_vehicle_efficiency,ldv,km_per_pj,road,passenger,phev,all,yearly,national,['avg_eff_no_outliers $ transport_data_system_9th'],1,5974718100.659283,avg_eff_no_outliers $ transport_data_system_9th,459593700.050714,single_datapoint,no_comment
11989,2012,15_RP,turnover_rate,ldv,%,road,freight,phev,all,yearly,national,['manually_inputted_data $ guess'],1,0.39,manually_inputted_data $ guess,0.03,single_datapoint,no_comment
11990,2012,15_RP,turnover_rate,ldv,%,road,passenger,phev,all,yearly,national,['manually_inputted_data $ guess'],1,0.39,manually_inputted_data $ guess,0.03,single_datapoint,no_comment
11991,2013,15_RP,new_vehicle_efficiency,ldv,km_per_pj,road,freight,phev,all,yearly,national,['avg_eff_no_outliers $ transport_data_system_9th'],1,8979606259.303562,avg_eff_no_outliers $ transport_data_system_9th,690738943.023351,single_datapoint,no_comment
11992,2013,15_RP,new_vehicle_efficiency,ldv,km_per_pj,road,passenger,phev,all,yearly,national,['avg_eff_no_outliers $ transport_data_system_9th'],1,5974718100.659283,avg_eff_no_outliers $ transport_data_system_9th,459593700.050714,single_datapoint,no_comment
11993,2013,15_RP,turnover_rate,ldv,%,road,freight,phev,all,yearly,national,['manually_inputted_data $ guess'],1,0.39,manually_inputted_data $ guess,0.03,single_datapoint,no_comment
11994,2013,15_RP,turnover_rate,ldv,%,road,passenger,phev,all,yearly,national,['manually_inputted_data $ guess'],1,0.39,manually_inputted_data $ guess,0.03,single_datapoint,no_comment
11995,2014,15_RP,new_vehicle_efficiency,ldv,km_per_pj,road,freight,phev,all,yearly,national,['avg_eff_no_outliers $ transport_data_system_9th'],1,8979606259.303562,avg_eff_no_outliers $ transport_data_system_9th,690738943.023351,single_datapoint,no_comment
11996,2014,15_RP,new_vehicle_efficiency,ldv,km_per_pj,road,passenger,phev,all,yearly,national,['avg_eff_no_outliers $ transport_data_system_9th'],1,5974718100.659283,avg_eff_no_outliers $ transport_data_system_9th,459593700.050714,single_datapoint,no_comment
11997,2014,15_RP,turnover_rate,ldv,%,road,freight,phev,all,yearly,national,['manually_inputted_data $ guess'],1,0.39,manually_inputted_data $ guess,0.03,single_datapoint,no_comment
11998,2014,15_RP,turnover_rate,ldv,%,road,passenger,phev,all,yearly,national,['manually_inputted_data $ guess'],1,0.39,manually_inputted_data $ guess,0.03,single_datapoint,no_comment
11999,2015,15_RP,new_vehicle_efficiency,ldv,km_per_pj,road,freight,phev,all,yearly,national,['avg_eff_no_outliers $ transport_data_system_9th'],1,8979606259.303562,avg_eff_no_outliers $ transport_data_system_9th,690738943.023351,single_datapoint,no_comment
12000,2015,15_RP,new_vehicle_efficiency,ldv,km_per_pj,road,passenger,phev,all,yearly,national,['avg_eff_no_outliers $ transport_data_system_9th'],1,5974718100.659283,avg_eff_no_outliers $ transport_data_system_9th,459593700.050714,single_datapoint,no_comment
12001,2015,15_RP,turnover_rate,ldv,%,road,freight,phev,all,yearly,national,['manually_inputted_data $ guess'],1,0.39,manually_inputted_data $ guess,0.03,single_datapoint,no_comment
12002,2015,15_RP,turnover_rate,ldv,%,road,passenger,phev,all,yearly,national,['manually_inputted_data $ guess'],1,0.39,manually_inputted_data $ guess,0.03,single_datapoint,no_comment
12003,2016,15_RP,new_vehicle_efficiency,ldv,km_per_pj,road,freight,phev,all,yearly,national,['avg_eff_no_outliers $ transport_data_system_9th'],1,8979606259.303562,avg_eff_no_outliers $ transport_data_system_9th,690738943.023351,single_datapoint,no_comment
12004,2016,15_RP,new_vehicle_efficiency,ldv,km_per_pj,road,passenger,phev,all,yearly,national,['avg_eff_no_outliers $ transport_data_system_9th'],1,5974718100.659283,avg_eff_no_outliers $ transport_data_system_9th,459593700.050714,single_datapoint,no_comment
12005,2016,15_RP,turnover_rate,ldv,%,road,freight,phev,all,yearly,national,['manually_inputted_data $ guess'],1,0.39,manually_inputted_data $ guess,0.03,single_datapoint,no_comment
12006,2016,15_RP,turnover_rate,ldv,%,road,passenger,phev,all,yearly,national,['manually_inputted_data $ guess'],1,0.39,manually_inputted_data $ guess,0.03,single_datapoint,no_comment
12007,2017,15_RP,new_vehicle_efficiency,ldv,km_per_pj,road,freight,phev,all,yearly,national,['avg_eff_no_outliers $ transport_data_system_9th'],1,8979606259.303562,avg_eff_no_outliers $ transport_data_system_9th,690738943.023351,single_datapoint,no_comment
12008,2017,15_RP,new_vehicle_efficiency,ldv,km_per_pj,road,passenger,phev,all,yearly,national,['avg_eff_no_outliers $ transport_data_system_9th'],1,5974718100.659283,avg_eff_no_outliers $ transport_data_system_9th,459593700.050714,single_datapoint,no_comment
12009,2017,15_RP,turnover_rate,ldv,%,road,freight,phev,all,yearly,national,['manually_inputted_data $ guess'],1,0.39,manually_inputted_data $ guess,0.03,single_datapoint,no_comment
12010,2017,15_RP,turnover_rate,ldv,%,road,passenger,phev,all,yearly,national,['manually_inputted_data $ guess'],1,0.39,manually_inputted_data $ guess,0.03,single_datapoint,no_comment
12011,2018,15_RP,new_vehicle_efficiency,ldv,km_per_pj,road,freight,phev,all,yearly,national,['avg_eff_no_outliers $ transport_data_system_9th'],1,8979606259.303562,avg_eff_no_outliers $ transport_data_system_9th,690738943.023351,single_datapoint,no_comment
12012,2018,15_RP,new_vehicle_efficiency,ldv,km_per_pj,road,passenger,phev,all,yearly,national,['avg_eff_no_outliers $ transport_data_system_9th'],1,5974718100.659283,avg_eff_no_outliers $ transport_data_system_9th,459593700.050714,single_datapoint,no_comment
12013,2018,15_RP,turnover_rate,ldv,%,road,freight,phev,all,yearly,national,['manually_inputted_data $ guess'],1,0.39,manually_inputted_data $ guess,0.03,single_datapoint,no_comment
12014,2018,15_RP,turnover_rate,ldv,%,road,passenger,phev,all,yearly,national,['manually_inputted_data $ guess'],1,0.39,manually_inputted_data $ guess,0.03,single_datapoint,no_comment
12015,2019,15_RP,new_vehicle_efficiency,ldv,km_per_pj,road,freight,phev,all,yearly,national,['avg_eff_no_outliers $ transport_data_system_9th'],1,8979606259.303562,avg_eff_no_outliers $ transport_data_system_9th,690738943.023351,single_datapoint,no_comment
12016,2019,15_RP,new_vehicle_efficiency,ldv,km_per_pj,road,passenger,phev,all,yearly,national,['avg_eff_no_outliers $ transport_data_system_9th'],1,5974718100.659283,avg_eff_no_outliers $ transport_data_system_9th,459593700.050714,single_datapoint,no_comment
12017,2019,15_RP,turnover_rate,ldv,%,road,freight,phev,all,yearly,national,['manually_inputted_data $ guess'],1,0.39,manually_inputted_data $ guess,0.03,single_datapoint,no_comment
12018,2019,15_RP,turnover_rate,ldv,%,road,passenger,phev,all,yearly,national,['manually_inputted_data $ guess'],1,0.39,manually_inputted_data $ guess,0.03,single_datapoint,no_comment
12019,2020,15_RP,new_vehicle_efficiency,ldv,km_per_pj,road,freight,phev,all,yearly,national,['avg_eff_no_outliers $ transport_data_system_9th'],1,8979606259.303562,avg_eff_no_outliers $ transport_data_system_9th,690738943.023351,single_datapoint,no_comment
12020,2020,15_RP,new_vehicle_efficiency,ldv,km_per_pj,road,passenger,phev,all,yearly,national,['avg_eff_no_outliers $ transport_data_system_9th'],1,5974718100.659283,avg_eff_no_outliers $ transport_data_system_9th,459593700.050714,single_datapoint,no_comment
12021,2020,15_RP,turnover_rate,ldv,%,road,freight,phev,all,yearly,national,['manually_inputted_data $ guess'],1,0.39,manually_inputted_data $ guess,0.03,single_datapoint,no_comment
12022,2020,15_RP,turnover_rate,ldv,%,road,passenger,phev,all,yearly,national,['manually_inputted_data $ guess'],1,0.39,manually_inputted_data $ guess,0.03,single_datapoint,no_comment
12023,2021,15_RP,new_vehicle_efficiency,ldv,km_per_pj,road,freight,phev,all,yearly,national,['avg_eff_no_outliers $ transport_data_system_9th'],1,8979606259.303562,avg_eff_no_outliers $ transport_data_system_9th,690738943.023351,single_datapoint,no_comment
12024,2021,15_RP,new_vehicle_efficiency,ldv,km_per_pj,road,passenger,phev,all,yearly,national,['avg_eff_no_outliers $ transport_data_system_9th'],1,5974718100.659283,avg_eff_no_outliers $ transport_data_system_9th,459593700.050714,single_datapoint,no_comment
12025,2021,15_RP,turnover_rate,ldv,%,road,freight,phev,all,yearly,national,['manually_inputted_data $ guess'],1,0.39,manually_inputted_data $ guess,0.03,single_datapoint,no_comment
12026,2021,15_RP,turnover_rate,ldv,%,road,passenger,phev,all,yearly,national,['manually_inputted_data $ guess'],1,0.39,manually_inputted_data $ guess,0.03,single_datapoint,no_comment
12027,2022,15_RP,new_vehicle_efficiency,ldv,km_per_pj,road,freight,phev,all,yearly,national,['avg_eff_no_outliers $ transport_data_system_9th'],1,8979606259.303562,avg_eff_no_outliers $ transport_data_system_9th,690738943.023351,single_datapoint,no_comment
12028,2022,15_RP,new_vehicle_efficiency,ldv,km_per_pj,road,passenger,phev,all,yearly,national,['avg_eff_no_outliers $ transport_data_system_9th'],1,5974718100.659283,avg_eff_no_outliers $ transport_data_system_9th,459593700.050714,single_datapoint,no_comment
12029,2022,15_RP,turnover_rate,ldv,%,road,freight,phev,all,yearly,national,['manually_inputted_data $ guess'],1,0.39,manually_inputted_data $ guess,0.03,single_datapoint,no_comment
12030,2022,15_RP,turnover_rate,ldv,%,road,passenger,phev,all,yearly,national,['manually_inputted_data $ guess'],1,0.39,manually_inputted_data $ guess,0.03,single_datapoint,no_comment
12031,2010,16_RUS,new_vehicle_efficiency,2w,km_per_pj,road,passenger,bev,all,yearly,national,['avg_eff_no_outliers $ transport_data_system_9th'],1,33137029391.83156,avg_eff_no_outliers $ transport_data_system_9th,2549002260.91012,single_datapoint,no_comment
12032,2010,16_RUS,turnover_rate,2w,%,road,passenger,bev,all,yearly,national,['manually_inputted_data $ guess'],1,0.42,manually_inputted_data $ guess,0.03,manual,no_comment
12033,2011,16_RUS,new_vehicle_efficiency,2w,km_per_pj,road,passenger,bev,all,yearly,national,['avg_eff_no_outliers $ transport_data_system_9th'],1,33137029391.83156,avg_eff_no_outliers $ transport_data_system_9th,2549002260.91012,single_datapoint,no_comment
12034,2011,16_RUS,turnover_rate,2w,%,road,passenger,bev,all,yearly,national,['manually_inputted_data $ guess'],1,0.42,manually_inputted_data $ guess,0.03,manual,no_comment
12035,2012,16_RUS,new_vehicle_efficiency,2w,km_per_pj,road,passenger,bev,all,yearly,national,['avg_eff_no_outliers $ transport_data_system_9th'],1,33137029391.83156,avg_eff_no_outliers $ transport_data_system_9th,2549002260.91012,single_datapoint,no_comment
12036,2012,16_RUS,turnover_rate,2w,%,road,passenger,bev,all,yearly,national,['manually_inputted_data $ guess'],1,0.42,manually_inputted_data $ guess,0.03,manual,no_comment
12037,2013,16_RUS,new_vehicle_efficiency,2w,km_per_pj,road,passenger,bev,all,yearly,national,['avg_eff_no_outliers $ transport_data_system_9th'],1,33137029391.83156,avg_eff_no_outliers $ transport_data_system_9th,2549002260.91012,single_datapoint,no_comment
12038,2013,16_RUS,turnover_rate,2w,%,road,passenger,bev,all,yearly,national,['manually_inputted_data $ guess'],1,0.42,manually_inputted_data $ guess,0.03,manual,no_comment
12039,2014,16_RUS,new_vehicle_efficiency,2w,km_per_pj,road,passenger,bev,all,yearly,national,['avg_eff_no_outliers $ transport_data_system_9th'],1,33137029391.83156,avg_eff_no_outliers $ transport_data_system_9th,2549002260.91012,single_datapoint,no_comment
12040,2014,16_RUS,turnover_rate,2w,%,road,passenger,bev,all,yearly,national,['manually_inputted_data $ guess'],1,0.42,manually_inputted_data $ guess,0.03,manual,no_comment
12041,2015,16_RUS,new_vehicle_efficiency,2w,km_per_pj,road,passenger,bev,all,yearly,national,['avg_eff_no_outliers $ transport_data_system_9th'],1,33137029391.83156,avg_eff_no_outliers $ transport_data_system_9th,2549002260.91012,single_datapoint,no_comment
12042,2015,16_RUS,turnover_rate,2w,%,road,passenger,bev,all,yearly,national,['manually_inputted_data $ guess'],1,0.42,manually_inputted_data $ guess,0.03,manual,no_comment
12043,2016,16_RUS,new_vehicle_efficiency,2w,km_per_pj,road,passenger,bev,all,yearly,national,['avg_eff_no_outliers $ transport_data_system_9th'],1,33137029391.83156,avg_eff_no_outliers $ transport_data_system_9th,2549002260.91012,single_datapoint,no_comment
12044,2016,16_RUS,turnover_rate,2w,%,road,passenger,bev,all,yearly,national,['manually_inputted_data $ guess'],1,0.42,manually_inputted_data $ guess,0.03,manual,no_comment
12045,2017,16_RUS,new_vehicle_efficiency,2w,km_per_pj,road,passenger,bev,all,yearly,national,['avg_eff_no_outliers $ transport_data_system_9th'],1,33137029391.83156,avg_eff_no_outliers $ transport_data_system_9th,2549002260.91012,single_datapoint,no_comment
12046,2017,16_RUS,turnover_rate,2w,%,road,passenger,bev,all,yearly,national,"['manually_inputted_data $ guess', 'turnover_rate_est']",2,0.42,manually_inputted_data $ guess,0.03,manual,no_comment
12047,2018,16_RUS,new_vehicle_efficiency,2w,km_per_pj,road,passenger,bev,all,yearly,national,['avg_eff_no_outliers $ transport_data_system_9th'],1,33137029391.83156,avg_eff_no_outliers $ transport_data_system_9th,2549002260.91012,single_datapoint,no_comment
12048,2018,16_RUS,turnover_rate,2w,%,road,passenger,bev,all,yearly,national,['manually_inputted_data $ guess'],1,0.42,manually_inputted_data $ guess,0.03,manual,no_comment
12049,2019,16_RUS,new_vehicle_efficiency,2w,km_per_pj,road,passenger,bev,all,yearly,national,['avg_eff_no_outliers $ transport_data_system_9th'],1,33137029391.83156,avg_eff_no_outliers $ transport_data_system_9th,2549002260.91012,single_datapoint,no_comment
12050,2019,16_RUS,turnover_rate,2w,%,road,passenger,bev,all,yearly,national,['manually_inputted_data $ guess'],1,0.42,manually_inputted_data $ guess,0.03,manual,no_comment
12051,2020,16_RUS,new_vehicle_efficiency,2w,km_per_pj,road,passenger,bev,all,yearly,national,['avg_eff_no_outliers $ transport_data_system_9th'],1,33137029391.83156,avg_eff_no_outliers $ transport_data_system_9th,2549002260.91012,single_datapoint,no_comment
12052,2020,16_RUS,turnover_rate,2w,%,road,passenger,bev,all,yearly,national,['manually_inputted_data $ guess'],1,0.42,manually_inputted_data $ guess,0.03,manual,no_comment
12053,2021,16_RUS,new_vehicle_efficiency,2w,km_per_pj,road,passenger,bev,all,yearly,national,['avg_eff_no_outliers $ transport_data_system_9th'],1,33137029391.83156,avg_eff_no_outliers $ transport_data_system_9th,2549002260.91012,single_datapoint,no_comment
12054,2021,16_RUS,turnover_rate,2w,%,road,passenger,bev,all,yearly,national,['manually_inputted_data $ guess'],1,0.42,manually_inputted_data $ guess,0.03,manual,no_comment
12055,2022,16_RUS,new_vehicle_efficiency,2w,km_per_pj,road,passenger,bev,all,yearly,national,['avg_eff_no_outliers $ transport_data_system_9th'],1,33137029391.83156,avg_eff_no_outliers $ transport_data_system_9th,2549002260.91012,single_datapoint,no_comment
12056,2022,16_RUS,turnover_rate,2w,%,road,passenger,bev,all,yearly,national,['manually_inputted_data $ guess'],1,0.42,manually_inputted_data $ guess,0.03,manual,no_comment
12057,2010,16_RUS,new_vehicle_efficiency,2w,km_per_pj,road,passenger,ice,all,yearly,national,['avg_eff_no_outliers $ transport_data_system_9th'],1,7669072338.574219,avg_eff_no_outliers $ transport_data_system_9th,589928641.428786,single_datapoint,no_comment
12058,2010,16_RUS,turnover_rate,2w,%,road,passenger,ice,all,yearly,national,['manually_inputted_data $ guess'],1,0.39,manually_inputted_data $ guess,0.03,single_datapoint,no_comment
12059,2011,16_RUS,new_vehicle_efficiency,2w,km_per_pj,road,passenger,ice,all,yearly,national,['avg_eff_no_outliers $ transport_data_system_9th'],1,7669072338.574219,avg_eff_no_outliers $ transport_data_system_9th,589928641.428786,single_datapoint,no_comment
12060,2011,16_RUS,turnover_rate,2w,%,road,passenger,ice,all,yearly,national,['manually_inputted_data $ guess'],1,0.39,manually_inputted_data $ guess,0.03,single_datapoint,no_comment
12061,2012,16_RUS,new_vehicle_efficiency,2w,km_per_pj,road,passenger,ice,all,yearly,national,['avg_eff_no_outliers $ transport_data_system_9th'],1,7669072338.574219,avg_eff_no_outliers $ transport_data_system_9th,589928641.428786,single_datapoint,no_comment
12062,2012,16_RUS,turnover_rate,2w,%,road,passenger,ice,all,yearly,national,['manually_inputted_data $ guess'],1,0.39,manually_inputted_data $ guess,0.03,single_datapoint,no_comment
12063,2013,16_RUS,new_vehicle_efficiency,2w,km_per_pj,road,passenger,ice,all,yearly,national,['avg_eff_no_outliers $ transport_data_system_9th'],1,7669072338.574219,avg_eff_no_outliers $ transport_data_system_9th,589928641.428786,single_datapoint,no_comment
12064,2013,16_RUS,turnover_rate,2w,%,road,passenger,ice,all,yearly,national,['manually_inputted_data $ guess'],1,0.39,manually_inputted_data $ guess,0.03,single_datapoint,no_comment
12065,2014,16_RUS,new_vehicle_efficiency,2w,km_per_pj,road,passenger,ice,all,yearly,national,['avg_eff_no_outliers $ transport_data_system_9th'],1,7669072338.574219,avg_eff_no_outliers $ transport_data_system_9th,589928641.428786,single_datapoint,no_comment
12066,2014,16_RUS,turnover_rate,2w,%,road,passenger,ice,all,yearly,national,['manually_inputted_data $ guess'],1,0.39,manually_inputted_data $ guess,0.03,single_datapoint,no_comment
12067,2015,16_RUS,new_vehicle_efficiency,2w,km_per_pj,road,passenger,ice,all,yearly,national,['avg_eff_no_outliers $ transport_data_system_9th'],1,7669072338.574219,avg_eff_no_outliers $ transport_data_system_9th,589928641.428786,single_datapoint,no_comment
12068,2015,16_RUS,turnover_rate,2w,%,road,passenger,ice,all,yearly,national,['manually_inputted_data $ guess'],1,0.39,manually_inputted_data $ guess,0.03,single_datapoint,no_comment
12069,2016,16_RUS,new_vehicle_efficiency,2w,km_per_pj,road,passenger,ice,all,yearly,national,['avg_eff_no_outliers $ transport_data_system_9th'],1,7669072338.574219,avg_eff_no_outliers $ transport_data_system_9th,589928641.428786,single_datapoint,no_comment
12070,2016,16_RUS,turnover_rate,2w,%,road,passenger,ice,all,yearly,national,['manually_inputted_data $ guess'],1,0.39,manually_inputted_data $ guess,0.03,single_datapoint,no_comment
12071,2017,16_RUS,activity,2w,passenger_km_or_freight_tonne_km,road,passenger,ice,all,yearly,national,['estimated $ calculate_energy_and_activity()'],1,18662250750.0,estimated $ calculate_energy_and_activity(),18662250750.0,single_datapoint,no_comment
12072,2017,16_RUS,energy,2w,pj,road,passenger,ice,all,yearly,national,['estimated $ calculate_energy_and_activity()'],1,26.824302731567393,estimated $ calculate_energy_and_activity(),26.824302731567393,single_datapoint,no_comment
12073,2017,16_RUS,new_vehicle_efficiency,2w,km_per_pj,road,passenger,ice,all,yearly,national,['avg_eff_no_outliers $ transport_data_system_9th'],1,7669072338.574219,avg_eff_no_outliers $ transport_data_system_9th,589928641.428786,single_datapoint,no_comment
12074,2017,16_RUS,travel_km,2w,km,road,passenger,ice,all,yearly,national,['estimated $ calculate_energy_and_activity()'],1,16965682500.0,estimated $ calculate_energy_and_activity(),16965682500.0,single_datapoint,no_comment
12075,2017,16_RUS,turnover_rate,2w,%,road,passenger,ice,all,yearly,national,['manually_inputted_data $ guess'],1,0.39,manually_inputted_data $ guess,0.03,single_datapoint,no_comment
12076,2018,16_RUS,new_vehicle_efficiency,2w,km_per_pj,road,passenger,ice,all,yearly,national,['avg_eff_no_outliers $ transport_data_system_9th'],1,7669072338.574219,avg_eff_no_outliers $ transport_data_system_9th,589928641.428786,single_datapoint,no_comment
12077,2018,16_RUS,turnover_rate,2w,%,road,passenger,ice,all,yearly,national,['manually_inputted_data $ guess'],1,0.39,manually_inputted_data $ guess,0.03,single_datapoint,no_comment
12078,2019,16_RUS,new_vehicle_efficiency,2w,km_per_pj,road,passenger,ice,all,yearly,national,['avg_eff_no_outliers $ transport_data_system_9th'],1,7669072338.574219,avg_eff_no_outliers $ transport_data_system_9th,589928641.428786,single_datapoint,no_comment
12079,2019,16_RUS,turnover_rate,2w,%,road,passenger,ice,all,yearly,national,['manually_inputted_data $ guess'],1,0.39,manually_inputted_data $ guess,0.03,single_datapoint,no_comment
12080,2020,16_RUS,new_vehicle_efficiency,2w,km_per_pj,road,passenger,ice,all,yearly,national,['avg_eff_no_outliers $ transport_data_system_9th'],1,7669072338.574219,avg_eff_no_outliers $ transport_data_system_9th,589928641.428786,single_datapoint,no_comment
12081,2020,16_RUS,turnover_rate,2w,%,road,passenger,ice,all,yearly,national,['manually_inputted_data $ guess'],1,0.39,manually_inputted_data $ guess,0.03,single_datapoint,no_comment
12082,2021,16_RUS,new_vehicle_efficiency,2w,km_per_pj,road,passenger,ice,all,yearly,national,['avg_eff_no_outliers $ transport_data_system_9th'],1,7669072338.574219,avg_eff_no_outliers $ transport_data_system_9th,589928641.428786,single_datapoint,no_comment
12083,2021,16_RUS,turnover_rate,2w,%,road,passenger,ice,all,yearly,national,['manually_inputted_data $ guess'],1,0.39,manually_inputted_data $ guess,0.03,single_datapoint,no_comment
12084,2022,16_RUS,new_vehicle_efficiency,2w,km_per_pj,road,passenger,ice,all,yearly,national,['avg_eff_no_outliers $ transport_data_system_9th'],1,7669072338.574219,avg_eff_no_outliers $ transport_data_system_9th,589928641.428786,single_datapoint,no_comment
12085,2022,16_RUS,turnover_rate,2w,%,road,passenger,ice,all,yearly,national,['manually_inputted_data $ guess'],1,0.39,manually_inputted_data $ guess,0.03,single_datapoint,no_comment
12086,2010,16_RUS,intensity,all,pj_per_passenger_or_freight_tonne_km,air,freight,all,all,yearly,national,['manually_inputted_data $ energy-intensity-of-passenger-transport-modes-2018'],1,4.0300000000000004e-08,manually_inputted_data $ energy-intensity-of-passenger-transport-modes-2018,3.1e-09,single_datapoint,assumed_to_be_same_as_passenger_air_because_of_lack_of_data
12087,2010,16_RUS,intensity,all,pj_per_passenger_or_freight_tonne_km,rail,freight,all,all,yearly,national,['manually_inputted_data $ iea_howtocalculatetheindicatorsforthetransportsectors.pdf'],1,2.86e-09,manually_inputted_data $ iea_howtocalculatetheindicatorsforthetransportsectors.pdf,2.2e-10,single_datapoint,from_how_to_calculate_the_indicators_for_the_transport_sector
12088,2010,16_RUS,intensity,all,pj_per_passenger_or_freight_tonne_km,ship,freight,all,all,yearly,national,['manually_inputted_data $ iea_howtocalculatetheindicatorsforthetransportsectors.pdf'],1,7.02e-09,manually_inputted_data $ iea_howtocalculatetheindicatorsforthetransportsectors.pdf,5.4e-10,single_datapoint,from_how_to_calculate_the_indicators_for_the_transport_sector
12089,2010,16_RUS,intensity,all,pj_per_passenger_or_freight_tonne_km,air,passenger,all,all,yearly,national,['manually_inputted_data $ energy-intensity-of-passenger-transport-modes-2018'],1,4.0300000000000004e-08,manually_inputted_data $ energy-intensity-of-passenger-transport-modes-2018,3.1e-09,single_datapoint,no_comment
12090,2010,16_RUS,intensity,all,pj_per_passenger_or_freight_tonne_km,rail,passenger,all,all,yearly,national,['manually_inputted_data $ energy-intensity-of-passenger-transport-modes-2018'],1,2.6e-09,manually_inputted_data $ energy-intensity-of-passenger-transport-modes-2018,2e-10,single_datapoint,no_comment
12091,2010,16_RUS,intensity,all,pj_per_passenger_or_freight_tonne_km,ship,passenger,all,all,yearly,national,['manually_inputted_data $ iea_howtocalculatetheindicatorsforthetransportsectors.pdf'],1,7.02e-09,manually_inputted_data $ iea_howtocalculatetheindicatorsforthetransportsectors.pdf,5.4e-10,single_datapoint,assumed_to_be_the_same_as_ship_freight_from_iea_how_to
12092,2011,16_RUS,intensity,all,pj_per_passenger_or_freight_tonne_km,air,freight,all,all,yearly,national,['manually_inputted_data $ energy-intensity-of-passenger-transport-modes-2018'],1,4.0300000000000004e-08,manually_inputted_data $ energy-intensity-of-passenger-transport-modes-2018,3.1e-09,single_datapoint,assumed_to_be_same_as_passenger_air_because_of_lack_of_data
12093,2011,16_RUS,intensity,all,pj_per_passenger_or_freight_tonne_km,rail,freight,all,all,yearly,national,['manually_inputted_data $ iea_howtocalculatetheindicatorsforthetransportsectors.pdf'],1,2.86e-09,manually_inputted_data $ iea_howtocalculatetheindicatorsforthetransportsectors.pdf,2.2e-10,single_datapoint,from_how_to_calculate_the_indicators_for_the_transport_sector
12094,2011,16_RUS,intensity,all,pj_per_passenger_or_freight_tonne_km,ship,freight,all,all,yearly,national,['manually_inputted_data $ iea_howtocalculatetheindicatorsforthetransportsectors.pdf'],1,7.02e-09,manually_inputted_data $ iea_howtocalculatetheindicatorsforthetransportsectors.pdf,5.4e-10,single_datapoint,from_how_to_calculate_the_indicators_for_the_transport_sector
12095,2011,16_RUS,intensity,all,pj_per_passenger_or_freight_tonne_km,air,passenger,all,all,yearly,national,['manually_inputted_data $ energy-intensity-of-passenger-transport-modes-2018'],1,4.0300000000000004e-08,manually_inputted_data $ energy-intensity-of-passenger-transport-modes-2018,3.1e-09,single_datapoint,no_comment
12096,2011,16_RUS,intensity,all,pj_per_passenger_or_freight_tonne_km,rail,passenger,all,all,yearly,national,['manually_inputted_data $ energy-intensity-of-passenger-transport-modes-2018'],1,2.6e-09,manually_inputted_data $ energy-intensity-of-passenger-transport-modes-2018,2e-10,single_datapoint,no_comment
12097,2011,16_RUS,intensity,all,pj_per_passenger_or_freight_tonne_km,ship,passenger,all,all,yearly,national,['manually_inputted_data $ iea_howtocalculatetheindicatorsforthetransportsectors.pdf'],1,7.02e-09,manually_inputted_data $ iea_howtocalculatetheindicatorsforthetransportsectors.pdf,5.4e-10,single_datapoint,assumed_to_be_the_same_as_ship_freight_from_iea_how_to
12098,2012,16_RUS,intensity,all,pj_per_passenger_or_freight_tonne_km,air,freight,all,all,yearly,national,['manually_inputted_data $ energy-intensity-of-passenger-transport-modes-2018'],1,4.0300000000000004e-08,manually_inputted_data $ energy-intensity-of-passenger-transport-modes-2018,3.1e-09,single_datapoint,assumed_to_be_same_as_passenger_air_because_of_lack_of_data
12099,2012,16_RUS,intensity,all,pj_per_passenger_or_freight_tonne_km,rail,freight,all,all,yearly,national,['manually_inputted_data $ iea_howtocalculatetheindicatorsforthetransportsectors.pdf'],1,2.86e-09,manually_inputted_data $ iea_howtocalculatetheindicatorsforthetransportsectors.pdf,2.2e-10,single_datapoint,from_how_to_calculate_the_indicators_for_the_transport_sector
12100,2012,16_RUS,intensity,all,pj_per_passenger_or_freight_tonne_km,ship,freight,all,all,yearly,national,['manually_inputted_data $ iea_howtocalculatetheindicatorsforthetransportsectors.pdf'],1,7.02e-09,manually_inputted_data $ iea_howtocalculatetheindicatorsforthetransportsectors.pdf,5.4e-10,single_datapoint,from_how_to_calculate_the_indicators_for_the_transport_sector
12101,2012,16_RUS,intensity,all,pj_per_passenger_or_freight_tonne_km,air,passenger,all,all,yearly,national,['manually_inputted_data $ energy-intensity-of-passenger-transport-modes-2018'],1,4.0300000000000004e-08,manually_inputted_data $ energy-intensity-of-passenger-transport-modes-2018,3.1e-09,single_datapoint,no_comment
12102,2012,16_RUS,intensity,all,pj_per_passenger_or_freight_tonne_km,rail,passenger,all,all,yearly,national,['manually_inputted_data $ energy-intensity-of-passenger-transport-modes-2018'],1,2.6e-09,manually_inputted_data $ energy-intensity-of-passenger-transport-modes-2018,2e-10,single_datapoint,no_comment
12103,2012,16_RUS,intensity,all,pj_per_passenger_or_freight_tonne_km,ship,passenger,all,all,yearly,national,['manually_inputted_data $ iea_howtocalculatetheindicatorsforthetransportsectors.pdf'],1,7.02e-09,manually_inputted_data $ iea_howtocalculatetheindicatorsforthetransportsectors.pdf,5.4e-10,single_datapoint,assumed_to_be_the_same_as_ship_freight_from_iea_how_to
12104,2013,16_RUS,intensity,all,pj_per_passenger_or_freight_tonne_km,air,freight,all,all,yearly,national,['manually_inputted_data $ energy-intensity-of-passenger-transport-modes-2018'],1,4.0300000000000004e-08,manually_inputted_data $ energy-intensity-of-passenger-transport-modes-2018,3.1e-09,single_datapoint,assumed_to_be_same_as_passenger_air_because_of_lack_of_data
12105,2013,16_RUS,intensity,all,pj_per_passenger_or_freight_tonne_km,rail,freight,all,all,yearly,national,['manually_inputted_data $ iea_howtocalculatetheindicatorsforthetransportsectors.pdf'],1,2.86e-09,manually_inputted_data $ iea_howtocalculatetheindicatorsforthetransportsectors.pdf,2.2e-10,single_datapoint,from_how_to_calculate_the_indicators_for_the_transport_sector
12106,2013,16_RUS,intensity,all,pj_per_passenger_or_freight_tonne_km,ship,freight,all,all,yearly,national,['manually_inputted_data $ iea_howtocalculatetheindicatorsforthetransportsectors.pdf'],1,7.02e-09,manually_inputted_data $ iea_howtocalculatetheindicatorsforthetransportsectors.pdf,5.4e-10,single_datapoint,from_how_to_calculate_the_indicators_for_the_transport_sector
12107,2013,16_RUS,intensity,all,pj_per_passenger_or_freight_tonne_km,air,passenger,all,all,yearly,national,['manually_inputted_data $ energy-intensity-of-passenger-transport-modes-2018'],1,4.0300000000000004e-08,manually_inputted_data $ energy-intensity-of-passenger-transport-modes-2018,3.1e-09,single_datapoint,no_comment
12108,2013,16_RUS,intensity,all,pj_per_passenger_or_freight_tonne_km,rail,passenger,all,all,yearly,national,['manually_inputted_data $ energy-intensity-of-passenger-transport-modes-2018'],1,2.6e-09,manually_inputted_data $ energy-intensity-of-passenger-transport-modes-2018,2e-10,single_datapoint,no_comment
12109,2013,16_RUS,intensity,all,pj_per_passenger_or_freight_tonne_km,ship,passenger,all,all,yearly,national,['manually_inputted_data $ iea_howtocalculatetheindicatorsforthetransportsectors.pdf'],1,7.02e-09,manually_inputted_data $ iea_howtocalculatetheindicatorsforthetransportsectors.pdf,5.4e-10,single_datapoint,assumed_to_be_the_same_as_ship_freight_from_iea_how_to
12110,2014,16_RUS,intensity,all,pj_per_passenger_or_freight_tonne_km,air,freight,all,all,yearly,national,['manually_inputted_data $ energy-intensity-of-passenger-transport-modes-2018'],1,4.0300000000000004e-08,manually_inputted_data $ energy-intensity-of-passenger-transport-modes-2018,3.1e-09,single_datapoint,assumed_to_be_same_as_passenger_air_because_of_lack_of_data
12111,2014,16_RUS,intensity,all,pj_per_passenger_or_freight_tonne_km,rail,freight,all,all,yearly,national,['manually_inputted_data $ iea_howtocalculatetheindicatorsforthetransportsectors.pdf'],1,2.86e-09,manually_inputted_data $ iea_howtocalculatetheindicatorsforthetransportsectors.pdf,2.2e-10,single_datapoint,from_how_to_calculate_the_indicators_for_the_transport_sector
12112,2014,16_RUS,intensity,all,pj_per_passenger_or_freight_tonne_km,ship,freight,all,all,yearly,national,['manually_inputted_data $ iea_howtocalculatetheindicatorsforthetransportsectors.pdf'],1,7.02e-09,manually_inputted_data $ iea_howtocalculatetheindicatorsforthetransportsectors.pdf,5.4e-10,single_datapoint,from_how_to_calculate_the_indicators_for_the_transport_sector
12113,2014,16_RUS,intensity,all,pj_per_passenger_or_freight_tonne_km,air,passenger,all,all,yearly,national,['manually_inputted_data $ energy-intensity-of-passenger-transport-modes-2018'],1,4.0300000000000004e-08,manually_inputted_data $ energy-intensity-of-passenger-transport-modes-2018,3.1e-09,single_datapoint,no_comment
12114,2014,16_RUS,intensity,all,pj_per_passenger_or_freight_tonne_km,rail,passenger,all,all,yearly,national,['manually_inputted_data $ energy-intensity-of-passenger-transport-modes-2018'],1,2.6e-09,manually_inputted_data $ energy-intensity-of-passenger-transport-modes-2018,2e-10,single_datapoint,no_comment
12115,2014,16_RUS,intensity,all,pj_per_passenger_or_freight_tonne_km,ship,passenger,all,all,yearly,national,['manually_inputted_data $ iea_howtocalculatetheindicatorsforthetransportsectors.pdf'],1,7.02e-09,manually_inputted_data $ iea_howtocalculatetheindicatorsforthetransportsectors.pdf,5.4e-10,single_datapoint,assumed_to_be_the_same_as_ship_freight_from_iea_how_to
12116,2015,16_RUS,intensity,all,pj_per_passenger_or_freight_tonne_km,air,freight,all,all,yearly,national,['manually_inputted_data $ energy-intensity-of-passenger-transport-modes-2018'],1,4.0300000000000004e-08,manually_inputted_data $ energy-intensity-of-passenger-transport-modes-2018,3.1e-09,single_datapoint,assumed_to_be_same_as_passenger_air_because_of_lack_of_data
12117,2015,16_RUS,intensity,all,pj_per_passenger_or_freight_tonne_km,rail,freight,all,all,yearly,national,['manually_inputted_data $ iea_howtocalculatetheindicatorsforthetransportsectors.pdf'],1,2.86e-09,manually_inputted_data $ iea_howtocalculatetheindicatorsforthetransportsectors.pdf,2.2e-10,single_datapoint,from_how_to_calculate_the_indicators_for_the_transport_sector
12118,2015,16_RUS,intensity,all,pj_per_passenger_or_freight_tonne_km,ship,freight,all,all,yearly,national,['manually_inputted_data $ iea_howtocalculatetheindicatorsforthetransportsectors.pdf'],1,7.02e-09,manually_inputted_data $ iea_howtocalculatetheindicatorsforthetransportsectors.pdf,5.4e-10,single_datapoint,from_how_to_calculate_the_indicators_for_the_transport_sector
12119,2015,16_RUS,intensity,all,pj_per_passenger_or_freight_tonne_km,air,passenger,all,all,yearly,national,['manually_inputted_data $ energy-intensity-of-passenger-transport-modes-2018'],1,4.0300000000000004e-08,manually_inputted_data $ energy-intensity-of-passenger-transport-modes-2018,3.1e-09,single_datapoint,no_comment
12120,2015,16_RUS,intensity,all,pj_per_passenger_or_freight_tonne_km,rail,passenger,all,all,yearly,national,['manually_inputted_data $ energy-intensity-of-passenger-transport-modes-2018'],1,2.6e-09,manually_inputted_data $ energy-intensity-of-passenger-transport-modes-2018,2e-10,single_datapoint,no_comment
12121,2015,16_RUS,intensity,all,pj_per_passenger_or_freight_tonne_km,ship,passenger,all,all,yearly,national,['manually_inputted_data $ iea_howtocalculatetheindicatorsforthetransportsectors.pdf'],1,7.02e-09,manually_inputted_data $ iea_howtocalculatetheindicatorsforthetransportsectors.pdf,5.4e-10,single_datapoint,assumed_to_be_the_same_as_ship_freight_from_iea_how_to
12122,2016,16_RUS,intensity,all,pj_per_passenger_or_freight_tonne_km,air,freight,all,all,yearly,national,['manually_inputted_data $ energy-intensity-of-passenger-transport-modes-2018'],1,4.0300000000000004e-08,manually_inputted_data $ energy-intensity-of-passenger-transport-modes-2018,3.1e-09,single_datapoint,assumed_to_be_same_as_passenger_air_because_of_lack_of_data
12123,2016,16_RUS,intensity,all,pj_per_passenger_or_freight_tonne_km,rail,freight,all,all,yearly,national,['manually_inputted_data $ iea_howtocalculatetheindicatorsforthetransportsectors.pdf'],1,2.86e-09,manually_inputted_data $ iea_howtocalculatetheindicatorsforthetransportsectors.pdf,2.2e-10,single_datapoint,from_how_to_calculate_the_indicators_for_the_transport_sector
12124,2016,16_RUS,intensity,all,pj_per_passenger_or_freight_tonne_km,ship,freight,all,all,yearly,national,['manually_inputted_data $ iea_howtocalculatetheindicatorsforthetransportsectors.pdf'],1,7.02e-09,manually_inputted_data $ iea_howtocalculatetheindicatorsforthetransportsectors.pdf,5.4e-10,single_datapoint,from_how_to_calculate_the_indicators_for_the_transport_sector
12125,2016,16_RUS,intensity,all,pj_per_passenger_or_freight_tonne_km,air,passenger,all,all,yearly,national,['manually_inputted_data $ energy-intensity-of-passenger-transport-modes-2018'],1,4.0300000000000004e-08,manually_inputted_data $ energy-intensity-of-passenger-transport-modes-2018,3.1e-09,single_datapoint,no_comment
12126,2016,16_RUS,intensity,all,pj_per_passenger_or_freight_tonne_km,rail,passenger,all,all,yearly,national,['manually_inputted_data $ energy-intensity-of-passenger-transport-modes-2018'],1,2.6e-09,manually_inputted_data $ energy-intensity-of-passenger-transport-modes-2018,2e-10,single_datapoint,no_comment
12127,2016,16_RUS,intensity,all,pj_per_passenger_or_freight_tonne_km,ship,passenger,all,all,yearly,national,['manually_inputted_data $ iea_howtocalculatetheindicatorsforthetransportsectors.pdf'],1,7.02e-09,manually_inputted_data $ iea_howtocalculatetheindicatorsforthetransportsectors.pdf,5.4e-10,single_datapoint,assumed_to_be_the_same_as_ship_freight_from_iea_how_to
12128,2017,16_RUS,intensity,all,pj_per_passenger_or_freight_tonne_km,air,freight,all,all,yearly,national,['manually_inputted_data $ energy-intensity-of-passenger-transport-modes-2018'],1,4.0300000000000004e-08,manually_inputted_data $ energy-intensity-of-passenger-transport-modes-2018,3.1e-09,single_datapoint,assumed_to_be_same_as_passenger_air_because_of_lack_of_data
12129,2017,16_RUS,intensity,all,pj_per_passenger_or_freight_tonne_km,rail,freight,all,all,yearly,national,['manually_inputted_data $ iea_howtocalculatetheindicatorsforthetransportsectors.pdf'],1,2.86e-09,manually_inputted_data $ iea_howtocalculatetheindicatorsforthetransportsectors.pdf,2.2e-10,single_datapoint,from_how_to_calculate_the_indicators_for_the_transport_sector
12130,2017,16_RUS,intensity,all,pj_per_passenger_or_freight_tonne_km,ship,freight,all,all,yearly,national,['manually_inputted_data $ iea_howtocalculatetheindicatorsforthetransportsectors.pdf'],1,7.02e-09,manually_inputted_data $ iea_howtocalculatetheindicatorsforthetransportsectors.pdf,5.4e-10,single_datapoint,from_how_to_calculate_the_indicators_for_the_transport_sector
12131,2017,16_RUS,intensity,all,pj_per_passenger_or_freight_tonne_km,air,passenger,all,all,yearly,national,['manually_inputted_data $ energy-intensity-of-passenger-transport-modes-2018'],1,4.0300000000000004e-08,manually_inputted_data $ energy-intensity-of-passenger-transport-modes-2018,3.1e-09,single_datapoint,no_comment
12132,2017,16_RUS,intensity,all,pj_per_passenger_or_freight_tonne_km,rail,passenger,all,all,yearly,national,['manually_inputted_data $ energy-intensity-of-passenger-transport-modes-2018'],1,2.6e-09,manually_inputted_data $ energy-intensity-of-passenger-transport-modes-2018,2e-10,single_datapoint,no_comment
12133,2017,16_RUS,intensity,all,pj_per_passenger_or_freight_tonne_km,ship,passenger,all,all,yearly,national,['manually_inputted_data $ iea_howtocalculatetheindicatorsforthetransportsectors.pdf'],1,7.02e-09,manually_inputted_data $ iea_howtocalculatetheindicatorsforthetransportsectors.pdf,5.4e-10,single_datapoint,assumed_to_be_the_same_as_ship_freight_from_iea_how_to
12134,2018,16_RUS,intensity,all,pj_per_passenger_or_freight_tonne_km,air,freight,all,all,yearly,national,['manually_inputted_data $ energy-intensity-of-passenger-transport-modes-2018'],1,4.0300000000000004e-08,manually_inputted_data $ energy-intensity-of-passenger-transport-modes-2018,3.1e-09,single_datapoint,assumed_to_be_same_as_passenger_air_because_of_lack_of_data
12135,2018,16_RUS,intensity,all,pj_per_passenger_or_freight_tonne_km,rail,freight,all,all,yearly,national,['manually_inputted_data $ iea_howtocalculatetheindicatorsforthetransportsectors.pdf'],1,2.86e-09,manually_inputted_data $ iea_howtocalculatetheindicatorsforthetransportsectors.pdf,2.2e-10,single_datapoint,from_how_to_calculate_the_indicators_for_the_transport_sector
12136,2018,16_RUS,intensity,all,pj_per_passenger_or_freight_tonne_km,ship,freight,all,all,yearly,national,['manually_inputted_data $ iea_howtocalculatetheindicatorsforthetransportsectors.pdf'],1,7.02e-09,manually_inputted_data $ iea_howtocalculatetheindicatorsforthetransportsectors.pdf,5.4e-10,single_datapoint,from_how_to_calculate_the_indicators_for_the_transport_sector
12137,2018,16_RUS,intensity,all,pj_per_passenger_or_freight_tonne_km,air,passenger,all,all,yearly,national,['manually_inputted_data $ energy-intensity-of-passenger-transport-modes-2018'],1,4.0300000000000004e-08,manually_inputted_data $ energy-intensity-of-passenger-transport-modes-2018,3.1e-09,single_datapoint,no_comment
12138,2018,16_RUS,intensity,all,pj_per_passenger_or_freight_tonne_km,rail,passenger,all,all,yearly,national,['manually_inputted_data $ energy-intensity-of-passenger-transport-modes-2018'],1,2.6e-09,manually_inputted_data $ energy-intensity-of-passenger-transport-modes-2018,2e-10,single_datapoint,no_comment
12139,2018,16_RUS,intensity,all,pj_per_passenger_or_freight_tonne_km,ship,passenger,all,all,yearly,national,['manually_inputted_data $ iea_howtocalculatetheindicatorsforthetransportsectors.pdf'],1,7.02e-09,manually_inputted_data $ iea_howtocalculatetheindicatorsforthetransportsectors.pdf,5.4e-10,single_datapoint,assumed_to_be_the_same_as_ship_freight_from_iea_how_to
12140,2019,16_RUS,intensity,all,pj_per_passenger_or_freight_tonne_km,air,freight,all,all,yearly,national,['manually_inputted_data $ energy-intensity-of-passenger-transport-modes-2018'],1,4.0300000000000004e-08,manually_inputted_data $ energy-intensity-of-passenger-transport-modes-2018,3.1e-09,single_datapoint,assumed_to_be_same_as_passenger_air_because_of_lack_of_data
12141,2019,16_RUS,intensity,all,pj_per_passenger_or_freight_tonne_km,rail,freight,all,all,yearly,national,['manually_inputted_data $ iea_howtocalculatetheindicatorsforthetransportsectors.pdf'],1,2.86e-09,manually_inputted_data $ iea_howtocalculatetheindicatorsforthetransportsectors.pdf,2.2e-10,single_datapoint,from_how_to_calculate_the_indicators_for_the_transport_sector
12142,2019,16_RUS,intensity,all,pj_per_passenger_or_freight_tonne_km,ship,freight,all,all,yearly,national,['manually_inputted_data $ iea_howtocalculatetheindicatorsforthetransportsectors.pdf'],1,7.02e-09,manually_inputted_data $ iea_howtocalculatetheindicatorsforthetransportsectors.pdf,5.4e-10,single_datapoint,from_how_to_calculate_the_indicators_for_the_transport_sector
12143,2019,16_RUS,intensity,all,pj_per_passenger_or_freight_tonne_km,air,passenger,all,all,yearly,national,['manually_inputted_data $ energy-intensity-of-passenger-transport-modes-2018'],1,4.0300000000000004e-08,manually_inputted_data $ energy-intensity-of-passenger-transport-modes-2018,3.1e-09,single_datapoint,no_comment
12144,2019,16_RUS,intensity,all,pj_per_passenger_or_freight_tonne_km,rail,passenger,all,all,yearly,national,['manually_inputted_data $ energy-intensity-of-passenger-transport-modes-2018'],1,2.6e-09,manually_inputted_data $ energy-intensity-of-passenger-transport-modes-2018,2e-10,single_datapoint,no_comment
12145,2019,16_RUS,intensity,all,pj_per_passenger_or_freight_tonne_km,ship,passenger,all,all,yearly,national,['manually_inputted_data $ iea_howtocalculatetheindicatorsforthetransportsectors.pdf'],1,7.02e-09,manually_inputted_data $ iea_howtocalculatetheindicatorsforthetransportsectors.pdf,5.4e-10,single_datapoint,assumed_to_be_the_same_as_ship_freight_from_iea_how_to
12146,2020,16_RUS,intensity,all,pj_per_passenger_or_freight_tonne_km,air,freight,all,all,yearly,national,['manually_inputted_data $ energy-intensity-of-passenger-transport-modes-2018'],1,4.0300000000000004e-08,manually_inputted_data $ energy-intensity-of-passenger-transport-modes-2018,3.1e-09,single_datapoint,assumed_to_be_same_as_passenger_air_because_of_lack_of_data
12147,2020,16_RUS,intensity,all,pj_per_passenger_or_freight_tonne_km,rail,freight,all,all,yearly,national,['manually_inputted_data $ iea_howtocalculatetheindicatorsforthetransportsectors.pdf'],1,2.86e-09,manually_inputted_data $ iea_howtocalculatetheindicatorsforthetransportsectors.pdf,2.2e-10,single_datapoint,from_how_to_calculate_the_indicators_for_the_transport_sector
12148,2020,16_RUS,intensity,all,pj_per_passenger_or_freight_tonne_km,ship,freight,all,all,yearly,national,['manually_inputted_data $ iea_howtocalculatetheindicatorsforthetransportsectors.pdf'],1,7.02e-09,manually_inputted_data $ iea_howtocalculatetheindicatorsforthetransportsectors.pdf,5.4e-10,single_datapoint,from_how_to_calculate_the_indicators_for_the_transport_sector
12149,2020,16_RUS,intensity,all,pj_per_passenger_or_freight_tonne_km,air,passenger,all,all,yearly,national,['manually_inputted_data $ energy-intensity-of-passenger-transport-modes-2018'],1,4.0300000000000004e-08,manually_inputted_data $ energy-intensity-of-passenger-transport-modes-2018,3.1e-09,single_datapoint,no_comment
12150,2020,16_RUS,intensity,all,pj_per_passenger_or_freight_tonne_km,rail,passenger,all,all,yearly,national,['manually_inputted_data $ energy-intensity-of-passenger-transport-modes-2018'],1,2.6e-09,manually_inputted_data $ energy-intensity-of-passenger-transport-modes-2018,2e-10,single_datapoint,no_comment
12151,2020,16_RUS,intensity,all,pj_per_passenger_or_freight_tonne_km,ship,passenger,all,all,yearly,national,['manually_inputted_data $ iea_howtocalculatetheindicatorsforthetransportsectors.pdf'],1,7.02e-09,manually_inputted_data $ iea_howtocalculatetheindicatorsforthetransportsectors.pdf,5.4e-10,single_datapoint,assumed_to_be_the_same_as_ship_freight_from_iea_how_to
12152,2021,16_RUS,intensity,all,pj_per_passenger_or_freight_tonne_km,air,freight,all,all,yearly,national,['manually_inputted_data $ energy-intensity-of-passenger-transport-modes-2018'],1,4.0300000000000004e-08,manually_inputted_data $ energy-intensity-of-passenger-transport-modes-2018,3.1e-09,single_datapoint,assumed_to_be_same_as_passenger_air_because_of_lack_of_data
12153,2021,16_RUS,intensity,all,pj_per_passenger_or_freight_tonne_km,rail,freight,all,all,yearly,national,['manually_inputted_data $ iea_howtocalculatetheindicatorsforthetransportsectors.pdf'],1,2.86e-09,manually_inputted_data $ iea_howtocalculatetheindicatorsforthetransportsectors.pdf,2.2e-10,single_datapoint,from_how_to_calculate_the_indicators_for_the_transport_sector
12154,2021,16_RUS,intensity,all,pj_per_passenger_or_freight_tonne_km,ship,freight,all,all,yearly,national,['manually_inputted_data $ iea_howtocalculatetheindicatorsforthetransportsectors.pdf'],1,7.02e-09,manually_inputted_data $ iea_howtocalculatetheindicatorsforthetransportsectors.pdf,5.4e-10,single_datapoint,from_how_to_calculate_the_indicators_for_the_transport_sector
12155,2021,16_RUS,intensity,all,pj_per_passenger_or_freight_tonne_km,air,passenger,all,all,yearly,national,['manually_inputted_data $ energy-intensity-of-passenger-transport-modes-2018'],1,4.0300000000000004e-08,manually_inputted_data $ energy-intensity-of-passenger-transport-modes-2018,3.1e-09,single_datapoint,no_comment
12156,2021,16_RUS,intensity,all,pj_per_passenger_or_freight_tonne_km,rail,passenger,all,all,yearly,national,['manually_inputted_data $ energy-intensity-of-passenger-transport-modes-2018'],1,2.6e-09,manually_inputted_data $ energy-intensity-of-passenger-transport-modes-2018,2e-10,single_datapoint,no_comment
12157,2021,16_RUS,intensity,all,pj_per_passenger_or_freight_tonne_km,ship,passenger,all,all,yearly,national,['manually_inputted_data $ iea_howtocalculatetheindicatorsforthetransportsectors.pdf'],1,7.02e-09,manually_inputted_data $ iea_howtocalculatetheindicatorsforthetransportsectors.pdf,5.4e-10,single_datapoint,assumed_to_be_the_same_as_ship_freight_from_iea_how_to
12158,2022,16_RUS,intensity,all,pj_per_passenger_or_freight_tonne_km,air,freight,all,all,yearly,national,['manually_inputted_data $ energy-intensity-of-passenger-transport-modes-2018'],1,4.0300000000000004e-08,manually_inputted_data $ energy-intensity-of-passenger-transport-modes-2018,3.1e-09,single_datapoint,assumed_to_be_same_as_passenger_air_because_of_lack_of_data
12159,2022,16_RUS,intensity,all,pj_per_passenger_or_freight_tonne_km,rail,freight,all,all,yearly,national,['manually_inputted_data $ iea_howtocalculatetheindicatorsforthetransportsectors.pdf'],1,2.86e-09,manually_inputted_data $ iea_howtocalculatetheindicatorsforthetransportsectors.pdf,2.2e-10,single_datapoint,from_how_to_calculate_the_indicators_for_the_transport_sector
12160,2022,16_RUS,intensity,all,pj_per_passenger_or_freight_tonne_km,ship,freight,all,all,yearly,national,['manually_inputted_data $ iea_howtocalculatetheindicatorsforthetransportsectors.pdf'],1,7.02e-09,manually_inputted_data $ iea_howtocalculatetheindicatorsforthetransportsectors.pdf,5.4e-10,single_datapoint,from_how_to_calculate_the_indicators_for_the_transport_sector
12161,2022,16_RUS,intensity,all,pj_per_passenger_or_freight_tonne_km,air,passenger,all,all,yearly,national,['manually_inputted_data $ energy-intensity-of-passenger-transport-modes-2018'],1,4.0300000000000004e-08,manually_inputted_data $ energy-intensity-of-passenger-transport-modes-2018,3.1e-09,single_datapoint,no_comment
12162,2022,16_RUS,intensity,all,pj_per_passenger_or_freight_tonne_km,rail,passenger,all,all,yearly,national,['manually_inputted_data $ energy-intensity-of-passenger-transport-modes-2018'],1,2.6e-09,manually_inputted_data $ energy-intensity-of-passenger-transport-modes-2018,2e-10,single_datapoint,no_comment
12163,2022,16_RUS,intensity,all,pj_per_passenger_or_freight_tonne_km,ship,passenger,all,all,yearly,national,['manually_inputted_data $ iea_howtocalculatetheindicatorsforthetransportsectors.pdf'],1,7.02e-09,manually_inputted_data $ iea_howtocalculatetheindicatorsforthetransportsectors.pdf,5.4e-10,single_datapoint,assumed_to_be_the_same_as_ship_freight_from_iea_how_to
12164,2010,16_RUS,new_vehicle_efficiency,bus,km_per_pj,road,passenger,bev,all,yearly,national,['avg_eff_no_outliers $ transport_data_system_9th'],1,1058314235.1561403,avg_eff_no_outliers $ transport_data_system_9th,81408787.3197031,single_datapoint,no_comment
12165,2010,16_RUS,turnover_rate,bus,%,road,passenger,bev,all,yearly,national,['manually_inputted_data $ guess'],1,0.42,manually_inputted_data $ guess,0.03,manual,no_comment
12166,2011,16_RUS,new_vehicle_efficiency,bus,km_per_pj,road,passenger,bev,all,yearly,national,['avg_eff_no_outliers $ transport_data_system_9th'],1,1058314235.1561403,avg_eff_no_outliers $ transport_data_system_9th,81408787.3197031,single_datapoint,no_comment
12167,2011,16_RUS,turnover_rate,bus,%,road,passenger,bev,all,yearly,national,['manually_inputted_data $ guess'],1,0.42,manually_inputted_data $ guess,0.03,manual,no_comment
12168,2012,16_RUS,new_vehicle_efficiency,bus,km_per_pj,road,passenger,bev,all,yearly,national,['avg_eff_no_outliers $ transport_data_system_9th'],1,1058314235.1561403,avg_eff_no_outliers $ transport_data_system_9th,81408787.3197031,single_datapoint,no_comment
12169,2012,16_RUS,turnover_rate,bus,%,road,passenger,bev,all,yearly,national,['manually_inputted_data $ guess'],1,0.42,manually_inputted_data $ guess,0.03,manual,no_comment
12170,2013,16_RUS,new_vehicle_efficiency,bus,km_per_pj,road,passenger,bev,all,yearly,national,['avg_eff_no_outliers $ transport_data_system_9th'],1,1058314235.1561403,avg_eff_no_outliers $ transport_data_system_9th,81408787.3197031,single_datapoint,no_comment
12171,2013,16_RUS,turnover_rate,bus,%,road,passenger,bev,all,yearly,national,['manually_inputted_data $ guess'],1,0.42,manually_inputted_data $ guess,0.03,manual,no_comment
12172,2014,16_RUS,new_vehicle_efficiency,bus,km_per_pj,road,passenger,bev,all,yearly,national,['avg_eff_no_outliers $ transport_data_system_9th'],1,1058314235.1561403,avg_eff_no_outliers $ transport_data_system_9th,81408787.3197031,single_datapoint,no_comment
12173,2014,16_RUS,turnover_rate,bus,%,road,passenger,bev,all,yearly,national,['manually_inputted_data $ guess'],1,0.42,manually_inputted_data $ guess,0.03,manual,no_comment
12174,2015,16_RUS,new_vehicle_efficiency,bus,km_per_pj,road,passenger,bev,all,yearly,national,['avg_eff_no_outliers $ transport_data_system_9th'],1,1058314235.1561403,avg_eff_no_outliers $ transport_data_system_9th,81408787.3197031,single_datapoint,no_comment
12175,2015,16_RUS,turnover_rate,bus,%,road,passenger,bev,all,yearly,national,['manually_inputted_data $ guess'],1,0.42,manually_inputted_data $ guess,0.03,manual,no_comment
12176,2016,16_RUS,new_vehicle_efficiency,bus,km_per_pj,road,passenger,bev,all,yearly,national,['avg_eff_no_outliers $ transport_data_system_9th'],1,1058314235.1561403,avg_eff_no_outliers $ transport_data_system_9th,81408787.3197031,single_datapoint,no_comment
12177,2016,16_RUS,turnover_rate,bus,%,road,passenger,bev,all,yearly,national,['manually_inputted_data $ guess'],1,0.42,manually_inputted_data $ guess,0.03,manual,no_comment
12178,2017,16_RUS,new_vehicle_efficiency,bus,km_per_pj,road,passenger,bev,all,yearly,national,['avg_eff_no_outliers $ transport_data_system_9th'],1,1058314235.1561403,avg_eff_no_outliers $ transport_data_system_9th,81408787.3197031,single_datapoint,no_comment
12179,2017,16_RUS,turnover_rate,bus,%,road,passenger,bev,all,yearly,national,"['manually_inputted_data $ guess', 'turnover_rate_est']",2,0.42,manually_inputted_data $ guess,0.03,manual,no_comment
12180,2018,16_RUS,new_vehicle_efficiency,bus,km_per_pj,road,passenger,bev,all,yearly,national,['avg_eff_no_outliers $ transport_data_system_9th'],1,1058314235.1561403,avg_eff_no_outliers $ transport_data_system_9th,81408787.3197031,single_datapoint,no_comment
12181,2018,16_RUS,turnover_rate,bus,%,road,passenger,bev,all,yearly,national,['manually_inputted_data $ guess'],1,0.42,manually_inputted_data $ guess,0.03,manual,no_comment
12182,2019,16_RUS,new_vehicle_efficiency,bus,km_per_pj,road,passenger,bev,all,yearly,national,['avg_eff_no_outliers $ transport_data_system_9th'],1,1058314235.1561403,avg_eff_no_outliers $ transport_data_system_9th,81408787.3197031,single_datapoint,no_comment
12183,2019,16_RUS,turnover_rate,bus,%,road,passenger,bev,all,yearly,national,['manually_inputted_data $ guess'],1,0.42,manually_inputted_data $ guess,0.03,manual,no_comment
12184,2020,16_RUS,new_vehicle_efficiency,bus,km_per_pj,road,passenger,bev,all,yearly,national,['avg_eff_no_outliers $ transport_data_system_9th'],1,1058314235.1561403,avg_eff_no_outliers $ transport_data_system_9th,81408787.3197031,single_datapoint,no_comment
12185,2020,16_RUS,turnover_rate,bus,%,road,passenger,bev,all,yearly,national,['manually_inputted_data $ guess'],1,0.42,manually_inputted_data $ guess,0.03,manual,no_comment
12186,2021,16_RUS,new_vehicle_efficiency,bus,km_per_pj,road,passenger,bev,all,yearly,national,['avg_eff_no_outliers $ transport_data_system_9th'],1,1058314235.1561403,avg_eff_no_outliers $ transport_data_system_9th,81408787.3197031,single_datapoint,no_comment
12187,2021,16_RUS,turnover_rate,bus,%,road,passenger,bev,all,yearly,national,['manually_inputted_data $ guess'],1,0.42,manually_inputted_data $ guess,0.03,manual,no_comment
12188,2022,16_RUS,new_vehicle_efficiency,bus,km_per_pj,road,passenger,bev,all,yearly,national,['avg_eff_no_outliers $ transport_data_system_9th'],1,1058314235.1561403,avg_eff_no_outliers $ transport_data_system_9th,81408787.3197031,single_datapoint,no_comment
12189,2022,16_RUS,turnover_rate,bus,%,road,passenger,bev,all,yearly,national,['manually_inputted_data $ guess'],1,0.42,manually_inputted_data $ guess,0.03,manual,no_comment
12190,2010,16_RUS,new_vehicle_efficiency,bus,km_per_pj,road,passenger,cng,all,yearly,national,['avg_eff_no_outliers $ transport_data_system_9th'],1,1813839119.6717222,avg_eff_no_outliers $ transport_data_system_9th,139526086.128594,single_datapoint,no_comment
12191,2010,16_RUS,turnover_rate,bus,%,road,passenger,cng,all,yearly,national,['manually_inputted_data $ guess'],1,0.42,manually_inputted_data $ guess,0.03,manual,no_comment
12192,2011,16_RUS,new_vehicle_efficiency,bus,km_per_pj,road,passenger,cng,all,yearly,national,['avg_eff_no_outliers $ transport_data_system_9th'],1,1813839119.6717222,avg_eff_no_outliers $ transport_data_system_9th,139526086.128594,single_datapoint,no_comment
12193,2011,16_RUS,turnover_rate,bus,%,road,passenger,cng,all,yearly,national,['manually_inputted_data $ guess'],1,0.42,manually_inputted_data $ guess,0.03,manual,no_comment
12194,2012,16_RUS,new_vehicle_efficiency,bus,km_per_pj,road,passenger,cng,all,yearly,national,['avg_eff_no_outliers $ transport_data_system_9th'],1,1813839119.6717222,avg_eff_no_outliers $ transport_data_system_9th,139526086.128594,single_datapoint,no_comment
12195,2012,16_RUS,turnover_rate,bus,%,road,passenger,cng,all,yearly,national,['manually_inputted_data $ guess'],1,0.42,manually_inputted_data $ guess,0.03,manual,no_comment
12196,2013,16_RUS,new_vehicle_efficiency,bus,km_per_pj,road,passenger,cng,all,yearly,national,['avg_eff_no_outliers $ transport_data_system_9th'],1,1813839119.6717222,avg_eff_no_outliers $ transport_data_system_9th,139526086.128594,single_datapoint,no_comment
12197,2013,16_RUS,turnover_rate,bus,%,road,passenger,cng,all,yearly,national,['manually_inputted_data $ guess'],1,0.42,manually_inputted_data $ guess,0.03,manual,no_comment
12198,2014,16_RUS,new_vehicle_efficiency,bus,km_per_pj,road,passenger,cng,all,yearly,national,['avg_eff_no_outliers $ transport_data_system_9th'],1,1813839119.6717222,avg_eff_no_outliers $ transport_data_system_9th,139526086.128594,single_datapoint,no_comment
12199,2014,16_RUS,turnover_rate,bus,%,road,passenger,cng,all,yearly,national,['manually_inputted_data $ guess'],1,0.42,manually_inputted_data $ guess,0.03,manual,no_comment
12200,2015,16_RUS,new_vehicle_efficiency,bus,km_per_pj,road,passenger,cng,all,yearly,national,['avg_eff_no_outliers $ transport_data_system_9th'],1,1813839119.6717222,avg_eff_no_outliers $ transport_data_system_9th,139526086.128594,single_datapoint,no_comment
12201,2015,16_RUS,turnover_rate,bus,%,road,passenger,cng,all,yearly,national,['manually_inputted_data $ guess'],1,0.42,manually_inputted_data $ guess,0.03,manual,no_comment
12202,2016,16_RUS,new_vehicle_efficiency,bus,km_per_pj,road,passenger,cng,all,yearly,national,['avg_eff_no_outliers $ transport_data_system_9th'],1,1813839119.6717222,avg_eff_no_outliers $ transport_data_system_9th,139526086.128594,single_datapoint,no_comment
12203,2016,16_RUS,turnover_rate,bus,%,road,passenger,cng,all,yearly,national,['manually_inputted_data $ guess'],1,0.42,manually_inputted_data $ guess,0.03,manual,no_comment
12204,2017,16_RUS,activity,bus,passenger_km_or_freight_tonne_km,road,passenger,cng,all,yearly,national,"['8th_edition_transport_model $ reference', 'estimated $ calculate_energy_and_activity()']",2,119223029879.53326,estimated $ calculate_energy_and_activity(),106774875000.0,manual,no_comment
12205,2017,16_RUS,energy,bus,pj,road,passenger,cng,all,yearly,national,"['8th_edition_transport_model $ reference', 'estimated $ calculate_energy_and_activity()']",2,99.27130025589314,8th_edition_transport_model $ reference,3.620532820675848,manual,no_comment
12206,2017,16_RUS,new_vehicle_efficiency,bus,km_per_pj,road,passenger,cng,all,yearly,national,['avg_eff_no_outliers $ transport_data_system_9th'],1,1813839119.6717222,avg_eff_no_outliers $ transport_data_system_9th,139526086.128594,single_datapoint,no_comment
12207,2017,16_RUS,travel_km,bus,km,road,passenger,cng,all,yearly,national,['estimated $ calculate_energy_and_activity()'],1,7118325000.0,estimated $ calculate_energy_and_activity(),7118325000.0,single_datapoint,no_comment
12208,2017,16_RUS,turnover_rate,bus,%,road,passenger,cng,all,yearly,national,"['manually_inputted_data $ guess', 'turnover_rate_est']",2,0.42,manually_inputted_data $ guess,0.03,manual,no_comment
12209,2018,16_RUS,new_vehicle_efficiency,bus,km_per_pj,road,passenger,cng,all,yearly,national,['avg_eff_no_outliers $ transport_data_system_9th'],1,1813839119.6717222,avg_eff_no_outliers $ transport_data_system_9th,139526086.128594,single_datapoint,no_comment
12210,2018,16_RUS,turnover_rate,bus,%,road,passenger,cng,all,yearly,national,['manually_inputted_data $ guess'],1,0.42,manually_inputted_data $ guess,0.03,manual,no_comment
12211,2019,16_RUS,new_vehicle_efficiency,bus,km_per_pj,road,passenger,cng,all,yearly,national,['avg_eff_no_outliers $ transport_data_system_9th'],1,1813839119.6717222,avg_eff_no_outliers $ transport_data_system_9th,139526086.128594,single_datapoint,no_comment
12212,2019,16_RUS,turnover_rate,bus,%,road,passenger,cng,all,yearly,national,['manually_inputted_data $ guess'],1,0.42,manually_inputted_data $ guess,0.03,manual,no_comment
12213,2020,16_RUS,new_vehicle_efficiency,bus,km_per_pj,road,passenger,cng,all,yearly,national,['avg_eff_no_outliers $ transport_data_system_9th'],1,1813839119.6717222,avg_eff_no_outliers $ transport_data_system_9th,139526086.128594,single_datapoint,no_comment
12214,2020,16_RUS,turnover_rate,bus,%,road,passenger,cng,all,yearly,national,['manually_inputted_data $ guess'],1,0.42,manually_inputted_data $ guess,0.03,manual,no_comment
12215,2021,16_RUS,new_vehicle_efficiency,bus,km_per_pj,road,passenger,cng,all,yearly,national,['avg_eff_no_outliers $ transport_data_system_9th'],1,1813839119.6717222,avg_eff_no_outliers $ transport_data_system_9th,139526086.128594,single_datapoint,no_comment
12216,2021,16_RUS,turnover_rate,bus,%,road,passenger,cng,all,yearly,national,['manually_inputted_data $ guess'],1,0.42,manually_inputted_data $ guess,0.03,manual,no_comment
12217,2022,16_RUS,new_vehicle_efficiency,bus,km_per_pj,road,passenger,cng,all,yearly,national,['avg_eff_no_outliers $ transport_data_system_9th'],1,1813839119.6717222,avg_eff_no_outliers $ transport_data_system_9th,139526086.128594,single_datapoint,no_comment
12218,2022,16_RUS,turnover_rate,bus,%,road,passenger,cng,all,yearly,national,['manually_inputted_data $ guess'],1,0.42,manually_inputted_data $ guess,0.03,manual,no_comment
12219,2017,16_RUS,turnover_rate,bus,%,road,passenger,fcev,all,yearly,national,['turnover_rate_est'],1,0.03,turnover_rate_est,0.03,single_datapoint,no_comment
12220,2010,16_RUS,activity,bus,passenger_km_or_freight_tonne_km,road,passenger,ice,all,yearly,national,['estimated $ calculate_energy_and_activity()'],1,4945500000000.0,estimated $ calculate_energy_and_activity(),1005750000000.0,single_datapoint,no_comment
12221,2010,16_RUS,energy,bus,pj,road,passenger,ice,all,yearly,national,['estimated $ calculate_energy_and_activity()'],1,4430.263864517445,estimated $ calculate_energy_and_activity(),900.9681289532747,single_datapoint,no_comment
12222,2010,16_RUS,new_vehicle_efficiency,bus,km_per_pj,road,passenger,ice,all,yearly,national,['avg_eff_no_outliers $ transport_data_system_9th'],1,910941040.8338033,avg_eff_no_outliers $ transport_data_system_9th,70072387.7564464,single_datapoint,no_comment
12223,2010,16_RUS,travel_km,bus,km,road,passenger,ice,all,yearly,national,['estimated $ calculate_energy_and_activity()'],1,329700000000.0,estimated $ calculate_energy_and_activity(),67050000000.0,single_datapoint,no_comment
12224,2010,16_RUS,turnover_rate,bus,%,road,passenger,ice,all,yearly,national,['manually_inputted_data $ guess'],1,0.39,manually_inputted_data $ guess,0.03,single_datapoint,no_comment
12225,2011,16_RUS,new_vehicle_efficiency,bus,km_per_pj,road,passenger,ice,all,yearly,national,['avg_eff_no_outliers $ transport_data_system_9th'],1,910941040.8338033,avg_eff_no_outliers $ transport_data_system_9th,70072387.7564464,single_datapoint,no_comment
12226,2011,16_RUS,turnover_rate,bus,%,road,passenger,ice,all,yearly,national,['manually_inputted_data $ guess'],1,0.39,manually_inputted_data $ guess,0.03,single_datapoint,no_comment
12227,2012,16_RUS,new_vehicle_efficiency,bus,km_per_pj,road,passenger,ice,all,yearly,national,['avg_eff_no_outliers $ transport_data_system_9th'],1,910941040.8338033,avg_eff_no_outliers $ transport_data_system_9th,70072387.7564464,single_datapoint,no_comment
12228,2012,16_RUS,turnover_rate,bus,%,road,passenger,ice,all,yearly,national,['manually_inputted_data $ guess'],1,0.39,manually_inputted_data $ guess,0.03,single_datapoint,no_comment
12229,2013,16_RUS,new_vehicle_efficiency,bus,km_per_pj,road,passenger,ice,all,yearly,national,['avg_eff_no_outliers $ transport_data_system_9th'],1,910941040.8338033,avg_eff_no_outliers $ transport_data_system_9th,70072387.7564464,single_datapoint,no_comment
12230,2013,16_RUS,turnover_rate,bus,%,road,passenger,ice,all,yearly,national,['manually_inputted_data $ guess'],1,0.39,manually_inputted_data $ guess,0.03,single_datapoint,no_comment
12231,2014,16_RUS,new_vehicle_efficiency,bus,km_per_pj,road,passenger,ice,all,yearly,national,['avg_eff_no_outliers $ transport_data_system_9th'],1,910941040.8338033,avg_eff_no_outliers $ transport_data_system_9th,70072387.7564464,single_datapoint,no_comment
12232,2014,16_RUS,turnover_rate,bus,%,road,passenger,ice,all,yearly,national,['manually_inputted_data $ guess'],1,0.39,manually_inputted_data $ guess,0.03,single_datapoint,no_comment
12233,2015,16_RUS,activity,bus,passenger_km_or_freight_tonne_km,road,passenger,ice,all,yearly,national,['estimated $ calculate_energy_and_activity()'],1,4945500000000.0,estimated $ calculate_energy_and_activity(),982125000000.0,single_datapoint,no_comment
12234,2015,16_RUS,energy,bus,pj,road,passenger,ice,all,yearly,national,['estimated $ calculate_energy_and_activity()'],1,4430.263864517445,estimated $ calculate_energy_and_activity(),879.8044480718219,single_datapoint,no_comment
12235,2015,16_RUS,new_vehicle_efficiency,bus,km_per_pj,road,passenger,ice,all,yearly,national,['avg_eff_no_outliers $ transport_data_system_9th'],1,910941040.8338033,avg_eff_no_outliers $ transport_data_system_9th,70072387.7564464,single_datapoint,no_comment
12236,2015,16_RUS,travel_km,bus,km,road,passenger,ice,all,yearly,national,['estimated $ calculate_energy_and_activity()'],1,329700000000.0,estimated $ calculate_energy_and_activity(),65475000000.0,single_datapoint,no_comment
12237,2015,16_RUS,turnover_rate,bus,%,road,passenger,ice,all,yearly,national,['manually_inputted_data $ guess'],1,0.39,manually_inputted_data $ guess,0.03,single_datapoint,no_comment
12238,2016,16_RUS,new_vehicle_efficiency,bus,km_per_pj,road,passenger,ice,all,yearly,national,['avg_eff_no_outliers $ transport_data_system_9th'],1,910941040.8338033,avg_eff_no_outliers $ transport_data_system_9th,70072387.7564464,single_datapoint,no_comment
12239,2016,16_RUS,turnover_rate,bus,%,road,passenger,ice,all,yearly,national,['manually_inputted_data $ guess'],1,0.39,manually_inputted_data $ guess,0.03,single_datapoint,no_comment
12240,2017,16_RUS,activity,bus,passenger_km_or_freight_tonne_km,road,passenger,ice,all,yearly,national,['estimated $ calculate_energy_and_activity()'],1,4945500000000.0,estimated $ calculate_energy_and_activity(),1008000000000.0,single_datapoint,no_comment
12241,2017,16_RUS,energy,bus,pj,road,passenger,ice,all,yearly,national,['estimated $ calculate_energy_and_activity()'],1,4430.263864517445,estimated $ calculate_energy_and_activity(),902.9837176086511,single_datapoint,no_comment
12242,2017,16_RUS,new_vehicle_efficiency,bus,km_per_pj,road,passenger,ice,all,yearly,national,['avg_eff_no_outliers $ transport_data_system_9th'],1,910941040.8338033,avg_eff_no_outliers $ transport_data_system_9th,70072387.7564464,single_datapoint,no_comment
12243,2017,16_RUS,travel_km,bus,km,road,passenger,ice,all,yearly,national,['estimated $ calculate_energy_and_activity()'],1,329700000000.0,estimated $ calculate_energy_and_activity(),67200000000.0,single_datapoint,no_comment
12244,2017,16_RUS,turnover_rate,bus,%,road,passenger,ice,all,yearly,national,['manually_inputted_data $ guess'],1,0.39,manually_inputted_data $ guess,0.03,single_datapoint,no_comment
12245,2018,16_RUS,activity,bus,passenger_km_or_freight_tonne_km,road,passenger,ice,all,yearly,national,['estimated $ calculate_energy_and_activity()'],1,4945500000000.0,estimated $ calculate_energy_and_activity(),972000000000.0,single_datapoint,no_comment
12246,2018,16_RUS,energy,bus,pj,road,passenger,ice,all,yearly,national,['estimated $ calculate_energy_and_activity()'],1,4430.263864517445,estimated $ calculate_energy_and_activity(),870.7342991226279,single_datapoint,no_comment
12247,2018,16_RUS,new_vehicle_efficiency,bus,km_per_pj,road,passenger,ice,all,yearly,national,['avg_eff_no_outliers $ transport_data_system_9th'],1,910941040.8338033,avg_eff_no_outliers $ transport_data_system_9th,70072387.7564464,single_datapoint,no_comment
12248,2018,16_RUS,travel_km,bus,km,road,passenger,ice,all,yearly,national,['estimated $ calculate_energy_and_activity()'],1,329700000000.0,estimated $ calculate_energy_and_activity(),64800000000.0,single_datapoint,no_comment
12249,2018,16_RUS,turnover_rate,bus,%,road,passenger,ice,all,yearly,national,['manually_inputted_data $ guess'],1,0.39,manually_inputted_data $ guess,0.03,single_datapoint,no_comment
12250,2019,16_RUS,activity,bus,passenger_km_or_freight_tonne_km,road,passenger,ice,all,yearly,national,['estimated $ calculate_energy_and_activity()'],1,4945500000000.0,estimated $ calculate_energy_and_activity(),977625000000.0,single_datapoint,no_comment
12251,2019,16_RUS,energy,bus,pj,road,passenger,ice,all,yearly,national,['estimated $ calculate_energy_and_activity()'],1,4430.263864517445,estimated $ calculate_energy_and_activity(),875.773270761069,single_datapoint,no_comment
12252,2019,16_RUS,new_vehicle_efficiency,bus,km_per_pj,road,passenger,ice,all,yearly,national,['avg_eff_no_outliers $ transport_data_system_9th'],1,910941040.8338033,avg_eff_no_outliers $ transport_data_system_9th,70072387.7564464,single_datapoint,no_comment
12253,2019,16_RUS,travel_km,bus,km,road,passenger,ice,all,yearly,national,['estimated $ calculate_energy_and_activity()'],1,329700000000.0,estimated $ calculate_energy_and_activity(),65175000000.0,single_datapoint,no_comment
12254,2019,16_RUS,turnover_rate,bus,%,road,passenger,ice,all,yearly,national,['manually_inputted_data $ guess'],1,0.39,manually_inputted_data $ guess,0.03,single_datapoint,no_comment
12255,2020,16_RUS,new_vehicle_efficiency,bus,km_per_pj,road,passenger,ice,all,yearly,national,['avg_eff_no_outliers $ transport_data_system_9th'],1,910941040.8338033,avg_eff_no_outliers $ transport_data_system_9th,70072387.7564464,single_datapoint,no_comment
12256,2020,16_RUS,turnover_rate,bus,%,road,passenger,ice,all,yearly,national,['manually_inputted_data $ guess'],1,0.39,manually_inputted_data $ guess,0.03,single_datapoint,no_comment
12257,2021,16_RUS,new_vehicle_efficiency,bus,km_per_pj,road,passenger,ice,all,yearly,national,['avg_eff_no_outliers $ transport_data_system_9th'],1,910941040.8338033,avg_eff_no_outliers $ transport_data_system_9th,70072387.7564464,single_datapoint,no_comment
12258,2021,16_RUS,turnover_rate,bus,%,road,passenger,ice,all,yearly,national,['manually_inputted_data $ guess'],1,0.39,manually_inputted_data $ guess,0.03,single_datapoint,no_comment
12259,2022,16_RUS,new_vehicle_efficiency,bus,km_per_pj,road,passenger,ice,all,yearly,national,['avg_eff_no_outliers $ transport_data_system_9th'],1,910941040.8338033,avg_eff_no_outliers $ transport_data_system_9th,70072387.7564464,single_datapoint,no_comment
12260,2022,16_RUS,turnover_rate,bus,%,road,passenger,ice,all,yearly,national,['manually_inputted_data $ guess'],1,0.39,manually_inputted_data $ guess,0.03,single_datapoint,no_comment
12261,2010,16_RUS,new_vehicle_efficiency,bus,km_per_pj,road,passenger,lpg,all,yearly,national,['avg_eff_no_outliers $ transport_data_system_9th'],1,1295830676.4857378,avg_eff_no_outliers $ transport_data_system_9th,99679282.8065952,single_datapoint,no_comment
12262,2010,16_RUS,turnover_rate,bus,%,road,passenger,lpg,all,yearly,national,['manually_inputted_data $ guess'],1,0.42,manually_inputted_data $ guess,0.03,manual,no_comment
12263,2011,16_RUS,new_vehicle_efficiency,bus,km_per_pj,road,passenger,lpg,all,yearly,national,['avg_eff_no_outliers $ transport_data_system_9th'],1,1295830676.4857378,avg_eff_no_outliers $ transport_data_system_9th,99679282.8065952,single_datapoint,no_comment
12264,2011,16_RUS,turnover_rate,bus,%,road,passenger,lpg,all,yearly,national,['manually_inputted_data $ guess'],1,0.42,manually_inputted_data $ guess,0.03,manual,no_comment
12265,2012,16_RUS,new_vehicle_efficiency,bus,km_per_pj,road,passenger,lpg,all,yearly,national,['avg_eff_no_outliers $ transport_data_system_9th'],1,1295830676.4857378,avg_eff_no_outliers $ transport_data_system_9th,99679282.8065952,single_datapoint,no_comment
12266,2012,16_RUS,turnover_rate,bus,%,road,passenger,lpg,all,yearly,national,['manually_inputted_data $ guess'],1,0.42,manually_inputted_data $ guess,0.03,manual,no_comment
12267,2013,16_RUS,new_vehicle_efficiency,bus,km_per_pj,road,passenger,lpg,all,yearly,national,['avg_eff_no_outliers $ transport_data_system_9th'],1,1295830676.4857378,avg_eff_no_outliers $ transport_data_system_9th,99679282.8065952,single_datapoint,no_comment
12268,2013,16_RUS,turnover_rate,bus,%,road,passenger,lpg,all,yearly,national,['manually_inputted_data $ guess'],1,0.42,manually_inputted_data $ guess,0.03,manual,no_comment
12269,2014,16_RUS,new_vehicle_efficiency,bus,km_per_pj,road,passenger,lpg,all,yearly,national,['avg_eff_no_outliers $ transport_data_system_9th'],1,1295830676.4857378,avg_eff_no_outliers $ transport_data_system_9th,99679282.8065952,single_datapoint,no_comment
12270,2014,16_RUS,turnover_rate,bus,%,road,passenger,lpg,all,yearly,national,['manually_inputted_data $ guess'],1,0.42,manually_inputted_data $ guess,0.03,manual,no_comment
12271,2015,16_RUS,new_vehicle_efficiency,bus,km_per_pj,road,passenger,lpg,all,yearly,national,['avg_eff_no_outliers $ transport_data_system_9th'],1,1295830676.4857378,avg_eff_no_outliers $ transport_data_system_9th,99679282.8065952,single_datapoint,no_comment
12272,2015,16_RUS,turnover_rate,bus,%,road,passenger,lpg,all,yearly,national,['manually_inputted_data $ guess'],1,0.42,manually_inputted_data $ guess,0.03,manual,no_comment
12273,2016,16_RUS,new_vehicle_efficiency,bus,km_per_pj,road,passenger,lpg,all,yearly,national,['avg_eff_no_outliers $ transport_data_system_9th'],1,1295830676.4857378,avg_eff_no_outliers $ transport_data_system_9th,99679282.8065952,single_datapoint,no_comment
12274,2016,16_RUS,turnover_rate,bus,%,road,passenger,lpg,all,yearly,national,['manually_inputted_data $ guess'],1,0.42,manually_inputted_data $ guess,0.03,manual,no_comment
12275,2017,16_RUS,activity,bus,passenger_km_or_freight_tonne_km,road,passenger,lpg,all,yearly,national,"['8th_edition_transport_model $ reference', 'estimated $ calculate_energy_and_activity()']",2,49675981221.66488,estimated $ calculate_energy_and_activity(),44489250000.0,manual,no_comment
12276,2017,16_RUS,energy,bus,pj,road,passenger,lpg,all,yearly,national,"['8th_edition_transport_model $ reference', 'estimated $ calculate_energy_and_activity()']",2,43.22182298969369,estimated $ calculate_energy_and_activity(),39.85423448275861,manual,no_comment
12277,2017,16_RUS,new_vehicle_efficiency,bus,km_per_pj,road,passenger,lpg,all,yearly,national,['avg_eff_no_outliers $ transport_data_system_9th'],1,1295830676.4857378,avg_eff_no_outliers $ transport_data_system_9th,99679282.8065952,single_datapoint,no_comment
12278,2017,16_RUS,travel_km,bus,km,road,passenger,lpg,all,yearly,national,['estimated $ calculate_energy_and_activity()'],1,2965950000.0,estimated $ calculate_energy_and_activity(),2965950000.0,single_datapoint,no_comment
12279,2017,16_RUS,turnover_rate,bus,%,road,passenger,lpg,all,yearly,national,"['manually_inputted_data $ guess', 'turnover_rate_est']",2,0.42,manually_inputted_data $ guess,0.03,manual,no_comment
12280,2018,16_RUS,new_vehicle_efficiency,bus,km_per_pj,road,passenger,lpg,all,yearly,national,['avg_eff_no_outliers $ transport_data_system_9th'],1,1295830676.4857378,avg_eff_no_outliers $ transport_data_system_9th,99679282.8065952,single_datapoint,no_comment
12281,2018,16_RUS,turnover_rate,bus,%,road,passenger,lpg,all,yearly,national,['manually_inputted_data $ guess'],1,0.42,manually_inputted_data $ guess,0.03,manual,no_comment
12282,2019,16_RUS,new_vehicle_efficiency,bus,km_per_pj,road,passenger,lpg,all,yearly,national,['avg_eff_no_outliers $ transport_data_system_9th'],1,1295830676.4857378,avg_eff_no_outliers $ transport_data_system_9th,99679282.8065952,single_datapoint,no_comment
12283,2019,16_RUS,turnover_rate,bus,%,road,passenger,lpg,all,yearly,national,['manually_inputted_data $ guess'],1,0.42,manually_inputted_data $ guess,0.03,manual,no_comment
12284,2020,16_RUS,new_vehicle_efficiency,bus,km_per_pj,road,passenger,lpg,all,yearly,national,['avg_eff_no_outliers $ transport_data_system_9th'],1,1295830676.4857378,avg_eff_no_outliers $ transport_data_system_9th,99679282.8065952,single_datapoint,no_comment
12285,2020,16_RUS,turnover_rate,bus,%,road,passenger,lpg,all,yearly,national,['manually_inputted_data $ guess'],1,0.42,manually_inputted_data $ guess,0.03,manual,no_comment
12286,2021,16_RUS,new_vehicle_efficiency,bus,km_per_pj,road,passenger,lpg,all,yearly,national,['avg_eff_no_outliers $ transport_data_system_9th'],1,1295830676.4857378,avg_eff_no_outliers $ transport_data_system_9th,99679282.8065952,single_datapoint,no_comment
12287,2021,16_RUS,turnover_rate,bus,%,road,passenger,lpg,all,yearly,national,['manually_inputted_data $ guess'],1,0.42,manually_inputted_data $ guess,0.03,manual,no_comment
12288,2022,16_RUS,new_vehicle_efficiency,bus,km_per_pj,road,passenger,lpg,all,yearly,national,['avg_eff_no_outliers $ transport_data_system_9th'],1,1295830676.4857378,avg_eff_no_outliers $ transport_data_system_9th,99679282.8065952,single_datapoint,no_comment
12289,2022,16_RUS,turnover_rate,bus,%,road,passenger,lpg,all,yearly,national,['manually_inputted_data $ guess'],1,0.42,manually_inputted_data $ guess,0.03,manual,no_comment
12290,2010,16_RUS,new_vehicle_efficiency,bus,km_per_pj,road,passenger,phev,all,yearly,national,['avg_eff_no_outliers $ transport_data_system_9th'],1,1472018422.278209,avg_eff_no_outliers $ transport_data_system_9th,113232186.329093,single_datapoint,no_comment
12291,2010,16_RUS,turnover_rate,bus,%,road,passenger,phev,all,yearly,national,['manually_inputted_data $ guess'],1,0.39,manually_inputted_data $ guess,0.03,single_datapoint,no_comment
12292,2011,16_RUS,new_vehicle_efficiency,bus,km_per_pj,road,passenger,phev,all,yearly,national,['avg_eff_no_outliers $ transport_data_system_9th'],1,1472018422.278209,avg_eff_no_outliers $ transport_data_system_9th,113232186.329093,single_datapoint,no_comment
12293,2011,16_RUS,turnover_rate,bus,%,road,passenger,phev,all,yearly,national,['manually_inputted_data $ guess'],1,0.39,manually_inputted_data $ guess,0.03,single_datapoint,no_comment
12294,2012,16_RUS,new_vehicle_efficiency,bus,km_per_pj,road,passenger,phev,all,yearly,national,['avg_eff_no_outliers $ transport_data_system_9th'],1,1472018422.278209,avg_eff_no_outliers $ transport_data_system_9th,113232186.329093,single_datapoint,no_comment
12295,2012,16_RUS,turnover_rate,bus,%,road,passenger,phev,all,yearly,national,['manually_inputted_data $ guess'],1,0.39,manually_inputted_data $ guess,0.03,single_datapoint,no_comment
12296,2013,16_RUS,new_vehicle_efficiency,bus,km_per_pj,road,passenger,phev,all,yearly,national,['avg_eff_no_outliers $ transport_data_system_9th'],1,1472018422.278209,avg_eff_no_outliers $ transport_data_system_9th,113232186.329093,single_datapoint,no_comment
12297,2013,16_RUS,turnover_rate,bus,%,road,passenger,phev,all,yearly,national,['manually_inputted_data $ guess'],1,0.39,manually_inputted_data $ guess,0.03,single_datapoint,no_comment
12298,2014,16_RUS,new_vehicle_efficiency,bus,km_per_pj,road,passenger,phev,all,yearly,national,['avg_eff_no_outliers $ transport_data_system_9th'],1,1472018422.278209,avg_eff_no_outliers $ transport_data_system_9th,113232186.329093,single_datapoint,no_comment
12299,2014,16_RUS,turnover_rate,bus,%,road,passenger,phev,all,yearly,national,['manually_inputted_data $ guess'],1,0.39,manually_inputted_data $ guess,0.03,single_datapoint,no_comment
12300,2015,16_RUS,new_vehicle_efficiency,bus,km_per_pj,road,passenger,phev,all,yearly,national,['avg_eff_no_outliers $ transport_data_system_9th'],1,1472018422.278209,avg_eff_no_outliers $ transport_data_system_9th,113232186.329093,single_datapoint,no_comment
12301,2015,16_RUS,turnover_rate,bus,%,road,passenger,phev,all,yearly,national,['manually_inputted_data $ guess'],1,0.39,manually_inputted_data $ guess,0.03,single_datapoint,no_comment
12302,2016,16_RUS,new_vehicle_efficiency,bus,km_per_pj,road,passenger,phev,all,yearly,national,['avg_eff_no_outliers $ transport_data_system_9th'],1,1472018422.278209,avg_eff_no_outliers $ transport_data_system_9th,113232186.329093,single_datapoint,no_comment
12303,2016,16_RUS,turnover_rate,bus,%,road,passenger,phev,all,yearly,national,['manually_inputted_data $ guess'],1,0.39,manually_inputted_data $ guess,0.03,single_datapoint,no_comment
12304,2017,16_RUS,new_vehicle_efficiency,bus,km_per_pj,road,passenger,phev,all,yearly,national,['avg_eff_no_outliers $ transport_data_system_9th'],1,1472018422.278209,avg_eff_no_outliers $ transport_data_system_9th,113232186.329093,single_datapoint,no_comment
12305,2017,16_RUS,turnover_rate,bus,%,road,passenger,phev,all,yearly,national,['manually_inputted_data $ guess'],1,0.39,manually_inputted_data $ guess,0.03,single_datapoint,no_comment
12306,2018,16_RUS,new_vehicle_efficiency,bus,km_per_pj,road,passenger,phev,all,yearly,national,['avg_eff_no_outliers $ transport_data_system_9th'],1,1472018422.278209,avg_eff_no_outliers $ transport_data_system_9th,113232186.329093,single_datapoint,no_comment
12307,2018,16_RUS,turnover_rate,bus,%,road,passenger,phev,all,yearly,national,['manually_inputted_data $ guess'],1,0.39,manually_inputted_data $ guess,0.03,single_datapoint,no_comment
12308,2019,16_RUS,new_vehicle_efficiency,bus,km_per_pj,road,passenger,phev,all,yearly,national,['avg_eff_no_outliers $ transport_data_system_9th'],1,1472018422.278209,avg_eff_no_outliers $ transport_data_system_9th,113232186.329093,single_datapoint,no_comment
12309,2019,16_RUS,turnover_rate,bus,%,road,passenger,phev,all,yearly,national,['manually_inputted_data $ guess'],1,0.39,manually_inputted_data $ guess,0.03,single_datapoint,no_comment
12310,2020,16_RUS,new_vehicle_efficiency,bus,km_per_pj,road,passenger,phev,all,yearly,national,['avg_eff_no_outliers $ transport_data_system_9th'],1,1472018422.278209,avg_eff_no_outliers $ transport_data_system_9th,113232186.329093,single_datapoint,no_comment
12311,2020,16_RUS,turnover_rate,bus,%,road,passenger,phev,all,yearly,national,['manually_inputted_data $ guess'],1,0.39,manually_inputted_data $ guess,0.03,single_datapoint,no_comment
12312,2021,16_RUS,new_vehicle_efficiency,bus,km_per_pj,road,passenger,phev,all,yearly,national,['avg_eff_no_outliers $ transport_data_system_9th'],1,1472018422.278209,avg_eff_no_outliers $ transport_data_system_9th,113232186.329093,single_datapoint,no_comment
12313,2021,16_RUS,turnover_rate,bus,%,road,passenger,phev,all,yearly,national,['manually_inputted_data $ guess'],1,0.39,manually_inputted_data $ guess,0.03,single_datapoint,no_comment
12314,2022,16_RUS,new_vehicle_efficiency,bus,km_per_pj,road,passenger,phev,all,yearly,national,['avg_eff_no_outliers $ transport_data_system_9th'],1,1472018422.278209,avg_eff_no_outliers $ transport_data_system_9th,113232186.329093,single_datapoint,no_comment
12315,2022,16_RUS,turnover_rate,bus,%,road,passenger,phev,all,yearly,national,['manually_inputted_data $ guess'],1,0.39,manually_inputted_data $ guess,0.03,single_datapoint,no_comment
12316,2010,16_RUS,new_vehicle_efficiency,ht,km_per_pj,road,freight,bev,all,yearly,national,['avg_eff_no_outliers $ transport_data_system_9th'],1,3249486640.872147,avg_eff_no_outliers $ transport_data_system_9th,249960510.836319,single_datapoint,no_comment
12317,2010,16_RUS,turnover_rate,ht,%,road,freight,bev,all,yearly,national,['manually_inputted_data $ guess'],1,0.42,manually_inputted_data $ guess,0.03,manual,no_comment
12318,2011,16_RUS,new_vehicle_efficiency,ht,km_per_pj,road,freight,bev,all,yearly,national,['avg_eff_no_outliers $ transport_data_system_9th'],1,3249486640.872147,avg_eff_no_outliers $ transport_data_system_9th,249960510.836319,single_datapoint,no_comment
12319,2011,16_RUS,turnover_rate,ht,%,road,freight,bev,all,yearly,national,['manually_inputted_data $ guess'],1,0.42,manually_inputted_data $ guess,0.03,manual,no_comment
12320,2012,16_RUS,new_vehicle_efficiency,ht,km_per_pj,road,freight,bev,all,yearly,national,['avg_eff_no_outliers $ transport_data_system_9th'],1,3249486640.872147,avg_eff_no_outliers $ transport_data_system_9th,249960510.836319,single_datapoint,no_comment
12321,2012,16_RUS,turnover_rate,ht,%,road,freight,bev,all,yearly,national,['manually_inputted_data $ guess'],1,0.42,manually_inputted_data $ guess,0.03,manual,no_comment
12322,2013,16_RUS,new_vehicle_efficiency,ht,km_per_pj,road,freight,bev,all,yearly,national,['avg_eff_no_outliers $ transport_data_system_9th'],1,3249486640.872147,avg_eff_no_outliers $ transport_data_system_9th,249960510.836319,single_datapoint,no_comment
12323,2013,16_RUS,turnover_rate,ht,%,road,freight,bev,all,yearly,national,['manually_inputted_data $ guess'],1,0.42,manually_inputted_data $ guess,0.03,manual,no_comment
12324,2014,16_RUS,new_vehicle_efficiency,ht,km_per_pj,road,freight,bev,all,yearly,national,['avg_eff_no_outliers $ transport_data_system_9th'],1,3249486640.872147,avg_eff_no_outliers $ transport_data_system_9th,249960510.836319,single_datapoint,no_comment
12325,2014,16_RUS,turnover_rate,ht,%,road,freight,bev,all,yearly,national,['manually_inputted_data $ guess'],1,0.42,manually_inputted_data $ guess,0.03,manual,no_comment
12326,2015,16_RUS,new_vehicle_efficiency,ht,km_per_pj,road,freight,bev,all,yearly,national,['avg_eff_no_outliers $ transport_data_system_9th'],1,3249486640.872147,avg_eff_no_outliers $ transport_data_system_9th,249960510.836319,single_datapoint,no_comment
12327,2015,16_RUS,turnover_rate,ht,%,road,freight,bev,all,yearly,national,['manually_inputted_data $ guess'],1,0.42,manually_inputted_data $ guess,0.03,manual,no_comment
12328,2016,16_RUS,new_vehicle_efficiency,ht,km_per_pj,road,freight,bev,all,yearly,national,['avg_eff_no_outliers $ transport_data_system_9th'],1,3249486640.872147,avg_eff_no_outliers $ transport_data_system_9th,249960510.836319,single_datapoint,no_comment
12329,2016,16_RUS,turnover_rate,ht,%,road,freight,bev,all,yearly,national,['manually_inputted_data $ guess'],1,0.42,manually_inputted_data $ guess,0.03,manual,no_comment
12330,2017,16_RUS,new_vehicle_efficiency,ht,km_per_pj,road,freight,bev,all,yearly,national,['avg_eff_no_outliers $ transport_data_system_9th'],1,3249486640.872147,avg_eff_no_outliers $ transport_data_system_9th,249960510.836319,single_datapoint,no_comment
12331,2017,16_RUS,turnover_rate,ht,%,road,freight,bev,all,yearly,national,"['manually_inputted_data $ guess', 'turnover_rate_est']",2,0.42,manually_inputted_data $ guess,0.03,manual,no_comment
12332,2018,16_RUS,new_vehicle_efficiency,ht,km_per_pj,road,freight,bev,all,yearly,national,['avg_eff_no_outliers $ transport_data_system_9th'],1,3249486640.872147,avg_eff_no_outliers $ transport_data_system_9th,249960510.836319,single_datapoint,no_comment
12333,2018,16_RUS,turnover_rate,ht,%,road,freight,bev,all,yearly,national,['manually_inputted_data $ guess'],1,0.42,manually_inputted_data $ guess,0.03,manual,no_comment
12334,2019,16_RUS,new_vehicle_efficiency,ht,km_per_pj,road,freight,bev,all,yearly,national,['avg_eff_no_outliers $ transport_data_system_9th'],1,3249486640.872147,avg_eff_no_outliers $ transport_data_system_9th,249960510.836319,single_datapoint,no_comment
12335,2019,16_RUS,turnover_rate,ht,%,road,freight,bev,all,yearly,national,['manually_inputted_data $ guess'],1,0.42,manually_inputted_data $ guess,0.03,manual,no_comment
12336,2020,16_RUS,new_vehicle_efficiency,ht,km_per_pj,road,freight,bev,all,yearly,national,['avg_eff_no_outliers $ transport_data_system_9th'],1,3249486640.872147,avg_eff_no_outliers $ transport_data_system_9th,249960510.836319,single_datapoint,no_comment
12337,2020,16_RUS,turnover_rate,ht,%,road,freight,bev,all,yearly,national,['manually_inputted_data $ guess'],1,0.42,manually_inputted_data $ guess,0.03,manual,no_comment
12338,2021,16_RUS,new_vehicle_efficiency,ht,km_per_pj,road,freight,bev,all,yearly,national,['avg_eff_no_outliers $ transport_data_system_9th'],1,3249486640.872147,avg_eff_no_outliers $ transport_data_system_9th,249960510.836319,single_datapoint,no_comment
12339,2021,16_RUS,turnover_rate,ht,%,road,freight,bev,all,yearly,national,['manually_inputted_data $ guess'],1,0.42,manually_inputted_data $ guess,0.03,manual,no_comment
12340,2022,16_RUS,new_vehicle_efficiency,ht,km_per_pj,road,freight,bev,all,yearly,national,['avg_eff_no_outliers $ transport_data_system_9th'],1,3249486640.872147,avg_eff_no_outliers $ transport_data_system_9th,249960510.836319,single_datapoint,no_comment
12341,2022,16_RUS,turnover_rate,ht,%,road,freight,bev,all,yearly,national,['manually_inputted_data $ guess'],1,0.42,manually_inputted_data $ guess,0.03,manual,no_comment
12342,2010,16_RUS,new_vehicle_efficiency,ht,km_per_pj,road,freight,cng,all,yearly,national,['avg_eff_no_outliers $ transport_data_system_9th'],1,1775178058.548531,avg_eff_no_outliers $ transport_data_system_9th,136552158.349887,single_datapoint,no_comment
12343,2010,16_RUS,turnover_rate,ht,%,road,freight,cng,all,yearly,national,['manually_inputted_data $ guess'],1,0.42,manually_inputted_data $ guess,0.03,manual,no_comment
12344,2011,16_RUS,new_vehicle_efficiency,ht,km_per_pj,road,freight,cng,all,yearly,national,['avg_eff_no_outliers $ transport_data_system_9th'],1,1775178058.548531,avg_eff_no_outliers $ transport_data_system_9th,136552158.349887,single_datapoint,no_comment
12345,2011,16_RUS,turnover_rate,ht,%,road,freight,cng,all,yearly,national,['manually_inputted_data $ guess'],1,0.42,manually_inputted_data $ guess,0.03,manual,no_comment
12346,2012,16_RUS,new_vehicle_efficiency,ht,km_per_pj,road,freight,cng,all,yearly,national,['avg_eff_no_outliers $ transport_data_system_9th'],1,1775178058.548531,avg_eff_no_outliers $ transport_data_system_9th,136552158.349887,single_datapoint,no_comment
12347,2012,16_RUS,turnover_rate,ht,%,road,freight,cng,all,yearly,national,['manually_inputted_data $ guess'],1,0.42,manually_inputted_data $ guess,0.03,manual,no_comment
12348,2013,16_RUS,new_vehicle_efficiency,ht,km_per_pj,road,freight,cng,all,yearly,national,['avg_eff_no_outliers $ transport_data_system_9th'],1,1775178058.548531,avg_eff_no_outliers $ transport_data_system_9th,136552158.349887,single_datapoint,no_comment
12349,2013,16_RUS,turnover_rate,ht,%,road,freight,cng,all,yearly,national,['manually_inputted_data $ guess'],1,0.42,manually_inputted_data $ guess,0.03,manual,no_comment
12350,2014,16_RUS,new_vehicle_efficiency,ht,km_per_pj,road,freight,cng,all,yearly,national,['avg_eff_no_outliers $ transport_data_system_9th'],1,1775178058.548531,avg_eff_no_outliers $ transport_data_system_9th,136552158.349887,single_datapoint,no_comment
12351,2014,16_RUS,turnover_rate,ht,%,road,freight,cng,all,yearly,national,['manually_inputted_data $ guess'],1,0.42,manually_inputted_data $ guess,0.03,manual,no_comment
12352,2015,16_RUS,new_vehicle_efficiency,ht,km_per_pj,road,freight,cng,all,yearly,national,['avg_eff_no_outliers $ transport_data_system_9th'],1,1775178058.548531,avg_eff_no_outliers $ transport_data_system_9th,136552158.349887,single_datapoint,no_comment
12353,2015,16_RUS,turnover_rate,ht,%,road,freight,cng,all,yearly,national,['manually_inputted_data $ guess'],1,0.42,manually_inputted_data $ guess,0.03,manual,no_comment
12354,2016,16_RUS,new_vehicle_efficiency,ht,km_per_pj,road,freight,cng,all,yearly,national,['avg_eff_no_outliers $ transport_data_system_9th'],1,1775178058.548531,avg_eff_no_outliers $ transport_data_system_9th,136552158.349887,single_datapoint,no_comment
12355,2016,16_RUS,turnover_rate,ht,%,road,freight,cng,all,yearly,national,['manually_inputted_data $ guess'],1,0.42,manually_inputted_data $ guess,0.03,manual,no_comment
12356,2017,16_RUS,activity,ht,passenger_km_or_freight_tonne_km,road,freight,cng,all,yearly,national,"['8th_edition_transport_model $ reference', 'estimated $ calculate_energy_and_activity()']",2,59598238311.29775,8th_edition_transport_model $ reference,6299253936.297752,manual,no_comment
12357,2017,16_RUS,energy,ht,pj,road,freight,cng,all,yearly,national,"['8th_edition_transport_model $ reference', 'estimated $ calculate_energy_and_activity()']",2,139.0972155764088,estimated $ calculate_energy_and_activity(),134.26586315674967,manual,no_comment
12358,2017,16_RUS,new_vehicle_efficiency,ht,km_per_pj,road,freight,cng,all,yearly,national,['avg_eff_no_outliers $ transport_data_system_9th'],1,1775178058.548531,avg_eff_no_outliers $ transport_data_system_9th,136552158.349887,single_datapoint,no_comment
12359,2017,16_RUS,travel_km,ht,km,road,freight,cng,all,yearly,national,['estimated $ calculate_energy_and_activity()'],1,9475375000.0,estimated $ calculate_energy_and_activity(),9475375000.0,single_datapoint,no_comment
12360,2017,16_RUS,turnover_rate,ht,%,road,freight,cng,all,yearly,national,"['manually_inputted_data $ guess', 'turnover_rate_est']",2,0.42,manually_inputted_data $ guess,0.03,manual,no_comment
12361,2018,16_RUS,new_vehicle_efficiency,ht,km_per_pj,road,freight,cng,all,yearly,national,['avg_eff_no_outliers $ transport_data_system_9th'],1,1775178058.548531,avg_eff_no_outliers $ transport_data_system_9th,136552158.349887,single_datapoint,no_comment
12362,2018,16_RUS,turnover_rate,ht,%,road,freight,cng,all,yearly,national,['manually_inputted_data $ guess'],1,0.42,manually_inputted_data $ guess,0.03,manual,no_comment
12363,2019,16_RUS,new_vehicle_efficiency,ht,km_per_pj,road,freight,cng,all,yearly,national,['avg_eff_no_outliers $ transport_data_system_9th'],1,1775178058.548531,avg_eff_no_outliers $ transport_data_system_9th,136552158.349887,single_datapoint,no_comment
12364,2019,16_RUS,turnover_rate,ht,%,road,freight,cng,all,yearly,national,['manually_inputted_data $ guess'],1,0.42,manually_inputted_data $ guess,0.03,manual,no_comment
12365,2020,16_RUS,new_vehicle_efficiency,ht,km_per_pj,road,freight,cng,all,yearly,national,['avg_eff_no_outliers $ transport_data_system_9th'],1,1775178058.548531,avg_eff_no_outliers $ transport_data_system_9th,136552158.349887,single_datapoint,no_comment
12366,2020,16_RUS,turnover_rate,ht,%,road,freight,cng,all,yearly,national,['manually_inputted_data $ guess'],1,0.42,manually_inputted_data $ guess,0.03,manual,no_comment
12367,2021,16_RUS,new_vehicle_efficiency,ht,km_per_pj,road,freight,cng,all,yearly,national,['avg_eff_no_outliers $ transport_data_system_9th'],1,1775178058.548531,avg_eff_no_outliers $ transport_data_system_9th,136552158.349887,single_datapoint,no_comment
12368,2021,16_RUS,turnover_rate,ht,%,road,freight,cng,all,yearly,national,['manually_inputted_data $ guess'],1,0.42,manually_inputted_data $ guess,0.03,manual,no_comment
12369,2022,16_RUS,new_vehicle_efficiency,ht,km_per_pj,road,freight,cng,all,yearly,national,['avg_eff_no_outliers $ transport_data_system_9th'],1,1775178058.548531,avg_eff_no_outliers $ transport_data_system_9th,136552158.349887,single_datapoint,no_comment
12370,2022,16_RUS,turnover_rate,ht,%,road,freight,cng,all,yearly,national,['manually_inputted_data $ guess'],1,0.42,manually_inputted_data $ guess,0.03,manual,no_comment
12371,2017,16_RUS,turnover_rate,ht,%,road,freight,fcev,all,yearly,national,['turnover_rate_est'],1,0.03,turnover_rate_est,0.03,single_datapoint,no_comment
12372,2010,16_RUS,new_vehicle_efficiency,ht,km_per_pj,road,freight,ice,all,yearly,national,['avg_eff_no_outliers $ transport_data_system_9th'],1,1058551713.3301452,avg_eff_no_outliers $ transport_data_system_9th,81427054.87154964,single_datapoint,no_comment
12373,2010,16_RUS,turnover_rate,ht,%,road,freight,ice,all,yearly,national,['manually_inputted_data $ guess'],1,0.39,manually_inputted_data $ guess,0.03,single_datapoint,no_comment
12374,2011,16_RUS,new_vehicle_efficiency,ht,km_per_pj,road,freight,ice,all,yearly,national,['avg_eff_no_outliers $ transport_data_system_9th'],1,1058551713.3301452,avg_eff_no_outliers $ transport_data_system_9th,81427054.87154964,single_datapoint,no_comment
12375,2011,16_RUS,turnover_rate,ht,%,road,freight,ice,all,yearly,national,['manually_inputted_data $ guess'],1,0.39,manually_inputted_data $ guess,0.03,single_datapoint,no_comment
12376,2012,16_RUS,new_vehicle_efficiency,ht,km_per_pj,road,freight,ice,all,yearly,national,['avg_eff_no_outliers $ transport_data_system_9th'],1,1058551713.3301452,avg_eff_no_outliers $ transport_data_system_9th,81427054.87154964,single_datapoint,no_comment
12377,2012,16_RUS,turnover_rate,ht,%,road,freight,ice,all,yearly,national,['manually_inputted_data $ guess'],1,0.39,manually_inputted_data $ guess,0.03,single_datapoint,no_comment
12378,2013,16_RUS,new_vehicle_efficiency,ht,km_per_pj,road,freight,ice,all,yearly,national,['avg_eff_no_outliers $ transport_data_system_9th'],1,1058551713.3301452,avg_eff_no_outliers $ transport_data_system_9th,81427054.87154964,single_datapoint,no_comment
12379,2013,16_RUS,turnover_rate,ht,%,road,freight,ice,all,yearly,national,['manually_inputted_data $ guess'],1,0.39,manually_inputted_data $ guess,0.03,single_datapoint,no_comment
12380,2014,16_RUS,new_vehicle_efficiency,ht,km_per_pj,road,freight,ice,all,yearly,national,['avg_eff_no_outliers $ transport_data_system_9th'],1,1058551713.3301452,avg_eff_no_outliers $ transport_data_system_9th,81427054.87154964,single_datapoint,no_comment
12381,2014,16_RUS,turnover_rate,ht,%,road,freight,ice,all,yearly,national,['manually_inputted_data $ guess'],1,0.39,manually_inputted_data $ guess,0.03,single_datapoint,no_comment
12382,2015,16_RUS,new_vehicle_efficiency,ht,km_per_pj,road,freight,ice,all,yearly,national,['avg_eff_no_outliers $ transport_data_system_9th'],1,1058551713.3301452,avg_eff_no_outliers $ transport_data_system_9th,81427054.87154964,single_datapoint,no_comment
12383,2015,16_RUS,turnover_rate,ht,%,road,freight,ice,all,yearly,national,['manually_inputted_data $ guess'],1,0.39,manually_inputted_data $ guess,0.03,single_datapoint,no_comment
12384,2016,16_RUS,new_vehicle_efficiency,ht,km_per_pj,road,freight,ice,all,yearly,national,['avg_eff_no_outliers $ transport_data_system_9th'],1,1058551713.3301452,avg_eff_no_outliers $ transport_data_system_9th,81427054.87154964,single_datapoint,no_comment
12385,2016,16_RUS,turnover_rate,ht,%,road,freight,ice,all,yearly,national,['manually_inputted_data $ guess'],1,0.39,manually_inputted_data $ guess,0.03,single_datapoint,no_comment
12386,2017,16_RUS,activity,ht,passenger_km_or_freight_tonne_km,road,freight,ice,all,yearly,national,['estimated $ calculate_energy_and_activity()'],1,1714439531250.0,estimated $ calculate_energy_and_activity(),1714439531250.0,single_datapoint,no_comment
12387,2017,16_RUS,energy,ht,pj,road,freight,ice,all,yearly,national,['estimated $ calculate_energy_and_activity()'],1,4318.85722012568,estimated $ calculate_energy_and_activity(),4318.85722012568,single_datapoint,no_comment
12388,2017,16_RUS,new_vehicle_efficiency,ht,km_per_pj,road,freight,ice,all,yearly,national,['avg_eff_no_outliers $ transport_data_system_9th'],1,1058551713.3301452,avg_eff_no_outliers $ transport_data_system_9th,81427054.87154964,single_datapoint,no_comment
12389,2017,16_RUS,travel_km,ht,km,road,freight,ice,all,yearly,national,['estimated $ calculate_energy_and_activity()'],1,304789250000.0,estimated $ calculate_energy_and_activity(),304789250000.0,single_datapoint,no_comment
12390,2017,16_RUS,turnover_rate,ht,%,road,freight,ice,all,yearly,national,['manually_inputted_data $ guess'],1,0.39,manually_inputted_data $ guess,0.03,single_datapoint,no_comment
12391,2018,16_RUS,new_vehicle_efficiency,ht,km_per_pj,road,freight,ice,all,yearly,national,['avg_eff_no_outliers $ transport_data_system_9th'],1,1058551713.3301452,avg_eff_no_outliers $ transport_data_system_9th,81427054.87154964,single_datapoint,no_comment
12392,2018,16_RUS,turnover_rate,ht,%,road,freight,ice,all,yearly,national,['manually_inputted_data $ guess'],1,0.39,manually_inputted_data $ guess,0.03,single_datapoint,no_comment
12393,2019,16_RUS,new_vehicle_efficiency,ht,km_per_pj,road,freight,ice,all,yearly,national,['avg_eff_no_outliers $ transport_data_system_9th'],1,1058551713.3301452,avg_eff_no_outliers $ transport_data_system_9th,81427054.87154964,single_datapoint,no_comment
12394,2019,16_RUS,turnover_rate,ht,%,road,freight,ice,all,yearly,national,['manually_inputted_data $ guess'],1,0.39,manually_inputted_data $ guess,0.03,single_datapoint,no_comment
12395,2020,16_RUS,new_vehicle_efficiency,ht,km_per_pj,road,freight,ice,all,yearly,national,['avg_eff_no_outliers $ transport_data_system_9th'],1,1058551713.3301452,avg_eff_no_outliers $ transport_data_system_9th,81427054.87154964,single_datapoint,no_comment
12396,2020,16_RUS,turnover_rate,ht,%,road,freight,ice,all,yearly,national,['manually_inputted_data $ guess'],1,0.39,manually_inputted_data $ guess,0.03,single_datapoint,no_comment
12397,2021,16_RUS,new_vehicle_efficiency,ht,km_per_pj,road,freight,ice,all,yearly,national,['avg_eff_no_outliers $ transport_data_system_9th'],1,1058551713.3301452,avg_eff_no_outliers $ transport_data_system_9th,81427054.87154964,single_datapoint,no_comment
12398,2021,16_RUS,turnover_rate,ht,%,road,freight,ice,all,yearly,national,['manually_inputted_data $ guess'],1,0.39,manually_inputted_data $ guess,0.03,single_datapoint,no_comment
12399,2022,16_RUS,new_vehicle_efficiency,ht,km_per_pj,road,freight,ice,all,yearly,national,['avg_eff_no_outliers $ transport_data_system_9th'],1,1058551713.3301452,avg_eff_no_outliers $ transport_data_system_9th,81427054.87154964,single_datapoint,no_comment
12400,2022,16_RUS,turnover_rate,ht,%,road,freight,ice,all,yearly,national,['manually_inputted_data $ guess'],1,0.39,manually_inputted_data $ guess,0.03,single_datapoint,no_comment
12401,2010,16_RUS,new_vehicle_efficiency,ht,km_per_pj,road,freight,lpg,all,yearly,national,['avg_eff_no_outliers $ transport_data_system_9th'],1,1405649677.815799,avg_eff_no_outliers $ transport_data_system_9th,108126898.293523,single_datapoint,no_comment
12402,2010,16_RUS,turnover_rate,ht,%,road,freight,lpg,all,yearly,national,['manually_inputted_data $ guess'],1,0.42,manually_inputted_data $ guess,0.03,manual,no_comment
12403,2011,16_RUS,new_vehicle_efficiency,ht,km_per_pj,road,freight,lpg,all,yearly,national,['avg_eff_no_outliers $ transport_data_system_9th'],1,1405649677.815799,avg_eff_no_outliers $ transport_data_system_9th,108126898.293523,single_datapoint,no_comment
12404,2011,16_RUS,turnover_rate,ht,%,road,freight,lpg,all,yearly,national,['manually_inputted_data $ guess'],1,0.42,manually_inputted_data $ guess,0.03,manual,no_comment
12405,2012,16_RUS,new_vehicle_efficiency,ht,km_per_pj,road,freight,lpg,all,yearly,national,['avg_eff_no_outliers $ transport_data_system_9th'],1,1405649677.815799,avg_eff_no_outliers $ transport_data_system_9th,108126898.293523,single_datapoint,no_comment
12406,2012,16_RUS,turnover_rate,ht,%,road,freight,lpg,all,yearly,national,['manually_inputted_data $ guess'],1,0.42,manually_inputted_data $ guess,0.03,manual,no_comment
12407,2013,16_RUS,new_vehicle_efficiency,ht,km_per_pj,road,freight,lpg,all,yearly,national,['avg_eff_no_outliers $ transport_data_system_9th'],1,1405649677.815799,avg_eff_no_outliers $ transport_data_system_9th,108126898.293523,single_datapoint,no_comment
12408,2013,16_RUS,turnover_rate,ht,%,road,freight,lpg,all,yearly,national,['manually_inputted_data $ guess'],1,0.42,manually_inputted_data $ guess,0.03,manual,no_comment
12409,2014,16_RUS,new_vehicle_efficiency,ht,km_per_pj,road,freight,lpg,all,yearly,national,['avg_eff_no_outliers $ transport_data_system_9th'],1,1405649677.815799,avg_eff_no_outliers $ transport_data_system_9th,108126898.293523,single_datapoint,no_comment
12410,2014,16_RUS,turnover_rate,ht,%,road,freight,lpg,all,yearly,national,['manually_inputted_data $ guess'],1,0.42,manually_inputted_data $ guess,0.03,manual,no_comment
12411,2015,16_RUS,new_vehicle_efficiency,ht,km_per_pj,road,freight,lpg,all,yearly,national,['avg_eff_no_outliers $ transport_data_system_9th'],1,1405649677.815799,avg_eff_no_outliers $ transport_data_system_9th,108126898.293523,single_datapoint,no_comment
12412,2015,16_RUS,turnover_rate,ht,%,road,freight,lpg,all,yearly,national,['manually_inputted_data $ guess'],1,0.42,manually_inputted_data $ guess,0.03,manual,no_comment
12413,2016,16_RUS,new_vehicle_efficiency,ht,km_per_pj,road,freight,lpg,all,yearly,national,['avg_eff_no_outliers $ transport_data_system_9th'],1,1405649677.815799,avg_eff_no_outliers $ transport_data_system_9th,108126898.293523,single_datapoint,no_comment
12414,2016,16_RUS,turnover_rate,ht,%,road,freight,lpg,all,yearly,national,['manually_inputted_data $ guess'],1,0.42,manually_inputted_data $ guess,0.03,manual,no_comment
12415,2017,16_RUS,activity,ht,passenger_km_or_freight_tonne_km,road,freight,lpg,all,yearly,national,"['8th_edition_transport_model $ reference', 'estimated $ calculate_energy_and_activity()']",2,26487949675.365765,estimated $ calculate_energy_and_activity(),23688281250.0,manual,no_comment
12416,2017,16_RUS,energy,ht,pj,road,freight,lpg,all,yearly,national,"['8th_edition_transport_model $ reference', 'estimated $ calculate_energy_and_activity()']",2,64.15295577134597,estimated $ calculate_energy_and_activity(),59.673323348032355,manual,no_comment
12417,2017,16_RUS,new_vehicle_efficiency,ht,km_per_pj,road,freight,lpg,all,yearly,national,['avg_eff_no_outliers $ transport_data_system_9th'],1,1405649677.815799,avg_eff_no_outliers $ transport_data_system_9th,108126898.293523,single_datapoint,no_comment
12418,2017,16_RUS,travel_km,ht,km,road,freight,lpg,all,yearly,national,['estimated $ calculate_energy_and_activity()'],1,4211250000.0,estimated $ calculate_energy_and_activity(),4211250000.0,single_datapoint,no_comment
12419,2017,16_RUS,turnover_rate,ht,%,road,freight,lpg,all,yearly,national,"['manually_inputted_data $ guess', 'turnover_rate_est']",2,0.42,manually_inputted_data $ guess,0.03,manual,no_comment
12420,2018,16_RUS,new_vehicle_efficiency,ht,km_per_pj,road,freight,lpg,all,yearly,national,['avg_eff_no_outliers $ transport_data_system_9th'],1,1405649677.815799,avg_eff_no_outliers $ transport_data_system_9th,108126898.293523,single_datapoint,no_comment
12421,2018,16_RUS,turnover_rate,ht,%,road,freight,lpg,all,yearly,national,['manually_inputted_data $ guess'],1,0.42,manually_inputted_data $ guess,0.03,manual,no_comment
12422,2019,16_RUS,new_vehicle_efficiency,ht,km_per_pj,road,freight,lpg,all,yearly,national,['avg_eff_no_outliers $ transport_data_system_9th'],1,1405649677.815799,avg_eff_no_outliers $ transport_data_system_9th,108126898.293523,single_datapoint,no_comment
12423,2019,16_RUS,turnover_rate,ht,%,road,freight,lpg,all,yearly,national,['manually_inputted_data $ guess'],1,0.42,manually_inputted_data $ guess,0.03,manual,no_comment
12424,2020,16_RUS,new_vehicle_efficiency,ht,km_per_pj,road,freight,lpg,all,yearly,national,['avg_eff_no_outliers $ transport_data_system_9th'],1,1405649677.815799,avg_eff_no_outliers $ transport_data_system_9th,108126898.293523,single_datapoint,no_comment
12425,2020,16_RUS,turnover_rate,ht,%,road,freight,lpg,all,yearly,national,['manually_inputted_data $ guess'],1,0.42,manually_inputted_data $ guess,0.03,manual,no_comment
12426,2021,16_RUS,new_vehicle_efficiency,ht,km_per_pj,road,freight,lpg,all,yearly,national,['avg_eff_no_outliers $ transport_data_system_9th'],1,1405649677.815799,avg_eff_no_outliers $ transport_data_system_9th,108126898.293523,single_datapoint,no_comment
12427,2021,16_RUS,turnover_rate,ht,%,road,freight,lpg,all,yearly,national,['manually_inputted_data $ guess'],1,0.42,manually_inputted_data $ guess,0.03,manual,no_comment
12428,2022,16_RUS,new_vehicle_efficiency,ht,km_per_pj,road,freight,lpg,all,yearly,national,['avg_eff_no_outliers $ transport_data_system_9th'],1,1405649677.815799,avg_eff_no_outliers $ transport_data_system_9th,108126898.293523,single_datapoint,no_comment
12429,2022,16_RUS,turnover_rate,ht,%,road,freight,lpg,all,yearly,national,['manually_inputted_data $ guess'],1,0.42,manually_inputted_data $ guess,0.03,manual,no_comment
12430,2010,16_RUS,new_vehicle_efficiency,ldv,km_per_pj,road,freight,bev,all,yearly,national,['avg_eff_no_outliers $ transport_data_system_9th'],1,7200566335.010296,avg_eff_no_outliers $ transport_data_system_9th,553889718.077715,single_datapoint,no_comment
12431,2010,16_RUS,new_vehicle_efficiency,ldv,km_per_pj,road,passenger,bev,all,yearly,national,['avg_eff_no_outliers $ transport_data_system_9th'],1,9901716082.423439,avg_eff_no_outliers $ transport_data_system_9th,761670467.878726,single_datapoint,no_comment
12432,2010,16_RUS,turnover_rate,ldv,%,road,freight,bev,all,yearly,national,['manually_inputted_data $ guess'],1,0.42,manually_inputted_data $ guess,0.03,manual,no_comment
12433,2010,16_RUS,turnover_rate,ldv,%,road,passenger,bev,all,yearly,national,['manually_inputted_data $ guess'],1,0.42,manually_inputted_data $ guess,0.03,manual,no_comment
12434,2011,16_RUS,new_vehicle_efficiency,ldv,km_per_pj,road,freight,bev,all,yearly,national,['avg_eff_no_outliers $ transport_data_system_9th'],1,7200566335.010296,avg_eff_no_outliers $ transport_data_system_9th,553889718.077715,single_datapoint,no_comment
12435,2011,16_RUS,new_vehicle_efficiency,ldv,km_per_pj,road,passenger,bev,all,yearly,national,['avg_eff_no_outliers $ transport_data_system_9th'],1,9901716082.423439,avg_eff_no_outliers $ transport_data_system_9th,761670467.878726,single_datapoint,no_comment
12436,2011,16_RUS,turnover_rate,ldv,%,road,freight,bev,all,yearly,national,['manually_inputted_data $ guess'],1,0.42,manually_inputted_data $ guess,0.03,manual,no_comment
12437,2011,16_RUS,turnover_rate,ldv,%,road,passenger,bev,all,yearly,national,['manually_inputted_data $ guess'],1,0.42,manually_inputted_data $ guess,0.03,manual,no_comment
12438,2012,16_RUS,new_vehicle_efficiency,ldv,km_per_pj,road,freight,bev,all,yearly,national,['avg_eff_no_outliers $ transport_data_system_9th'],1,7200566335.010296,avg_eff_no_outliers $ transport_data_system_9th,553889718.077715,single_datapoint,no_comment
12439,2012,16_RUS,new_vehicle_efficiency,ldv,km_per_pj,road,passenger,bev,all,yearly,national,['avg_eff_no_outliers $ transport_data_system_9th'],1,9901716082.423439,avg_eff_no_outliers $ transport_data_system_9th,761670467.878726,single_datapoint,no_comment
12440,2012,16_RUS,turnover_rate,ldv,%,road,freight,bev,all,yearly,national,['manually_inputted_data $ guess'],1,0.42,manually_inputted_data $ guess,0.03,manual,no_comment
12441,2012,16_RUS,turnover_rate,ldv,%,road,passenger,bev,all,yearly,national,['manually_inputted_data $ guess'],1,0.42,manually_inputted_data $ guess,0.03,manual,no_comment
12442,2013,16_RUS,new_vehicle_efficiency,ldv,km_per_pj,road,freight,bev,all,yearly,national,['avg_eff_no_outliers $ transport_data_system_9th'],1,7200566335.010296,avg_eff_no_outliers $ transport_data_system_9th,553889718.077715,single_datapoint,no_comment
12443,2013,16_RUS,new_vehicle_efficiency,ldv,km_per_pj,road,passenger,bev,all,yearly,national,['avg_eff_no_outliers $ transport_data_system_9th'],1,9901716082.423439,avg_eff_no_outliers $ transport_data_system_9th,761670467.878726,single_datapoint,no_comment
12444,2013,16_RUS,turnover_rate,ldv,%,road,freight,bev,all,yearly,national,['manually_inputted_data $ guess'],1,0.42,manually_inputted_data $ guess,0.03,manual,no_comment
12445,2013,16_RUS,turnover_rate,ldv,%,road,passenger,bev,all,yearly,national,['manually_inputted_data $ guess'],1,0.42,manually_inputted_data $ guess,0.03,manual,no_comment
12446,2014,16_RUS,new_vehicle_efficiency,ldv,km_per_pj,road,freight,bev,all,yearly,national,['avg_eff_no_outliers $ transport_data_system_9th'],1,7200566335.010296,avg_eff_no_outliers $ transport_data_system_9th,553889718.077715,single_datapoint,no_comment
12447,2014,16_RUS,new_vehicle_efficiency,ldv,km_per_pj,road,passenger,bev,all,yearly,national,['avg_eff_no_outliers $ transport_data_system_9th'],1,9901716082.423439,avg_eff_no_outliers $ transport_data_system_9th,761670467.878726,single_datapoint,no_comment
12448,2014,16_RUS,turnover_rate,ldv,%,road,freight,bev,all,yearly,national,['manually_inputted_data $ guess'],1,0.42,manually_inputted_data $ guess,0.03,manual,no_comment
12449,2014,16_RUS,turnover_rate,ldv,%,road,passenger,bev,all,yearly,national,['manually_inputted_data $ guess'],1,0.42,manually_inputted_data $ guess,0.03,manual,no_comment
12450,2015,16_RUS,new_vehicle_efficiency,ldv,km_per_pj,road,freight,bev,all,yearly,national,['avg_eff_no_outliers $ transport_data_system_9th'],1,7200566335.010296,avg_eff_no_outliers $ transport_data_system_9th,553889718.077715,single_datapoint,no_comment
12451,2015,16_RUS,new_vehicle_efficiency,ldv,km_per_pj,road,passenger,bev,all,yearly,national,['avg_eff_no_outliers $ transport_data_system_9th'],1,9901716082.423439,avg_eff_no_outliers $ transport_data_system_9th,761670467.878726,single_datapoint,no_comment
12452,2015,16_RUS,turnover_rate,ldv,%,road,freight,bev,all,yearly,national,['manually_inputted_data $ guess'],1,0.42,manually_inputted_data $ guess,0.03,manual,no_comment
12453,2015,16_RUS,turnover_rate,ldv,%,road,passenger,bev,all,yearly,national,['manually_inputted_data $ guess'],1,0.42,manually_inputted_data $ guess,0.03,manual,no_comment
12454,2016,16_RUS,new_vehicle_efficiency,ldv,km_per_pj,road,freight,bev,all,yearly,national,['avg_eff_no_outliers $ transport_data_system_9th'],1,7200566335.010296,avg_eff_no_outliers $ transport_data_system_9th,553889718.077715,single_datapoint,no_comment
12455,2016,16_RUS,new_vehicle_efficiency,ldv,km_per_pj,road,passenger,bev,all,yearly,national,['avg_eff_no_outliers $ transport_data_system_9th'],1,9901716082.423439,avg_eff_no_outliers $ transport_data_system_9th,761670467.878726,single_datapoint,no_comment
12456,2016,16_RUS,turnover_rate,ldv,%,road,freight,bev,all,yearly,national,['manually_inputted_data $ guess'],1,0.42,manually_inputted_data $ guess,0.03,manual,no_comment
12457,2016,16_RUS,turnover_rate,ldv,%,road,passenger,bev,all,yearly,national,['manually_inputted_data $ guess'],1,0.42,manually_inputted_data $ guess,0.03,manual,no_comment
12458,2017,16_RUS,activity,ldv,passenger_km_or_freight_tonne_km,road,passenger,bev,all,yearly,national,"['8th_edition_transport_model $ reference', 'estimated $ calculate_energy_and_activity()']",2,43191500.2986705,estimated $ calculate_energy_and_activity(),21600000.0,manual,no_comment
12459,2017,16_RUS,energy,ldv,pj,road,passenger,bev,all,yearly,national,"['8th_edition_transport_model $ reference', 'estimated $ calculate_energy_and_activity()']",2,0.02037213533843918,estimated $ calculate_energy_and_activity(),0.011827388561281977,manual,no_comment
12460,2017,16_RUS,new_vehicle_efficiency,ldv,km_per_pj,road,freight,bev,all,yearly,national,['avg_eff_no_outliers $ transport_data_system_9th'],1,7200566335.010296,avg_eff_no_outliers $ transport_data_system_9th,553889718.077715,single_datapoint,no_comment
12461,2017,16_RUS,new_vehicle_efficiency,ldv,km_per_pj,road,passenger,bev,all,yearly,national,['avg_eff_no_outliers $ transport_data_system_9th'],1,9901716082.423439,avg_eff_no_outliers $ transport_data_system_9th,761670467.878726,single_datapoint,no_comment
12462,2017,16_RUS,travel_km,ldv,km,road,passenger,bev,all,yearly,national,['estimated $ calculate_energy_and_activity()'],1,14400000.0,estimated $ calculate_energy_and_activity(),14400000.0,single_datapoint,no_comment
12463,2017,16_RUS,turnover_rate,ldv,%,road,freight,bev,all,yearly,national,"['manually_inputted_data $ guess', 'turnover_rate_est']",2,0.42,manually_inputted_data $ guess,0.03,manual,no_comment
12464,2017,16_RUS,turnover_rate,ldv,%,road,passenger,bev,all,yearly,national,"['manually_inputted_data $ guess', 'turnover_rate_est']",2,0.42,manually_inputted_data $ guess,0.03,manual,no_comment
12465,2018,16_RUS,new_vehicle_efficiency,ldv,km_per_pj,road,freight,bev,all,yearly,national,['avg_eff_no_outliers $ transport_data_system_9th'],1,7200566335.010296,avg_eff_no_outliers $ transport_data_system_9th,553889718.077715,single_datapoint,no_comment
12466,2018,16_RUS,new_vehicle_efficiency,ldv,km_per_pj,road,passenger,bev,all,yearly,national,['avg_eff_no_outliers $ transport_data_system_9th'],1,9901716082.423439,avg_eff_no_outliers $ transport_data_system_9th,761670467.878726,single_datapoint,no_comment
12467,2018,16_RUS,turnover_rate,ldv,%,road,freight,bev,all,yearly,national,['manually_inputted_data $ guess'],1,0.42,manually_inputted_data $ guess,0.03,manual,no_comment
12468,2018,16_RUS,turnover_rate,ldv,%,road,passenger,bev,all,yearly,national,['manually_inputted_data $ guess'],1,0.42,manually_inputted_data $ guess,0.03,manual,no_comment
12469,2019,16_RUS,new_vehicle_efficiency,ldv,km_per_pj,road,freight,bev,all,yearly,national,['avg_eff_no_outliers $ transport_data_system_9th'],1,7200566335.010296,avg_eff_no_outliers $ transport_data_system_9th,553889718.077715,single_datapoint,no_comment
12470,2019,16_RUS,new_vehicle_efficiency,ldv,km_per_pj,road,passenger,bev,all,yearly,national,['avg_eff_no_outliers $ transport_data_system_9th'],1,9901716082.423439,avg_eff_no_outliers $ transport_data_system_9th,761670467.878726,single_datapoint,no_comment
12471,2019,16_RUS,turnover_rate,ldv,%,road,freight,bev,all,yearly,national,['manually_inputted_data $ guess'],1,0.42,manually_inputted_data $ guess,0.03,manual,no_comment
12472,2019,16_RUS,turnover_rate,ldv,%,road,passenger,bev,all,yearly,national,['manually_inputted_data $ guess'],1,0.42,manually_inputted_data $ guess,0.03,manual,no_comment
12473,2020,16_RUS,new_vehicle_efficiency,ldv,km_per_pj,road,freight,bev,all,yearly,national,['avg_eff_no_outliers $ transport_data_system_9th'],1,7200566335.010296,avg_eff_no_outliers $ transport_data_system_9th,553889718.077715,single_datapoint,no_comment
12474,2020,16_RUS,new_vehicle_efficiency,ldv,km_per_pj,road,passenger,bev,all,yearly,national,['avg_eff_no_outliers $ transport_data_system_9th'],1,9901716082.423439,avg_eff_no_outliers $ transport_data_system_9th,761670467.878726,single_datapoint,no_comment
12475,2020,16_RUS,turnover_rate,ldv,%,road,freight,bev,all,yearly,national,['manually_inputted_data $ guess'],1,0.42,manually_inputted_data $ guess,0.03,manual,no_comment
12476,2020,16_RUS,turnover_rate,ldv,%,road,passenger,bev,all,yearly,national,['manually_inputted_data $ guess'],1,0.42,manually_inputted_data $ guess,0.03,manual,no_comment
12477,2021,16_RUS,new_vehicle_efficiency,ldv,km_per_pj,road,freight,bev,all,yearly,national,['avg_eff_no_outliers $ transport_data_system_9th'],1,7200566335.010296,avg_eff_no_outliers $ transport_data_system_9th,553889718.077715,single_datapoint,no_comment
12478,2021,16_RUS,new_vehicle_efficiency,ldv,km_per_pj,road,passenger,bev,all,yearly,national,['avg_eff_no_outliers $ transport_data_system_9th'],1,9901716082.423439,avg_eff_no_outliers $ transport_data_system_9th,761670467.878726,single_datapoint,no_comment
12479,2021,16_RUS,turnover_rate,ldv,%,road,freight,bev,all,yearly,national,['manually_inputted_data $ guess'],1,0.42,manually_inputted_data $ guess,0.03,manual,no_comment
12480,2021,16_RUS,turnover_rate,ldv,%,road,passenger,bev,all,yearly,national,['manually_inputted_data $ guess'],1,0.42,manually_inputted_data $ guess,0.03,manual,no_comment
12481,2022,16_RUS,new_vehicle_efficiency,ldv,km_per_pj,road,freight,bev,all,yearly,national,['avg_eff_no_outliers $ transport_data_system_9th'],1,7200566335.010296,avg_eff_no_outliers $ transport_data_system_9th,553889718.077715,single_datapoint,no_comment
12482,2022,16_RUS,new_vehicle_efficiency,ldv,km_per_pj,road,passenger,bev,all,yearly,national,['avg_eff_no_outliers $ transport_data_system_9th'],1,9901716082.423439,avg_eff_no_outliers $ transport_data_system_9th,761670467.878726,single_datapoint,no_comment
12483,2022,16_RUS,turnover_rate,ldv,%,road,freight,bev,all,yearly,national,['manually_inputted_data $ guess'],1,0.42,manually_inputted_data $ guess,0.03,manual,no_comment
12484,2022,16_RUS,turnover_rate,ldv,%,road,passenger,bev,all,yearly,national,['manually_inputted_data $ guess'],1,0.42,manually_inputted_data $ guess,0.03,manual,no_comment
12485,2010,16_RUS,new_vehicle_efficiency,ldv,km_per_pj,road,freight,cng,all,yearly,national,['avg_eff_no_outliers $ transport_data_system_9th'],1,7214767129.708009,avg_eff_no_outliers $ transport_data_system_9th,554982086.900616,single_datapoint,no_comment
12486,2010,16_RUS,new_vehicle_efficiency,ldv,km_per_pj,road,passenger,cng,all,yearly,national,['avg_eff_no_outliers $ transport_data_system_9th'],1,5429169522.90635,avg_eff_no_outliers $ transport_data_system_9th,417628424.83895,single_datapoint,no_comment
12487,2010,16_RUS,turnover_rate,ldv,%,road,freight,cng,all,yearly,national,['manually_inputted_data $ guess'],1,0.42,manually_inputted_data $ guess,0.03,manual,no_comment
12488,2010,16_RUS,turnover_rate,ldv,%,road,passenger,cng,all,yearly,national,['manually_inputted_data $ guess'],1,0.42,manually_inputted_data $ guess,0.03,manual,no_comment
12489,2011,16_RUS,new_vehicle_efficiency,ldv,km_per_pj,road,freight,cng,all,yearly,national,['avg_eff_no_outliers $ transport_data_system_9th'],1,7214767129.708009,avg_eff_no_outliers $ transport_data_system_9th,554982086.900616,single_datapoint,no_comment
12490,2011,16_RUS,new_vehicle_efficiency,ldv,km_per_pj,road,passenger,cng,all,yearly,national,['avg_eff_no_outliers $ transport_data_system_9th'],1,5429169522.90635,avg_eff_no_outliers $ transport_data_system_9th,417628424.83895,single_datapoint,no_comment
12491,2011,16_RUS,turnover_rate,ldv,%,road,freight,cng,all,yearly,national,['manually_inputted_data $ guess'],1,0.42,manually_inputted_data $ guess,0.03,manual,no_comment
12492,2011,16_RUS,turnover_rate,ldv,%,road,passenger,cng,all,yearly,national,['manually_inputted_data $ guess'],1,0.42,manually_inputted_data $ guess,0.03,manual,no_comment
12493,2012,16_RUS,new_vehicle_efficiency,ldv,km_per_pj,road,freight,cng,all,yearly,national,['avg_eff_no_outliers $ transport_data_system_9th'],1,7214767129.708009,avg_eff_no_outliers $ transport_data_system_9th,554982086.900616,single_datapoint,no_comment
12494,2012,16_RUS,new_vehicle_efficiency,ldv,km_per_pj,road,passenger,cng,all,yearly,national,['avg_eff_no_outliers $ transport_data_system_9th'],1,5429169522.90635,avg_eff_no_outliers $ transport_data_system_9th,417628424.83895,single_datapoint,no_comment
12495,2012,16_RUS,turnover_rate,ldv,%,road,freight,cng,all,yearly,national,['manually_inputted_data $ guess'],1,0.42,manually_inputted_data $ guess,0.03,manual,no_comment
12496,2012,16_RUS,turnover_rate,ldv,%,road,passenger,cng,all,yearly,national,['manually_inputted_data $ guess'],1,0.42,manually_inputted_data $ guess,0.03,manual,no_comment
12497,2013,16_RUS,new_vehicle_efficiency,ldv,km_per_pj,road,freight,cng,all,yearly,national,['avg_eff_no_outliers $ transport_data_system_9th'],1,7214767129.708009,avg_eff_no_outliers $ transport_data_system_9th,554982086.900616,single_datapoint,no_comment
12498,2013,16_RUS,new_vehicle_efficiency,ldv,km_per_pj,road,passenger,cng,all,yearly,national,['avg_eff_no_outliers $ transport_data_system_9th'],1,5429169522.90635,avg_eff_no_outliers $ transport_data_system_9th,417628424.83895,single_datapoint,no_comment
12499,2013,16_RUS,turnover_rate,ldv,%,road,freight,cng,all,yearly,national,['manually_inputted_data $ guess'],1,0.42,manually_inputted_data $ guess,0.03,manual,no_comment
12500,2013,16_RUS,turnover_rate,ldv,%,road,passenger,cng,all,yearly,national,['manually_inputted_data $ guess'],1,0.42,manually_inputted_data $ guess,0.03,manual,no_comment
12501,2014,16_RUS,new_vehicle_efficiency,ldv,km_per_pj,road,freight,cng,all,yearly,national,['avg_eff_no_outliers $ transport_data_system_9th'],1,7214767129.708009,avg_eff_no_outliers $ transport_data_system_9th,554982086.900616,single_datapoint,no_comment
12502,2014,16_RUS,new_vehicle_efficiency,ldv,km_per_pj,road,passenger,cng,all,yearly,national,['avg_eff_no_outliers $ transport_data_system_9th'],1,5429169522.90635,avg_eff_no_outliers $ transport_data_system_9th,417628424.83895,single_datapoint,no_comment
12503,2014,16_RUS,turnover_rate,ldv,%,road,freight,cng,all,yearly,national,['manually_inputted_data $ guess'],1,0.42,manually_inputted_data $ guess,0.03,manual,no_comment
12504,2014,16_RUS,turnover_rate,ldv,%,road,passenger,cng,all,yearly,national,['manually_inputted_data $ guess'],1,0.42,manually_inputted_data $ guess,0.03,manual,no_comment
12505,2015,16_RUS,new_vehicle_efficiency,ldv,km_per_pj,road,freight,cng,all,yearly,national,['avg_eff_no_outliers $ transport_data_system_9th'],1,7214767129.708009,avg_eff_no_outliers $ transport_data_system_9th,554982086.900616,single_datapoint,no_comment
12506,2015,16_RUS,new_vehicle_efficiency,ldv,km_per_pj,road,passenger,cng,all,yearly,national,['avg_eff_no_outliers $ transport_data_system_9th'],1,5429169522.90635,avg_eff_no_outliers $ transport_data_system_9th,417628424.83895,single_datapoint,no_comment
12507,2015,16_RUS,turnover_rate,ldv,%,road,freight,cng,all,yearly,national,['manually_inputted_data $ guess'],1,0.42,manually_inputted_data $ guess,0.03,manual,no_comment
12508,2015,16_RUS,turnover_rate,ldv,%,road,passenger,cng,all,yearly,national,['manually_inputted_data $ guess'],1,0.42,manually_inputted_data $ guess,0.03,manual,no_comment
12509,2016,16_RUS,new_vehicle_efficiency,ldv,km_per_pj,road,freight,cng,all,yearly,national,['avg_eff_no_outliers $ transport_data_system_9th'],1,7214767129.708009,avg_eff_no_outliers $ transport_data_system_9th,554982086.900616,single_datapoint,no_comment
12510,2016,16_RUS,new_vehicle_efficiency,ldv,km_per_pj,road,passenger,cng,all,yearly,national,['avg_eff_no_outliers $ transport_data_system_9th'],1,5429169522.90635,avg_eff_no_outliers $ transport_data_system_9th,417628424.83895,single_datapoint,no_comment
12511,2016,16_RUS,turnover_rate,ldv,%,road,freight,cng,all,yearly,national,['manually_inputted_data $ guess'],1,0.42,manually_inputted_data $ guess,0.03,manual,no_comment
12512,2016,16_RUS,turnover_rate,ldv,%,road,passenger,cng,all,yearly,national,['manually_inputted_data $ guess'],1,0.42,manually_inputted_data $ guess,0.03,manual,no_comment
12513,2017,16_RUS,activity,ldv,passenger_km_or_freight_tonne_km,road,freight,cng,all,yearly,national,"['8th_edition_transport_model $ reference', 'estimated $ calculate_energy_and_activity()']",2,112478207.11203147,8th_edition_transport_model $ reference,90742457.11203147,manual,no_comment
12514,2017,16_RUS,activity,ldv,passenger_km_or_freight_tonne_km,road,passenger,cng,all,yearly,national,"['8th_edition_transport_model $ reference', 'estimated $ calculate_energy_and_activity()']",2,4653192344.017316,estimated $ calculate_energy_and_activity(),2532667500.0,manual,no_comment
12515,2017,16_RUS,energy,ldv,pj,road,freight,cng,all,yearly,national,"['8th_edition_transport_model $ reference', 'estimated $ calculate_energy_and_activity()']",2,0.38457481085265866,estimated $ calculate_energy_and_activity(),0.23673011013262596,manual,no_comment
12516,2017,16_RUS,energy,ldv,pj,road,passenger,cng,all,yearly,national,"['8th_edition_transport_model $ reference', 'estimated $ calculate_energy_and_activity()']",2,6.176361331765795,estimated $ calculate_energy_and_activity(),4.853793942898481,manual,no_comment
12517,2017,16_RUS,new_vehicle_efficiency,ldv,km_per_pj,road,freight,cng,all,yearly,national,['avg_eff_no_outliers $ transport_data_system_9th'],1,7214767129.708009,avg_eff_no_outliers $ transport_data_system_9th,554982086.900616,single_datapoint,no_comment
12518,2017,16_RUS,new_vehicle_efficiency,ldv,km_per_pj,road,passenger,cng,all,yearly,national,['avg_eff_no_outliers $ transport_data_system_9th'],1,5429169522.90635,avg_eff_no_outliers $ transport_data_system_9th,417628424.83895,single_datapoint,no_comment
12519,2017,16_RUS,travel_km,ldv,km,road,freight,cng,all,yearly,national,['estimated $ calculate_energy_and_activity()'],1,59550000.0,estimated $ calculate_energy_and_activity(),59550000.0,single_datapoint,no_comment
12520,2017,16_RUS,travel_km,ldv,km,road,passenger,cng,all,yearly,national,['estimated $ calculate_energy_and_activity()'],1,1688445000.0,estimated $ calculate_energy_and_activity(),1688445000.0,single_datapoint,no_comment
12521,2017,16_RUS,turnover_rate,ldv,%,road,freight,cng,all,yearly,national,"['manually_inputted_data $ guess', 'turnover_rate_est']",2,0.42,manually_inputted_data $ guess,0.03,manual,no_comment
12522,2017,16_RUS,turnover_rate,ldv,%,road,passenger,cng,all,yearly,national,"['manually_inputted_data $ guess', 'turnover_rate_est']",2,0.42,manually_inputted_data $ guess,0.03,manual,no_comment
12523,2018,16_RUS,new_vehicle_efficiency,ldv,km_per_pj,road,freight,cng,all,yearly,national,['avg_eff_no_outliers $ transport_data_system_9th'],1,7214767129.708009,avg_eff_no_outliers $ transport_data_system_9th,554982086.900616,single_datapoint,no_comment
12524,2018,16_RUS,new_vehicle_efficiency,ldv,km_per_pj,road,passenger,cng,all,yearly,national,['avg_eff_no_outliers $ transport_data_system_9th'],1,5429169522.90635,avg_eff_no_outliers $ transport_data_system_9th,417628424.83895,single_datapoint,no_comment
12525,2018,16_RUS,turnover_rate,ldv,%,road,freight,cng,all,yearly,national,['manually_inputted_data $ guess'],1,0.42,manually_inputted_data $ guess,0.03,manual,no_comment
12526,2018,16_RUS,turnover_rate,ldv,%,road,passenger,cng,all,yearly,national,['manually_inputted_data $ guess'],1,0.42,manually_inputted_data $ guess,0.03,manual,no_comment
12527,2019,16_RUS,new_vehicle_efficiency,ldv,km_per_pj,road,freight,cng,all,yearly,national,['avg_eff_no_outliers $ transport_data_system_9th'],1,7214767129.708009,avg_eff_no_outliers $ transport_data_system_9th,554982086.900616,single_datapoint,no_comment
12528,2019,16_RUS,new_vehicle_efficiency,ldv,km_per_pj,road,passenger,cng,all,yearly,national,['avg_eff_no_outliers $ transport_data_system_9th'],1,5429169522.90635,avg_eff_no_outliers $ transport_data_system_9th,417628424.83895,single_datapoint,no_comment
12529,2019,16_RUS,turnover_rate,ldv,%,road,freight,cng,all,yearly,national,['manually_inputted_data $ guess'],1,0.42,manually_inputted_data $ guess,0.03,manual,no_comment
12530,2019,16_RUS,turnover_rate,ldv,%,road,passenger,cng,all,yearly,national,['manually_inputted_data $ guess'],1,0.42,manually_inputted_data $ guess,0.03,manual,no_comment
12531,2020,16_RUS,new_vehicle_efficiency,ldv,km_per_pj,road,freight,cng,all,yearly,national,['avg_eff_no_outliers $ transport_data_system_9th'],1,7214767129.708009,avg_eff_no_outliers $ transport_data_system_9th,554982086.900616,single_datapoint,no_comment
12532,2020,16_RUS,new_vehicle_efficiency,ldv,km_per_pj,road,passenger,cng,all,yearly,national,['avg_eff_no_outliers $ transport_data_system_9th'],1,5429169522.90635,avg_eff_no_outliers $ transport_data_system_9th,417628424.83895,single_datapoint,no_comment
12533,2020,16_RUS,turnover_rate,ldv,%,road,freight,cng,all,yearly,national,['manually_inputted_data $ guess'],1,0.42,manually_inputted_data $ guess,0.03,manual,no_comment
12534,2020,16_RUS,turnover_rate,ldv,%,road,passenger,cng,all,yearly,national,['manually_inputted_data $ guess'],1,0.42,manually_inputted_data $ guess,0.03,manual,no_comment
12535,2021,16_RUS,new_vehicle_efficiency,ldv,km_per_pj,road,freight,cng,all,yearly,national,['avg_eff_no_outliers $ transport_data_system_9th'],1,7214767129.708009,avg_eff_no_outliers $ transport_data_system_9th,554982086.900616,single_datapoint,no_comment
12536,2021,16_RUS,new_vehicle_efficiency,ldv,km_per_pj,road,passenger,cng,all,yearly,national,['avg_eff_no_outliers $ transport_data_system_9th'],1,5429169522.90635,avg_eff_no_outliers $ transport_data_system_9th,417628424.83895,single_datapoint,no_comment
12537,2021,16_RUS,turnover_rate,ldv,%,road,freight,cng,all,yearly,national,['manually_inputted_data $ guess'],1,0.42,manually_inputted_data $ guess,0.03,manual,no_comment
12538,2021,16_RUS,turnover_rate,ldv,%,road,passenger,cng,all,yearly,national,['manually_inputted_data $ guess'],1,0.42,manually_inputted_data $ guess,0.03,manual,no_comment
12539,2022,16_RUS,new_vehicle_efficiency,ldv,km_per_pj,road,freight,cng,all,yearly,national,['avg_eff_no_outliers $ transport_data_system_9th'],1,7214767129.708009,avg_eff_no_outliers $ transport_data_system_9th,554982086.900616,single_datapoint,no_comment
12540,2022,16_RUS,new_vehicle_efficiency,ldv,km_per_pj,road,passenger,cng,all,yearly,national,['avg_eff_no_outliers $ transport_data_system_9th'],1,5429169522.90635,avg_eff_no_outliers $ transport_data_system_9th,417628424.83895,single_datapoint,no_comment
12541,2022,16_RUS,turnover_rate,ldv,%,road,freight,cng,all,yearly,national,['manually_inputted_data $ guess'],1,0.42,manually_inputted_data $ guess,0.03,manual,no_comment
12542,2022,16_RUS,turnover_rate,ldv,%,road,passenger,cng,all,yearly,national,['manually_inputted_data $ guess'],1,0.42,manually_inputted_data $ guess,0.03,manual,no_comment
12543,2010,16_RUS,new_vehicle_efficiency,ldv,km_per_pj,road,passenger,fcev,all,yearly,national,['avg_eff_no_outliers $ transport_data_system_9th'],1,1469603353.601357,avg_eff_no_outliers $ transport_data_system_9th,113046411.815489,single_datapoint,no_comment
12544,2010,16_RUS,turnover_rate,ldv,%,road,passenger,fcev,all,yearly,national,['manually_inputted_data $ guess'],1,0.42,manually_inputted_data $ guess,0.03,manual,no_comment
12545,2011,16_RUS,new_vehicle_efficiency,ldv,km_per_pj,road,passenger,fcev,all,yearly,national,['avg_eff_no_outliers $ transport_data_system_9th'],1,1469603353.601357,avg_eff_no_outliers $ transport_data_system_9th,113046411.815489,single_datapoint,no_comment
12546,2011,16_RUS,turnover_rate,ldv,%,road,passenger,fcev,all,yearly,national,['manually_inputted_data $ guess'],1,0.42,manually_inputted_data $ guess,0.03,manual,no_comment
12547,2012,16_RUS,new_vehicle_efficiency,ldv,km_per_pj,road,passenger,fcev,all,yearly,national,['avg_eff_no_outliers $ transport_data_system_9th'],1,1469603353.601357,avg_eff_no_outliers $ transport_data_system_9th,113046411.815489,single_datapoint,no_comment
12548,2012,16_RUS,turnover_rate,ldv,%,road,passenger,fcev,all,yearly,national,['manually_inputted_data $ guess'],1,0.42,manually_inputted_data $ guess,0.03,manual,no_comment
12549,2013,16_RUS,new_vehicle_efficiency,ldv,km_per_pj,road,passenger,fcev,all,yearly,national,['avg_eff_no_outliers $ transport_data_system_9th'],1,1469603353.601357,avg_eff_no_outliers $ transport_data_system_9th,113046411.815489,single_datapoint,no_comment
12550,2013,16_RUS,turnover_rate,ldv,%,road,passenger,fcev,all,yearly,national,['manually_inputted_data $ guess'],1,0.42,manually_inputted_data $ guess,0.03,manual,no_comment
12551,2014,16_RUS,new_vehicle_efficiency,ldv,km_per_pj,road,passenger,fcev,all,yearly,national,['avg_eff_no_outliers $ transport_data_system_9th'],1,1469603353.601357,avg_eff_no_outliers $ transport_data_system_9th,113046411.815489,single_datapoint,no_comment
12552,2014,16_RUS,turnover_rate,ldv,%,road,passenger,fcev,all,yearly,national,['manually_inputted_data $ guess'],1,0.42,manually_inputted_data $ guess,0.03,manual,no_comment
12553,2015,16_RUS,new_vehicle_efficiency,ldv,km_per_pj,road,passenger,fcev,all,yearly,national,['avg_eff_no_outliers $ transport_data_system_9th'],1,1469603353.601357,avg_eff_no_outliers $ transport_data_system_9th,113046411.815489,single_datapoint,no_comment
12554,2015,16_RUS,turnover_rate,ldv,%,road,passenger,fcev,all,yearly,national,['manually_inputted_data $ guess'],1,0.42,manually_inputted_data $ guess,0.03,manual,no_comment
12555,2016,16_RUS,new_vehicle_efficiency,ldv,km_per_pj,road,passenger,fcev,all,yearly,national,['avg_eff_no_outliers $ transport_data_system_9th'],1,1469603353.601357,avg_eff_no_outliers $ transport_data_system_9th,113046411.815489,single_datapoint,no_comment
12556,2016,16_RUS,turnover_rate,ldv,%,road,passenger,fcev,all,yearly,national,['manually_inputted_data $ guess'],1,0.42,manually_inputted_data $ guess,0.03,manual,no_comment
12557,2017,16_RUS,new_vehicle_efficiency,ldv,km_per_pj,road,passenger,fcev,all,yearly,national,['avg_eff_no_outliers $ transport_data_system_9th'],1,1469603353.601357,avg_eff_no_outliers $ transport_data_system_9th,113046411.815489,single_datapoint,no_comment
12558,2017,16_RUS,turnover_rate,ldv,%,road,freight,fcev,all,yearly,national,['turnover_rate_est'],1,0.03,turnover_rate_est,0.03,single_datapoint,no_comment
12559,2017,16_RUS,turnover_rate,ldv,%,road,passenger,fcev,all,yearly,national,"['manually_inputted_data $ guess', 'turnover_rate_est']",2,0.42,manually_inputted_data $ guess,0.03,manual,no_comment
12560,2018,16_RUS,new_vehicle_efficiency,ldv,km_per_pj,road,passenger,fcev,all,yearly,national,['avg_eff_no_outliers $ transport_data_system_9th'],1,1469603353.601357,avg_eff_no_outliers $ transport_data_system_9th,113046411.815489,single_datapoint,no_comment
12561,2018,16_RUS,turnover_rate,ldv,%,road,passenger,fcev,all,yearly,national,['manually_inputted_data $ guess'],1,0.42,manually_inputted_data $ guess,0.03,manual,no_comment
12562,2019,16_RUS,new_vehicle_efficiency,ldv,km_per_pj,road,passenger,fcev,all,yearly,national,['avg_eff_no_outliers $ transport_data_system_9th'],1,1469603353.601357,avg_eff_no_outliers $ transport_data_system_9th,113046411.815489,single_datapoint,no_comment
12563,2019,16_RUS,turnover_rate,ldv,%,road,passenger,fcev,all,yearly,national,['manually_inputted_data $ guess'],1,0.42,manually_inputted_data $ guess,0.03,manual,no_comment
12564,2020,16_RUS,new_vehicle_efficiency,ldv,km_per_pj,road,passenger,fcev,all,yearly,national,['avg_eff_no_outliers $ transport_data_system_9th'],1,1469603353.601357,avg_eff_no_outliers $ transport_data_system_9th,113046411.815489,single_datapoint,no_comment
12565,2020,16_RUS,turnover_rate,ldv,%,road,passenger,fcev,all,yearly,national,['manually_inputted_data $ guess'],1,0.42,manually_inputted_data $ guess,0.03,manual,no_comment
12566,2021,16_RUS,new_vehicle_efficiency,ldv,km_per_pj,road,passenger,fcev,all,yearly,national,['avg_eff_no_outliers $ transport_data_system_9th'],1,1469603353.601357,avg_eff_no_outliers $ transport_data_system_9th,113046411.815489,single_datapoint,no_comment
12567,2021,16_RUS,turnover_rate,ldv,%,road,passenger,fcev,all,yearly,national,['manually_inputted_data $ guess'],1,0.42,manually_inputted_data $ guess,0.03,manual,no_comment
12568,2022,16_RUS,new_vehicle_efficiency,ldv,km_per_pj,road,passenger,fcev,all,yearly,national,['avg_eff_no_outliers $ transport_data_system_9th'],1,1469603353.601357,avg_eff_no_outliers $ transport_data_system_9th,113046411.815489,single_datapoint,no_comment
12569,2022,16_RUS,turnover_rate,ldv,%,road,passenger,fcev,all,yearly,national,['manually_inputted_data $ guess'],1,0.42,manually_inputted_data $ guess,0.03,manual,no_comment
12570,2010,16_RUS,activity,ldv,passenger_km_or_freight_tonne_km,road,passenger,ice,all,yearly,national,['estimated $ calculate_energy_and_activity()'],1,4980352500000.0,estimated $ calculate_energy_and_activity(),772965000000.0,single_datapoint,no_comment
12571,2010,16_RUS,energy,ldv,pj,road,passenger,ice,all,yearly,national,['estimated $ calculate_energy_and_activity()'],1,9544.721049249183,estimated $ calculate_energy_and_activity(),1481.3680971041497,single_datapoint,no_comment
12572,2010,16_RUS,new_vehicle_efficiency,ldv,km_per_pj,road,freight,ice,all,yearly,national,['avg_eff_no_outliers $ transport_data_system_9th'],1,4776513034.843043,avg_eff_no_outliers $ transport_data_system_9th,367424079.603311,single_datapoint,no_comment
12573,2010,16_RUS,new_vehicle_efficiency,ldv,km_per_pj,road,passenger,ice,all,yearly,national,['avg_eff_no_outliers $ transport_data_system_9th'],1,3086802010.889935,avg_eff_no_outliers $ transport_data_system_9th,237446308.529995,single_datapoint,no_comment
12574,2010,16_RUS,travel_km,ldv,km,road,passenger,ice,all,yearly,national,['estimated $ calculate_energy_and_activity()'],1,3320235000000.0,estimated $ calculate_energy_and_activity(),515310000000.0,single_datapoint,no_comment
12575,2010,16_RUS,turnover_rate,ldv,%,road,freight,ice,all,yearly,national,['manually_inputted_data $ guess'],1,0.39,manually_inputted_data $ guess,0.03,single_datapoint,no_comment
12576,2010,16_RUS,turnover_rate,ldv,%,road,passenger,ice,all,yearly,national,['manually_inputted_data $ guess'],1,0.39,manually_inputted_data $ guess,0.03,single_datapoint,no_comment
12577,2011,16_RUS,new_vehicle_efficiency,ldv,km_per_pj,road,freight,ice,all,yearly,national,['avg_eff_no_outliers $ transport_data_system_9th'],1,4776513034.843043,avg_eff_no_outliers $ transport_data_system_9th,367424079.603311,single_datapoint,no_comment
12578,2011,16_RUS,new_vehicle_efficiency,ldv,km_per_pj,road,passenger,ice,all,yearly,national,['avg_eff_no_outliers $ transport_data_system_9th'],1,3086802010.889935,avg_eff_no_outliers $ transport_data_system_9th,237446308.529995,single_datapoint,no_comment
12579,2011,16_RUS,turnover_rate,ldv,%,road,freight,ice,all,yearly,national,['manually_inputted_data $ guess'],1,0.39,manually_inputted_data $ guess,0.03,single_datapoint,no_comment
12580,2011,16_RUS,turnover_rate,ldv,%,road,passenger,ice,all,yearly,national,['manually_inputted_data $ guess'],1,0.39,manually_inputted_data $ guess,0.03,single_datapoint,no_comment
12581,2012,16_RUS,new_vehicle_efficiency,ldv,km_per_pj,road,freight,ice,all,yearly,national,['avg_eff_no_outliers $ transport_data_system_9th'],1,4776513034.843043,avg_eff_no_outliers $ transport_data_system_9th,367424079.603311,single_datapoint,no_comment
12582,2012,16_RUS,new_vehicle_efficiency,ldv,km_per_pj,road,passenger,ice,all,yearly,national,['avg_eff_no_outliers $ transport_data_system_9th'],1,3086802010.889935,avg_eff_no_outliers $ transport_data_system_9th,237446308.529995,single_datapoint,no_comment
12583,2012,16_RUS,turnover_rate,ldv,%,road,freight,ice,all,yearly,national,['manually_inputted_data $ guess'],1,0.39,manually_inputted_data $ guess,0.03,single_datapoint,no_comment
12584,2012,16_RUS,turnover_rate,ldv,%,road,passenger,ice,all,yearly,national,['manually_inputted_data $ guess'],1,0.39,manually_inputted_data $ guess,0.03,single_datapoint,no_comment
12585,2013,16_RUS,new_vehicle_efficiency,ldv,km_per_pj,road,freight,ice,all,yearly,national,['avg_eff_no_outliers $ transport_data_system_9th'],1,4776513034.843043,avg_eff_no_outliers $ transport_data_system_9th,367424079.603311,single_datapoint,no_comment
12586,2013,16_RUS,new_vehicle_efficiency,ldv,km_per_pj,road,passenger,ice,all,yearly,national,['avg_eff_no_outliers $ transport_data_system_9th'],1,3086802010.889935,avg_eff_no_outliers $ transport_data_system_9th,237446308.529995,single_datapoint,no_comment
12587,2013,16_RUS,turnover_rate,ldv,%,road,freight,ice,all,yearly,national,['manually_inputted_data $ guess'],1,0.39,manually_inputted_data $ guess,0.03,single_datapoint,no_comment
12588,2013,16_RUS,turnover_rate,ldv,%,road,passenger,ice,all,yearly,national,['manually_inputted_data $ guess'],1,0.39,manually_inputted_data $ guess,0.03,single_datapoint,no_comment
12589,2014,16_RUS,new_vehicle_efficiency,ldv,km_per_pj,road,freight,ice,all,yearly,national,['avg_eff_no_outliers $ transport_data_system_9th'],1,4776513034.843043,avg_eff_no_outliers $ transport_data_system_9th,367424079.603311,single_datapoint,no_comment
12590,2014,16_RUS,new_vehicle_efficiency,ldv,km_per_pj,road,passenger,ice,all,yearly,national,['avg_eff_no_outliers $ transport_data_system_9th'],1,3086802010.889935,avg_eff_no_outliers $ transport_data_system_9th,237446308.529995,single_datapoint,no_comment
12591,2014,16_RUS,turnover_rate,ldv,%,road,freight,ice,all,yearly,national,['manually_inputted_data $ guess'],1,0.39,manually_inputted_data $ guess,0.03,single_datapoint,no_comment
12592,2014,16_RUS,turnover_rate,ldv,%,road,passenger,ice,all,yearly,national,['manually_inputted_data $ guess'],1,0.39,manually_inputted_data $ guess,0.03,single_datapoint,no_comment
12593,2015,16_RUS,activity,ldv,passenger_km_or_freight_tonne_km,road,passenger,ice,all,yearly,national,['estimated $ calculate_energy_and_activity()'],1,4980352500000.0,estimated $ calculate_energy_and_activity(),995692500000.0,single_datapoint,no_comment
12594,2015,16_RUS,energy,ldv,pj,road,passenger,ice,all,yearly,national,['estimated $ calculate_energy_and_activity()'],1,9544.721049249183,estimated $ calculate_energy_and_activity(),1908.2197823004578,single_datapoint,no_comment
12595,2015,16_RUS,new_vehicle_efficiency,ldv,km_per_pj,road,freight,ice,all,yearly,national,['avg_eff_no_outliers $ transport_data_system_9th'],1,4776513034.843043,avg_eff_no_outliers $ transport_data_system_9th,367424079.603311,single_datapoint,no_comment
12596,2015,16_RUS,new_vehicle_efficiency,ldv,km_per_pj,road,passenger,ice,all,yearly,national,['avg_eff_no_outliers $ transport_data_system_9th'],1,3086802010.889935,avg_eff_no_outliers $ transport_data_system_9th,237446308.529995,single_datapoint,no_comment
12597,2015,16_RUS,travel_km,ldv,km,road,passenger,ice,all,yearly,national,['estimated $ calculate_energy_and_activity()'],1,3320235000000.0,estimated $ calculate_energy_and_activity(),663795000000.0,single_datapoint,no_comment
12598,2015,16_RUS,turnover_rate,ldv,%,road,freight,ice,all,yearly,national,['manually_inputted_data $ guess'],1,0.39,manually_inputted_data $ guess,0.03,single_datapoint,no_comment
12599,2015,16_RUS,turnover_rate,ldv,%,road,passenger,ice,all,yearly,national,['manually_inputted_data $ guess'],1,0.39,manually_inputted_data $ guess,0.03,single_datapoint,no_comment
12600,2016,16_RUS,new_vehicle_efficiency,ldv,km_per_pj,road,freight,ice,all,yearly,national,['avg_eff_no_outliers $ transport_data_system_9th'],1,4776513034.843043,avg_eff_no_outliers $ transport_data_system_9th,367424079.603311,single_datapoint,no_comment
12601,2016,16_RUS,new_vehicle_efficiency,ldv,km_per_pj,road,passenger,ice,all,yearly,national,['avg_eff_no_outliers $ transport_data_system_9th'],1,3086802010.889935,avg_eff_no_outliers $ transport_data_system_9th,237446308.529995,single_datapoint,no_comment
12602,2016,16_RUS,turnover_rate,ldv,%,road,freight,ice,all,yearly,national,['manually_inputted_data $ guess'],1,0.39,manually_inputted_data $ guess,0.03,single_datapoint,no_comment
12603,2016,16_RUS,turnover_rate,ldv,%,road,passenger,ice,all,yearly,national,['manually_inputted_data $ guess'],1,0.39,manually_inputted_data $ guess,0.03,single_datapoint,no_comment
12604,2017,16_RUS,activity,ldv,passenger_km_or_freight_tonne_km,road,freight,ice,all,yearly,national,['estimated $ calculate_energy_and_activity()'],1,2260238775.0,estimated $ calculate_energy_and_activity(),2260238775.0,single_datapoint,no_comment
12605,2017,16_RUS,activity,ldv,passenger_km_or_freight_tonne_km,road,passenger,ice,all,yearly,national,['estimated $ calculate_energy_and_activity()'],1,4980352500000.0,estimated $ calculate_energy_and_activity(),1054957500000.0,single_datapoint,no_comment
12606,2017,16_RUS,energy,ldv,pj,road,freight,ice,all,yearly,national,['estimated $ calculate_energy_and_activity()'],1,24.616890336509282,estimated $ calculate_energy_and_activity(),24.616890336509282,single_datapoint,no_comment
12607,2017,16_RUS,energy,ldv,pj,road,passenger,ice,all,yearly,national,['estimated $ calculate_energy_and_activity()'],1,9544.721049249183,estimated $ calculate_energy_and_activity(),2021.799673078019,single_datapoint,no_comment
12608,2017,16_RUS,new_vehicle_efficiency,ldv,km_per_pj,road,freight,ice,all,yearly,national,['avg_eff_no_outliers $ transport_data_system_9th'],1,4776513034.843043,avg_eff_no_outliers $ transport_data_system_9th,367424079.603311,single_datapoint,no_comment
12609,2017,16_RUS,new_vehicle_efficiency,ldv,km_per_pj,road,passenger,ice,all,yearly,national,['avg_eff_no_outliers $ transport_data_system_9th'],1,3086802010.889935,avg_eff_no_outliers $ transport_data_system_9th,237446308.529995,single_datapoint,no_comment
12610,2017,16_RUS,travel_km,ldv,km,road,freight,ice,all,yearly,national,['estimated $ calculate_energy_and_activity()'],1,6192435000.0,estimated $ calculate_energy_and_activity(),6192435000.0,single_datapoint,no_comment
12611,2017,16_RUS,travel_km,ldv,km,road,passenger,ice,all,yearly,national,['estimated $ calculate_energy_and_activity()'],1,3320235000000.0,estimated $ calculate_energy_and_activity(),703305000000.0,single_datapoint,no_comment
12612,2017,16_RUS,turnover_rate,ldv,%,road,freight,ice,all,yearly,national,['manually_inputted_data $ guess'],1,0.39,manually_inputted_data $ guess,0.03,single_datapoint,no_comment
12613,2017,16_RUS,turnover_rate,ldv,%,road,passenger,ice,all,yearly,national,['manually_inputted_data $ guess'],1,0.39,manually_inputted_data $ guess,0.03,single_datapoint,no_comment
12614,2018,16_RUS,activity,ldv,passenger_km_or_freight_tonne_km,road,passenger,ice,all,yearly,national,['estimated $ calculate_energy_and_activity()'],1,4980352500000.0,estimated $ calculate_energy_and_activity(),1067062500000.0,single_datapoint,no_comment
12615,2018,16_RUS,energy,ldv,pj,road,passenger,ice,all,yearly,national,['estimated $ calculate_energy_and_activity()'],1,9544.721049249183,estimated $ calculate_energy_and_activity(),2044.998602933117,single_datapoint,no_comment
12616,2018,16_RUS,new_vehicle_efficiency,ldv,km_per_pj,road,freight,ice,all,yearly,national,['avg_eff_no_outliers $ transport_data_system_9th'],1,4776513034.843043,avg_eff_no_outliers $ transport_data_system_9th,367424079.603311,single_datapoint,no_comment
12617,2018,16_RUS,new_vehicle_efficiency,ldv,km_per_pj,road,passenger,ice,all,yearly,national,['avg_eff_no_outliers $ transport_data_system_9th'],1,3086802010.889935,avg_eff_no_outliers $ transport_data_system_9th,237446308.529995,single_datapoint,no_comment
12618,2018,16_RUS,travel_km,ldv,km,road,passenger,ice,all,yearly,national,['estimated $ calculate_energy_and_activity()'],1,3320235000000.0,estimated $ calculate_energy_and_activity(),711375000000.0,single_datapoint,no_comment
12619,2018,16_RUS,turnover_rate,ldv,%,road,freight,ice,all,yearly,national,['manually_inputted_data $ guess'],1,0.39,manually_inputted_data $ guess,0.03,single_datapoint,no_comment
12620,2018,16_RUS,turnover_rate,ldv,%,road,passenger,ice,all,yearly,national,['manually_inputted_data $ guess'],1,0.39,manually_inputted_data $ guess,0.03,single_datapoint,no_comment
12621,2019,16_RUS,activity,ldv,passenger_km_or_freight_tonne_km,road,passenger,ice,all,yearly,national,['estimated $ calculate_energy_and_activity()'],1,4980352500000.0,estimated $ calculate_energy_and_activity(),1089675000000.0,single_datapoint,no_comment
12622,2019,16_RUS,energy,ldv,pj,road,passenger,ice,all,yearly,national,['estimated $ calculate_energy_and_activity()'],1,9544.721049249183,estimated $ calculate_energy_and_activity(),2088.334893833439,single_datapoint,no_comment
12623,2019,16_RUS,new_vehicle_efficiency,ldv,km_per_pj,road,freight,ice,all,yearly,national,['avg_eff_no_outliers $ transport_data_system_9th'],1,4776513034.843043,avg_eff_no_outliers $ transport_data_system_9th,367424079.603311,single_datapoint,no_comment
12624,2019,16_RUS,new_vehicle_efficiency,ldv,km_per_pj,road,passenger,ice,all,yearly,national,['avg_eff_no_outliers $ transport_data_system_9th'],1,3086802010.889935,avg_eff_no_outliers $ transport_data_system_9th,237446308.529995,single_datapoint,no_comment
12625,2019,16_RUS,travel_km,ldv,km,road,passenger,ice,all,yearly,national,['estimated $ calculate_energy_and_activity()'],1,3320235000000.0,estimated $ calculate_energy_and_activity(),726450000000.0,single_datapoint,no_comment
12626,2019,16_RUS,turnover_rate,ldv,%,road,freight,ice,all,yearly,national,['manually_inputted_data $ guess'],1,0.39,manually_inputted_data $ guess,0.03,single_datapoint,no_comment
12627,2019,16_RUS,turnover_rate,ldv,%,road,passenger,ice,all,yearly,national,['manually_inputted_data $ guess'],1,0.39,manually_inputted_data $ guess,0.03,single_datapoint,no_comment
12628,2020,16_RUS,new_vehicle_efficiency,ldv,km_per_pj,road,freight,ice,all,yearly,national,['avg_eff_no_outliers $ transport_data_system_9th'],1,4776513034.843043,avg_eff_no_outliers $ transport_data_system_9th,367424079.603311,single_datapoint,no_comment
12629,2020,16_RUS,new_vehicle_efficiency,ldv,km_per_pj,road,passenger,ice,all,yearly,national,['avg_eff_no_outliers $ transport_data_system_9th'],1,3086802010.889935,avg_eff_no_outliers $ transport_data_system_9th,237446308.529995,single_datapoint,no_comment
12630,2020,16_RUS,turnover_rate,ldv,%,road,freight,ice,all,yearly,national,['manually_inputted_data $ guess'],1,0.39,manually_inputted_data $ guess,0.03,single_datapoint,no_comment
12631,2020,16_RUS,turnover_rate,ldv,%,road,passenger,ice,all,yearly,national,['manually_inputted_data $ guess'],1,0.39,manually_inputted_data $ guess,0.03,single_datapoint,no_comment
12632,2021,16_RUS,new_vehicle_efficiency,ldv,km_per_pj,road,freight,ice,all,yearly,national,['avg_eff_no_outliers $ transport_data_system_9th'],1,4776513034.843043,avg_eff_no_outliers $ transport_data_system_9th,367424079.603311,single_datapoint,no_comment
12633,2021,16_RUS,new_vehicle_efficiency,ldv,km_per_pj,road,passenger,ice,all,yearly,national,['avg_eff_no_outliers $ transport_data_system_9th'],1,3086802010.889935,avg_eff_no_outliers $ transport_data_system_9th,237446308.529995,single_datapoint,no_comment
12634,2021,16_RUS,turnover_rate,ldv,%,road,freight,ice,all,yearly,national,['manually_inputted_data $ guess'],1,0.39,manually_inputted_data $ guess,0.03,single_datapoint,no_comment
12635,2021,16_RUS,turnover_rate,ldv,%,road,passenger,ice,all,yearly,national,['manually_inputted_data $ guess'],1,0.39,manually_inputted_data $ guess,0.03,single_datapoint,no_comment
12636,2022,16_RUS,new_vehicle_efficiency,ldv,km_per_pj,road,freight,ice,all,yearly,national,['avg_eff_no_outliers $ transport_data_system_9th'],1,4776513034.843043,avg_eff_no_outliers $ transport_data_system_9th,367424079.603311,single_datapoint,no_comment
12637,2022,16_RUS,new_vehicle_efficiency,ldv,km_per_pj,road,passenger,ice,all,yearly,national,['avg_eff_no_outliers $ transport_data_system_9th'],1,3086802010.889935,avg_eff_no_outliers $ transport_data_system_9th,237446308.529995,single_datapoint,no_comment
12638,2022,16_RUS,turnover_rate,ldv,%,road,freight,ice,all,yearly,national,['manually_inputted_data $ guess'],1,0.39,manually_inputted_data $ guess,0.03,single_datapoint,no_comment
12639,2022,16_RUS,turnover_rate,ldv,%,road,passenger,ice,all,yearly,national,['manually_inputted_data $ guess'],1,0.39,manually_inputted_data $ guess,0.03,single_datapoint,no_comment
12640,2010,16_RUS,new_vehicle_efficiency,ldv,km_per_pj,road,freight,lpg,all,yearly,national,['avg_eff_no_outliers $ transport_data_system_9th'],1,3668778329.1297708,avg_eff_no_outliers $ transport_data_system_9th,282213717.625367,single_datapoint,no_comment
12641,2010,16_RUS,new_vehicle_efficiency,ldv,km_per_pj,road,passenger,lpg,all,yearly,national,['avg_eff_no_outliers $ transport_data_system_9th'],1,4713924488.084526,avg_eff_no_outliers $ transport_data_system_9th,362609576.006502,single_datapoint,no_comment
12642,2010,16_RUS,turnover_rate,ldv,%,road,freight,lpg,all,yearly,national,['manually_inputted_data $ guess'],1,0.42,manually_inputted_data $ guess,0.03,manual,no_comment
12643,2010,16_RUS,turnover_rate,ldv,%,road,passenger,lpg,all,yearly,national,['manually_inputted_data $ guess'],1,0.42,manually_inputted_data $ guess,0.03,manual,no_comment
12644,2011,16_RUS,new_vehicle_efficiency,ldv,km_per_pj,road,freight,lpg,all,yearly,national,['avg_eff_no_outliers $ transport_data_system_9th'],1,3668778329.1297708,avg_eff_no_outliers $ transport_data_system_9th,282213717.625367,single_datapoint,no_comment
12645,2011,16_RUS,new_vehicle_efficiency,ldv,km_per_pj,road,passenger,lpg,all,yearly,national,['avg_eff_no_outliers $ transport_data_system_9th'],1,4713924488.084526,avg_eff_no_outliers $ transport_data_system_9th,362609576.006502,single_datapoint,no_comment
12646,2011,16_RUS,turnover_rate,ldv,%,road,freight,lpg,all,yearly,national,['manually_inputted_data $ guess'],1,0.42,manually_inputted_data $ guess,0.03,manual,no_comment
12647,2011,16_RUS,turnover_rate,ldv,%,road,passenger,lpg,all,yearly,national,['manually_inputted_data $ guess'],1,0.42,manually_inputted_data $ guess,0.03,manual,no_comment
12648,2012,16_RUS,new_vehicle_efficiency,ldv,km_per_pj,road,freight,lpg,all,yearly,national,['avg_eff_no_outliers $ transport_data_system_9th'],1,3668778329.1297708,avg_eff_no_outliers $ transport_data_system_9th,282213717.625367,single_datapoint,no_comment
12649,2012,16_RUS,new_vehicle_efficiency,ldv,km_per_pj,road,passenger,lpg,all,yearly,national,['avg_eff_no_outliers $ transport_data_system_9th'],1,4713924488.084526,avg_eff_no_outliers $ transport_data_system_9th,362609576.006502,single_datapoint,no_comment
12650,2012,16_RUS,turnover_rate,ldv,%,road,freight,lpg,all,yearly,national,['manually_inputted_data $ guess'],1,0.42,manually_inputted_data $ guess,0.03,manual,no_comment
12651,2012,16_RUS,turnover_rate,ldv,%,road,passenger,lpg,all,yearly,national,['manually_inputted_data $ guess'],1,0.42,manually_inputted_data $ guess,0.03,manual,no_comment
12652,2013,16_RUS,new_vehicle_efficiency,ldv,km_per_pj,road,freight,lpg,all,yearly,national,['avg_eff_no_outliers $ transport_data_system_9th'],1,3668778329.1297708,avg_eff_no_outliers $ transport_data_system_9th,282213717.625367,single_datapoint,no_comment
12653,2013,16_RUS,new_vehicle_efficiency,ldv,km_per_pj,road,passenger,lpg,all,yearly,national,['avg_eff_no_outliers $ transport_data_system_9th'],1,4713924488.084526,avg_eff_no_outliers $ transport_data_system_9th,362609576.006502,single_datapoint,no_comment
12654,2013,16_RUS,turnover_rate,ldv,%,road,freight,lpg,all,yearly,national,['manually_inputted_data $ guess'],1,0.42,manually_inputted_data $ guess,0.03,manual,no_comment
12655,2013,16_RUS,turnover_rate,ldv,%,road,passenger,lpg,all,yearly,national,['manually_inputted_data $ guess'],1,0.42,manually_inputted_data $ guess,0.03,manual,no_comment
12656,2014,16_RUS,new_vehicle_efficiency,ldv,km_per_pj,road,freight,lpg,all,yearly,national,['avg_eff_no_outliers $ transport_data_system_9th'],1,3668778329.1297708,avg_eff_no_outliers $ transport_data_system_9th,282213717.625367,single_datapoint,no_comment
12657,2014,16_RUS,new_vehicle_efficiency,ldv,km_per_pj,road,passenger,lpg,all,yearly,national,['avg_eff_no_outliers $ transport_data_system_9th'],1,4713924488.084526,avg_eff_no_outliers $ transport_data_system_9th,362609576.006502,single_datapoint,no_comment
12658,2014,16_RUS,turnover_rate,ldv,%,road,freight,lpg,all,yearly,national,['manually_inputted_data $ guess'],1,0.42,manually_inputted_data $ guess,0.03,manual,no_comment
12659,2014,16_RUS,turnover_rate,ldv,%,road,passenger,lpg,all,yearly,national,['manually_inputted_data $ guess'],1,0.42,manually_inputted_data $ guess,0.03,manual,no_comment
12660,2015,16_RUS,new_vehicle_efficiency,ldv,km_per_pj,road,freight,lpg,all,yearly,national,['avg_eff_no_outliers $ transport_data_system_9th'],1,3668778329.1297708,avg_eff_no_outliers $ transport_data_system_9th,282213717.625367,single_datapoint,no_comment
12661,2015,16_RUS,new_vehicle_efficiency,ldv,km_per_pj,road,passenger,lpg,all,yearly,national,['avg_eff_no_outliers $ transport_data_system_9th'],1,4713924488.084526,avg_eff_no_outliers $ transport_data_system_9th,362609576.006502,single_datapoint,no_comment
12662,2015,16_RUS,turnover_rate,ldv,%,road,freight,lpg,all,yearly,national,['manually_inputted_data $ guess'],1,0.42,manually_inputted_data $ guess,0.03,manual,no_comment
12663,2015,16_RUS,turnover_rate,ldv,%,road,passenger,lpg,all,yearly,national,['manually_inputted_data $ guess'],1,0.42,manually_inputted_data $ guess,0.03,manual,no_comment
12664,2016,16_RUS,new_vehicle_efficiency,ldv,km_per_pj,road,freight,lpg,all,yearly,national,['avg_eff_no_outliers $ transport_data_system_9th'],1,3668778329.1297708,avg_eff_no_outliers $ transport_data_system_9th,282213717.625367,single_datapoint,no_comment
12665,2016,16_RUS,new_vehicle_efficiency,ldv,km_per_pj,road,passenger,lpg,all,yearly,national,['avg_eff_no_outliers $ transport_data_system_9th'],1,4713924488.084526,avg_eff_no_outliers $ transport_data_system_9th,362609576.006502,single_datapoint,no_comment
12666,2016,16_RUS,turnover_rate,ldv,%,road,freight,lpg,all,yearly,national,['manually_inputted_data $ guess'],1,0.42,manually_inputted_data $ guess,0.03,manual,no_comment
12667,2016,16_RUS,turnover_rate,ldv,%,road,passenger,lpg,all,yearly,national,['manually_inputted_data $ guess'],1,0.42,manually_inputted_data $ guess,0.03,manual,no_comment
12668,2017,16_RUS,activity,ldv,passenger_km_or_freight_tonne_km,road,freight,lpg,all,yearly,national,"['8th_edition_transport_model $ reference', 'estimated $ calculate_energy_and_activity()']",2,337429146.3360945,estimated $ calculate_energy_and_activity(),65201775.0,manual,no_comment
12669,2017,16_RUS,activity,ldv,passenger_km_or_freight_tonne_km,road,passenger,lpg,all,yearly,national,"['8th_edition_transport_model $ reference', 'estimated $ calculate_energy_and_activity()']",2,31786426281.148094,estimated $ calculate_energy_and_activity(),21212640000.0,manual,no_comment
12670,2017,16_RUS,energy,ldv,pj,road,freight,lpg,all,yearly,national,"['8th_edition_transport_model $ reference', 'estimated $ calculate_energy_and_activity()']",2,4.010295091030431,8th_edition_transport_model $ reference,3.300164390383217,manual,no_comment
12671,2017,16_RUS,energy,ldv,pj,road,passenger,lpg,all,yearly,national,"['8th_edition_transport_model $ reference', 'estimated $ calculate_energy_and_activity()']",2,53.39985225955837,estimated $ calculate_energy_and_activity(),40.653494209123785,manual,no_comment
12672,2017,16_RUS,new_vehicle_efficiency,ldv,km_per_pj,road,freight,lpg,all,yearly,national,['avg_eff_no_outliers $ transport_data_system_9th'],1,3668778329.1297708,avg_eff_no_outliers $ transport_data_system_9th,282213717.625367,single_datapoint,no_comment
12673,2017,16_RUS,new_vehicle_efficiency,ldv,km_per_pj,road,passenger,lpg,all,yearly,national,['avg_eff_no_outliers $ transport_data_system_9th'],1,4713924488.084526,avg_eff_no_outliers $ transport_data_system_9th,362609576.006502,single_datapoint,no_comment
12674,2017,16_RUS,travel_km,ldv,km,road,freight,lpg,all,yearly,national,['estimated $ calculate_energy_and_activity()'],1,178635000.0,estimated $ calculate_energy_and_activity(),178635000.0,single_datapoint,no_comment
12675,2017,16_RUS,travel_km,ldv,km,road,passenger,lpg,all,yearly,national,['estimated $ calculate_energy_and_activity()'],1,14141760000.0,estimated $ calculate_energy_and_activity(),14141760000.0,single_datapoint,no_comment
12676,2017,16_RUS,turnover_rate,ldv,%,road,freight,lpg,all,yearly,national,"['manually_inputted_data $ guess', 'turnover_rate_est']",2,0.42,manually_inputted_data $ guess,0.03,manual,no_comment
12677,2017,16_RUS,turnover_rate,ldv,%,road,passenger,lpg,all,yearly,national,"['manually_inputted_data $ guess', 'turnover_rate_est']",2,0.42,manually_inputted_data $ guess,0.03,manual,no_comment
12678,2018,16_RUS,new_vehicle_efficiency,ldv,km_per_pj,road,freight,lpg,all,yearly,national,['avg_eff_no_outliers $ transport_data_system_9th'],1,3668778329.1297708,avg_eff_no_outliers $ transport_data_system_9th,282213717.625367,single_datapoint,no_comment
12679,2018,16_RUS,new_vehicle_efficiency,ldv,km_per_pj,road,passenger,lpg,all,yearly,national,['avg_eff_no_outliers $ transport_data_system_9th'],1,4713924488.084526,avg_eff_no_outliers $ transport_data_system_9th,362609576.006502,single_datapoint,no_comment
12680,2018,16_RUS,turnover_rate,ldv,%,road,freight,lpg,all,yearly,national,['manually_inputted_data $ guess'],1,0.42,manually_inputted_data $ guess,0.03,manual,no_comment
12681,2018,16_RUS,turnover_rate,ldv,%,road,passenger,lpg,all,yearly,national,['manually_inputted_data $ guess'],1,0.42,manually_inputted_data $ guess,0.03,manual,no_comment
12682,2019,16_RUS,new_vehicle_efficiency,ldv,km_per_pj,road,freight,lpg,all,yearly,national,['avg_eff_no_outliers $ transport_data_system_9th'],1,3668778329.1297708,avg_eff_no_outliers $ transport_data_system_9th,282213717.625367,single_datapoint,no_comment
12683,2019,16_RUS,new_vehicle_efficiency,ldv,km_per_pj,road,passenger,lpg,all,yearly,national,['avg_eff_no_outliers $ transport_data_system_9th'],1,4713924488.084526,avg_eff_no_outliers $ transport_data_system_9th,362609576.006502,single_datapoint,no_comment
12684,2019,16_RUS,turnover_rate,ldv,%,road,freight,lpg,all,yearly,national,['manually_inputted_data $ guess'],1,0.42,manually_inputted_data $ guess,0.03,manual,no_comment
12685,2019,16_RUS,turnover_rate,ldv,%,road,passenger,lpg,all,yearly,national,['manually_inputted_data $ guess'],1,0.42,manually_inputted_data $ guess,0.03,manual,no_comment
12686,2020,16_RUS,new_vehicle_efficiency,ldv,km_per_pj,road,freight,lpg,all,yearly,national,['avg_eff_no_outliers $ transport_data_system_9th'],1,3668778329.1297708,avg_eff_no_outliers $ transport_data_system_9th,282213717.625367,single_datapoint,no_comment
12687,2020,16_RUS,new_vehicle_efficiency,ldv,km_per_pj,road,passenger,lpg,all,yearly,national,['avg_eff_no_outliers $ transport_data_system_9th'],1,4713924488.084526,avg_eff_no_outliers $ transport_data_system_9th,362609576.006502,single_datapoint,no_comment
12688,2020,16_RUS,turnover_rate,ldv,%,road,freight,lpg,all,yearly,national,['manually_inputted_data $ guess'],1,0.42,manually_inputted_data $ guess,0.03,manual,no_comment
12689,2020,16_RUS,turnover_rate,ldv,%,road,passenger,lpg,all,yearly,national,['manually_inputted_data $ guess'],1,0.42,manually_inputted_data $ guess,0.03,manual,no_comment
12690,2021,16_RUS,new_vehicle_efficiency,ldv,km_per_pj,road,freight,lpg,all,yearly,national,['avg_eff_no_outliers $ transport_data_system_9th'],1,3668778329.1297708,avg_eff_no_outliers $ transport_data_system_9th,282213717.625367,single_datapoint,no_comment
12691,2021,16_RUS,new_vehicle_efficiency,ldv,km_per_pj,road,passenger,lpg,all,yearly,national,['avg_eff_no_outliers $ transport_data_system_9th'],1,4713924488.084526,avg_eff_no_outliers $ transport_data_system_9th,362609576.006502,single_datapoint,no_comment
12692,2021,16_RUS,turnover_rate,ldv,%,road,freight,lpg,all,yearly,national,['manually_inputted_data $ guess'],1,0.42,manually_inputted_data $ guess,0.03,manual,no_comment
12693,2021,16_RUS,turnover_rate,ldv,%,road,passenger,lpg,all,yearly,national,['manually_inputted_data $ guess'],1,0.42,manually_inputted_data $ guess,0.03,manual,no_comment
12694,2022,16_RUS,new_vehicle_efficiency,ldv,km_per_pj,road,freight,lpg,all,yearly,national,['avg_eff_no_outliers $ transport_data_system_9th'],1,3668778329.1297708,avg_eff_no_outliers $ transport_data_system_9th,282213717.625367,single_datapoint,no_comment
12695,2022,16_RUS,new_vehicle_efficiency,ldv,km_per_pj,road,passenger,lpg,all,yearly,national,['avg_eff_no_outliers $ transport_data_system_9th'],1,4713924488.084526,avg_eff_no_outliers $ transport_data_system_9th,362609576.006502,single_datapoint,no_comment
12696,2022,16_RUS,turnover_rate,ldv,%,road,freight,lpg,all,yearly,national,['manually_inputted_data $ guess'],1,0.42,manually_inputted_data $ guess,0.03,manual,no_comment
12697,2022,16_RUS,turnover_rate,ldv,%,road,passenger,lpg,all,yearly,national,['manually_inputted_data $ guess'],1,0.42,manually_inputted_data $ guess,0.03,manual,no_comment
12698,2010,16_RUS,new_vehicle_efficiency,ldv,km_per_pj,road,freight,phev,all,yearly,national,['avg_eff_no_outliers $ transport_data_system_9th'],1,8979606259.303562,avg_eff_no_outliers $ transport_data_system_9th,690738943.023351,single_datapoint,no_comment
12699,2010,16_RUS,new_vehicle_efficiency,ldv,km_per_pj,road,passenger,phev,all,yearly,national,['avg_eff_no_outliers $ transport_data_system_9th'],1,5974718100.659283,avg_eff_no_outliers $ transport_data_system_9th,459593700.050714,single_datapoint,no_comment
12700,2010,16_RUS,turnover_rate,ldv,%,road,freight,phev,all,yearly,national,['manually_inputted_data $ guess'],1,0.39,manually_inputted_data $ guess,0.03,single_datapoint,no_comment
12701,2010,16_RUS,turnover_rate,ldv,%,road,passenger,phev,all,yearly,national,['manually_inputted_data $ guess'],1,0.39,manually_inputted_data $ guess,0.03,single_datapoint,no_comment
12702,2011,16_RUS,new_vehicle_efficiency,ldv,km_per_pj,road,freight,phev,all,yearly,national,['avg_eff_no_outliers $ transport_data_system_9th'],1,8979606259.303562,avg_eff_no_outliers $ transport_data_system_9th,690738943.023351,single_datapoint,no_comment
12703,2011,16_RUS,new_vehicle_efficiency,ldv,km_per_pj,road,passenger,phev,all,yearly,national,['avg_eff_no_outliers $ transport_data_system_9th'],1,5974718100.659283,avg_eff_no_outliers $ transport_data_system_9th,459593700.050714,single_datapoint,no_comment
12704,2011,16_RUS,turnover_rate,ldv,%,road,freight,phev,all,yearly,national,['manually_inputted_data $ guess'],1,0.39,manually_inputted_data $ guess,0.03,single_datapoint,no_comment
12705,2011,16_RUS,turnover_rate,ldv,%,road,passenger,phev,all,yearly,national,['manually_inputted_data $ guess'],1,0.39,manually_inputted_data $ guess,0.03,single_datapoint,no_comment
12706,2012,16_RUS,new_vehicle_efficiency,ldv,km_per_pj,road,freight,phev,all,yearly,national,['avg_eff_no_outliers $ transport_data_system_9th'],1,8979606259.303562,avg_eff_no_outliers $ transport_data_system_9th,690738943.023351,single_datapoint,no_comment
12707,2012,16_RUS,new_vehicle_efficiency,ldv,km_per_pj,road,passenger,phev,all,yearly,national,['avg_eff_no_outliers $ transport_data_system_9th'],1,5974718100.659283,avg_eff_no_outliers $ transport_data_system_9th,459593700.050714,single_datapoint,no_comment
12708,2012,16_RUS,turnover_rate,ldv,%,road,freight,phev,all,yearly,national,['manually_inputted_data $ guess'],1,0.39,manually_inputted_data $ guess,0.03,single_datapoint,no_comment
12709,2012,16_RUS,turnover_rate,ldv,%,road,passenger,phev,all,yearly,national,['manually_inputted_data $ guess'],1,0.39,manually_inputted_data $ guess,0.03,single_datapoint,no_comment
12710,2013,16_RUS,new_vehicle_efficiency,ldv,km_per_pj,road,freight,phev,all,yearly,national,['avg_eff_no_outliers $ transport_data_system_9th'],1,8979606259.303562,avg_eff_no_outliers $ transport_data_system_9th,690738943.023351,single_datapoint,no_comment
12711,2013,16_RUS,new_vehicle_efficiency,ldv,km_per_pj,road,passenger,phev,all,yearly,national,['avg_eff_no_outliers $ transport_data_system_9th'],1,5974718100.659283,avg_eff_no_outliers $ transport_data_system_9th,459593700.050714,single_datapoint,no_comment
12712,2013,16_RUS,turnover_rate,ldv,%,road,freight,phev,all,yearly,national,['manually_inputted_data $ guess'],1,0.39,manually_inputted_data $ guess,0.03,single_datapoint,no_comment
12713,2013,16_RUS,turnover_rate,ldv,%,road,passenger,phev,all,yearly,national,['manually_inputted_data $ guess'],1,0.39,manually_inputted_data $ guess,0.03,single_datapoint,no_comment
12714,2014,16_RUS,new_vehicle_efficiency,ldv,km_per_pj,road,freight,phev,all,yearly,national,['avg_eff_no_outliers $ transport_data_system_9th'],1,8979606259.303562,avg_eff_no_outliers $ transport_data_system_9th,690738943.023351,single_datapoint,no_comment
12715,2014,16_RUS,new_vehicle_efficiency,ldv,km_per_pj,road,passenger,phev,all,yearly,national,['avg_eff_no_outliers $ transport_data_system_9th'],1,5974718100.659283,avg_eff_no_outliers $ transport_data_system_9th,459593700.050714,single_datapoint,no_comment
12716,2014,16_RUS,turnover_rate,ldv,%,road,freight,phev,all,yearly,national,['manually_inputted_data $ guess'],1,0.39,manually_inputted_data $ guess,0.03,single_datapoint,no_comment
12717,2014,16_RUS,turnover_rate,ldv,%,road,passenger,phev,all,yearly,national,['manually_inputted_data $ guess'],1,0.39,manually_inputted_data $ guess,0.03,single_datapoint,no_comment
12718,2015,16_RUS,new_vehicle_efficiency,ldv,km_per_pj,road,freight,phev,all,yearly,national,['avg_eff_no_outliers $ transport_data_system_9th'],1,8979606259.303562,avg_eff_no_outliers $ transport_data_system_9th,690738943.023351,single_datapoint,no_comment
12719,2015,16_RUS,new_vehicle_efficiency,ldv,km_per_pj,road,passenger,phev,all,yearly,national,['avg_eff_no_outliers $ transport_data_system_9th'],1,5974718100.659283,avg_eff_no_outliers $ transport_data_system_9th,459593700.050714,single_datapoint,no_comment
12720,2015,16_RUS,turnover_rate,ldv,%,road,freight,phev,all,yearly,national,['manually_inputted_data $ guess'],1,0.39,manually_inputted_data $ guess,0.03,single_datapoint,no_comment
12721,2015,16_RUS,turnover_rate,ldv,%,road,passenger,phev,all,yearly,national,['manually_inputted_data $ guess'],1,0.39,manually_inputted_data $ guess,0.03,single_datapoint,no_comment
12722,2016,16_RUS,new_vehicle_efficiency,ldv,km_per_pj,road,freight,phev,all,yearly,national,['avg_eff_no_outliers $ transport_data_system_9th'],1,8979606259.303562,avg_eff_no_outliers $ transport_data_system_9th,690738943.023351,single_datapoint,no_comment
12723,2016,16_RUS,new_vehicle_efficiency,ldv,km_per_pj,road,passenger,phev,all,yearly,national,['avg_eff_no_outliers $ transport_data_system_9th'],1,5974718100.659283,avg_eff_no_outliers $ transport_data_system_9th,459593700.050714,single_datapoint,no_comment
12724,2016,16_RUS,turnover_rate,ldv,%,road,freight,phev,all,yearly,national,['manually_inputted_data $ guess'],1,0.39,manually_inputted_data $ guess,0.03,single_datapoint,no_comment
12725,2016,16_RUS,turnover_rate,ldv,%,road,passenger,phev,all,yearly,national,['manually_inputted_data $ guess'],1,0.39,manually_inputted_data $ guess,0.03,single_datapoint,no_comment
12726,2017,16_RUS,new_vehicle_efficiency,ldv,km_per_pj,road,freight,phev,all,yearly,national,['avg_eff_no_outliers $ transport_data_system_9th'],1,8979606259.303562,avg_eff_no_outliers $ transport_data_system_9th,690738943.023351,single_datapoint,no_comment
12727,2017,16_RUS,new_vehicle_efficiency,ldv,km_per_pj,road,passenger,phev,all,yearly,national,['avg_eff_no_outliers $ transport_data_system_9th'],1,5974718100.659283,avg_eff_no_outliers $ transport_data_system_9th,459593700.050714,single_datapoint,no_comment
12728,2017,16_RUS,turnover_rate,ldv,%,road,freight,phev,all,yearly,national,['manually_inputted_data $ guess'],1,0.39,manually_inputted_data $ guess,0.03,single_datapoint,no_comment
12729,2017,16_RUS,turnover_rate,ldv,%,road,passenger,phev,all,yearly,national,['manually_inputted_data $ guess'],1,0.39,manually_inputted_data $ guess,0.03,single_datapoint,no_comment
12730,2018,16_RUS,new_vehicle_efficiency,ldv,km_per_pj,road,freight,phev,all,yearly,national,['avg_eff_no_outliers $ transport_data_system_9th'],1,8979606259.303562,avg_eff_no_outliers $ transport_data_system_9th,690738943.023351,single_datapoint,no_comment
12731,2018,16_RUS,new_vehicle_efficiency,ldv,km_per_pj,road,passenger,phev,all,yearly,national,['avg_eff_no_outliers $ transport_data_system_9th'],1,5974718100.659283,avg_eff_no_outliers $ transport_data_system_9th,459593700.050714,single_datapoint,no_comment
12732,2018,16_RUS,turnover_rate,ldv,%,road,freight,phev,all,yearly,national,['manually_inputted_data $ guess'],1,0.39,manually_inputted_data $ guess,0.03,single_datapoint,no_comment
12733,2018,16_RUS,turnover_rate,ldv,%,road,passenger,phev,all,yearly,national,['manually_inputted_data $ guess'],1,0.39,manually_inputted_data $ guess,0.03,single_datapoint,no_comment
12734,2019,16_RUS,new_vehicle_efficiency,ldv,km_per_pj,road,freight,phev,all,yearly,national,['avg_eff_no_outliers $ transport_data_system_9th'],1,8979606259.303562,avg_eff_no_outliers $ transport_data_system_9th,690738943.023351,single_datapoint,no_comment
12735,2019,16_RUS,new_vehicle_efficiency,ldv,km_per_pj,road,passenger,phev,all,yearly,national,['avg_eff_no_outliers $ transport_data_system_9th'],1,5974718100.659283,avg_eff_no_outliers $ transport_data_system_9th,459593700.050714,single_datapoint,no_comment
12736,2019,16_RUS,turnover_rate,ldv,%,road,freight,phev,all,yearly,national,['manually_inputted_data $ guess'],1,0.39,manually_inputted_data $ guess,0.03,single_datapoint,no_comment
12737,2019,16_RUS,turnover_rate,ldv,%,road,passenger,phev,all,yearly,national,['manually_inputted_data $ guess'],1,0.39,manually_inputted_data $ guess,0.03,single_datapoint,no_comment
12738,2020,16_RUS,new_vehicle_efficiency,ldv,km_per_pj,road,freight,phev,all,yearly,national,['avg_eff_no_outliers $ transport_data_system_9th'],1,8979606259.303562,avg_eff_no_outliers $ transport_data_system_9th,690738943.023351,single_datapoint,no_comment
12739,2020,16_RUS,new_vehicle_efficiency,ldv,km_per_pj,road,passenger,phev,all,yearly,national,['avg_eff_no_outliers $ transport_data_system_9th'],1,5974718100.659283,avg_eff_no_outliers $ transport_data_system_9th,459593700.050714,single_datapoint,no_comment
12740,2020,16_RUS,turnover_rate,ldv,%,road,freight,phev,all,yearly,national,['manually_inputted_data $ guess'],1,0.39,manually_inputted_data $ guess,0.03,single_datapoint,no_comment
12741,2020,16_RUS,turnover_rate,ldv,%,road,passenger,phev,all,yearly,national,['manually_inputted_data $ guess'],1,0.39,manually_inputted_data $ guess,0.03,single_datapoint,no_comment
12742,2021,16_RUS,new_vehicle_efficiency,ldv,km_per_pj,road,freight,phev,all,yearly,national,['avg_eff_no_outliers $ transport_data_system_9th'],1,8979606259.303562,avg_eff_no_outliers $ transport_data_system_9th,690738943.023351,single_datapoint,no_comment
12743,2021,16_RUS,new_vehicle_efficiency,ldv,km_per_pj,road,passenger,phev,all,yearly,national,['avg_eff_no_outliers $ transport_data_system_9th'],1,5974718100.659283,avg_eff_no_outliers $ transport_data_system_9th,459593700.050714,single_datapoint,no_comment
12744,2021,16_RUS,turnover_rate,ldv,%,road,freight,phev,all,yearly,national,['manually_inputted_data $ guess'],1,0.39,manually_inputted_data $ guess,0.03,single_datapoint,no_comment
12745,2021,16_RUS,turnover_rate,ldv,%,road,passenger,phev,all,yearly,national,['manually_inputted_data $ guess'],1,0.39,manually_inputted_data $ guess,0.03,single_datapoint,no_comment
12746,2022,16_RUS,new_vehicle_efficiency,ldv,km_per_pj,road,freight,phev,all,yearly,national,['avg_eff_no_outliers $ transport_data_system_9th'],1,8979606259.303562,avg_eff_no_outliers $ transport_data_system_9th,690738943.023351,single_datapoint,no_comment
12747,2022,16_RUS,new_vehicle_efficiency,ldv,km_per_pj,road,passenger,phev,all,yearly,national,['avg_eff_no_outliers $ transport_data_system_9th'],1,5974718100.659283,avg_eff_no_outliers $ transport_data_system_9th,459593700.050714,single_datapoint,no_comment
12748,2022,16_RUS,turnover_rate,ldv,%,road,freight,phev,all,yearly,national,['manually_inputted_data $ guess'],1,0.39,manually_inputted_data $ guess,0.03,single_datapoint,no_comment
12749,2022,16_RUS,turnover_rate,ldv,%,road,passenger,phev,all,yearly,national,['manually_inputted_data $ guess'],1,0.39,manually_inputted_data $ guess,0.03,single_datapoint,no_comment
12750,2010,17_SIN,new_vehicle_efficiency,2w,km_per_pj,road,passenger,bev,all,yearly,national,['avg_eff_no_outliers $ transport_data_system_9th'],1,33137029391.83156,avg_eff_no_outliers $ transport_data_system_9th,2549002260.91012,single_datapoint,no_comment
12751,2010,17_SIN,turnover_rate,2w,%,road,passenger,bev,all,yearly,national,['manually_inputted_data $ guess'],1,0.42,manually_inputted_data $ guess,0.03,manual,no_comment
12752,2011,17_SIN,new_vehicle_efficiency,2w,km_per_pj,road,passenger,bev,all,yearly,national,['avg_eff_no_outliers $ transport_data_system_9th'],1,33137029391.83156,avg_eff_no_outliers $ transport_data_system_9th,2549002260.91012,single_datapoint,no_comment
12753,2011,17_SIN,turnover_rate,2w,%,road,passenger,bev,all,yearly,national,['manually_inputted_data $ guess'],1,0.42,manually_inputted_data $ guess,0.03,manual,no_comment
12754,2012,17_SIN,new_vehicle_efficiency,2w,km_per_pj,road,passenger,bev,all,yearly,national,['avg_eff_no_outliers $ transport_data_system_9th'],1,33137029391.83156,avg_eff_no_outliers $ transport_data_system_9th,2549002260.91012,single_datapoint,no_comment
12755,2012,17_SIN,turnover_rate,2w,%,road,passenger,bev,all,yearly,national,['manually_inputted_data $ guess'],1,0.42,manually_inputted_data $ guess,0.03,manual,no_comment
12756,2013,17_SIN,new_vehicle_efficiency,2w,km_per_pj,road,passenger,bev,all,yearly,national,['avg_eff_no_outliers $ transport_data_system_9th'],1,33137029391.83156,avg_eff_no_outliers $ transport_data_system_9th,2549002260.91012,single_datapoint,no_comment
12757,2013,17_SIN,turnover_rate,2w,%,road,passenger,bev,all,yearly,national,['manually_inputted_data $ guess'],1,0.42,manually_inputted_data $ guess,0.03,manual,no_comment
12758,2014,17_SIN,new_vehicle_efficiency,2w,km_per_pj,road,passenger,bev,all,yearly,national,['avg_eff_no_outliers $ transport_data_system_9th'],1,33137029391.83156,avg_eff_no_outliers $ transport_data_system_9th,2549002260.91012,single_datapoint,no_comment
12759,2014,17_SIN,turnover_rate,2w,%,road,passenger,bev,all,yearly,national,['manually_inputted_data $ guess'],1,0.42,manually_inputted_data $ guess,0.03,manual,no_comment
12760,2015,17_SIN,new_vehicle_efficiency,2w,km_per_pj,road,passenger,bev,all,yearly,national,['avg_eff_no_outliers $ transport_data_system_9th'],1,33137029391.83156,avg_eff_no_outliers $ transport_data_system_9th,2549002260.91012,single_datapoint,no_comment
12761,2015,17_SIN,turnover_rate,2w,%,road,passenger,bev,all,yearly,national,['manually_inputted_data $ guess'],1,0.42,manually_inputted_data $ guess,0.03,manual,no_comment
12762,2016,17_SIN,new_vehicle_efficiency,2w,km_per_pj,road,passenger,bev,all,yearly,national,['avg_eff_no_outliers $ transport_data_system_9th'],1,33137029391.83156,avg_eff_no_outliers $ transport_data_system_9th,2549002260.91012,single_datapoint,no_comment
12763,2016,17_SIN,turnover_rate,2w,%,road,passenger,bev,all,yearly,national,['manually_inputted_data $ guess'],1,0.42,manually_inputted_data $ guess,0.03,manual,no_comment
12764,2017,17_SIN,new_vehicle_efficiency,2w,km_per_pj,road,passenger,bev,all,yearly,national,['avg_eff_no_outliers $ transport_data_system_9th'],1,33137029391.83156,avg_eff_no_outliers $ transport_data_system_9th,2549002260.91012,single_datapoint,no_comment
12765,2017,17_SIN,turnover_rate,2w,%,road,passenger,bev,all,yearly,national,"['manually_inputted_data $ guess', 'turnover_rate_est']",2,0.42,manually_inputted_data $ guess,0.03,manual,no_comment
12766,2018,17_SIN,new_vehicle_efficiency,2w,km_per_pj,road,passenger,bev,all,yearly,national,['avg_eff_no_outliers $ transport_data_system_9th'],1,33137029391.83156,avg_eff_no_outliers $ transport_data_system_9th,2549002260.91012,single_datapoint,no_comment
12767,2018,17_SIN,turnover_rate,2w,%,road,passenger,bev,all,yearly,national,['manually_inputted_data $ guess'],1,0.42,manually_inputted_data $ guess,0.03,manual,no_comment
12768,2019,17_SIN,new_vehicle_efficiency,2w,km_per_pj,road,passenger,bev,all,yearly,national,['avg_eff_no_outliers $ transport_data_system_9th'],1,33137029391.83156,avg_eff_no_outliers $ transport_data_system_9th,2549002260.91012,single_datapoint,no_comment
12769,2019,17_SIN,turnover_rate,2w,%,road,passenger,bev,all,yearly,national,['manually_inputted_data $ guess'],1,0.42,manually_inputted_data $ guess,0.03,manual,no_comment
12770,2020,17_SIN,new_vehicle_efficiency,2w,km_per_pj,road,passenger,bev,all,yearly,national,['avg_eff_no_outliers $ transport_data_system_9th'],1,33137029391.83156,avg_eff_no_outliers $ transport_data_system_9th,2549002260.91012,single_datapoint,no_comment
12771,2020,17_SIN,turnover_rate,2w,%,road,passenger,bev,all,yearly,national,['manually_inputted_data $ guess'],1,0.42,manually_inputted_data $ guess,0.03,manual,no_comment
12772,2021,17_SIN,new_vehicle_efficiency,2w,km_per_pj,road,passenger,bev,all,yearly,national,['avg_eff_no_outliers $ transport_data_system_9th'],1,33137029391.83156,avg_eff_no_outliers $ transport_data_system_9th,2549002260.91012,single_datapoint,no_comment
12773,2021,17_SIN,turnover_rate,2w,%,road,passenger,bev,all,yearly,national,['manually_inputted_data $ guess'],1,0.42,manually_inputted_data $ guess,0.03,manual,no_comment
12774,2022,17_SIN,new_vehicle_efficiency,2w,km_per_pj,road,passenger,bev,all,yearly,national,['avg_eff_no_outliers $ transport_data_system_9th'],1,33137029391.83156,avg_eff_no_outliers $ transport_data_system_9th,2549002260.91012,single_datapoint,no_comment
12775,2022,17_SIN,turnover_rate,2w,%,road,passenger,bev,all,yearly,national,['manually_inputted_data $ guess'],1,0.42,manually_inputted_data $ guess,0.03,manual,no_comment
12776,2010,17_SIN,activity,2w,passenger_km_or_freight_tonne_km,road,passenger,ice,all,yearly,national,['estimated $ calculate_energy_and_activity()'],1,14187195000.0,estimated $ calculate_energy_and_activity(),1222320000.0,single_datapoint,no_comment
12777,2010,17_SIN,energy,2w,pj,road,passenger,ice,all,yearly,national,['estimated $ calculate_energy_and_activity()'],1,20.392053385724616,estimated $ calculate_energy_and_activity(),1.7569092899927654,single_datapoint,no_comment
12778,2010,17_SIN,new_vehicle_efficiency,2w,km_per_pj,road,passenger,ice,all,yearly,national,['avg_eff_no_outliers $ transport_data_system_9th'],1,7669072338.574219,avg_eff_no_outliers $ transport_data_system_9th,589928641.428786,single_datapoint,no_comment
12779,2010,17_SIN,travel_km,2w,km,road,passenger,ice,all,yearly,national,['estimated $ calculate_energy_and_activity()'],1,12897450000.0,estimated $ calculate_energy_and_activity(),1111200000.0,single_datapoint,no_comment
12780,2010,17_SIN,turnover_rate,2w,%,road,passenger,ice,all,yearly,national,['manually_inputted_data $ guess'],1,0.39,manually_inputted_data $ guess,0.03,single_datapoint,no_comment
12781,2011,17_SIN,activity,2w,passenger_km_or_freight_tonne_km,road,passenger,ice,all,yearly,national,['estimated $ calculate_energy_and_activity()'],1,14187195000.0,estimated $ calculate_energy_and_activity(),1209111750.0,single_datapoint,no_comment
12782,2011,17_SIN,energy,2w,pj,road,passenger,ice,all,yearly,national,['estimated $ calculate_energy_and_activity()'],1,20.392053385724616,estimated $ calculate_energy_and_activity(),1.73792432931999,single_datapoint,no_comment
12783,2011,17_SIN,new_vehicle_efficiency,2w,km_per_pj,road,passenger,ice,all,yearly,national,['avg_eff_no_outliers $ transport_data_system_9th'],1,7669072338.574219,avg_eff_no_outliers $ transport_data_system_9th,589928641.428786,single_datapoint,no_comment
12784,2011,17_SIN,travel_km,2w,km,road,passenger,ice,all,yearly,national,['estimated $ calculate_energy_and_activity()'],1,12897450000.0,estimated $ calculate_energy_and_activity(),1099192500.0,single_datapoint,no_comment
12785,2011,17_SIN,turnover_rate,2w,%,road,passenger,ice,all,yearly,national,['manually_inputted_data $ guess'],1,0.39,manually_inputted_data $ guess,0.03,single_datapoint,no_comment
12786,2012,17_SIN,activity,2w,passenger_km_or_freight_tonne_km,road,passenger,ice,all,yearly,national,['estimated $ calculate_energy_and_activity()'],1,14187195000.0,estimated $ calculate_energy_and_activity(),1188907500.0,single_datapoint,no_comment
12787,2012,17_SIN,energy,2w,pj,road,passenger,ice,all,yearly,national,['estimated $ calculate_energy_and_activity()'],1,20.392053385724616,estimated $ calculate_energy_and_activity(),1.7088836243308412,single_datapoint,no_comment
12788,2012,17_SIN,new_vehicle_efficiency,2w,km_per_pj,road,passenger,ice,all,yearly,national,['avg_eff_no_outliers $ transport_data_system_9th'],1,7669072338.574219,avg_eff_no_outliers $ transport_data_system_9th,589928641.428786,single_datapoint,no_comment
12789,2012,17_SIN,travel_km,2w,km,road,passenger,ice,all,yearly,national,['estimated $ calculate_energy_and_activity()'],1,12897450000.0,estimated $ calculate_energy_and_activity(),1080825000.0,single_datapoint,no_comment
12790,2012,17_SIN,turnover_rate,2w,%,road,passenger,ice,all,yearly,national,['manually_inputted_data $ guess'],1,0.39,manually_inputted_data $ guess,0.03,single_datapoint,no_comment
12791,2013,17_SIN,activity,2w,passenger_km_or_freight_tonne_km,road,passenger,ice,all,yearly,national,['estimated $ calculate_energy_and_activity()'],1,14187195000.0,estimated $ calculate_energy_and_activity(),1195705500.0,single_datapoint,no_comment
12792,2013,17_SIN,energy,2w,pj,road,passenger,ice,all,yearly,national,['estimated $ calculate_energy_and_activity()'],1,20.392053385724616,estimated $ calculate_energy_and_activity(),1.7186547721099588,single_datapoint,no_comment
12793,2013,17_SIN,new_vehicle_efficiency,2w,km_per_pj,road,passenger,ice,all,yearly,national,['avg_eff_no_outliers $ transport_data_system_9th'],1,7669072338.574219,avg_eff_no_outliers $ transport_data_system_9th,589928641.428786,single_datapoint,no_comment
12794,2013,17_SIN,travel_km,2w,km,road,passenger,ice,all,yearly,national,['estimated $ calculate_energy_and_activity()'],1,12897450000.0,estimated $ calculate_energy_and_activity(),1087005000.0,single_datapoint,no_comment
12795,2013,17_SIN,turnover_rate,2w,%,road,passenger,ice,all,yearly,national,['manually_inputted_data $ guess'],1,0.39,manually_inputted_data $ guess,0.03,single_datapoint,no_comment
12796,2014,17_SIN,activity,2w,passenger_km_or_freight_tonne_km,road,passenger,ice,all,yearly,national,['estimated $ calculate_energy_and_activity()'],1,14187195000.0,estimated $ calculate_energy_and_activity(),1196464500.0,single_datapoint,no_comment
12797,2014,17_SIN,energy,2w,pj,road,passenger,ice,all,yearly,national,['estimated $ calculate_energy_and_activity()'],1,20.392053385724616,estimated $ calculate_energy_and_activity(),1.7197457255027728,single_datapoint,no_comment
12798,2014,17_SIN,new_vehicle_efficiency,2w,km_per_pj,road,passenger,ice,all,yearly,national,['avg_eff_no_outliers $ transport_data_system_9th'],1,7669072338.574219,avg_eff_no_outliers $ transport_data_system_9th,589928641.428786,single_datapoint,no_comment
12799,2014,17_SIN,travel_km,2w,km,road,passenger,ice,all,yearly,national,['estimated $ calculate_energy_and_activity()'],1,12897450000.0,estimated $ calculate_energy_and_activity(),1087695000.0,single_datapoint,no_comment
12800,2014,17_SIN,turnover_rate,2w,%,road,passenger,ice,all,yearly,national,['manually_inputted_data $ guess'],1,0.39,manually_inputted_data $ guess,0.03,single_datapoint,no_comment
12801,2015,17_SIN,activity,2w,passenger_km_or_freight_tonne_km,road,passenger,ice,all,yearly,national,['estimated $ calculate_energy_and_activity()'],1,14187195000.0,estimated $ calculate_energy_and_activity(),1187175000.0,single_datapoint,no_comment
12802,2015,17_SIN,energy,2w,pj,road,passenger,ice,all,yearly,national,['estimated $ calculate_energy_and_activity()'],1,20.392053385724616,estimated $ calculate_energy_and_activity(),1.7063934046298526,single_datapoint,no_comment
12803,2015,17_SIN,new_vehicle_efficiency,2w,km_per_pj,road,passenger,ice,all,yearly,national,['avg_eff_no_outliers $ transport_data_system_9th'],1,7669072338.574219,avg_eff_no_outliers $ transport_data_system_9th,589928641.428786,single_datapoint,no_comment
12804,2015,17_SIN,travel_km,2w,km,road,passenger,ice,all,yearly,national,['estimated $ calculate_energy_and_activity()'],1,12897450000.0,estimated $ calculate_energy_and_activity(),1079250000.0,single_datapoint,no_comment
12805,2015,17_SIN,turnover_rate,2w,%,road,passenger,ice,all,yearly,national,['manually_inputted_data $ guess'],1,0.39,manually_inputted_data $ guess,0.03,single_datapoint,no_comment
12806,2016,17_SIN,activity,2w,passenger_km_or_freight_tonne_km,road,passenger,ice,all,yearly,national,['estimated $ calculate_energy_and_activity()'],1,14187195000.0,estimated $ calculate_energy_and_activity(),1180179000.0,single_datapoint,no_comment
12807,2016,17_SIN,energy,2w,pj,road,passenger,ice,all,yearly,national,['estimated $ calculate_energy_and_activity()'],1,20.392053385724616,estimated $ calculate_energy_and_activity(),1.6963376603134792,single_datapoint,no_comment
12808,2016,17_SIN,new_vehicle_efficiency,2w,km_per_pj,road,passenger,ice,all,yearly,national,['avg_eff_no_outliers $ transport_data_system_9th'],1,7669072338.574219,avg_eff_no_outliers $ transport_data_system_9th,589928641.428786,single_datapoint,no_comment
12809,2016,17_SIN,travel_km,2w,km,road,passenger,ice,all,yearly,national,['estimated $ calculate_energy_and_activity()'],1,12897450000.0,estimated $ calculate_energy_and_activity(),1072890000.0,single_datapoint,no_comment
12810,2016,17_SIN,turnover_rate,2w,%,road,passenger,ice,all,yearly,national,['manually_inputted_data $ guess'],1,0.39,manually_inputted_data $ guess,0.03,single_datapoint,no_comment
12811,2017,17_SIN,activity,2w,passenger_km_or_freight_tonne_km,road,passenger,ice,all,yearly,national,['estimated $ calculate_energy_and_activity()'],1,14187195000.0,estimated $ calculate_energy_and_activity(),1170807000.0,single_datapoint,no_comment
12812,2017,17_SIN,energy,2w,pj,road,passenger,ice,all,yearly,national,['estimated $ calculate_energy_and_activity()'],1,20.392053385724616,estimated $ calculate_energy_and_activity(),1.6828667575500358,single_datapoint,no_comment
12813,2017,17_SIN,new_vehicle_efficiency,2w,km_per_pj,road,passenger,ice,all,yearly,national,['avg_eff_no_outliers $ transport_data_system_9th'],1,7669072338.574219,avg_eff_no_outliers $ transport_data_system_9th,589928641.428786,single_datapoint,no_comment
12814,2017,17_SIN,travel_km,2w,km,road,passenger,ice,all,yearly,national,['estimated $ calculate_energy_and_activity()'],1,12897450000.0,estimated $ calculate_energy_and_activity(),1064370000.0,single_datapoint,no_comment
12815,2017,17_SIN,turnover_rate,2w,%,road,passenger,ice,all,yearly,national,['manually_inputted_data $ guess'],1,0.39,manually_inputted_data $ guess,0.03,single_datapoint,no_comment
12816,2018,17_SIN,activity,2w,passenger_km_or_freight_tonne_km,road,passenger,ice,all,yearly,national,['estimated $ calculate_energy_and_activity()'],1,14187195000.0,estimated $ calculate_energy_and_activity(),1134210000.0,single_datapoint,no_comment
12817,2018,17_SIN,energy,2w,pj,road,passenger,ice,all,yearly,national,['estimated $ calculate_energy_and_activity()'],1,20.392053385724616,estimated $ calculate_energy_and_activity(),1.6302638309139132,single_datapoint,no_comment
12818,2018,17_SIN,new_vehicle_efficiency,2w,km_per_pj,road,passenger,ice,all,yearly,national,['avg_eff_no_outliers $ transport_data_system_9th'],1,7669072338.574219,avg_eff_no_outliers $ transport_data_system_9th,589928641.428786,single_datapoint,no_comment
12819,2018,17_SIN,travel_km,2w,km,road,passenger,ice,all,yearly,national,['estimated $ calculate_energy_and_activity()'],1,12897450000.0,estimated $ calculate_energy_and_activity(),1031100000.0,single_datapoint,no_comment
12820,2018,17_SIN,turnover_rate,2w,%,road,passenger,ice,all,yearly,national,['manually_inputted_data $ guess'],1,0.39,manually_inputted_data $ guess,0.03,single_datapoint,no_comment
12821,2019,17_SIN,activity,2w,passenger_km_or_freight_tonne_km,road,passenger,ice,all,yearly,national,['estimated $ calculate_energy_and_activity()'],1,14187195000.0,estimated $ calculate_energy_and_activity(),1162350750.0,single_datapoint,no_comment
12822,2019,17_SIN,energy,2w,pj,road,passenger,ice,all,yearly,national,['estimated $ calculate_energy_and_activity()'],1,20.392053385724616,estimated $ calculate_energy_and_activity(),1.6707121137714007,single_datapoint,no_comment
12823,2019,17_SIN,new_vehicle_efficiency,2w,km_per_pj,road,passenger,ice,all,yearly,national,['avg_eff_no_outliers $ transport_data_system_9th'],1,7669072338.574219,avg_eff_no_outliers $ transport_data_system_9th,589928641.428786,single_datapoint,no_comment
12824,2019,17_SIN,travel_km,2w,km,road,passenger,ice,all,yearly,national,['estimated $ calculate_energy_and_activity()'],1,12897450000.0,estimated $ calculate_energy_and_activity(),1056682500.0,single_datapoint,no_comment
12825,2019,17_SIN,turnover_rate,2w,%,road,passenger,ice,all,yearly,national,['manually_inputted_data $ guess'],1,0.39,manually_inputted_data $ guess,0.03,single_datapoint,no_comment
12826,2020,17_SIN,activity,2w,passenger_km_or_freight_tonne_km,road,passenger,ice,all,yearly,national,['estimated $ calculate_energy_and_activity()'],1,14187195000.0,estimated $ calculate_energy_and_activity(),1166574750.0,single_datapoint,no_comment
12827,2020,17_SIN,energy,2w,pj,road,passenger,ice,all,yearly,national,['estimated $ calculate_energy_and_activity()'],1,20.392053385724616,estimated $ calculate_energy_and_activity(),1.676783506566192,single_datapoint,no_comment
12828,2020,17_SIN,new_vehicle_efficiency,2w,km_per_pj,road,passenger,ice,all,yearly,national,['avg_eff_no_outliers $ transport_data_system_9th'],1,7669072338.574219,avg_eff_no_outliers $ transport_data_system_9th,589928641.428786,single_datapoint,no_comment
12829,2020,17_SIN,travel_km,2w,km,road,passenger,ice,all,yearly,national,['estimated $ calculate_energy_and_activity()'],1,12897450000.0,estimated $ calculate_energy_and_activity(),1060522500.0,single_datapoint,no_comment
12830,2020,17_SIN,turnover_rate,2w,%,road,passenger,ice,all,yearly,national,['manually_inputted_data $ guess'],1,0.39,manually_inputted_data $ guess,0.03,single_datapoint,no_comment
12831,2021,17_SIN,activity,2w,passenger_km_or_freight_tonne_km,road,passenger,ice,all,yearly,national,['estimated $ calculate_energy_and_activity()'],1,14187195000.0,estimated $ calculate_energy_and_activity(),1173389250.0,single_datapoint,no_comment
12832,2021,17_SIN,energy,2w,pj,road,passenger,ice,all,yearly,national,['estimated $ calculate_energy_and_activity()'],1,20.392053385724616,estimated $ calculate_energy_and_activity(),1.686578370723414,single_datapoint,no_comment
12833,2021,17_SIN,new_vehicle_efficiency,2w,km_per_pj,road,passenger,ice,all,yearly,national,['avg_eff_no_outliers $ transport_data_system_9th'],1,7669072338.574219,avg_eff_no_outliers $ transport_data_system_9th,589928641.428786,single_datapoint,no_comment
12834,2021,17_SIN,travel_km,2w,km,road,passenger,ice,all,yearly,national,['estimated $ calculate_energy_and_activity()'],1,12897450000.0,estimated $ calculate_energy_and_activity(),1066717500.0,single_datapoint,no_comment
12835,2021,17_SIN,turnover_rate,2w,%,road,passenger,ice,all,yearly,national,['manually_inputted_data $ guess'],1,0.39,manually_inputted_data $ guess,0.03,single_datapoint,no_comment
12836,2022,17_SIN,new_vehicle_efficiency,2w,km_per_pj,road,passenger,ice,all,yearly,national,['avg_eff_no_outliers $ transport_data_system_9th'],1,7669072338.574219,avg_eff_no_outliers $ transport_data_system_9th,589928641.428786,single_datapoint,no_comment
12837,2022,17_SIN,turnover_rate,2w,%,road,passenger,ice,all,yearly,national,['manually_inputted_data $ guess'],1,0.39,manually_inputted_data $ guess,0.03,single_datapoint,no_comment
12838,2010,17_SIN,intensity,all,pj_per_passenger_or_freight_tonne_km,air,freight,all,all,yearly,national,['manually_inputted_data $ energy-intensity-of-passenger-transport-modes-2018'],1,4.0300000000000004e-08,manually_inputted_data $ energy-intensity-of-passenger-transport-modes-2018,3.1e-09,single_datapoint,assumed_to_be_same_as_passenger_air_because_of_lack_of_data
12839,2010,17_SIN,intensity,all,pj_per_passenger_or_freight_tonne_km,rail,freight,all,all,yearly,national,['manually_inputted_data $ iea_howtocalculatetheindicatorsforthetransportsectors.pdf'],1,2.86e-09,manually_inputted_data $ iea_howtocalculatetheindicatorsforthetransportsectors.pdf,2.2e-10,single_datapoint,from_how_to_calculate_the_indicators_for_the_transport_sector
12840,2010,17_SIN,intensity,all,pj_per_passenger_or_freight_tonne_km,ship,freight,all,all,yearly,national,['manually_inputted_data $ iea_howtocalculatetheindicatorsforthetransportsectors.pdf'],1,7.02e-09,manually_inputted_data $ iea_howtocalculatetheindicatorsforthetransportsectors.pdf,5.4e-10,single_datapoint,from_how_to_calculate_the_indicators_for_the_transport_sector
12841,2010,17_SIN,intensity,all,pj_per_passenger_or_freight_tonne_km,air,passenger,all,all,yearly,national,['manually_inputted_data $ energy-intensity-of-passenger-transport-modes-2018'],1,4.0300000000000004e-08,manually_inputted_data $ energy-intensity-of-passenger-transport-modes-2018,3.1e-09,single_datapoint,no_comment
12842,2010,17_SIN,intensity,all,pj_per_passenger_or_freight_tonne_km,rail,passenger,all,all,yearly,national,['manually_inputted_data $ energy-intensity-of-passenger-transport-modes-2018'],1,2.6e-09,manually_inputted_data $ energy-intensity-of-passenger-transport-modes-2018,2e-10,single_datapoint,no_comment
12843,2010,17_SIN,intensity,all,pj_per_passenger_or_freight_tonne_km,ship,passenger,all,all,yearly,national,['manually_inputted_data $ iea_howtocalculatetheindicatorsforthetransportsectors.pdf'],1,7.02e-09,manually_inputted_data $ iea_howtocalculatetheindicatorsforthetransportsectors.pdf,5.4e-10,single_datapoint,assumed_to_be_the_same_as_ship_freight_from_iea_how_to
12844,2011,17_SIN,intensity,all,pj_per_passenger_or_freight_tonne_km,air,freight,all,all,yearly,national,['manually_inputted_data $ energy-intensity-of-passenger-transport-modes-2018'],1,4.0300000000000004e-08,manually_inputted_data $ energy-intensity-of-passenger-transport-modes-2018,3.1e-09,single_datapoint,assumed_to_be_same_as_passenger_air_because_of_lack_of_data
12845,2011,17_SIN,intensity,all,pj_per_passenger_or_freight_tonne_km,rail,freight,all,all,yearly,national,['manually_inputted_data $ iea_howtocalculatetheindicatorsforthetransportsectors.pdf'],1,2.86e-09,manually_inputted_data $ iea_howtocalculatetheindicatorsforthetransportsectors.pdf,2.2e-10,single_datapoint,from_how_to_calculate_the_indicators_for_the_transport_sector
12846,2011,17_SIN,intensity,all,pj_per_passenger_or_freight_tonne_km,ship,freight,all,all,yearly,national,['manually_inputted_data $ iea_howtocalculatetheindicatorsforthetransportsectors.pdf'],1,7.02e-09,manually_inputted_data $ iea_howtocalculatetheindicatorsforthetransportsectors.pdf,5.4e-10,single_datapoint,from_how_to_calculate_the_indicators_for_the_transport_sector
12847,2011,17_SIN,intensity,all,pj_per_passenger_or_freight_tonne_km,air,passenger,all,all,yearly,national,['manually_inputted_data $ energy-intensity-of-passenger-transport-modes-2018'],1,4.0300000000000004e-08,manually_inputted_data $ energy-intensity-of-passenger-transport-modes-2018,3.1e-09,single_datapoint,no_comment
12848,2011,17_SIN,intensity,all,pj_per_passenger_or_freight_tonne_km,rail,passenger,all,all,yearly,national,['manually_inputted_data $ energy-intensity-of-passenger-transport-modes-2018'],1,2.6e-09,manually_inputted_data $ energy-intensity-of-passenger-transport-modes-2018,2e-10,single_datapoint,no_comment
12849,2011,17_SIN,intensity,all,pj_per_passenger_or_freight_tonne_km,ship,passenger,all,all,yearly,national,['manually_inputted_data $ iea_howtocalculatetheindicatorsforthetransportsectors.pdf'],1,7.02e-09,manually_inputted_data $ iea_howtocalculatetheindicatorsforthetransportsectors.pdf,5.4e-10,single_datapoint,assumed_to_be_the_same_as_ship_freight_from_iea_how_to
12850,2012,17_SIN,intensity,all,pj_per_passenger_or_freight_tonne_km,air,freight,all,all,yearly,national,['manually_inputted_data $ energy-intensity-of-passenger-transport-modes-2018'],1,4.0300000000000004e-08,manually_inputted_data $ energy-intensity-of-passenger-transport-modes-2018,3.1e-09,single_datapoint,assumed_to_be_same_as_passenger_air_because_of_lack_of_data
12851,2012,17_SIN,intensity,all,pj_per_passenger_or_freight_tonne_km,rail,freight,all,all,yearly,national,['manually_inputted_data $ iea_howtocalculatetheindicatorsforthetransportsectors.pdf'],1,2.86e-09,manually_inputted_data $ iea_howtocalculatetheindicatorsforthetransportsectors.pdf,2.2e-10,single_datapoint,from_how_to_calculate_the_indicators_for_the_transport_sector
12852,2012,17_SIN,intensity,all,pj_per_passenger_or_freight_tonne_km,ship,freight,all,all,yearly,national,['manually_inputted_data $ iea_howtocalculatetheindicatorsforthetransportsectors.pdf'],1,7.02e-09,manually_inputted_data $ iea_howtocalculatetheindicatorsforthetransportsectors.pdf,5.4e-10,single_datapoint,from_how_to_calculate_the_indicators_for_the_transport_sector
12853,2012,17_SIN,intensity,all,pj_per_passenger_or_freight_tonne_km,air,passenger,all,all,yearly,national,['manually_inputted_data $ energy-intensity-of-passenger-transport-modes-2018'],1,4.0300000000000004e-08,manually_inputted_data $ energy-intensity-of-passenger-transport-modes-2018,3.1e-09,single_datapoint,no_comment
12854,2012,17_SIN,intensity,all,pj_per_passenger_or_freight_tonne_km,rail,passenger,all,all,yearly,national,['manually_inputted_data $ energy-intensity-of-passenger-transport-modes-2018'],1,2.6e-09,manually_inputted_data $ energy-intensity-of-passenger-transport-modes-2018,2e-10,single_datapoint,no_comment
12855,2012,17_SIN,intensity,all,pj_per_passenger_or_freight_tonne_km,ship,passenger,all,all,yearly,national,['manually_inputted_data $ iea_howtocalculatetheindicatorsforthetransportsectors.pdf'],1,7.02e-09,manually_inputted_data $ iea_howtocalculatetheindicatorsforthetransportsectors.pdf,5.4e-10,single_datapoint,assumed_to_be_the_same_as_ship_freight_from_iea_how_to
12856,2013,17_SIN,intensity,all,pj_per_passenger_or_freight_tonne_km,air,freight,all,all,yearly,national,['manually_inputted_data $ energy-intensity-of-passenger-transport-modes-2018'],1,4.0300000000000004e-08,manually_inputted_data $ energy-intensity-of-passenger-transport-modes-2018,3.1e-09,single_datapoint,assumed_to_be_same_as_passenger_air_because_of_lack_of_data
12857,2013,17_SIN,intensity,all,pj_per_passenger_or_freight_tonne_km,rail,freight,all,all,yearly,national,['manually_inputted_data $ iea_howtocalculatetheindicatorsforthetransportsectors.pdf'],1,2.86e-09,manually_inputted_data $ iea_howtocalculatetheindicatorsforthetransportsectors.pdf,2.2e-10,single_datapoint,from_how_to_calculate_the_indicators_for_the_transport_sector
12858,2013,17_SIN,intensity,all,pj_per_passenger_or_freight_tonne_km,ship,freight,all,all,yearly,national,['manually_inputted_data $ iea_howtocalculatetheindicatorsforthetransportsectors.pdf'],1,7.02e-09,manually_inputted_data $ iea_howtocalculatetheindicatorsforthetransportsectors.pdf,5.4e-10,single_datapoint,from_how_to_calculate_the_indicators_for_the_transport_sector
12859,2013,17_SIN,intensity,all,pj_per_passenger_or_freight_tonne_km,air,passenger,all,all,yearly,national,['manually_inputted_data $ energy-intensity-of-passenger-transport-modes-2018'],1,4.0300000000000004e-08,manually_inputted_data $ energy-intensity-of-passenger-transport-modes-2018,3.1e-09,single_datapoint,no_comment
12860,2013,17_SIN,intensity,all,pj_per_passenger_or_freight_tonne_km,rail,passenger,all,all,yearly,national,['manually_inputted_data $ energy-intensity-of-passenger-transport-modes-2018'],1,2.6e-09,manually_inputted_data $ energy-intensity-of-passenger-transport-modes-2018,2e-10,single_datapoint,no_comment
12861,2013,17_SIN,intensity,all,pj_per_passenger_or_freight_tonne_km,ship,passenger,all,all,yearly,national,['manually_inputted_data $ iea_howtocalculatetheindicatorsforthetransportsectors.pdf'],1,7.02e-09,manually_inputted_data $ iea_howtocalculatetheindicatorsforthetransportsectors.pdf,5.4e-10,single_datapoint,assumed_to_be_the_same_as_ship_freight_from_iea_how_to
12862,2014,17_SIN,intensity,all,pj_per_passenger_or_freight_tonne_km,air,freight,all,all,yearly,national,['manually_inputted_data $ energy-intensity-of-passenger-transport-modes-2018'],1,4.0300000000000004e-08,manually_inputted_data $ energy-intensity-of-passenger-transport-modes-2018,3.1e-09,single_datapoint,assumed_to_be_same_as_passenger_air_because_of_lack_of_data
12863,2014,17_SIN,intensity,all,pj_per_passenger_or_freight_tonne_km,rail,freight,all,all,yearly,national,['manually_inputted_data $ iea_howtocalculatetheindicatorsforthetransportsectors.pdf'],1,2.86e-09,manually_inputted_data $ iea_howtocalculatetheindicatorsforthetransportsectors.pdf,2.2e-10,single_datapoint,from_how_to_calculate_the_indicators_for_the_transport_sector
12864,2014,17_SIN,intensity,all,pj_per_passenger_or_freight_tonne_km,ship,freight,all,all,yearly,national,['manually_inputted_data $ iea_howtocalculatetheindicatorsforthetransportsectors.pdf'],1,7.02e-09,manually_inputted_data $ iea_howtocalculatetheindicatorsforthetransportsectors.pdf,5.4e-10,single_datapoint,from_how_to_calculate_the_indicators_for_the_transport_sector
12865,2014,17_SIN,intensity,all,pj_per_passenger_or_freight_tonne_km,air,passenger,all,all,yearly,national,['manually_inputted_data $ energy-intensity-of-passenger-transport-modes-2018'],1,4.0300000000000004e-08,manually_inputted_data $ energy-intensity-of-passenger-transport-modes-2018,3.1e-09,single_datapoint,no_comment
12866,2014,17_SIN,intensity,all,pj_per_passenger_or_freight_tonne_km,rail,passenger,all,all,yearly,national,['manually_inputted_data $ energy-intensity-of-passenger-transport-modes-2018'],1,2.6e-09,manually_inputted_data $ energy-intensity-of-passenger-transport-modes-2018,2e-10,single_datapoint,no_comment
12867,2014,17_SIN,intensity,all,pj_per_passenger_or_freight_tonne_km,ship,passenger,all,all,yearly,national,['manually_inputted_data $ iea_howtocalculatetheindicatorsforthetransportsectors.pdf'],1,7.02e-09,manually_inputted_data $ iea_howtocalculatetheindicatorsforthetransportsectors.pdf,5.4e-10,single_datapoint,assumed_to_be_the_same_as_ship_freight_from_iea_how_to
12868,2015,17_SIN,intensity,all,pj_per_passenger_or_freight_tonne_km,air,freight,all,all,yearly,national,['manually_inputted_data $ energy-intensity-of-passenger-transport-modes-2018'],1,4.0300000000000004e-08,manually_inputted_data $ energy-intensity-of-passenger-transport-modes-2018,3.1e-09,single_datapoint,assumed_to_be_same_as_passenger_air_because_of_lack_of_data
12869,2015,17_SIN,intensity,all,pj_per_passenger_or_freight_tonne_km,rail,freight,all,all,yearly,national,['manually_inputted_data $ iea_howtocalculatetheindicatorsforthetransportsectors.pdf'],1,2.86e-09,manually_inputted_data $ iea_howtocalculatetheindicatorsforthetransportsectors.pdf,2.2e-10,single_datapoint,from_how_to_calculate_the_indicators_for_the_transport_sector
12870,2015,17_SIN,intensity,all,pj_per_passenger_or_freight_tonne_km,ship,freight,all,all,yearly,national,['manually_inputted_data $ iea_howtocalculatetheindicatorsforthetransportsectors.pdf'],1,7.02e-09,manually_inputted_data $ iea_howtocalculatetheindicatorsforthetransportsectors.pdf,5.4e-10,single_datapoint,from_how_to_calculate_the_indicators_for_the_transport_sector
12871,2015,17_SIN,intensity,all,pj_per_passenger_or_freight_tonne_km,air,passenger,all,all,yearly,national,['manually_inputted_data $ energy-intensity-of-passenger-transport-modes-2018'],1,4.0300000000000004e-08,manually_inputted_data $ energy-intensity-of-passenger-transport-modes-2018,3.1e-09,single_datapoint,no_comment
12872,2015,17_SIN,intensity,all,pj_per_passenger_or_freight_tonne_km,rail,passenger,all,all,yearly,national,['manually_inputted_data $ energy-intensity-of-passenger-transport-modes-2018'],1,2.6e-09,manually_inputted_data $ energy-intensity-of-passenger-transport-modes-2018,2e-10,single_datapoint,no_comment
12873,2015,17_SIN,intensity,all,pj_per_passenger_or_freight_tonne_km,ship,passenger,all,all,yearly,national,['manually_inputted_data $ iea_howtocalculatetheindicatorsforthetransportsectors.pdf'],1,7.02e-09,manually_inputted_data $ iea_howtocalculatetheindicatorsforthetransportsectors.pdf,5.4e-10,single_datapoint,assumed_to_be_the_same_as_ship_freight_from_iea_how_to
12874,2016,17_SIN,intensity,all,pj_per_passenger_or_freight_tonne_km,air,freight,all,all,yearly,national,['manually_inputted_data $ energy-intensity-of-passenger-transport-modes-2018'],1,4.0300000000000004e-08,manually_inputted_data $ energy-intensity-of-passenger-transport-modes-2018,3.1e-09,single_datapoint,assumed_to_be_same_as_passenger_air_because_of_lack_of_data
12875,2016,17_SIN,intensity,all,pj_per_passenger_or_freight_tonne_km,rail,freight,all,all,yearly,national,['manually_inputted_data $ iea_howtocalculatetheindicatorsforthetransportsectors.pdf'],1,2.86e-09,manually_inputted_data $ iea_howtocalculatetheindicatorsforthetransportsectors.pdf,2.2e-10,single_datapoint,from_how_to_calculate_the_indicators_for_the_transport_sector
12876,2016,17_SIN,intensity,all,pj_per_passenger_or_freight_tonne_km,ship,freight,all,all,yearly,national,['manually_inputted_data $ iea_howtocalculatetheindicatorsforthetransportsectors.pdf'],1,7.02e-09,manually_inputted_data $ iea_howtocalculatetheindicatorsforthetransportsectors.pdf,5.4e-10,single_datapoint,from_how_to_calculate_the_indicators_for_the_transport_sector
12877,2016,17_SIN,intensity,all,pj_per_passenger_or_freight_tonne_km,air,passenger,all,all,yearly,national,['manually_inputted_data $ energy-intensity-of-passenger-transport-modes-2018'],1,4.0300000000000004e-08,manually_inputted_data $ energy-intensity-of-passenger-transport-modes-2018,3.1e-09,single_datapoint,no_comment
12878,2016,17_SIN,intensity,all,pj_per_passenger_or_freight_tonne_km,rail,passenger,all,all,yearly,national,['manually_inputted_data $ energy-intensity-of-passenger-transport-modes-2018'],1,2.6e-09,manually_inputted_data $ energy-intensity-of-passenger-transport-modes-2018,2e-10,single_datapoint,no_comment
12879,2016,17_SIN,intensity,all,pj_per_passenger_or_freight_tonne_km,ship,passenger,all,all,yearly,national,['manually_inputted_data $ iea_howtocalculatetheindicatorsforthetransportsectors.pdf'],1,7.02e-09,manually_inputted_data $ iea_howtocalculatetheindicatorsforthetransportsectors.pdf,5.4e-10,single_datapoint,assumed_to_be_the_same_as_ship_freight_from_iea_how_to
12880,2017,17_SIN,intensity,all,pj_per_passenger_or_freight_tonne_km,air,freight,all,all,yearly,national,['manually_inputted_data $ energy-intensity-of-passenger-transport-modes-2018'],1,4.0300000000000004e-08,manually_inputted_data $ energy-intensity-of-passenger-transport-modes-2018,3.1e-09,single_datapoint,assumed_to_be_same_as_passenger_air_because_of_lack_of_data
12881,2017,17_SIN,intensity,all,pj_per_passenger_or_freight_tonne_km,rail,freight,all,all,yearly,national,['manually_inputted_data $ iea_howtocalculatetheindicatorsforthetransportsectors.pdf'],1,2.86e-09,manually_inputted_data $ iea_howtocalculatetheindicatorsforthetransportsectors.pdf,2.2e-10,single_datapoint,from_how_to_calculate_the_indicators_for_the_transport_sector
12882,2017,17_SIN,intensity,all,pj_per_passenger_or_freight_tonne_km,ship,freight,all,all,yearly,national,['manually_inputted_data $ iea_howtocalculatetheindicatorsforthetransportsectors.pdf'],1,7.02e-09,manually_inputted_data $ iea_howtocalculatetheindicatorsforthetransportsectors.pdf,5.4e-10,single_datapoint,from_how_to_calculate_the_indicators_for_the_transport_sector
12883,2017,17_SIN,intensity,all,pj_per_passenger_or_freight_tonne_km,air,passenger,all,all,yearly,national,['manually_inputted_data $ energy-intensity-of-passenger-transport-modes-2018'],1,4.0300000000000004e-08,manually_inputted_data $ energy-intensity-of-passenger-transport-modes-2018,3.1e-09,single_datapoint,no_comment
12884,2017,17_SIN,intensity,all,pj_per_passenger_or_freight_tonne_km,rail,passenger,all,all,yearly,national,['manually_inputted_data $ energy-intensity-of-passenger-transport-modes-2018'],1,2.6e-09,manually_inputted_data $ energy-intensity-of-passenger-transport-modes-2018,2e-10,single_datapoint,no_comment
12885,2017,17_SIN,intensity,all,pj_per_passenger_or_freight_tonne_km,ship,passenger,all,all,yearly,national,['manually_inputted_data $ iea_howtocalculatetheindicatorsforthetransportsectors.pdf'],1,7.02e-09,manually_inputted_data $ iea_howtocalculatetheindicatorsforthetransportsectors.pdf,5.4e-10,single_datapoint,assumed_to_be_the_same_as_ship_freight_from_iea_how_to
12886,2018,17_SIN,intensity,all,pj_per_passenger_or_freight_tonne_km,air,freight,all,all,yearly,national,['manually_inputted_data $ energy-intensity-of-passenger-transport-modes-2018'],1,4.0300000000000004e-08,manually_inputted_data $ energy-intensity-of-passenger-transport-modes-2018,3.1e-09,single_datapoint,assumed_to_be_same_as_passenger_air_because_of_lack_of_data
12887,2018,17_SIN,intensity,all,pj_per_passenger_or_freight_tonne_km,rail,freight,all,all,yearly,national,['manually_inputted_data $ iea_howtocalculatetheindicatorsforthetransportsectors.pdf'],1,2.86e-09,manually_inputted_data $ iea_howtocalculatetheindicatorsforthetransportsectors.pdf,2.2e-10,single_datapoint,from_how_to_calculate_the_indicators_for_the_transport_sector
12888,2018,17_SIN,intensity,all,pj_per_passenger_or_freight_tonne_km,ship,freight,all,all,yearly,national,['manually_inputted_data $ iea_howtocalculatetheindicatorsforthetransportsectors.pdf'],1,7.02e-09,manually_inputted_data $ iea_howtocalculatetheindicatorsforthetransportsectors.pdf,5.4e-10,single_datapoint,from_how_to_calculate_the_indicators_for_the_transport_sector
12889,2018,17_SIN,intensity,all,pj_per_passenger_or_freight_tonne_km,air,passenger,all,all,yearly,national,['manually_inputted_data $ energy-intensity-of-passenger-transport-modes-2018'],1,4.0300000000000004e-08,manually_inputted_data $ energy-intensity-of-passenger-transport-modes-2018,3.1e-09,single_datapoint,no_comment
12890,2018,17_SIN,intensity,all,pj_per_passenger_or_freight_tonne_km,rail,passenger,all,all,yearly,national,['manually_inputted_data $ energy-intensity-of-passenger-transport-modes-2018'],1,2.6e-09,manually_inputted_data $ energy-intensity-of-passenger-transport-modes-2018,2e-10,single_datapoint,no_comment
12891,2018,17_SIN,intensity,all,pj_per_passenger_or_freight_tonne_km,ship,passenger,all,all,yearly,national,['manually_inputted_data $ iea_howtocalculatetheindicatorsforthetransportsectors.pdf'],1,7.02e-09,manually_inputted_data $ iea_howtocalculatetheindicatorsforthetransportsectors.pdf,5.4e-10,single_datapoint,assumed_to_be_the_same_as_ship_freight_from_iea_how_to
12892,2019,17_SIN,intensity,all,pj_per_passenger_or_freight_tonne_km,air,freight,all,all,yearly,national,['manually_inputted_data $ energy-intensity-of-passenger-transport-modes-2018'],1,4.0300000000000004e-08,manually_inputted_data $ energy-intensity-of-passenger-transport-modes-2018,3.1e-09,single_datapoint,assumed_to_be_same_as_passenger_air_because_of_lack_of_data
12893,2019,17_SIN,intensity,all,pj_per_passenger_or_freight_tonne_km,rail,freight,all,all,yearly,national,['manually_inputted_data $ iea_howtocalculatetheindicatorsforthetransportsectors.pdf'],1,2.86e-09,manually_inputted_data $ iea_howtocalculatetheindicatorsforthetransportsectors.pdf,2.2e-10,single_datapoint,from_how_to_calculate_the_indicators_for_the_transport_sector
12894,2019,17_SIN,intensity,all,pj_per_passenger_or_freight_tonne_km,ship,freight,all,all,yearly,national,['manually_inputted_data $ iea_howtocalculatetheindicatorsforthetransportsectors.pdf'],1,7.02e-09,manually_inputted_data $ iea_howtocalculatetheindicatorsforthetransportsectors.pdf,5.4e-10,single_datapoint,from_how_to_calculate_the_indicators_for_the_transport_sector
12895,2019,17_SIN,intensity,all,pj_per_passenger_or_freight_tonne_km,air,passenger,all,all,yearly,national,['manually_inputted_data $ energy-intensity-of-passenger-transport-modes-2018'],1,4.0300000000000004e-08,manually_inputted_data $ energy-intensity-of-passenger-transport-modes-2018,3.1e-09,single_datapoint,no_comment
12896,2019,17_SIN,intensity,all,pj_per_passenger_or_freight_tonne_km,rail,passenger,all,all,yearly,national,['manually_inputted_data $ energy-intensity-of-passenger-transport-modes-2018'],1,2.6e-09,manually_inputted_data $ energy-intensity-of-passenger-transport-modes-2018,2e-10,single_datapoint,no_comment
12897,2019,17_SIN,intensity,all,pj_per_passenger_or_freight_tonne_km,ship,passenger,all,all,yearly,national,['manually_inputted_data $ iea_howtocalculatetheindicatorsforthetransportsectors.pdf'],1,7.02e-09,manually_inputted_data $ iea_howtocalculatetheindicatorsforthetransportsectors.pdf,5.4e-10,single_datapoint,assumed_to_be_the_same_as_ship_freight_from_iea_how_to
12898,2020,17_SIN,intensity,all,pj_per_passenger_or_freight_tonne_km,air,freight,all,all,yearly,national,['manually_inputted_data $ energy-intensity-of-passenger-transport-modes-2018'],1,4.0300000000000004e-08,manually_inputted_data $ energy-intensity-of-passenger-transport-modes-2018,3.1e-09,single_datapoint,assumed_to_be_same_as_passenger_air_because_of_lack_of_data
12899,2020,17_SIN,intensity,all,pj_per_passenger_or_freight_tonne_km,rail,freight,all,all,yearly,national,['manually_inputted_data $ iea_howtocalculatetheindicatorsforthetransportsectors.pdf'],1,2.86e-09,manually_inputted_data $ iea_howtocalculatetheindicatorsforthetransportsectors.pdf,2.2e-10,single_datapoint,from_how_to_calculate_the_indicators_for_the_transport_sector
12900,2020,17_SIN,intensity,all,pj_per_passenger_or_freight_tonne_km,ship,freight,all,all,yearly,national,['manually_inputted_data $ iea_howtocalculatetheindicatorsforthetransportsectors.pdf'],1,7.02e-09,manually_inputted_data $ iea_howtocalculatetheindicatorsforthetransportsectors.pdf,5.4e-10,single_datapoint,from_how_to_calculate_the_indicators_for_the_transport_sector
12901,2020,17_SIN,intensity,all,pj_per_passenger_or_freight_tonne_km,air,passenger,all,all,yearly,national,['manually_inputted_data $ energy-intensity-of-passenger-transport-modes-2018'],1,4.0300000000000004e-08,manually_inputted_data $ energy-intensity-of-passenger-transport-modes-2018,3.1e-09,single_datapoint,no_comment
12902,2020,17_SIN,intensity,all,pj_per_passenger_or_freight_tonne_km,rail,passenger,all,all,yearly,national,['manually_inputted_data $ energy-intensity-of-passenger-transport-modes-2018'],1,2.6e-09,manually_inputted_data $ energy-intensity-of-passenger-transport-modes-2018,2e-10,single_datapoint,no_comment
12903,2020,17_SIN,intensity,all,pj_per_passenger_or_freight_tonne_km,ship,passenger,all,all,yearly,national,['manually_inputted_data $ iea_howtocalculatetheindicatorsforthetransportsectors.pdf'],1,7.02e-09,manually_inputted_data $ iea_howtocalculatetheindicatorsforthetransportsectors.pdf,5.4e-10,single_datapoint,assumed_to_be_the_same_as_ship_freight_from_iea_how_to
12904,2021,17_SIN,intensity,all,pj_per_passenger_or_freight_tonne_km,air,freight,all,all,yearly,national,['manually_inputted_data $ energy-intensity-of-passenger-transport-modes-2018'],1,4.0300000000000004e-08,manually_inputted_data $ energy-intensity-of-passenger-transport-modes-2018,3.1e-09,single_datapoint,assumed_to_be_same_as_passenger_air_because_of_lack_of_data
12905,2021,17_SIN,intensity,all,pj_per_passenger_or_freight_tonne_km,rail,freight,all,all,yearly,national,['manually_inputted_data $ iea_howtocalculatetheindicatorsforthetransportsectors.pdf'],1,2.86e-09,manually_inputted_data $ iea_howtocalculatetheindicatorsforthetransportsectors.pdf,2.2e-10,single_datapoint,from_how_to_calculate_the_indicators_for_the_transport_sector
12906,2021,17_SIN,intensity,all,pj_per_passenger_or_freight_tonne_km,ship,freight,all,all,yearly,national,['manually_inputted_data $ iea_howtocalculatetheindicatorsforthetransportsectors.pdf'],1,7.02e-09,manually_inputted_data $ iea_howtocalculatetheindicatorsforthetransportsectors.pdf,5.4e-10,single_datapoint,from_how_to_calculate_the_indicators_for_the_transport_sector
12907,2021,17_SIN,intensity,all,pj_per_passenger_or_freight_tonne_km,air,passenger,all,all,yearly,national,['manually_inputted_data $ energy-intensity-of-passenger-transport-modes-2018'],1,4.0300000000000004e-08,manually_inputted_data $ energy-intensity-of-passenger-transport-modes-2018,3.1e-09,single_datapoint,no_comment
12908,2021,17_SIN,intensity,all,pj_per_passenger_or_freight_tonne_km,rail,passenger,all,all,yearly,national,['manually_inputted_data $ energy-intensity-of-passenger-transport-modes-2018'],1,2.6e-09,manually_inputted_data $ energy-intensity-of-passenger-transport-modes-2018,2e-10,single_datapoint,no_comment
12909,2021,17_SIN,intensity,all,pj_per_passenger_or_freight_tonne_km,ship,passenger,all,all,yearly,national,['manually_inputted_data $ iea_howtocalculatetheindicatorsforthetransportsectors.pdf'],1,7.02e-09,manually_inputted_data $ iea_howtocalculatetheindicatorsforthetransportsectors.pdf,5.4e-10,single_datapoint,assumed_to_be_the_same_as_ship_freight_from_iea_how_to
12910,2022,17_SIN,intensity,all,pj_per_passenger_or_freight_tonne_km,air,freight,all,all,yearly,national,['manually_inputted_data $ energy-intensity-of-passenger-transport-modes-2018'],1,4.0300000000000004e-08,manually_inputted_data $ energy-intensity-of-passenger-transport-modes-2018,3.1e-09,single_datapoint,assumed_to_be_same_as_passenger_air_because_of_lack_of_data
12911,2022,17_SIN,intensity,all,pj_per_passenger_or_freight_tonne_km,rail,freight,all,all,yearly,national,['manually_inputted_data $ iea_howtocalculatetheindicatorsforthetransportsectors.pdf'],1,2.86e-09,manually_inputted_data $ iea_howtocalculatetheindicatorsforthetransportsectors.pdf,2.2e-10,single_datapoint,from_how_to_calculate_the_indicators_for_the_transport_sector
12912,2022,17_SIN,intensity,all,pj_per_passenger_or_freight_tonne_km,ship,freight,all,all,yearly,national,['manually_inputted_data $ iea_howtocalculatetheindicatorsforthetransportsectors.pdf'],1,7.02e-09,manually_inputted_data $ iea_howtocalculatetheindicatorsforthetransportsectors.pdf,5.4e-10,single_datapoint,from_how_to_calculate_the_indicators_for_the_transport_sector
12913,2022,17_SIN,intensity,all,pj_per_passenger_or_freight_tonne_km,air,passenger,all,all,yearly,national,['manually_inputted_data $ energy-intensity-of-passenger-transport-modes-2018'],1,4.0300000000000004e-08,manually_inputted_data $ energy-intensity-of-passenger-transport-modes-2018,3.1e-09,single_datapoint,no_comment
12914,2022,17_SIN,intensity,all,pj_per_passenger_or_freight_tonne_km,rail,passenger,all,all,yearly,national,['manually_inputted_data $ energy-intensity-of-passenger-transport-modes-2018'],1,2.6e-09,manually_inputted_data $ energy-intensity-of-passenger-transport-modes-2018,2e-10,single_datapoint,no_comment
12915,2022,17_SIN,intensity,all,pj_per_passenger_or_freight_tonne_km,ship,passenger,all,all,yearly,national,['manually_inputted_data $ iea_howtocalculatetheindicatorsforthetransportsectors.pdf'],1,7.02e-09,manually_inputted_data $ iea_howtocalculatetheindicatorsforthetransportsectors.pdf,5.4e-10,single_datapoint,assumed_to_be_the_same_as_ship_freight_from_iea_how_to
12916,2010,17_SIN,new_vehicle_efficiency,bus,km_per_pj,road,passenger,bev,all,yearly,national,['avg_eff_no_outliers $ transport_data_system_9th'],1,1058314235.1561403,avg_eff_no_outliers $ transport_data_system_9th,81408787.3197031,single_datapoint,no_comment
12917,2010,17_SIN,turnover_rate,bus,%,road,passenger,bev,all,yearly,national,['manually_inputted_data $ guess'],1,0.42,manually_inputted_data $ guess,0.03,manual,no_comment
12918,2011,17_SIN,new_vehicle_efficiency,bus,km_per_pj,road,passenger,bev,all,yearly,national,['avg_eff_no_outliers $ transport_data_system_9th'],1,1058314235.1561403,avg_eff_no_outliers $ transport_data_system_9th,81408787.3197031,single_datapoint,no_comment
12919,2011,17_SIN,turnover_rate,bus,%,road,passenger,bev,all,yearly,national,['manually_inputted_data $ guess'],1,0.42,manually_inputted_data $ guess,0.03,manual,no_comment
12920,2012,17_SIN,new_vehicle_efficiency,bus,km_per_pj,road,passenger,bev,all,yearly,national,['avg_eff_no_outliers $ transport_data_system_9th'],1,1058314235.1561403,avg_eff_no_outliers $ transport_data_system_9th,81408787.3197031,single_datapoint,no_comment
12921,2012,17_SIN,turnover_rate,bus,%,road,passenger,bev,all,yearly,national,['manually_inputted_data $ guess'],1,0.42,manually_inputted_data $ guess,0.03,manual,no_comment
12922,2013,17_SIN,new_vehicle_efficiency,bus,km_per_pj,road,passenger,bev,all,yearly,national,['avg_eff_no_outliers $ transport_data_system_9th'],1,1058314235.1561403,avg_eff_no_outliers $ transport_data_system_9th,81408787.3197031,single_datapoint,no_comment
12923,2013,17_SIN,turnover_rate,bus,%,road,passenger,bev,all,yearly,national,['manually_inputted_data $ guess'],1,0.42,manually_inputted_data $ guess,0.03,manual,no_comment
12924,2014,17_SIN,new_vehicle_efficiency,bus,km_per_pj,road,passenger,bev,all,yearly,national,['avg_eff_no_outliers $ transport_data_system_9th'],1,1058314235.1561403,avg_eff_no_outliers $ transport_data_system_9th,81408787.3197031,single_datapoint,no_comment
12925,2014,17_SIN,turnover_rate,bus,%,road,passenger,bev,all,yearly,national,['manually_inputted_data $ guess'],1,0.42,manually_inputted_data $ guess,0.03,manual,no_comment
12926,2015,17_SIN,new_vehicle_efficiency,bus,km_per_pj,road,passenger,bev,all,yearly,national,['avg_eff_no_outliers $ transport_data_system_9th'],1,1058314235.1561403,avg_eff_no_outliers $ transport_data_system_9th,81408787.3197031,single_datapoint,no_comment
12927,2015,17_SIN,turnover_rate,bus,%,road,passenger,bev,all,yearly,national,['manually_inputted_data $ guess'],1,0.42,manually_inputted_data $ guess,0.03,manual,no_comment
12928,2016,17_SIN,new_vehicle_efficiency,bus,km_per_pj,road,passenger,bev,all,yearly,national,['avg_eff_no_outliers $ transport_data_system_9th'],1,1058314235.1561403,avg_eff_no_outliers $ transport_data_system_9th,81408787.3197031,single_datapoint,no_comment
12929,2016,17_SIN,turnover_rate,bus,%,road,passenger,bev,all,yearly,national,['manually_inputted_data $ guess'],1,0.42,manually_inputted_data $ guess,0.03,manual,no_comment
12930,2017,17_SIN,new_vehicle_efficiency,bus,km_per_pj,road,passenger,bev,all,yearly,national,['avg_eff_no_outliers $ transport_data_system_9th'],1,1058314235.1561403,avg_eff_no_outliers $ transport_data_system_9th,81408787.3197031,single_datapoint,no_comment
12931,2017,17_SIN,turnover_rate,bus,%,road,passenger,bev,all,yearly,national,"['manually_inputted_data $ guess', 'turnover_rate_est']",2,0.42,manually_inputted_data $ guess,0.03,manual,no_comment
12932,2018,17_SIN,new_vehicle_efficiency,bus,km_per_pj,road,passenger,bev,all,yearly,national,['avg_eff_no_outliers $ transport_data_system_9th'],1,1058314235.1561403,avg_eff_no_outliers $ transport_data_system_9th,81408787.3197031,single_datapoint,no_comment
12933,2018,17_SIN,turnover_rate,bus,%,road,passenger,bev,all,yearly,national,['manually_inputted_data $ guess'],1,0.42,manually_inputted_data $ guess,0.03,manual,no_comment
12934,2019,17_SIN,new_vehicle_efficiency,bus,km_per_pj,road,passenger,bev,all,yearly,national,['avg_eff_no_outliers $ transport_data_system_9th'],1,1058314235.1561403,avg_eff_no_outliers $ transport_data_system_9th,81408787.3197031,single_datapoint,no_comment
12935,2019,17_SIN,turnover_rate,bus,%,road,passenger,bev,all,yearly,national,['manually_inputted_data $ guess'],1,0.42,manually_inputted_data $ guess,0.03,manual,no_comment
12936,2020,17_SIN,new_vehicle_efficiency,bus,km_per_pj,road,passenger,bev,all,yearly,national,['avg_eff_no_outliers $ transport_data_system_9th'],1,1058314235.1561403,avg_eff_no_outliers $ transport_data_system_9th,81408787.3197031,single_datapoint,no_comment
12937,2020,17_SIN,turnover_rate,bus,%,road,passenger,bev,all,yearly,national,['manually_inputted_data $ guess'],1,0.42,manually_inputted_data $ guess,0.03,manual,no_comment
12938,2021,17_SIN,new_vehicle_efficiency,bus,km_per_pj,road,passenger,bev,all,yearly,national,['avg_eff_no_outliers $ transport_data_system_9th'],1,1058314235.1561403,avg_eff_no_outliers $ transport_data_system_9th,81408787.3197031,single_datapoint,no_comment
12939,2021,17_SIN,turnover_rate,bus,%,road,passenger,bev,all,yearly,national,['manually_inputted_data $ guess'],1,0.42,manually_inputted_data $ guess,0.03,manual,no_comment
12940,2022,17_SIN,new_vehicle_efficiency,bus,km_per_pj,road,passenger,bev,all,yearly,national,['avg_eff_no_outliers $ transport_data_system_9th'],1,1058314235.1561403,avg_eff_no_outliers $ transport_data_system_9th,81408787.3197031,single_datapoint,no_comment
12941,2022,17_SIN,turnover_rate,bus,%,road,passenger,bev,all,yearly,national,['manually_inputted_data $ guess'],1,0.42,manually_inputted_data $ guess,0.03,manual,no_comment
12942,2010,17_SIN,new_vehicle_efficiency,bus,km_per_pj,road,passenger,cng,all,yearly,national,['avg_eff_no_outliers $ transport_data_system_9th'],1,1813839119.6717222,avg_eff_no_outliers $ transport_data_system_9th,139526086.128594,single_datapoint,no_comment
12943,2010,17_SIN,turnover_rate,bus,%,road,passenger,cng,all,yearly,national,['manually_inputted_data $ guess'],1,0.42,manually_inputted_data $ guess,0.03,manual,no_comment
12944,2011,17_SIN,new_vehicle_efficiency,bus,km_per_pj,road,passenger,cng,all,yearly,national,['avg_eff_no_outliers $ transport_data_system_9th'],1,1813839119.6717222,avg_eff_no_outliers $ transport_data_system_9th,139526086.128594,single_datapoint,no_comment
12945,2011,17_SIN,turnover_rate,bus,%,road,passenger,cng,all,yearly,national,['manually_inputted_data $ guess'],1,0.42,manually_inputted_data $ guess,0.03,manual,no_comment
12946,2012,17_SIN,new_vehicle_efficiency,bus,km_per_pj,road,passenger,cng,all,yearly,national,['avg_eff_no_outliers $ transport_data_system_9th'],1,1813839119.6717222,avg_eff_no_outliers $ transport_data_system_9th,139526086.128594,single_datapoint,no_comment
12947,2012,17_SIN,turnover_rate,bus,%,road,passenger,cng,all,yearly,national,['manually_inputted_data $ guess'],1,0.42,manually_inputted_data $ guess,0.03,manual,no_comment
12948,2013,17_SIN,new_vehicle_efficiency,bus,km_per_pj,road,passenger,cng,all,yearly,national,['avg_eff_no_outliers $ transport_data_system_9th'],1,1813839119.6717222,avg_eff_no_outliers $ transport_data_system_9th,139526086.128594,single_datapoint,no_comment
12949,2013,17_SIN,turnover_rate,bus,%,road,passenger,cng,all,yearly,national,['manually_inputted_data $ guess'],1,0.42,manually_inputted_data $ guess,0.03,manual,no_comment
12950,2014,17_SIN,new_vehicle_efficiency,bus,km_per_pj,road,passenger,cng,all,yearly,national,['avg_eff_no_outliers $ transport_data_system_9th'],1,1813839119.6717222,avg_eff_no_outliers $ transport_data_system_9th,139526086.128594,single_datapoint,no_comment
12951,2014,17_SIN,turnover_rate,bus,%,road,passenger,cng,all,yearly,national,['manually_inputted_data $ guess'],1,0.42,manually_inputted_data $ guess,0.03,manual,no_comment
12952,2015,17_SIN,new_vehicle_efficiency,bus,km_per_pj,road,passenger,cng,all,yearly,national,['avg_eff_no_outliers $ transport_data_system_9th'],1,1813839119.6717222,avg_eff_no_outliers $ transport_data_system_9th,139526086.128594,single_datapoint,no_comment
12953,2015,17_SIN,turnover_rate,bus,%,road,passenger,cng,all,yearly,national,['manually_inputted_data $ guess'],1,0.42,manually_inputted_data $ guess,0.03,manual,no_comment
12954,2016,17_SIN,new_vehicle_efficiency,bus,km_per_pj,road,passenger,cng,all,yearly,national,['avg_eff_no_outliers $ transport_data_system_9th'],1,1813839119.6717222,avg_eff_no_outliers $ transport_data_system_9th,139526086.128594,single_datapoint,no_comment
12955,2016,17_SIN,turnover_rate,bus,%,road,passenger,cng,all,yearly,national,['manually_inputted_data $ guess'],1,0.42,manually_inputted_data $ guess,0.03,manual,no_comment
12956,2017,17_SIN,new_vehicle_efficiency,bus,km_per_pj,road,passenger,cng,all,yearly,national,['avg_eff_no_outliers $ transport_data_system_9th'],1,1813839119.6717222,avg_eff_no_outliers $ transport_data_system_9th,139526086.128594,single_datapoint,no_comment
12957,2017,17_SIN,turnover_rate,bus,%,road,passenger,cng,all,yearly,national,"['manually_inputted_data $ guess', 'turnover_rate_est']",2,0.42,manually_inputted_data $ guess,0.03,manual,no_comment
12958,2018,17_SIN,new_vehicle_efficiency,bus,km_per_pj,road,passenger,cng,all,yearly,national,['avg_eff_no_outliers $ transport_data_system_9th'],1,1813839119.6717222,avg_eff_no_outliers $ transport_data_system_9th,139526086.128594,single_datapoint,no_comment
12959,2018,17_SIN,turnover_rate,bus,%,road,passenger,cng,all,yearly,national,['manually_inputted_data $ guess'],1,0.42,manually_inputted_data $ guess,0.03,manual,no_comment
12960,2019,17_SIN,new_vehicle_efficiency,bus,km_per_pj,road,passenger,cng,all,yearly,national,['avg_eff_no_outliers $ transport_data_system_9th'],1,1813839119.6717222,avg_eff_no_outliers $ transport_data_system_9th,139526086.128594,single_datapoint,no_comment
12961,2019,17_SIN,turnover_rate,bus,%,road,passenger,cng,all,yearly,national,['manually_inputted_data $ guess'],1,0.42,manually_inputted_data $ guess,0.03,manual,no_comment
12962,2020,17_SIN,new_vehicle_efficiency,bus,km_per_pj,road,passenger,cng,all,yearly,national,['avg_eff_no_outliers $ transport_data_system_9th'],1,1813839119.6717222,avg_eff_no_outliers $ transport_data_system_9th,139526086.128594,single_datapoint,no_comment
12963,2020,17_SIN,turnover_rate,bus,%,road,passenger,cng,all,yearly,national,['manually_inputted_data $ guess'],1,0.42,manually_inputted_data $ guess,0.03,manual,no_comment
12964,2021,17_SIN,new_vehicle_efficiency,bus,km_per_pj,road,passenger,cng,all,yearly,national,['avg_eff_no_outliers $ transport_data_system_9th'],1,1813839119.6717222,avg_eff_no_outliers $ transport_data_system_9th,139526086.128594,single_datapoint,no_comment
12965,2021,17_SIN,turnover_rate,bus,%,road,passenger,cng,all,yearly,national,['manually_inputted_data $ guess'],1,0.42,manually_inputted_data $ guess,0.03,manual,no_comment
12966,2022,17_SIN,new_vehicle_efficiency,bus,km_per_pj,road,passenger,cng,all,yearly,national,['avg_eff_no_outliers $ transport_data_system_9th'],1,1813839119.6717222,avg_eff_no_outliers $ transport_data_system_9th,139526086.128594,single_datapoint,no_comment
12967,2022,17_SIN,turnover_rate,bus,%,road,passenger,cng,all,yearly,national,['manually_inputted_data $ guess'],1,0.42,manually_inputted_data $ guess,0.03,manual,no_comment
12968,2017,17_SIN,turnover_rate,bus,%,road,passenger,fcev,all,yearly,national,['turnover_rate_est'],1,0.03,turnover_rate_est,0.03,single_datapoint,no_comment
12969,2010,17_SIN,activity,bus,passenger_km_or_freight_tonne_km,road,passenger,ice,all,yearly,national,['estimated $ calculate_energy_and_activity()'],1,246362625000.0,estimated $ calculate_energy_and_activity(),18347625000.0,single_datapoint,no_comment
12970,2010,17_SIN,energy,bus,pj,road,passenger,ice,all,yearly,national,['estimated $ calculate_energy_and_activity()'],1,220.6958720261171,estimated $ calculate_energy_and_activity(),16.436117690267288,single_datapoint,no_comment
12971,2010,17_SIN,new_vehicle_efficiency,bus,km_per_pj,road,passenger,ice,all,yearly,national,['avg_eff_no_outliers $ transport_data_system_9th'],1,910941040.8338033,avg_eff_no_outliers $ transport_data_system_9th,70072387.7564464,single_datapoint,no_comment
12972,2010,17_SIN,travel_km,bus,km,road,passenger,ice,all,yearly,national,['estimated $ calculate_energy_and_activity()'],1,16424175000.0,estimated $ calculate_energy_and_activity(),1223175000.0,single_datapoint,no_comment
12973,2010,17_SIN,turnover_rate,bus,%,road,passenger,ice,all,yearly,national,['manually_inputted_data $ guess'],1,0.39,manually_inputted_data $ guess,0.03,single_datapoint,no_comment
12974,2011,17_SIN,activity,bus,passenger_km_or_freight_tonne_km,road,passenger,ice,all,yearly,national,['estimated $ calculate_energy_and_activity()'],1,246362625000.0,estimated $ calculate_energy_and_activity(),19176750000.0,single_datapoint,no_comment
12975,2011,17_SIN,energy,bus,pj,road,passenger,ice,all,yearly,national,['estimated $ calculate_energy_and_activity()'],1,220.6958720261171,estimated $ calculate_energy_and_activity(),17.17886210977351,single_datapoint,no_comment
12976,2011,17_SIN,new_vehicle_efficiency,bus,km_per_pj,road,passenger,ice,all,yearly,national,['avg_eff_no_outliers $ transport_data_system_9th'],1,910941040.8338033,avg_eff_no_outliers $ transport_data_system_9th,70072387.7564464,single_datapoint,no_comment
12977,2011,17_SIN,travel_km,bus,km,road,passenger,ice,all,yearly,national,['estimated $ calculate_energy_and_activity()'],1,16424175000.0,estimated $ calculate_energy_and_activity(),1278450000.0,single_datapoint,no_comment
12978,2011,17_SIN,turnover_rate,bus,%,road,passenger,ice,all,yearly,national,['manually_inputted_data $ guess'],1,0.39,manually_inputted_data $ guess,0.03,single_datapoint,no_comment
12979,2012,17_SIN,activity,bus,passenger_km_or_freight_tonne_km,road,passenger,ice,all,yearly,national,['estimated $ calculate_energy_and_activity()'],1,246362625000.0,estimated $ calculate_energy_and_activity(),19307250000.0,single_datapoint,no_comment
12980,2012,17_SIN,energy,bus,pj,road,passenger,ice,all,yearly,national,['estimated $ calculate_energy_and_activity()'],1,220.6958720261171,estimated $ calculate_energy_and_activity(),17.295766251785345,single_datapoint,no_comment
12981,2012,17_SIN,new_vehicle_efficiency,bus,km_per_pj,road,passenger,ice,all,yearly,national,['avg_eff_no_outliers $ transport_data_system_9th'],1,910941040.8338033,avg_eff_no_outliers $ transport_data_system_9th,70072387.7564464,single_datapoint,no_comment
12982,2012,17_SIN,travel_km,bus,km,road,passenger,ice,all,yearly,national,['estimated $ calculate_energy_and_activity()'],1,16424175000.0,estimated $ calculate_energy_and_activity(),1287150000.0,single_datapoint,no_comment
12983,2012,17_SIN,turnover_rate,bus,%,road,passenger,ice,all,yearly,national,['manually_inputted_data $ guess'],1,0.39,manually_inputted_data $ guess,0.03,single_datapoint,no_comment
12984,2013,17_SIN,activity,bus,passenger_km_or_freight_tonne_km,road,passenger,ice,all,yearly,national,['estimated $ calculate_energy_and_activity()'],1,246362625000.0,estimated $ calculate_energy_and_activity(),19697625000.0,single_datapoint,no_comment
12985,2013,17_SIN,energy,bus,pj,road,passenger,ice,all,yearly,national,['estimated $ calculate_energy_and_activity()'],1,220.6958720261171,estimated $ calculate_energy_and_activity(),17.64547088349316,single_datapoint,no_comment
12986,2013,17_SIN,new_vehicle_efficiency,bus,km_per_pj,road,passenger,ice,all,yearly,national,['avg_eff_no_outliers $ transport_data_system_9th'],1,910941040.8338033,avg_eff_no_outliers $ transport_data_system_9th,70072387.7564464,single_datapoint,no_comment
12987,2013,17_SIN,travel_km,bus,km,road,passenger,ice,all,yearly,national,['estimated $ calculate_energy_and_activity()'],1,16424175000.0,estimated $ calculate_energy_and_activity(),1313175000.0,single_datapoint,no_comment
12988,2013,17_SIN,turnover_rate,bus,%,road,passenger,ice,all,yearly,national,['manually_inputted_data $ guess'],1,0.39,manually_inputted_data $ guess,0.03,single_datapoint,no_comment
12989,2014,17_SIN,activity,bus,passenger_km_or_freight_tonne_km,road,passenger,ice,all,yearly,national,['estimated $ calculate_energy_and_activity()'],1,246362625000.0,estimated $ calculate_energy_and_activity(),19748250000.0,single_datapoint,no_comment
12990,2014,17_SIN,energy,bus,pj,road,passenger,ice,all,yearly,national,['estimated $ calculate_energy_and_activity()'],1,220.6958720261171,estimated $ calculate_energy_and_activity(),17.69082162823913,single_datapoint,no_comment
12991,2014,17_SIN,new_vehicle_efficiency,bus,km_per_pj,road,passenger,ice,all,yearly,national,['avg_eff_no_outliers $ transport_data_system_9th'],1,910941040.8338033,avg_eff_no_outliers $ transport_data_system_9th,70072387.7564464,single_datapoint,no_comment
12992,2014,17_SIN,travel_km,bus,km,road,passenger,ice,all,yearly,national,['estimated $ calculate_energy_and_activity()'],1,16424175000.0,estimated $ calculate_energy_and_activity(),1316550000.0,single_datapoint,no_comment
12993,2014,17_SIN,turnover_rate,bus,%,road,passenger,ice,all,yearly,national,['manually_inputted_data $ guess'],1,0.39,manually_inputted_data $ guess,0.03,single_datapoint,no_comment
12994,2015,17_SIN,activity,bus,passenger_km_or_freight_tonne_km,road,passenger,ice,all,yearly,national,['estimated $ calculate_energy_and_activity()'],1,246362625000.0,estimated $ calculate_energy_and_activity(),20455875000.0,single_datapoint,no_comment
12995,2015,17_SIN,energy,bus,pj,road,passenger,ice,all,yearly,national,['estimated $ calculate_energy_and_activity()'],1,220.6958720261171,estimated $ calculate_energy_and_activity(),18.324724260355026,single_datapoint,no_comment
12996,2015,17_SIN,new_vehicle_efficiency,bus,km_per_pj,road,passenger,ice,all,yearly,national,['avg_eff_no_outliers $ transport_data_system_9th'],1,910941040.8338033,avg_eff_no_outliers $ transport_data_system_9th,70072387.7564464,single_datapoint,no_comment
12997,2015,17_SIN,travel_km,bus,km,road,passenger,ice,all,yearly,national,['estimated $ calculate_energy_and_activity()'],1,16424175000.0,estimated $ calculate_energy_and_activity(),1363725000.0,single_datapoint,no_comment
12998,2015,17_SIN,turnover_rate,bus,%,road,passenger,ice,all,yearly,national,['manually_inputted_data $ guess'],1,0.39,manually_inputted_data $ guess,0.03,single_datapoint,no_comment
12999,2016,17_SIN,activity,bus,passenger_km_or_freight_tonne_km,road,passenger,ice,all,yearly,national,['estimated $ calculate_energy_and_activity()'],1,246362625000.0,estimated $ calculate_energy_and_activity(),21154500000.0,single_datapoint,no_comment
13000,2016,17_SIN,energy,bus,pj,road,passenger,ice,all,yearly,national,['estimated $ calculate_energy_and_activity()'],1,220.6958720261171,estimated $ calculate_energy_and_activity(),18.950564537849417,single_datapoint,no_comment
13001,2016,17_SIN,new_vehicle_efficiency,bus,km_per_pj,road,passenger,ice,all,yearly,national,['avg_eff_no_outliers $ transport_data_system_9th'],1,910941040.8338033,avg_eff_no_outliers $ transport_data_system_9th,70072387.7564464,single_datapoint,no_comment
13002,2016,17_SIN,travel_km,bus,km,road,passenger,ice,all,yearly,national,['estimated $ calculate_energy_and_activity()'],1,16424175000.0,estimated $ calculate_energy_and_activity(),1410300000.0,single_datapoint,no_comment
13003,2016,17_SIN,turnover_rate,bus,%,road,passenger,ice,all,yearly,national,['manually_inputted_data $ guess'],1,0.39,manually_inputted_data $ guess,0.03,single_datapoint,no_comment
13004,2017,17_SIN,activity,bus,passenger_km_or_freight_tonne_km,road,passenger,ice,all,yearly,national,['estimated $ calculate_energy_and_activity()'],1,246362625000.0,estimated $ calculate_energy_and_activity(),21695625000.0,single_datapoint,no_comment
13005,2017,17_SIN,energy,bus,pj,road,passenger,ice,all,yearly,national,['estimated $ calculate_energy_and_activity()'],1,220.6958720261171,estimated $ calculate_energy_and_activity(),19.435313609467453,single_datapoint,no_comment
13006,2017,17_SIN,new_vehicle_efficiency,bus,km_per_pj,road,passenger,ice,all,yearly,national,['avg_eff_no_outliers $ transport_data_system_9th'],1,910941040.8338033,avg_eff_no_outliers $ transport_data_system_9th,70072387.7564464,single_datapoint,no_comment
13007,2017,17_SIN,travel_km,bus,km,road,passenger,ice,all,yearly,national,['estimated $ calculate_energy_and_activity()'],1,16424175000.0,estimated $ calculate_energy_and_activity(),1446375000.0,single_datapoint,no_comment
13008,2017,17_SIN,turnover_rate,bus,%,road,passenger,ice,all,yearly,national,['manually_inputted_data $ guess'],1,0.39,manually_inputted_data $ guess,0.03,single_datapoint,no_comment
13009,2018,17_SIN,activity,bus,passenger_km_or_freight_tonne_km,road,passenger,ice,all,yearly,national,['estimated $ calculate_energy_and_activity()'],1,246362625000.0,estimated $ calculate_energy_and_activity(),21801375000.0,single_datapoint,no_comment
13010,2018,17_SIN,energy,bus,pj,road,passenger,ice,all,yearly,national,['estimated $ calculate_energy_and_activity()'],1,220.6958720261171,estimated $ calculate_energy_and_activity(),19.530046276270145,single_datapoint,no_comment
13011,2018,17_SIN,new_vehicle_efficiency,bus,km_per_pj,road,passenger,ice,all,yearly,national,['avg_eff_no_outliers $ transport_data_system_9th'],1,910941040.8338033,avg_eff_no_outliers $ transport_data_system_9th,70072387.7564464,single_datapoint,no_comment
13012,2018,17_SIN,travel_km,bus,km,road,passenger,ice,all,yearly,national,['estimated $ calculate_energy_and_activity()'],1,16424175000.0,estimated $ calculate_energy_and_activity(),1453425000.0,single_datapoint,no_comment
13013,2018,17_SIN,turnover_rate,bus,%,road,passenger,ice,all,yearly,national,['manually_inputted_data $ guess'],1,0.39,manually_inputted_data $ guess,0.03,single_datapoint,no_comment
13014,2019,17_SIN,activity,bus,passenger_km_or_freight_tonne_km,road,passenger,ice,all,yearly,national,['estimated $ calculate_energy_and_activity()'],1,246362625000.0,estimated $ calculate_energy_and_activity(),22118625000.0,single_datapoint,no_comment
13015,2019,17_SIN,energy,bus,pj,road,passenger,ice,all,yearly,national,['estimated $ calculate_energy_and_activity()'],1,220.6958720261171,estimated $ calculate_energy_and_activity(),19.814244276678224,single_datapoint,no_comment
13016,2019,17_SIN,new_vehicle_efficiency,bus,km_per_pj,road,passenger,ice,all,yearly,national,['avg_eff_no_outliers $ transport_data_system_9th'],1,910941040.8338033,avg_eff_no_outliers $ transport_data_system_9th,70072387.7564464,single_datapoint,no_comment
13017,2019,17_SIN,travel_km,bus,km,road,passenger,ice,all,yearly,national,['estimated $ calculate_energy_and_activity()'],1,16424175000.0,estimated $ calculate_energy_and_activity(),1474575000.0,single_datapoint,no_comment
13018,2019,17_SIN,turnover_rate,bus,%,road,passenger,ice,all,yearly,national,['manually_inputted_data $ guess'],1,0.39,manually_inputted_data $ guess,0.03,single_datapoint,no_comment
13019,2020,17_SIN,activity,bus,passenger_km_or_freight_tonne_km,road,passenger,ice,all,yearly,national,['estimated $ calculate_energy_and_activity()'],1,246362625000.0,estimated $ calculate_energy_and_activity(),21657375000.0,single_datapoint,no_comment
13020,2020,17_SIN,energy,bus,pj,road,passenger,ice,all,yearly,national,['estimated $ calculate_energy_and_activity()'],1,220.6958720261171,estimated $ calculate_energy_and_activity(),19.401048602326053,single_datapoint,no_comment
13021,2020,17_SIN,new_vehicle_efficiency,bus,km_per_pj,road,passenger,ice,all,yearly,national,['avg_eff_no_outliers $ transport_data_system_9th'],1,910941040.8338033,avg_eff_no_outliers $ transport_data_system_9th,70072387.7564464,single_datapoint,no_comment
13022,2020,17_SIN,travel_km,bus,km,road,passenger,ice,all,yearly,national,['estimated $ calculate_energy_and_activity()'],1,16424175000.0,estimated $ calculate_energy_and_activity(),1443825000.0,single_datapoint,no_comment
13023,2020,17_SIN,turnover_rate,bus,%,road,passenger,ice,all,yearly,national,['manually_inputted_data $ guess'],1,0.39,manually_inputted_data $ guess,0.03,single_datapoint,no_comment
13024,2021,17_SIN,activity,bus,passenger_km_or_freight_tonne_km,road,passenger,ice,all,yearly,national,['estimated $ calculate_energy_and_activity()'],1,246362625000.0,estimated $ calculate_energy_and_activity(),21201750000.0,single_datapoint,no_comment
13025,2021,17_SIN,energy,bus,pj,road,passenger,ice,all,yearly,national,['estimated $ calculate_energy_and_activity()'],1,220.6958720261171,estimated $ calculate_energy_and_activity(),18.99289189961232,single_datapoint,no_comment
13026,2021,17_SIN,new_vehicle_efficiency,bus,km_per_pj,road,passenger,ice,all,yearly,national,['avg_eff_no_outliers $ transport_data_system_9th'],1,910941040.8338033,avg_eff_no_outliers $ transport_data_system_9th,70072387.7564464,single_datapoint,no_comment
13027,2021,17_SIN,travel_km,bus,km,road,passenger,ice,all,yearly,national,['estimated $ calculate_energy_and_activity()'],1,16424175000.0,estimated $ calculate_energy_and_activity(),1413450000.0,single_datapoint,no_comment
13028,2021,17_SIN,turnover_rate,bus,%,road,passenger,ice,all,yearly,national,['manually_inputted_data $ guess'],1,0.39,manually_inputted_data $ guess,0.03,single_datapoint,no_comment
13029,2022,17_SIN,new_vehicle_efficiency,bus,km_per_pj,road,passenger,ice,all,yearly,national,['avg_eff_no_outliers $ transport_data_system_9th'],1,910941040.8338033,avg_eff_no_outliers $ transport_data_system_9th,70072387.7564464,single_datapoint,no_comment
13030,2022,17_SIN,turnover_rate,bus,%,road,passenger,ice,all,yearly,national,['manually_inputted_data $ guess'],1,0.39,manually_inputted_data $ guess,0.03,single_datapoint,no_comment
13031,2010,17_SIN,new_vehicle_efficiency,bus,km_per_pj,road,passenger,lpg,all,yearly,national,['avg_eff_no_outliers $ transport_data_system_9th'],1,1295830676.4857378,avg_eff_no_outliers $ transport_data_system_9th,99679282.8065952,single_datapoint,no_comment
13032,2010,17_SIN,turnover_rate,bus,%,road,passenger,lpg,all,yearly,national,['manually_inputted_data $ guess'],1,0.42,manually_inputted_data $ guess,0.03,manual,no_comment
13033,2011,17_SIN,new_vehicle_efficiency,bus,km_per_pj,road,passenger,lpg,all,yearly,national,['avg_eff_no_outliers $ transport_data_system_9th'],1,1295830676.4857378,avg_eff_no_outliers $ transport_data_system_9th,99679282.8065952,single_datapoint,no_comment
13034,2011,17_SIN,turnover_rate,bus,%,road,passenger,lpg,all,yearly,national,['manually_inputted_data $ guess'],1,0.42,manually_inputted_data $ guess,0.03,manual,no_comment
13035,2012,17_SIN,new_vehicle_efficiency,bus,km_per_pj,road,passenger,lpg,all,yearly,national,['avg_eff_no_outliers $ transport_data_system_9th'],1,1295830676.4857378,avg_eff_no_outliers $ transport_data_system_9th,99679282.8065952,single_datapoint,no_comment
13036,2012,17_SIN,turnover_rate,bus,%,road,passenger,lpg,all,yearly,national,['manually_inputted_data $ guess'],1,0.42,manually_inputted_data $ guess,0.03,manual,no_comment
13037,2013,17_SIN,new_vehicle_efficiency,bus,km_per_pj,road,passenger,lpg,all,yearly,national,['avg_eff_no_outliers $ transport_data_system_9th'],1,1295830676.4857378,avg_eff_no_outliers $ transport_data_system_9th,99679282.8065952,single_datapoint,no_comment
13038,2013,17_SIN,turnover_rate,bus,%,road,passenger,lpg,all,yearly,national,['manually_inputted_data $ guess'],1,0.42,manually_inputted_data $ guess,0.03,manual,no_comment
13039,2014,17_SIN,new_vehicle_efficiency,bus,km_per_pj,road,passenger,lpg,all,yearly,national,['avg_eff_no_outliers $ transport_data_system_9th'],1,1295830676.4857378,avg_eff_no_outliers $ transport_data_system_9th,99679282.8065952,single_datapoint,no_comment
13040,2014,17_SIN,turnover_rate,bus,%,road,passenger,lpg,all,yearly,national,['manually_inputted_data $ guess'],1,0.42,manually_inputted_data $ guess,0.03,manual,no_comment
13041,2015,17_SIN,new_vehicle_efficiency,bus,km_per_pj,road,passenger,lpg,all,yearly,national,['avg_eff_no_outliers $ transport_data_system_9th'],1,1295830676.4857378,avg_eff_no_outliers $ transport_data_system_9th,99679282.8065952,single_datapoint,no_comment
13042,2015,17_SIN,turnover_rate,bus,%,road,passenger,lpg,all,yearly,national,['manually_inputted_data $ guess'],1,0.42,manually_inputted_data $ guess,0.03,manual,no_comment
13043,2016,17_SIN,new_vehicle_efficiency,bus,km_per_pj,road,passenger,lpg,all,yearly,national,['avg_eff_no_outliers $ transport_data_system_9th'],1,1295830676.4857378,avg_eff_no_outliers $ transport_data_system_9th,99679282.8065952,single_datapoint,no_comment
13044,2016,17_SIN,turnover_rate,bus,%,road,passenger,lpg,all,yearly,national,['manually_inputted_data $ guess'],1,0.42,manually_inputted_data $ guess,0.03,manual,no_comment
13045,2017,17_SIN,new_vehicle_efficiency,bus,km_per_pj,road,passenger,lpg,all,yearly,national,['avg_eff_no_outliers $ transport_data_system_9th'],1,1295830676.4857378,avg_eff_no_outliers $ transport_data_system_9th,99679282.8065952,single_datapoint,no_comment
13046,2017,17_SIN,turnover_rate,bus,%,road,passenger,lpg,all,yearly,national,"['manually_inputted_data $ guess', 'turnover_rate_est']",2,0.42,manually_inputted_data $ guess,0.03,manual,no_comment
13047,2018,17_SIN,new_vehicle_efficiency,bus,km_per_pj,road,passenger,lpg,all,yearly,national,['avg_eff_no_outliers $ transport_data_system_9th'],1,1295830676.4857378,avg_eff_no_outliers $ transport_data_system_9th,99679282.8065952,single_datapoint,no_comment
13048,2018,17_SIN,turnover_rate,bus,%,road,passenger,lpg,all,yearly,national,['manually_inputted_data $ guess'],1,0.42,manually_inputted_data $ guess,0.03,manual,no_comment
13049,2019,17_SIN,new_vehicle_efficiency,bus,km_per_pj,road,passenger,lpg,all,yearly,national,['avg_eff_no_outliers $ transport_data_system_9th'],1,1295830676.4857378,avg_eff_no_outliers $ transport_data_system_9th,99679282.8065952,single_datapoint,no_comment
13050,2019,17_SIN,turnover_rate,bus,%,road,passenger,lpg,all,yearly,national,['manually_inputted_data $ guess'],1,0.42,manually_inputted_data $ guess,0.03,manual,no_comment
13051,2020,17_SIN,new_vehicle_efficiency,bus,km_per_pj,road,passenger,lpg,all,yearly,national,['avg_eff_no_outliers $ transport_data_system_9th'],1,1295830676.4857378,avg_eff_no_outliers $ transport_data_system_9th,99679282.8065952,single_datapoint,no_comment
13052,2020,17_SIN,turnover_rate,bus,%,road,passenger,lpg,all,yearly,national,['manually_inputted_data $ guess'],1,0.42,manually_inputted_data $ guess,0.03,manual,no_comment
13053,2021,17_SIN,new_vehicle_efficiency,bus,km_per_pj,road,passenger,lpg,all,yearly,national,['avg_eff_no_outliers $ transport_data_system_9th'],1,1295830676.4857378,avg_eff_no_outliers $ transport_data_system_9th,99679282.8065952,single_datapoint,no_comment
13054,2021,17_SIN,turnover_rate,bus,%,road,passenger,lpg,all,yearly,national,['manually_inputted_data $ guess'],1,0.42,manually_inputted_data $ guess,0.03,manual,no_comment
13055,2022,17_SIN,new_vehicle_efficiency,bus,km_per_pj,road,passenger,lpg,all,yearly,national,['avg_eff_no_outliers $ transport_data_system_9th'],1,1295830676.4857378,avg_eff_no_outliers $ transport_data_system_9th,99679282.8065952,single_datapoint,no_comment
13056,2022,17_SIN,turnover_rate,bus,%,road,passenger,lpg,all,yearly,national,['manually_inputted_data $ guess'],1,0.42,manually_inputted_data $ guess,0.03,manual,no_comment
13057,2010,17_SIN,new_vehicle_efficiency,bus,km_per_pj,road,passenger,phev,all,yearly,national,['avg_eff_no_outliers $ transport_data_system_9th'],1,1472018422.278209,avg_eff_no_outliers $ transport_data_system_9th,113232186.329093,single_datapoint,no_comment
13058,2010,17_SIN,turnover_rate,bus,%,road,passenger,phev,all,yearly,national,['manually_inputted_data $ guess'],1,0.39,manually_inputted_data $ guess,0.03,single_datapoint,no_comment
13059,2011,17_SIN,new_vehicle_efficiency,bus,km_per_pj,road,passenger,phev,all,yearly,national,['avg_eff_no_outliers $ transport_data_system_9th'],1,1472018422.278209,avg_eff_no_outliers $ transport_data_system_9th,113232186.329093,single_datapoint,no_comment
13060,2011,17_SIN,turnover_rate,bus,%,road,passenger,phev,all,yearly,national,['manually_inputted_data $ guess'],1,0.39,manually_inputted_data $ guess,0.03,single_datapoint,no_comment
13061,2012,17_SIN,new_vehicle_efficiency,bus,km_per_pj,road,passenger,phev,all,yearly,national,['avg_eff_no_outliers $ transport_data_system_9th'],1,1472018422.278209,avg_eff_no_outliers $ transport_data_system_9th,113232186.329093,single_datapoint,no_comment
13062,2012,17_SIN,turnover_rate,bus,%,road,passenger,phev,all,yearly,national,['manually_inputted_data $ guess'],1,0.39,manually_inputted_data $ guess,0.03,single_datapoint,no_comment
13063,2013,17_SIN,new_vehicle_efficiency,bus,km_per_pj,road,passenger,phev,all,yearly,national,['avg_eff_no_outliers $ transport_data_system_9th'],1,1472018422.278209,avg_eff_no_outliers $ transport_data_system_9th,113232186.329093,single_datapoint,no_comment
13064,2013,17_SIN,turnover_rate,bus,%,road,passenger,phev,all,yearly,national,['manually_inputted_data $ guess'],1,0.39,manually_inputted_data $ guess,0.03,single_datapoint,no_comment
13065,2014,17_SIN,new_vehicle_efficiency,bus,km_per_pj,road,passenger,phev,all,yearly,national,['avg_eff_no_outliers $ transport_data_system_9th'],1,1472018422.278209,avg_eff_no_outliers $ transport_data_system_9th,113232186.329093,single_datapoint,no_comment
13066,2014,17_SIN,turnover_rate,bus,%,road,passenger,phev,all,yearly,national,['manually_inputted_data $ guess'],1,0.39,manually_inputted_data $ guess,0.03,single_datapoint,no_comment
13067,2015,17_SIN,new_vehicle_efficiency,bus,km_per_pj,road,passenger,phev,all,yearly,national,['avg_eff_no_outliers $ transport_data_system_9th'],1,1472018422.278209,avg_eff_no_outliers $ transport_data_system_9th,113232186.329093,single_datapoint,no_comment
13068,2015,17_SIN,turnover_rate,bus,%,road,passenger,phev,all,yearly,national,['manually_inputted_data $ guess'],1,0.39,manually_inputted_data $ guess,0.03,single_datapoint,no_comment
13069,2016,17_SIN,new_vehicle_efficiency,bus,km_per_pj,road,passenger,phev,all,yearly,national,['avg_eff_no_outliers $ transport_data_system_9th'],1,1472018422.278209,avg_eff_no_outliers $ transport_data_system_9th,113232186.329093,single_datapoint,no_comment
13070,2016,17_SIN,turnover_rate,bus,%,road,passenger,phev,all,yearly,national,['manually_inputted_data $ guess'],1,0.39,manually_inputted_data $ guess,0.03,single_datapoint,no_comment
13071,2017,17_SIN,new_vehicle_efficiency,bus,km_per_pj,road,passenger,phev,all,yearly,national,['avg_eff_no_outliers $ transport_data_system_9th'],1,1472018422.278209,avg_eff_no_outliers $ transport_data_system_9th,113232186.329093,single_datapoint,no_comment
13072,2017,17_SIN,turnover_rate,bus,%,road,passenger,phev,all,yearly,national,['manually_inputted_data $ guess'],1,0.39,manually_inputted_data $ guess,0.03,single_datapoint,no_comment
13073,2018,17_SIN,new_vehicle_efficiency,bus,km_per_pj,road,passenger,phev,all,yearly,national,['avg_eff_no_outliers $ transport_data_system_9th'],1,1472018422.278209,avg_eff_no_outliers $ transport_data_system_9th,113232186.329093,single_datapoint,no_comment
13074,2018,17_SIN,turnover_rate,bus,%,road,passenger,phev,all,yearly,national,['manually_inputted_data $ guess'],1,0.39,manually_inputted_data $ guess,0.03,single_datapoint,no_comment
13075,2019,17_SIN,new_vehicle_efficiency,bus,km_per_pj,road,passenger,phev,all,yearly,national,['avg_eff_no_outliers $ transport_data_system_9th'],1,1472018422.278209,avg_eff_no_outliers $ transport_data_system_9th,113232186.329093,single_datapoint,no_comment
13076,2019,17_SIN,turnover_rate,bus,%,road,passenger,phev,all,yearly,national,['manually_inputted_data $ guess'],1,0.39,manually_inputted_data $ guess,0.03,single_datapoint,no_comment
13077,2020,17_SIN,new_vehicle_efficiency,bus,km_per_pj,road,passenger,phev,all,yearly,national,['avg_eff_no_outliers $ transport_data_system_9th'],1,1472018422.278209,avg_eff_no_outliers $ transport_data_system_9th,113232186.329093,single_datapoint,no_comment
13078,2020,17_SIN,turnover_rate,bus,%,road,passenger,phev,all,yearly,national,['manually_inputted_data $ guess'],1,0.39,manually_inputted_data $ guess,0.03,single_datapoint,no_comment
13079,2021,17_SIN,new_vehicle_efficiency,bus,km_per_pj,road,passenger,phev,all,yearly,national,['avg_eff_no_outliers $ transport_data_system_9th'],1,1472018422.278209,avg_eff_no_outliers $ transport_data_system_9th,113232186.329093,single_datapoint,no_comment
13080,2021,17_SIN,turnover_rate,bus,%,road,passenger,phev,all,yearly,national,['manually_inputted_data $ guess'],1,0.39,manually_inputted_data $ guess,0.03,single_datapoint,no_comment
13081,2022,17_SIN,new_vehicle_efficiency,bus,km_per_pj,road,passenger,phev,all,yearly,national,['avg_eff_no_outliers $ transport_data_system_9th'],1,1472018422.278209,avg_eff_no_outliers $ transport_data_system_9th,113232186.329093,single_datapoint,no_comment
13082,2022,17_SIN,turnover_rate,bus,%,road,passenger,phev,all,yearly,national,['manually_inputted_data $ guess'],1,0.39,manually_inputted_data $ guess,0.03,single_datapoint,no_comment
13083,2010,17_SIN,new_vehicle_efficiency,ht,km_per_pj,road,freight,bev,all,yearly,national,['avg_eff_no_outliers $ transport_data_system_9th'],1,3249486640.872147,avg_eff_no_outliers $ transport_data_system_9th,249960510.836319,single_datapoint,no_comment
13084,2010,17_SIN,turnover_rate,ht,%,road,freight,bev,all,yearly,national,['manually_inputted_data $ guess'],1,0.42,manually_inputted_data $ guess,0.03,manual,no_comment
13085,2011,17_SIN,new_vehicle_efficiency,ht,km_per_pj,road,freight,bev,all,yearly,national,['avg_eff_no_outliers $ transport_data_system_9th'],1,3249486640.872147,avg_eff_no_outliers $ transport_data_system_9th,249960510.836319,single_datapoint,no_comment
13086,2011,17_SIN,turnover_rate,ht,%,road,freight,bev,all,yearly,national,['manually_inputted_data $ guess'],1,0.42,manually_inputted_data $ guess,0.03,manual,no_comment
13087,2012,17_SIN,new_vehicle_efficiency,ht,km_per_pj,road,freight,bev,all,yearly,national,['avg_eff_no_outliers $ transport_data_system_9th'],1,3249486640.872147,avg_eff_no_outliers $ transport_data_system_9th,249960510.836319,single_datapoint,no_comment
13088,2012,17_SIN,turnover_rate,ht,%,road,freight,bev,all,yearly,national,['manually_inputted_data $ guess'],1,0.42,manually_inputted_data $ guess,0.03,manual,no_comment
13089,2013,17_SIN,new_vehicle_efficiency,ht,km_per_pj,road,freight,bev,all,yearly,national,['avg_eff_no_outliers $ transport_data_system_9th'],1,3249486640.872147,avg_eff_no_outliers $ transport_data_system_9th,249960510.836319,single_datapoint,no_comment
13090,2013,17_SIN,turnover_rate,ht,%,road,freight,bev,all,yearly,national,['manually_inputted_data $ guess'],1,0.42,manually_inputted_data $ guess,0.03,manual,no_comment
13091,2014,17_SIN,new_vehicle_efficiency,ht,km_per_pj,road,freight,bev,all,yearly,national,['avg_eff_no_outliers $ transport_data_system_9th'],1,3249486640.872147,avg_eff_no_outliers $ transport_data_system_9th,249960510.836319,single_datapoint,no_comment
13092,2014,17_SIN,turnover_rate,ht,%,road,freight,bev,all,yearly,national,['manually_inputted_data $ guess'],1,0.42,manually_inputted_data $ guess,0.03,manual,no_comment
13093,2015,17_SIN,new_vehicle_efficiency,ht,km_per_pj,road,freight,bev,all,yearly,national,['avg_eff_no_outliers $ transport_data_system_9th'],1,3249486640.872147,avg_eff_no_outliers $ transport_data_system_9th,249960510.836319,single_datapoint,no_comment
13094,2015,17_SIN,turnover_rate,ht,%,road,freight,bev,all,yearly,national,['manually_inputted_data $ guess'],1,0.42,manually_inputted_data $ guess,0.03,manual,no_comment
13095,2016,17_SIN,new_vehicle_efficiency,ht,km_per_pj,road,freight,bev,all,yearly,national,['avg_eff_no_outliers $ transport_data_system_9th'],1,3249486640.872147,avg_eff_no_outliers $ transport_data_system_9th,249960510.836319,single_datapoint,no_comment
13096,2016,17_SIN,turnover_rate,ht,%,road,freight,bev,all,yearly,national,['manually_inputted_data $ guess'],1,0.42,manually_inputted_data $ guess,0.03,manual,no_comment
13097,2017,17_SIN,new_vehicle_efficiency,ht,km_per_pj,road,freight,bev,all,yearly,national,['avg_eff_no_outliers $ transport_data_system_9th'],1,3249486640.872147,avg_eff_no_outliers $ transport_data_system_9th,249960510.836319,single_datapoint,no_comment
13098,2017,17_SIN,turnover_rate,ht,%,road,freight,bev,all,yearly,national,"['manually_inputted_data $ guess', 'turnover_rate_est']",2,0.42,manually_inputted_data $ guess,0.03,manual,no_comment
13099,2018,17_SIN,new_vehicle_efficiency,ht,km_per_pj,road,freight,bev,all,yearly,national,['avg_eff_no_outliers $ transport_data_system_9th'],1,3249486640.872147,avg_eff_no_outliers $ transport_data_system_9th,249960510.836319,single_datapoint,no_comment
13100,2018,17_SIN,turnover_rate,ht,%,road,freight,bev,all,yearly,national,['manually_inputted_data $ guess'],1,0.42,manually_inputted_data $ guess,0.03,manual,no_comment
13101,2019,17_SIN,new_vehicle_efficiency,ht,km_per_pj,road,freight,bev,all,yearly,national,['avg_eff_no_outliers $ transport_data_system_9th'],1,3249486640.872147,avg_eff_no_outliers $ transport_data_system_9th,249960510.836319,single_datapoint,no_comment
13102,2019,17_SIN,turnover_rate,ht,%,road,freight,bev,all,yearly,national,['manually_inputted_data $ guess'],1,0.42,manually_inputted_data $ guess,0.03,manual,no_comment
13103,2020,17_SIN,new_vehicle_efficiency,ht,km_per_pj,road,freight,bev,all,yearly,national,['avg_eff_no_outliers $ transport_data_system_9th'],1,3249486640.872147,avg_eff_no_outliers $ transport_data_system_9th,249960510.836319,single_datapoint,no_comment
13104,2020,17_SIN,turnover_rate,ht,%,road,freight,bev,all,yearly,national,['manually_inputted_data $ guess'],1,0.42,manually_inputted_data $ guess,0.03,manual,no_comment
13105,2021,17_SIN,new_vehicle_efficiency,ht,km_per_pj,road,freight,bev,all,yearly,national,['avg_eff_no_outliers $ transport_data_system_9th'],1,3249486640.872147,avg_eff_no_outliers $ transport_data_system_9th,249960510.836319,single_datapoint,no_comment
13106,2021,17_SIN,turnover_rate,ht,%,road,freight,bev,all,yearly,national,['manually_inputted_data $ guess'],1,0.42,manually_inputted_data $ guess,0.03,manual,no_comment
13107,2022,17_SIN,new_vehicle_efficiency,ht,km_per_pj,road,freight,bev,all,yearly,national,['avg_eff_no_outliers $ transport_data_system_9th'],1,3249486640.872147,avg_eff_no_outliers $ transport_data_system_9th,249960510.836319,single_datapoint,no_comment
13108,2022,17_SIN,turnover_rate,ht,%,road,freight,bev,all,yearly,national,['manually_inputted_data $ guess'],1,0.42,manually_inputted_data $ guess,0.03,manual,no_comment
13109,2010,17_SIN,new_vehicle_efficiency,ht,km_per_pj,road,freight,cng,all,yearly,national,['avg_eff_no_outliers $ transport_data_system_9th'],1,1775178058.548531,avg_eff_no_outliers $ transport_data_system_9th,136552158.349887,single_datapoint,no_comment
13110,2010,17_SIN,turnover_rate,ht,%,road,freight,cng,all,yearly,national,['manually_inputted_data $ guess'],1,0.42,manually_inputted_data $ guess,0.03,manual,no_comment
13111,2011,17_SIN,new_vehicle_efficiency,ht,km_per_pj,road,freight,cng,all,yearly,national,['avg_eff_no_outliers $ transport_data_system_9th'],1,1775178058.548531,avg_eff_no_outliers $ transport_data_system_9th,136552158.349887,single_datapoint,no_comment
13112,2011,17_SIN,turnover_rate,ht,%,road,freight,cng,all,yearly,national,['manually_inputted_data $ guess'],1,0.42,manually_inputted_data $ guess,0.03,manual,no_comment
13113,2012,17_SIN,new_vehicle_efficiency,ht,km_per_pj,road,freight,cng,all,yearly,national,['avg_eff_no_outliers $ transport_data_system_9th'],1,1775178058.548531,avg_eff_no_outliers $ transport_data_system_9th,136552158.349887,single_datapoint,no_comment
13114,2012,17_SIN,turnover_rate,ht,%,road,freight,cng,all,yearly,national,['manually_inputted_data $ guess'],1,0.42,manually_inputted_data $ guess,0.03,manual,no_comment
13115,2013,17_SIN,new_vehicle_efficiency,ht,km_per_pj,road,freight,cng,all,yearly,national,['avg_eff_no_outliers $ transport_data_system_9th'],1,1775178058.548531,avg_eff_no_outliers $ transport_data_system_9th,136552158.349887,single_datapoint,no_comment
13116,2013,17_SIN,turnover_rate,ht,%,road,freight,cng,all,yearly,national,['manually_inputted_data $ guess'],1,0.42,manually_inputted_data $ guess,0.03,manual,no_comment
13117,2014,17_SIN,new_vehicle_efficiency,ht,km_per_pj,road,freight,cng,all,yearly,national,['avg_eff_no_outliers $ transport_data_system_9th'],1,1775178058.548531,avg_eff_no_outliers $ transport_data_system_9th,136552158.349887,single_datapoint,no_comment
13118,2014,17_SIN,turnover_rate,ht,%,road,freight,cng,all,yearly,national,['manually_inputted_data $ guess'],1,0.42,manually_inputted_data $ guess,0.03,manual,no_comment
13119,2015,17_SIN,new_vehicle_efficiency,ht,km_per_pj,road,freight,cng,all,yearly,national,['avg_eff_no_outliers $ transport_data_system_9th'],1,1775178058.548531,avg_eff_no_outliers $ transport_data_system_9th,136552158.349887,single_datapoint,no_comment
13120,2015,17_SIN,turnover_rate,ht,%,road,freight,cng,all,yearly,national,['manually_inputted_data $ guess'],1,0.42,manually_inputted_data $ guess,0.03,manual,no_comment
13121,2016,17_SIN,new_vehicle_efficiency,ht,km_per_pj,road,freight,cng,all,yearly,national,['avg_eff_no_outliers $ transport_data_system_9th'],1,1775178058.548531,avg_eff_no_outliers $ transport_data_system_9th,136552158.349887,single_datapoint,no_comment
13122,2016,17_SIN,turnover_rate,ht,%,road,freight,cng,all,yearly,national,['manually_inputted_data $ guess'],1,0.42,manually_inputted_data $ guess,0.03,manual,no_comment
13123,2017,17_SIN,new_vehicle_efficiency,ht,km_per_pj,road,freight,cng,all,yearly,national,['avg_eff_no_outliers $ transport_data_system_9th'],1,1775178058.548531,avg_eff_no_outliers $ transport_data_system_9th,136552158.349887,single_datapoint,no_comment
13124,2017,17_SIN,turnover_rate,ht,%,road,freight,cng,all,yearly,national,"['manually_inputted_data $ guess', 'turnover_rate_est']",2,0.42,manually_inputted_data $ guess,0.03,manual,no_comment
13125,2018,17_SIN,new_vehicle_efficiency,ht,km_per_pj,road,freight,cng,all,yearly,national,['avg_eff_no_outliers $ transport_data_system_9th'],1,1775178058.548531,avg_eff_no_outliers $ transport_data_system_9th,136552158.349887,single_datapoint,no_comment
13126,2018,17_SIN,turnover_rate,ht,%,road,freight,cng,all,yearly,national,['manually_inputted_data $ guess'],1,0.42,manually_inputted_data $ guess,0.03,manual,no_comment
13127,2019,17_SIN,new_vehicle_efficiency,ht,km_per_pj,road,freight,cng,all,yearly,national,['avg_eff_no_outliers $ transport_data_system_9th'],1,1775178058.548531,avg_eff_no_outliers $ transport_data_system_9th,136552158.349887,single_datapoint,no_comment
13128,2019,17_SIN,turnover_rate,ht,%,road,freight,cng,all,yearly,national,['manually_inputted_data $ guess'],1,0.42,manually_inputted_data $ guess,0.03,manual,no_comment
13129,2020,17_SIN,new_vehicle_efficiency,ht,km_per_pj,road,freight,cng,all,yearly,national,['avg_eff_no_outliers $ transport_data_system_9th'],1,1775178058.548531,avg_eff_no_outliers $ transport_data_system_9th,136552158.349887,single_datapoint,no_comment
13130,2020,17_SIN,turnover_rate,ht,%,road,freight,cng,all,yearly,national,['manually_inputted_data $ guess'],1,0.42,manually_inputted_data $ guess,0.03,manual,no_comment
13131,2021,17_SIN,new_vehicle_efficiency,ht,km_per_pj,road,freight,cng,all,yearly,national,['avg_eff_no_outliers $ transport_data_system_9th'],1,1775178058.548531,avg_eff_no_outliers $ transport_data_system_9th,136552158.349887,single_datapoint,no_comment
13132,2021,17_SIN,turnover_rate,ht,%,road,freight,cng,all,yearly,national,['manually_inputted_data $ guess'],1,0.42,manually_inputted_data $ guess,0.03,manual,no_comment
13133,2022,17_SIN,new_vehicle_efficiency,ht,km_per_pj,road,freight,cng,all,yearly,national,['avg_eff_no_outliers $ transport_data_system_9th'],1,1775178058.548531,avg_eff_no_outliers $ transport_data_system_9th,136552158.349887,single_datapoint,no_comment
13134,2022,17_SIN,turnover_rate,ht,%,road,freight,cng,all,yearly,national,['manually_inputted_data $ guess'],1,0.42,manually_inputted_data $ guess,0.03,manual,no_comment
13135,2017,17_SIN,turnover_rate,ht,%,road,freight,fcev,all,yearly,national,['turnover_rate_est'],1,0.03,turnover_rate_est,0.03,single_datapoint,no_comment
13136,2010,17_SIN,new_vehicle_efficiency,ht,km_per_pj,road,freight,ice,all,yearly,national,['avg_eff_no_outliers $ transport_data_system_9th'],1,1058551713.3301452,avg_eff_no_outliers $ transport_data_system_9th,81427054.87154964,single_datapoint,no_comment
13137,2010,17_SIN,turnover_rate,ht,%,road,freight,ice,all,yearly,national,['manually_inputted_data $ guess'],1,0.39,manually_inputted_data $ guess,0.03,single_datapoint,no_comment
13138,2011,17_SIN,new_vehicle_efficiency,ht,km_per_pj,road,freight,ice,all,yearly,national,['avg_eff_no_outliers $ transport_data_system_9th'],1,1058551713.3301452,avg_eff_no_outliers $ transport_data_system_9th,81427054.87154964,single_datapoint,no_comment
13139,2011,17_SIN,turnover_rate,ht,%,road,freight,ice,all,yearly,national,['manually_inputted_data $ guess'],1,0.39,manually_inputted_data $ guess,0.03,single_datapoint,no_comment
13140,2012,17_SIN,new_vehicle_efficiency,ht,km_per_pj,road,freight,ice,all,yearly,national,['avg_eff_no_outliers $ transport_data_system_9th'],1,1058551713.3301452,avg_eff_no_outliers $ transport_data_system_9th,81427054.87154964,single_datapoint,no_comment
13141,2012,17_SIN,turnover_rate,ht,%,road,freight,ice,all,yearly,national,['manually_inputted_data $ guess'],1,0.39,manually_inputted_data $ guess,0.03,single_datapoint,no_comment
13142,2013,17_SIN,new_vehicle_efficiency,ht,km_per_pj,road,freight,ice,all,yearly,national,['avg_eff_no_outliers $ transport_data_system_9th'],1,1058551713.3301452,avg_eff_no_outliers $ transport_data_system_9th,81427054.87154964,single_datapoint,no_comment
13143,2013,17_SIN,turnover_rate,ht,%,road,freight,ice,all,yearly,national,['manually_inputted_data $ guess'],1,0.39,manually_inputted_data $ guess,0.03,single_datapoint,no_comment
13144,2014,17_SIN,new_vehicle_efficiency,ht,km_per_pj,road,freight,ice,all,yearly,national,['avg_eff_no_outliers $ transport_data_system_9th'],1,1058551713.3301452,avg_eff_no_outliers $ transport_data_system_9th,81427054.87154964,single_datapoint,no_comment
13145,2014,17_SIN,turnover_rate,ht,%,road,freight,ice,all,yearly,national,['manually_inputted_data $ guess'],1,0.39,manually_inputted_data $ guess,0.03,single_datapoint,no_comment
13146,2015,17_SIN,new_vehicle_efficiency,ht,km_per_pj,road,freight,ice,all,yearly,national,['avg_eff_no_outliers $ transport_data_system_9th'],1,1058551713.3301452,avg_eff_no_outliers $ transport_data_system_9th,81427054.87154964,single_datapoint,no_comment
13147,2015,17_SIN,turnover_rate,ht,%,road,freight,ice,all,yearly,national,['manually_inputted_data $ guess'],1,0.39,manually_inputted_data $ guess,0.03,single_datapoint,no_comment
13148,2016,17_SIN,new_vehicle_efficiency,ht,km_per_pj,road,freight,ice,all,yearly,national,['avg_eff_no_outliers $ transport_data_system_9th'],1,1058551713.3301452,avg_eff_no_outliers $ transport_data_system_9th,81427054.87154964,single_datapoint,no_comment
13149,2016,17_SIN,turnover_rate,ht,%,road,freight,ice,all,yearly,national,['manually_inputted_data $ guess'],1,0.39,manually_inputted_data $ guess,0.03,single_datapoint,no_comment
13150,2017,17_SIN,activity,ht,passenger_km_or_freight_tonne_km,road,freight,ice,all,yearly,national,['estimated $ calculate_energy_and_activity()'],1,38744296875.0,estimated $ calculate_energy_and_activity(),38744296875.0,single_datapoint,no_comment
13151,2017,17_SIN,energy,ht,pj,road,freight,ice,all,yearly,national,['estimated $ calculate_energy_and_activity()'],1,97.60104293400495,estimated $ calculate_energy_and_activity(),97.60104293400495,single_datapoint,no_comment
13152,2017,17_SIN,new_vehicle_efficiency,ht,km_per_pj,road,freight,ice,all,yearly,national,['avg_eff_no_outliers $ transport_data_system_9th'],1,1058551713.3301452,avg_eff_no_outliers $ transport_data_system_9th,81427054.87154964,single_datapoint,no_comment
13153,2017,17_SIN,travel_km,ht,km,road,freight,ice,all,yearly,national,['estimated $ calculate_energy_and_activity()'],1,6887875000.0,estimated $ calculate_energy_and_activity(),6887875000.0,single_datapoint,no_comment
13154,2017,17_SIN,turnover_rate,ht,%,road,freight,ice,all,yearly,national,['manually_inputted_data $ guess'],1,0.39,manually_inputted_data $ guess,0.03,single_datapoint,no_comment
13155,2018,17_SIN,new_vehicle_efficiency,ht,km_per_pj,road,freight,ice,all,yearly,national,['avg_eff_no_outliers $ transport_data_system_9th'],1,1058551713.3301452,avg_eff_no_outliers $ transport_data_system_9th,81427054.87154964,single_datapoint,no_comment
13156,2018,17_SIN,turnover_rate,ht,%,road,freight,ice,all,yearly,national,['manually_inputted_data $ guess'],1,0.39,manually_inputted_data $ guess,0.03,single_datapoint,no_comment
13157,2019,17_SIN,new_vehicle_efficiency,ht,km_per_pj,road,freight,ice,all,yearly,national,['avg_eff_no_outliers $ transport_data_system_9th'],1,1058551713.3301452,avg_eff_no_outliers $ transport_data_system_9th,81427054.87154964,single_datapoint,no_comment
13158,2019,17_SIN,turnover_rate,ht,%,road,freight,ice,all,yearly,national,['manually_inputted_data $ guess'],1,0.39,manually_inputted_data $ guess,0.03,single_datapoint,no_comment
13159,2020,17_SIN,new_vehicle_efficiency,ht,km_per_pj,road,freight,ice,all,yearly,national,['avg_eff_no_outliers $ transport_data_system_9th'],1,1058551713.3301452,avg_eff_no_outliers $ transport_data_system_9th,81427054.87154964,single_datapoint,no_comment
13160,2020,17_SIN,turnover_rate,ht,%,road,freight,ice,all,yearly,national,['manually_inputted_data $ guess'],1,0.39,manually_inputted_data $ guess,0.03,single_datapoint,no_comment
13161,2021,17_SIN,new_vehicle_efficiency,ht,km_per_pj,road,freight,ice,all,yearly,national,['avg_eff_no_outliers $ transport_data_system_9th'],1,1058551713.3301452,avg_eff_no_outliers $ transport_data_system_9th,81427054.87154964,single_datapoint,no_comment
13162,2021,17_SIN,turnover_rate,ht,%,road,freight,ice,all,yearly,national,['manually_inputted_data $ guess'],1,0.39,manually_inputted_data $ guess,0.03,single_datapoint,no_comment
13163,2022,17_SIN,new_vehicle_efficiency,ht,km_per_pj,road,freight,ice,all,yearly,national,['avg_eff_no_outliers $ transport_data_system_9th'],1,1058551713.3301452,avg_eff_no_outliers $ transport_data_system_9th,81427054.87154964,single_datapoint,no_comment
13164,2022,17_SIN,turnover_rate,ht,%,road,freight,ice,all,yearly,national,['manually_inputted_data $ guess'],1,0.39,manually_inputted_data $ guess,0.03,single_datapoint,no_comment
13165,2010,17_SIN,new_vehicle_efficiency,ht,km_per_pj,road,freight,lpg,all,yearly,national,['avg_eff_no_outliers $ transport_data_system_9th'],1,1405649677.815799,avg_eff_no_outliers $ transport_data_system_9th,108126898.293523,single_datapoint,no_comment
13166,2010,17_SIN,turnover_rate,ht,%,road,freight,lpg,all,yearly,national,['manually_inputted_data $ guess'],1,0.42,manually_inputted_data $ guess,0.03,manual,no_comment
13167,2011,17_SIN,new_vehicle_efficiency,ht,km_per_pj,road,freight,lpg,all,yearly,national,['avg_eff_no_outliers $ transport_data_system_9th'],1,1405649677.815799,avg_eff_no_outliers $ transport_data_system_9th,108126898.293523,single_datapoint,no_comment
13168,2011,17_SIN,turnover_rate,ht,%,road,freight,lpg,all,yearly,national,['manually_inputted_data $ guess'],1,0.42,manually_inputted_data $ guess,0.03,manual,no_comment
13169,2012,17_SIN,new_vehicle_efficiency,ht,km_per_pj,road,freight,lpg,all,yearly,national,['avg_eff_no_outliers $ transport_data_system_9th'],1,1405649677.815799,avg_eff_no_outliers $ transport_data_system_9th,108126898.293523,single_datapoint,no_comment
13170,2012,17_SIN,turnover_rate,ht,%,road,freight,lpg,all,yearly,national,['manually_inputted_data $ guess'],1,0.42,manually_inputted_data $ guess,0.03,manual,no_comment
13171,2013,17_SIN,new_vehicle_efficiency,ht,km_per_pj,road,freight,lpg,all,yearly,national,['avg_eff_no_outliers $ transport_data_system_9th'],1,1405649677.815799,avg_eff_no_outliers $ transport_data_system_9th,108126898.293523,single_datapoint,no_comment
13172,2013,17_SIN,turnover_rate,ht,%,road,freight,lpg,all,yearly,national,['manually_inputted_data $ guess'],1,0.42,manually_inputted_data $ guess,0.03,manual,no_comment
13173,2014,17_SIN,new_vehicle_efficiency,ht,km_per_pj,road,freight,lpg,all,yearly,national,['avg_eff_no_outliers $ transport_data_system_9th'],1,1405649677.815799,avg_eff_no_outliers $ transport_data_system_9th,108126898.293523,single_datapoint,no_comment
13174,2014,17_SIN,turnover_rate,ht,%,road,freight,lpg,all,yearly,national,['manually_inputted_data $ guess'],1,0.42,manually_inputted_data $ guess,0.03,manual,no_comment
13175,2015,17_SIN,new_vehicle_efficiency,ht,km_per_pj,road,freight,lpg,all,yearly,national,['avg_eff_no_outliers $ transport_data_system_9th'],1,1405649677.815799,avg_eff_no_outliers $ transport_data_system_9th,108126898.293523,single_datapoint,no_comment
13176,2015,17_SIN,turnover_rate,ht,%,road,freight,lpg,all,yearly,national,['manually_inputted_data $ guess'],1,0.42,manually_inputted_data $ guess,0.03,manual,no_comment
13177,2016,17_SIN,new_vehicle_efficiency,ht,km_per_pj,road,freight,lpg,all,yearly,national,['avg_eff_no_outliers $ transport_data_system_9th'],1,1405649677.815799,avg_eff_no_outliers $ transport_data_system_9th,108126898.293523,single_datapoint,no_comment
13178,2016,17_SIN,turnover_rate,ht,%,road,freight,lpg,all,yearly,national,['manually_inputted_data $ guess'],1,0.42,manually_inputted_data $ guess,0.03,manual,no_comment
13179,2017,17_SIN,new_vehicle_efficiency,ht,km_per_pj,road,freight,lpg,all,yearly,national,['avg_eff_no_outliers $ transport_data_system_9th'],1,1405649677.815799,avg_eff_no_outliers $ transport_data_system_9th,108126898.293523,single_datapoint,no_comment
13180,2017,17_SIN,turnover_rate,ht,%,road,freight,lpg,all,yearly,national,"['manually_inputted_data $ guess', 'turnover_rate_est']",2,0.42,manually_inputted_data $ guess,0.03,manual,no_comment
13181,2018,17_SIN,new_vehicle_efficiency,ht,km_per_pj,road,freight,lpg,all,yearly,national,['avg_eff_no_outliers $ transport_data_system_9th'],1,1405649677.815799,avg_eff_no_outliers $ transport_data_system_9th,108126898.293523,single_datapoint,no_comment
13182,2018,17_SIN,turnover_rate,ht,%,road,freight,lpg,all,yearly,national,['manually_inputted_data $ guess'],1,0.42,manually_inputted_data $ guess,0.03,manual,no_comment
13183,2019,17_SIN,new_vehicle_efficiency,ht,km_per_pj,road,freight,lpg,all,yearly,national,['avg_eff_no_outliers $ transport_data_system_9th'],1,1405649677.815799,avg_eff_no_outliers $ transport_data_system_9th,108126898.293523,single_datapoint,no_comment
13184,2019,17_SIN,turnover_rate,ht,%,road,freight,lpg,all,yearly,national,['manually_inputted_data $ guess'],1,0.42,manually_inputted_data $ guess,0.03,manual,no_comment
13185,2020,17_SIN,new_vehicle_efficiency,ht,km_per_pj,road,freight,lpg,all,yearly,national,['avg_eff_no_outliers $ transport_data_system_9th'],1,1405649677.815799,avg_eff_no_outliers $ transport_data_system_9th,108126898.293523,single_datapoint,no_comment
13186,2020,17_SIN,turnover_rate,ht,%,road,freight,lpg,all,yearly,national,['manually_inputted_data $ guess'],1,0.42,manually_inputted_data $ guess,0.03,manual,no_comment
13187,2021,17_SIN,new_vehicle_efficiency,ht,km_per_pj,road,freight,lpg,all,yearly,national,['avg_eff_no_outliers $ transport_data_system_9th'],1,1405649677.815799,avg_eff_no_outliers $ transport_data_system_9th,108126898.293523,single_datapoint,no_comment
13188,2021,17_SIN,turnover_rate,ht,%,road,freight,lpg,all,yearly,national,['manually_inputted_data $ guess'],1,0.42,manually_inputted_data $ guess,0.03,manual,no_comment
13189,2022,17_SIN,new_vehicle_efficiency,ht,km_per_pj,road,freight,lpg,all,yearly,national,['avg_eff_no_outliers $ transport_data_system_9th'],1,1405649677.815799,avg_eff_no_outliers $ transport_data_system_9th,108126898.293523,single_datapoint,no_comment
13190,2022,17_SIN,turnover_rate,ht,%,road,freight,lpg,all,yearly,national,['manually_inputted_data $ guess'],1,0.42,manually_inputted_data $ guess,0.03,manual,no_comment
13191,2010,17_SIN,new_vehicle_efficiency,ldv,km_per_pj,road,freight,bev,all,yearly,national,['avg_eff_no_outliers $ transport_data_system_9th'],1,7200566335.010296,avg_eff_no_outliers $ transport_data_system_9th,553889718.077715,single_datapoint,no_comment
13192,2010,17_SIN,new_vehicle_efficiency,ldv,km_per_pj,road,passenger,bev,all,yearly,national,['avg_eff_no_outliers $ transport_data_system_9th'],1,9901716082.423439,avg_eff_no_outliers $ transport_data_system_9th,761670467.878726,single_datapoint,no_comment
13193,2010,17_SIN,turnover_rate,ldv,%,road,freight,bev,all,yearly,national,['manually_inputted_data $ guess'],1,0.42,manually_inputted_data $ guess,0.03,manual,no_comment
13194,2010,17_SIN,turnover_rate,ldv,%,road,passenger,bev,all,yearly,national,['manually_inputted_data $ guess'],1,0.42,manually_inputted_data $ guess,0.03,manual,no_comment
13195,2011,17_SIN,new_vehicle_efficiency,ldv,km_per_pj,road,freight,bev,all,yearly,national,['avg_eff_no_outliers $ transport_data_system_9th'],1,7200566335.010296,avg_eff_no_outliers $ transport_data_system_9th,553889718.077715,single_datapoint,no_comment
13196,2011,17_SIN,new_vehicle_efficiency,ldv,km_per_pj,road,passenger,bev,all,yearly,national,['avg_eff_no_outliers $ transport_data_system_9th'],1,9901716082.423439,avg_eff_no_outliers $ transport_data_system_9th,761670467.878726,single_datapoint,no_comment
13197,2011,17_SIN,turnover_rate,ldv,%,road,freight,bev,all,yearly,national,['manually_inputted_data $ guess'],1,0.42,manually_inputted_data $ guess,0.03,manual,no_comment
13198,2011,17_SIN,turnover_rate,ldv,%,road,passenger,bev,all,yearly,national,['manually_inputted_data $ guess'],1,0.42,manually_inputted_data $ guess,0.03,manual,no_comment
13199,2012,17_SIN,new_vehicle_efficiency,ldv,km_per_pj,road,freight,bev,all,yearly,national,['avg_eff_no_outliers $ transport_data_system_9th'],1,7200566335.010296,avg_eff_no_outliers $ transport_data_system_9th,553889718.077715,single_datapoint,no_comment
13200,2012,17_SIN,new_vehicle_efficiency,ldv,km_per_pj,road,passenger,bev,all,yearly,national,['avg_eff_no_outliers $ transport_data_system_9th'],1,9901716082.423439,avg_eff_no_outliers $ transport_data_system_9th,761670467.878726,single_datapoint,no_comment
13201,2012,17_SIN,turnover_rate,ldv,%,road,freight,bev,all,yearly,national,['manually_inputted_data $ guess'],1,0.42,manually_inputted_data $ guess,0.03,manual,no_comment
13202,2012,17_SIN,turnover_rate,ldv,%,road,passenger,bev,all,yearly,national,['manually_inputted_data $ guess'],1,0.42,manually_inputted_data $ guess,0.03,manual,no_comment
13203,2013,17_SIN,new_vehicle_efficiency,ldv,km_per_pj,road,freight,bev,all,yearly,national,['avg_eff_no_outliers $ transport_data_system_9th'],1,7200566335.010296,avg_eff_no_outliers $ transport_data_system_9th,553889718.077715,single_datapoint,no_comment
13204,2013,17_SIN,new_vehicle_efficiency,ldv,km_per_pj,road,passenger,bev,all,yearly,national,['avg_eff_no_outliers $ transport_data_system_9th'],1,9901716082.423439,avg_eff_no_outliers $ transport_data_system_9th,761670467.878726,single_datapoint,no_comment
13205,2013,17_SIN,turnover_rate,ldv,%,road,freight,bev,all,yearly,national,['manually_inputted_data $ guess'],1,0.42,manually_inputted_data $ guess,0.03,manual,no_comment
13206,2013,17_SIN,turnover_rate,ldv,%,road,passenger,bev,all,yearly,national,['manually_inputted_data $ guess'],1,0.42,manually_inputted_data $ guess,0.03,manual,no_comment
13207,2014,17_SIN,new_vehicle_efficiency,ldv,km_per_pj,road,freight,bev,all,yearly,national,['avg_eff_no_outliers $ transport_data_system_9th'],1,7200566335.010296,avg_eff_no_outliers $ transport_data_system_9th,553889718.077715,single_datapoint,no_comment
13208,2014,17_SIN,new_vehicle_efficiency,ldv,km_per_pj,road,passenger,bev,all,yearly,national,['avg_eff_no_outliers $ transport_data_system_9th'],1,9901716082.423439,avg_eff_no_outliers $ transport_data_system_9th,761670467.878726,single_datapoint,no_comment
13209,2014,17_SIN,turnover_rate,ldv,%,road,freight,bev,all,yearly,national,['manually_inputted_data $ guess'],1,0.42,manually_inputted_data $ guess,0.03,manual,no_comment
13210,2014,17_SIN,turnover_rate,ldv,%,road,passenger,bev,all,yearly,national,['manually_inputted_data $ guess'],1,0.42,manually_inputted_data $ guess,0.03,manual,no_comment
13211,2015,17_SIN,new_vehicle_efficiency,ldv,km_per_pj,road,freight,bev,all,yearly,national,['avg_eff_no_outliers $ transport_data_system_9th'],1,7200566335.010296,avg_eff_no_outliers $ transport_data_system_9th,553889718.077715,single_datapoint,no_comment
13212,2015,17_SIN,new_vehicle_efficiency,ldv,km_per_pj,road,passenger,bev,all,yearly,national,['avg_eff_no_outliers $ transport_data_system_9th'],1,9901716082.423439,avg_eff_no_outliers $ transport_data_system_9th,761670467.878726,single_datapoint,no_comment
13213,2015,17_SIN,turnover_rate,ldv,%,road,freight,bev,all,yearly,national,['manually_inputted_data $ guess'],1,0.42,manually_inputted_data $ guess,0.03,manual,no_comment
13214,2015,17_SIN,turnover_rate,ldv,%,road,passenger,bev,all,yearly,national,['manually_inputted_data $ guess'],1,0.42,manually_inputted_data $ guess,0.03,manual,no_comment
13215,2016,17_SIN,new_vehicle_efficiency,ldv,km_per_pj,road,freight,bev,all,yearly,national,['avg_eff_no_outliers $ transport_data_system_9th'],1,7200566335.010296,avg_eff_no_outliers $ transport_data_system_9th,553889718.077715,single_datapoint,no_comment
13216,2016,17_SIN,new_vehicle_efficiency,ldv,km_per_pj,road,passenger,bev,all,yearly,national,['avg_eff_no_outliers $ transport_data_system_9th'],1,9901716082.423439,avg_eff_no_outliers $ transport_data_system_9th,761670467.878726,single_datapoint,no_comment
13217,2016,17_SIN,turnover_rate,ldv,%,road,freight,bev,all,yearly,national,['manually_inputted_data $ guess'],1,0.42,manually_inputted_data $ guess,0.03,manual,no_comment
13218,2016,17_SIN,turnover_rate,ldv,%,road,passenger,bev,all,yearly,national,['manually_inputted_data $ guess'],1,0.42,manually_inputted_data $ guess,0.03,manual,no_comment
13219,2017,17_SIN,new_vehicle_efficiency,ldv,km_per_pj,road,freight,bev,all,yearly,national,['avg_eff_no_outliers $ transport_data_system_9th'],1,7200566335.010296,avg_eff_no_outliers $ transport_data_system_9th,553889718.077715,single_datapoint,no_comment
13220,2017,17_SIN,new_vehicle_efficiency,ldv,km_per_pj,road,passenger,bev,all,yearly,national,['avg_eff_no_outliers $ transport_data_system_9th'],1,9901716082.423439,avg_eff_no_outliers $ transport_data_system_9th,761670467.878726,single_datapoint,no_comment
13221,2017,17_SIN,turnover_rate,ldv,%,road,freight,bev,all,yearly,national,"['manually_inputted_data $ guess', 'turnover_rate_est']",2,0.42,manually_inputted_data $ guess,0.03,manual,no_comment
13222,2017,17_SIN,turnover_rate,ldv,%,road,passenger,bev,all,yearly,national,"['manually_inputted_data $ guess', 'turnover_rate_est']",2,0.42,manually_inputted_data $ guess,0.03,manual,no_comment
13223,2018,17_SIN,new_vehicle_efficiency,ldv,km_per_pj,road,freight,bev,all,yearly,national,['avg_eff_no_outliers $ transport_data_system_9th'],1,7200566335.010296,avg_eff_no_outliers $ transport_data_system_9th,553889718.077715,single_datapoint,no_comment
13224,2018,17_SIN,new_vehicle_efficiency,ldv,km_per_pj,road,passenger,bev,all,yearly,national,['avg_eff_no_outliers $ transport_data_system_9th'],1,9901716082.423439,avg_eff_no_outliers $ transport_data_system_9th,761670467.878726,single_datapoint,no_comment
13225,2018,17_SIN,turnover_rate,ldv,%,road,freight,bev,all,yearly,national,['manually_inputted_data $ guess'],1,0.42,manually_inputted_data $ guess,0.03,manual,no_comment
13226,2018,17_SIN,turnover_rate,ldv,%,road,passenger,bev,all,yearly,national,['manually_inputted_data $ guess'],1,0.42,manually_inputted_data $ guess,0.03,manual,no_comment
13227,2019,17_SIN,new_vehicle_efficiency,ldv,km_per_pj,road,freight,bev,all,yearly,national,['avg_eff_no_outliers $ transport_data_system_9th'],1,7200566335.010296,avg_eff_no_outliers $ transport_data_system_9th,553889718.077715,single_datapoint,no_comment
13228,2019,17_SIN,new_vehicle_efficiency,ldv,km_per_pj,road,passenger,bev,all,yearly,national,['avg_eff_no_outliers $ transport_data_system_9th'],1,9901716082.423439,avg_eff_no_outliers $ transport_data_system_9th,761670467.878726,single_datapoint,no_comment
13229,2019,17_SIN,turnover_rate,ldv,%,road,freight,bev,all,yearly,national,['manually_inputted_data $ guess'],1,0.42,manually_inputted_data $ guess,0.03,manual,no_comment
13230,2019,17_SIN,turnover_rate,ldv,%,road,passenger,bev,all,yearly,national,['manually_inputted_data $ guess'],1,0.42,manually_inputted_data $ guess,0.03,manual,no_comment
13231,2020,17_SIN,new_vehicle_efficiency,ldv,km_per_pj,road,freight,bev,all,yearly,national,['avg_eff_no_outliers $ transport_data_system_9th'],1,7200566335.010296,avg_eff_no_outliers $ transport_data_system_9th,553889718.077715,single_datapoint,no_comment
13232,2020,17_SIN,new_vehicle_efficiency,ldv,km_per_pj,road,passenger,bev,all,yearly,national,['avg_eff_no_outliers $ transport_data_system_9th'],1,9901716082.423439,avg_eff_no_outliers $ transport_data_system_9th,761670467.878726,single_datapoint,no_comment
13233,2020,17_SIN,turnover_rate,ldv,%,road,freight,bev,all,yearly,national,['manually_inputted_data $ guess'],1,0.42,manually_inputted_data $ guess,0.03,manual,no_comment
13234,2020,17_SIN,turnover_rate,ldv,%,road,passenger,bev,all,yearly,national,['manually_inputted_data $ guess'],1,0.42,manually_inputted_data $ guess,0.03,manual,no_comment
13235,2021,17_SIN,new_vehicle_efficiency,ldv,km_per_pj,road,freight,bev,all,yearly,national,['avg_eff_no_outliers $ transport_data_system_9th'],1,7200566335.010296,avg_eff_no_outliers $ transport_data_system_9th,553889718.077715,single_datapoint,no_comment
13236,2021,17_SIN,new_vehicle_efficiency,ldv,km_per_pj,road,passenger,bev,all,yearly,national,['avg_eff_no_outliers $ transport_data_system_9th'],1,9901716082.423439,avg_eff_no_outliers $ transport_data_system_9th,761670467.878726,single_datapoint,no_comment
13237,2021,17_SIN,turnover_rate,ldv,%,road,freight,bev,all,yearly,national,['manually_inputted_data $ guess'],1,0.42,manually_inputted_data $ guess,0.03,manual,no_comment
13238,2021,17_SIN,turnover_rate,ldv,%,road,passenger,bev,all,yearly,national,['manually_inputted_data $ guess'],1,0.42,manually_inputted_data $ guess,0.03,manual,no_comment
13239,2022,17_SIN,new_vehicle_efficiency,ldv,km_per_pj,road,freight,bev,all,yearly,national,['avg_eff_no_outliers $ transport_data_system_9th'],1,7200566335.010296,avg_eff_no_outliers $ transport_data_system_9th,553889718.077715,single_datapoint,no_comment
13240,2022,17_SIN,new_vehicle_efficiency,ldv,km_per_pj,road,passenger,bev,all,yearly,national,['avg_eff_no_outliers $ transport_data_system_9th'],1,9901716082.423439,avg_eff_no_outliers $ transport_data_system_9th,761670467.878726,single_datapoint,no_comment
13241,2022,17_SIN,turnover_rate,ldv,%,road,freight,bev,all,yearly,national,['manually_inputted_data $ guess'],1,0.42,manually_inputted_data $ guess,0.03,manual,no_comment
13242,2022,17_SIN,turnover_rate,ldv,%,road,passenger,bev,all,yearly,national,['manually_inputted_data $ guess'],1,0.42,manually_inputted_data $ guess,0.03,manual,no_comment
13243,2010,17_SIN,new_vehicle_efficiency,ldv,km_per_pj,road,freight,cng,all,yearly,national,['avg_eff_no_outliers $ transport_data_system_9th'],1,7214767129.708009,avg_eff_no_outliers $ transport_data_system_9th,554982086.900616,single_datapoint,no_comment
13244,2010,17_SIN,new_vehicle_efficiency,ldv,km_per_pj,road,passenger,cng,all,yearly,national,['avg_eff_no_outliers $ transport_data_system_9th'],1,5429169522.90635,avg_eff_no_outliers $ transport_data_system_9th,417628424.83895,single_datapoint,no_comment
13245,2010,17_SIN,turnover_rate,ldv,%,road,freight,cng,all,yearly,national,['manually_inputted_data $ guess'],1,0.42,manually_inputted_data $ guess,0.03,manual,no_comment
13246,2010,17_SIN,turnover_rate,ldv,%,road,passenger,cng,all,yearly,national,['manually_inputted_data $ guess'],1,0.42,manually_inputted_data $ guess,0.03,manual,no_comment
13247,2011,17_SIN,new_vehicle_efficiency,ldv,km_per_pj,road,freight,cng,all,yearly,national,['avg_eff_no_outliers $ transport_data_system_9th'],1,7214767129.708009,avg_eff_no_outliers $ transport_data_system_9th,554982086.900616,single_datapoint,no_comment
13248,2011,17_SIN,new_vehicle_efficiency,ldv,km_per_pj,road,passenger,cng,all,yearly,national,['avg_eff_no_outliers $ transport_data_system_9th'],1,5429169522.90635,avg_eff_no_outliers $ transport_data_system_9th,417628424.83895,single_datapoint,no_comment
13249,2011,17_SIN,turnover_rate,ldv,%,road,freight,cng,all,yearly,national,['manually_inputted_data $ guess'],1,0.42,manually_inputted_data $ guess,0.03,manual,no_comment
13250,2011,17_SIN,turnover_rate,ldv,%,road,passenger,cng,all,yearly,national,['manually_inputted_data $ guess'],1,0.42,manually_inputted_data $ guess,0.03,manual,no_comment
13251,2012,17_SIN,new_vehicle_efficiency,ldv,km_per_pj,road,freight,cng,all,yearly,national,['avg_eff_no_outliers $ transport_data_system_9th'],1,7214767129.708009,avg_eff_no_outliers $ transport_data_system_9th,554982086.900616,single_datapoint,no_comment
13252,2012,17_SIN,new_vehicle_efficiency,ldv,km_per_pj,road,passenger,cng,all,yearly,national,['avg_eff_no_outliers $ transport_data_system_9th'],1,5429169522.90635,avg_eff_no_outliers $ transport_data_system_9th,417628424.83895,single_datapoint,no_comment
13253,2012,17_SIN,turnover_rate,ldv,%,road,freight,cng,all,yearly,national,['manually_inputted_data $ guess'],1,0.42,manually_inputted_data $ guess,0.03,manual,no_comment
13254,2012,17_SIN,turnover_rate,ldv,%,road,passenger,cng,all,yearly,national,['manually_inputted_data $ guess'],1,0.42,manually_inputted_data $ guess,0.03,manual,no_comment
13255,2013,17_SIN,new_vehicle_efficiency,ldv,km_per_pj,road,freight,cng,all,yearly,national,['avg_eff_no_outliers $ transport_data_system_9th'],1,7214767129.708009,avg_eff_no_outliers $ transport_data_system_9th,554982086.900616,single_datapoint,no_comment
13256,2013,17_SIN,new_vehicle_efficiency,ldv,km_per_pj,road,passenger,cng,all,yearly,national,['avg_eff_no_outliers $ transport_data_system_9th'],1,5429169522.90635,avg_eff_no_outliers $ transport_data_system_9th,417628424.83895,single_datapoint,no_comment
13257,2013,17_SIN,turnover_rate,ldv,%,road,freight,cng,all,yearly,national,['manually_inputted_data $ guess'],1,0.42,manually_inputted_data $ guess,0.03,manual,no_comment
13258,2013,17_SIN,turnover_rate,ldv,%,road,passenger,cng,all,yearly,national,['manually_inputted_data $ guess'],1,0.42,manually_inputted_data $ guess,0.03,manual,no_comment
13259,2014,17_SIN,new_vehicle_efficiency,ldv,km_per_pj,road,freight,cng,all,yearly,national,['avg_eff_no_outliers $ transport_data_system_9th'],1,7214767129.708009,avg_eff_no_outliers $ transport_data_system_9th,554982086.900616,single_datapoint,no_comment
13260,2014,17_SIN,new_vehicle_efficiency,ldv,km_per_pj,road,passenger,cng,all,yearly,national,['avg_eff_no_outliers $ transport_data_system_9th'],1,5429169522.90635,avg_eff_no_outliers $ transport_data_system_9th,417628424.83895,single_datapoint,no_comment
13261,2014,17_SIN,turnover_rate,ldv,%,road,freight,cng,all,yearly,national,['manually_inputted_data $ guess'],1,0.42,manually_inputted_data $ guess,0.03,manual,no_comment
13262,2014,17_SIN,turnover_rate,ldv,%,road,passenger,cng,all,yearly,national,['manually_inputted_data $ guess'],1,0.42,manually_inputted_data $ guess,0.03,manual,no_comment
13263,2015,17_SIN,new_vehicle_efficiency,ldv,km_per_pj,road,freight,cng,all,yearly,national,['avg_eff_no_outliers $ transport_data_system_9th'],1,7214767129.708009,avg_eff_no_outliers $ transport_data_system_9th,554982086.900616,single_datapoint,no_comment
13264,2015,17_SIN,new_vehicle_efficiency,ldv,km_per_pj,road,passenger,cng,all,yearly,national,['avg_eff_no_outliers $ transport_data_system_9th'],1,5429169522.90635,avg_eff_no_outliers $ transport_data_system_9th,417628424.83895,single_datapoint,no_comment
13265,2015,17_SIN,turnover_rate,ldv,%,road,freight,cng,all,yearly,national,['manually_inputted_data $ guess'],1,0.42,manually_inputted_data $ guess,0.03,manual,no_comment
13266,2015,17_SIN,turnover_rate,ldv,%,road,passenger,cng,all,yearly,national,['manually_inputted_data $ guess'],1,0.42,manually_inputted_data $ guess,0.03,manual,no_comment
13267,2016,17_SIN,new_vehicle_efficiency,ldv,km_per_pj,road,freight,cng,all,yearly,national,['avg_eff_no_outliers $ transport_data_system_9th'],1,7214767129.708009,avg_eff_no_outliers $ transport_data_system_9th,554982086.900616,single_datapoint,no_comment
13268,2016,17_SIN,new_vehicle_efficiency,ldv,km_per_pj,road,passenger,cng,all,yearly,national,['avg_eff_no_outliers $ transport_data_system_9th'],1,5429169522.90635,avg_eff_no_outliers $ transport_data_system_9th,417628424.83895,single_datapoint,no_comment
13269,2016,17_SIN,turnover_rate,ldv,%,road,freight,cng,all,yearly,national,['manually_inputted_data $ guess'],1,0.42,manually_inputted_data $ guess,0.03,manual,no_comment
13270,2016,17_SIN,turnover_rate,ldv,%,road,passenger,cng,all,yearly,national,['manually_inputted_data $ guess'],1,0.42,manually_inputted_data $ guess,0.03,manual,no_comment
13271,2017,17_SIN,activity,ldv,passenger_km_or_freight_tonne_km,road,freight,cng,all,yearly,national,"['8th_edition_transport_model $ reference', 'estimated $ calculate_energy_and_activity()']",2,21107.9,estimated $ calculate_energy_and_activity(),5475.0,manual,no_comment
13272,2017,17_SIN,activity,ldv,passenger_km_or_freight_tonne_km,road,passenger,cng,all,yearly,national,"['8th_edition_transport_model $ reference', 'estimated $ calculate_energy_and_activity()']",2,145409387.0,estimated $ calculate_energy_and_activity(),39960000.0,manual,no_comment
13273,2017,17_SIN,energy,ldv,pj,road,freight,cng,all,yearly,national,"['8th_edition_transport_model $ reference', 'estimated $ calculate_energy_and_activity()']",2,0.00032416335626512995,estimated $ calculate_energy_and_activity(),5.9629750663129964e-05,manual,no_comment
13274,2017,17_SIN,energy,ldv,pj,road,passenger,cng,all,yearly,national,"['8th_edition_transport_model $ reference', 'estimated $ calculate_energy_and_activity()']",2,0.328884695655137,estimated $ calculate_energy_and_activity(),0.0765823409343008,manual,no_comment
13275,2017,17_SIN,new_vehicle_efficiency,ldv,km_per_pj,road,freight,cng,all,yearly,national,['avg_eff_no_outliers $ transport_data_system_9th'],1,7214767129.708009,avg_eff_no_outliers $ transport_data_system_9th,554982086.900616,single_datapoint,no_comment
13276,2017,17_SIN,new_vehicle_efficiency,ldv,km_per_pj,road,passenger,cng,all,yearly,national,['avg_eff_no_outliers $ transport_data_system_9th'],1,5429169522.90635,avg_eff_no_outliers $ transport_data_system_9th,417628424.83895,single_datapoint,no_comment
13277,2017,17_SIN,travel_km,ldv,km,road,freight,cng,all,yearly,national,['estimated $ calculate_energy_and_activity()'],1,15000.0,estimated $ calculate_energy_and_activity(),15000.0,single_datapoint,no_comment
13278,2017,17_SIN,travel_km,ldv,km,road,passenger,cng,all,yearly,national,['estimated $ calculate_energy_and_activity()'],1,26640000.0,estimated $ calculate_energy_and_activity(),26640000.0,single_datapoint,no_comment
13279,2017,17_SIN,turnover_rate,ldv,%,road,freight,cng,all,yearly,national,"['manually_inputted_data $ guess', 'turnover_rate_est']",2,0.42,manually_inputted_data $ guess,0.03,manual,no_comment
13280,2017,17_SIN,turnover_rate,ldv,%,road,passenger,cng,all,yearly,national,"['manually_inputted_data $ guess', 'turnover_rate_est']",2,0.42,manually_inputted_data $ guess,0.03,manual,no_comment
13281,2018,17_SIN,new_vehicle_efficiency,ldv,km_per_pj,road,freight,cng,all,yearly,national,['avg_eff_no_outliers $ transport_data_system_9th'],1,7214767129.708009,avg_eff_no_outliers $ transport_data_system_9th,554982086.900616,single_datapoint,no_comment
13282,2018,17_SIN,new_vehicle_efficiency,ldv,km_per_pj,road,passenger,cng,all,yearly,national,['avg_eff_no_outliers $ transport_data_system_9th'],1,5429169522.90635,avg_eff_no_outliers $ transport_data_system_9th,417628424.83895,single_datapoint,no_comment
13283,2018,17_SIN,turnover_rate,ldv,%,road,freight,cng,all,yearly,national,['manually_inputted_data $ guess'],1,0.42,manually_inputted_data $ guess,0.03,manual,no_comment
13284,2018,17_SIN,turnover_rate,ldv,%,road,passenger,cng,all,yearly,national,['manually_inputted_data $ guess'],1,0.42,manually_inputted_data $ guess,0.03,manual,no_comment
13285,2019,17_SIN,new_vehicle_efficiency,ldv,km_per_pj,road,freight,cng,all,yearly,national,['avg_eff_no_outliers $ transport_data_system_9th'],1,7214767129.708009,avg_eff_no_outliers $ transport_data_system_9th,554982086.900616,single_datapoint,no_comment
13286,2019,17_SIN,new_vehicle_efficiency,ldv,km_per_pj,road,passenger,cng,all,yearly,national,['avg_eff_no_outliers $ transport_data_system_9th'],1,5429169522.90635,avg_eff_no_outliers $ transport_data_system_9th,417628424.83895,single_datapoint,no_comment
13287,2019,17_SIN,turnover_rate,ldv,%,road,freight,cng,all,yearly,national,['manually_inputted_data $ guess'],1,0.42,manually_inputted_data $ guess,0.03,manual,no_comment
13288,2019,17_SIN,turnover_rate,ldv,%,road,passenger,cng,all,yearly,national,['manually_inputted_data $ guess'],1,0.42,manually_inputted_data $ guess,0.03,manual,no_comment
13289,2020,17_SIN,new_vehicle_efficiency,ldv,km_per_pj,road,freight,cng,all,yearly,national,['avg_eff_no_outliers $ transport_data_system_9th'],1,7214767129.708009,avg_eff_no_outliers $ transport_data_system_9th,554982086.900616,single_datapoint,no_comment
13290,2020,17_SIN,new_vehicle_efficiency,ldv,km_per_pj,road,passenger,cng,all,yearly,national,['avg_eff_no_outliers $ transport_data_system_9th'],1,5429169522.90635,avg_eff_no_outliers $ transport_data_system_9th,417628424.83895,single_datapoint,no_comment
13291,2020,17_SIN,turnover_rate,ldv,%,road,freight,cng,all,yearly,national,['manually_inputted_data $ guess'],1,0.42,manually_inputted_data $ guess,0.03,manual,no_comment
13292,2020,17_SIN,turnover_rate,ldv,%,road,passenger,cng,all,yearly,national,['manually_inputted_data $ guess'],1,0.42,manually_inputted_data $ guess,0.03,manual,no_comment
13293,2021,17_SIN,new_vehicle_efficiency,ldv,km_per_pj,road,freight,cng,all,yearly,national,['avg_eff_no_outliers $ transport_data_system_9th'],1,7214767129.708009,avg_eff_no_outliers $ transport_data_system_9th,554982086.900616,single_datapoint,no_comment
13294,2021,17_SIN,new_vehicle_efficiency,ldv,km_per_pj,road,passenger,cng,all,yearly,national,['avg_eff_no_outliers $ transport_data_system_9th'],1,5429169522.90635,avg_eff_no_outliers $ transport_data_system_9th,417628424.83895,single_datapoint,no_comment
13295,2021,17_SIN,turnover_rate,ldv,%,road,freight,cng,all,yearly,national,['manually_inputted_data $ guess'],1,0.42,manually_inputted_data $ guess,0.03,manual,no_comment
13296,2021,17_SIN,turnover_rate,ldv,%,road,passenger,cng,all,yearly,national,['manually_inputted_data $ guess'],1,0.42,manually_inputted_data $ guess,0.03,manual,no_comment
13297,2022,17_SIN,new_vehicle_efficiency,ldv,km_per_pj,road,freight,cng,all,yearly,national,['avg_eff_no_outliers $ transport_data_system_9th'],1,7214767129.708009,avg_eff_no_outliers $ transport_data_system_9th,554982086.900616,single_datapoint,no_comment
13298,2022,17_SIN,new_vehicle_efficiency,ldv,km_per_pj,road,passenger,cng,all,yearly,national,['avg_eff_no_outliers $ transport_data_system_9th'],1,5429169522.90635,avg_eff_no_outliers $ transport_data_system_9th,417628424.83895,single_datapoint,no_comment
13299,2022,17_SIN,turnover_rate,ldv,%,road,freight,cng,all,yearly,national,['manually_inputted_data $ guess'],1,0.42,manually_inputted_data $ guess,0.03,manual,no_comment
13300,2022,17_SIN,turnover_rate,ldv,%,road,passenger,cng,all,yearly,national,['manually_inputted_data $ guess'],1,0.42,manually_inputted_data $ guess,0.03,manual,no_comment
13301,2010,17_SIN,new_vehicle_efficiency,ldv,km_per_pj,road,passenger,fcev,all,yearly,national,['avg_eff_no_outliers $ transport_data_system_9th'],1,1469603353.601357,avg_eff_no_outliers $ transport_data_system_9th,113046411.815489,single_datapoint,no_comment
13302,2010,17_SIN,turnover_rate,ldv,%,road,passenger,fcev,all,yearly,national,['manually_inputted_data $ guess'],1,0.42,manually_inputted_data $ guess,0.03,manual,no_comment
13303,2011,17_SIN,new_vehicle_efficiency,ldv,km_per_pj,road,passenger,fcev,all,yearly,national,['avg_eff_no_outliers $ transport_data_system_9th'],1,1469603353.601357,avg_eff_no_outliers $ transport_data_system_9th,113046411.815489,single_datapoint,no_comment
13304,2011,17_SIN,turnover_rate,ldv,%,road,passenger,fcev,all,yearly,national,['manually_inputted_data $ guess'],1,0.42,manually_inputted_data $ guess,0.03,manual,no_comment
13305,2012,17_SIN,new_vehicle_efficiency,ldv,km_per_pj,road,passenger,fcev,all,yearly,national,['avg_eff_no_outliers $ transport_data_system_9th'],1,1469603353.601357,avg_eff_no_outliers $ transport_data_system_9th,113046411.815489,single_datapoint,no_comment
13306,2012,17_SIN,turnover_rate,ldv,%,road,passenger,fcev,all,yearly,national,['manually_inputted_data $ guess'],1,0.42,manually_inputted_data $ guess,0.03,manual,no_comment
13307,2013,17_SIN,new_vehicle_efficiency,ldv,km_per_pj,road,passenger,fcev,all,yearly,national,['avg_eff_no_outliers $ transport_data_system_9th'],1,1469603353.601357,avg_eff_no_outliers $ transport_data_system_9th,113046411.815489,single_datapoint,no_comment
13308,2013,17_SIN,turnover_rate,ldv,%,road,passenger,fcev,all,yearly,national,['manually_inputted_data $ guess'],1,0.42,manually_inputted_data $ guess,0.03,manual,no_comment
13309,2014,17_SIN,new_vehicle_efficiency,ldv,km_per_pj,road,passenger,fcev,all,yearly,national,['avg_eff_no_outliers $ transport_data_system_9th'],1,1469603353.601357,avg_eff_no_outliers $ transport_data_system_9th,113046411.815489,single_datapoint,no_comment
13310,2014,17_SIN,turnover_rate,ldv,%,road,passenger,fcev,all,yearly,national,['manually_inputted_data $ guess'],1,0.42,manually_inputted_data $ guess,0.03,manual,no_comment
13311,2015,17_SIN,new_vehicle_efficiency,ldv,km_per_pj,road,passenger,fcev,all,yearly,national,['avg_eff_no_outliers $ transport_data_system_9th'],1,1469603353.601357,avg_eff_no_outliers $ transport_data_system_9th,113046411.815489,single_datapoint,no_comment
13312,2015,17_SIN,turnover_rate,ldv,%,road,passenger,fcev,all,yearly,national,['manually_inputted_data $ guess'],1,0.42,manually_inputted_data $ guess,0.03,manual,no_comment
13313,2016,17_SIN,new_vehicle_efficiency,ldv,km_per_pj,road,passenger,fcev,all,yearly,national,['avg_eff_no_outliers $ transport_data_system_9th'],1,1469603353.601357,avg_eff_no_outliers $ transport_data_system_9th,113046411.815489,single_datapoint,no_comment
13314,2016,17_SIN,turnover_rate,ldv,%,road,passenger,fcev,all,yearly,national,['manually_inputted_data $ guess'],1,0.42,manually_inputted_data $ guess,0.03,manual,no_comment
13315,2017,17_SIN,new_vehicle_efficiency,ldv,km_per_pj,road,passenger,fcev,all,yearly,national,['avg_eff_no_outliers $ transport_data_system_9th'],1,1469603353.601357,avg_eff_no_outliers $ transport_data_system_9th,113046411.815489,single_datapoint,no_comment
13316,2017,17_SIN,turnover_rate,ldv,%,road,freight,fcev,all,yearly,national,['turnover_rate_est'],1,0.03,turnover_rate_est,0.03,single_datapoint,no_comment
13317,2017,17_SIN,turnover_rate,ldv,%,road,passenger,fcev,all,yearly,national,"['manually_inputted_data $ guess', 'turnover_rate_est']",2,0.42,manually_inputted_data $ guess,0.03,manual,no_comment
13318,2018,17_SIN,new_vehicle_efficiency,ldv,km_per_pj,road,passenger,fcev,all,yearly,national,['avg_eff_no_outliers $ transport_data_system_9th'],1,1469603353.601357,avg_eff_no_outliers $ transport_data_system_9th,113046411.815489,single_datapoint,no_comment
13319,2018,17_SIN,turnover_rate,ldv,%,road,passenger,fcev,all,yearly,national,['manually_inputted_data $ guess'],1,0.42,manually_inputted_data $ guess,0.03,manual,no_comment
13320,2019,17_SIN,new_vehicle_efficiency,ldv,km_per_pj,road,passenger,fcev,all,yearly,national,['avg_eff_no_outliers $ transport_data_system_9th'],1,1469603353.601357,avg_eff_no_outliers $ transport_data_system_9th,113046411.815489,single_datapoint,no_comment
13321,2019,17_SIN,turnover_rate,ldv,%,road,passenger,fcev,all,yearly,national,['manually_inputted_data $ guess'],1,0.42,manually_inputted_data $ guess,0.03,manual,no_comment
13322,2020,17_SIN,new_vehicle_efficiency,ldv,km_per_pj,road,passenger,fcev,all,yearly,national,['avg_eff_no_outliers $ transport_data_system_9th'],1,1469603353.601357,avg_eff_no_outliers $ transport_data_system_9th,113046411.815489,single_datapoint,no_comment
13323,2020,17_SIN,turnover_rate,ldv,%,road,passenger,fcev,all,yearly,national,['manually_inputted_data $ guess'],1,0.42,manually_inputted_data $ guess,0.03,manual,no_comment
13324,2021,17_SIN,new_vehicle_efficiency,ldv,km_per_pj,road,passenger,fcev,all,yearly,national,['avg_eff_no_outliers $ transport_data_system_9th'],1,1469603353.601357,avg_eff_no_outliers $ transport_data_system_9th,113046411.815489,single_datapoint,no_comment
13325,2021,17_SIN,turnover_rate,ldv,%,road,passenger,fcev,all,yearly,national,['manually_inputted_data $ guess'],1,0.42,manually_inputted_data $ guess,0.03,manual,no_comment
13326,2022,17_SIN,new_vehicle_efficiency,ldv,km_per_pj,road,passenger,fcev,all,yearly,national,['avg_eff_no_outliers $ transport_data_system_9th'],1,1469603353.601357,avg_eff_no_outliers $ transport_data_system_9th,113046411.815489,single_datapoint,no_comment
13327,2022,17_SIN,turnover_rate,ldv,%,road,passenger,fcev,all,yearly,national,['manually_inputted_data $ guess'],1,0.42,manually_inputted_data $ guess,0.03,manual,no_comment
13328,2010,17_SIN,activity,ldv,passenger_km_or_freight_tonne_km,road,passenger,ice,all,yearly,national,['estimated $ calculate_energy_and_activity()'],1,173490367500.0,estimated $ calculate_energy_and_activity(),14035927500.0,single_datapoint,no_comment
13329,2010,17_SIN,energy,ldv,pj,road,passenger,ice,all,yearly,national,['estimated $ calculate_energy_and_activity()'],1,332.48995176932283,estimated $ calculate_energy_and_activity(),26.899504132485692,single_datapoint,no_comment
13330,2010,17_SIN,new_vehicle_efficiency,ldv,km_per_pj,road,freight,ice,all,yearly,national,['avg_eff_no_outliers $ transport_data_system_9th'],1,4776513034.843043,avg_eff_no_outliers $ transport_data_system_9th,367424079.603311,single_datapoint,no_comment
13331,2010,17_SIN,new_vehicle_efficiency,ldv,km_per_pj,road,passenger,ice,all,yearly,national,['avg_eff_no_outliers $ transport_data_system_9th'],1,3086802010.889935,avg_eff_no_outliers $ transport_data_system_9th,237446308.529995,single_datapoint,no_comment
13332,2010,17_SIN,travel_km,ldv,km,road,passenger,ice,all,yearly,national,['estimated $ calculate_energy_and_activity()'],1,115660245000.0,estimated $ calculate_energy_and_activity(),9357285000.0,single_datapoint,no_comment
13333,2010,17_SIN,turnover_rate,ldv,%,road,freight,ice,all,yearly,national,['manually_inputted_data $ guess'],1,0.39,manually_inputted_data $ guess,0.03,single_datapoint,no_comment
13334,2010,17_SIN,turnover_rate,ldv,%,road,passenger,ice,all,yearly,national,['manually_inputted_data $ guess'],1,0.39,manually_inputted_data $ guess,0.03,single_datapoint,no_comment
13335,2011,17_SIN,activity,ldv,passenger_km_or_freight_tonne_km,road,passenger,ice,all,yearly,national,['estimated $ calculate_energy_and_activity()'],1,173490367500.0,estimated $ calculate_energy_and_activity(),14249947500.0,single_datapoint,no_comment
13336,2011,17_SIN,energy,ldv,pj,road,passenger,ice,all,yearly,national,['estimated $ calculate_energy_and_activity()'],1,332.48995176932283,estimated $ calculate_energy_and_activity(),27.30966811163382,single_datapoint,no_comment
13337,2011,17_SIN,new_vehicle_efficiency,ldv,km_per_pj,road,freight,ice,all,yearly,national,['avg_eff_no_outliers $ transport_data_system_9th'],1,4776513034.843043,avg_eff_no_outliers $ transport_data_system_9th,367424079.603311,single_datapoint,no_comment
13338,2011,17_SIN,new_vehicle_efficiency,ldv,km_per_pj,road,passenger,ice,all,yearly,national,['avg_eff_no_outliers $ transport_data_system_9th'],1,3086802010.889935,avg_eff_no_outliers $ transport_data_system_9th,237446308.529995,single_datapoint,no_comment
13339,2011,17_SIN,travel_km,ldv,km,road,passenger,ice,all,yearly,national,['estimated $ calculate_energy_and_activity()'],1,115660245000.0,estimated $ calculate_energy_and_activity(),9499965000.0,single_datapoint,no_comment
13340,2011,17_SIN,turnover_rate,ldv,%,road,freight,ice,all,yearly,national,['manually_inputted_data $ guess'],1,0.39,manually_inputted_data $ guess,0.03,single_datapoint,no_comment
13341,2011,17_SIN,turnover_rate,ldv,%,road,passenger,ice,all,yearly,national,['manually_inputted_data $ guess'],1,0.39,manually_inputted_data $ guess,0.03,single_datapoint,no_comment
13342,2012,17_SIN,activity,ldv,passenger_km_or_freight_tonne_km,road,passenger,ice,all,yearly,national,['estimated $ calculate_energy_and_activity()'],1,173490367500.0,estimated $ calculate_energy_and_activity(),14584972500.0,single_datapoint,no_comment
13343,2012,17_SIN,energy,ldv,pj,road,passenger,ice,all,yearly,national,['estimated $ calculate_energy_and_activity()'],1,332.48995176932283,estimated $ calculate_energy_and_activity(),27.951735147957994,single_datapoint,no_comment
13344,2012,17_SIN,new_vehicle_efficiency,ldv,km_per_pj,road,freight,ice,all,yearly,national,['avg_eff_no_outliers $ transport_data_system_9th'],1,4776513034.843043,avg_eff_no_outliers $ transport_data_system_9th,367424079.603311,single_datapoint,no_comment
13345,2012,17_SIN,new_vehicle_efficiency,ldv,km_per_pj,road,passenger,ice,all,yearly,national,['avg_eff_no_outliers $ transport_data_system_9th'],1,3086802010.889935,avg_eff_no_outliers $ transport_data_system_9th,237446308.529995,single_datapoint,no_comment
13346,2012,17_SIN,travel_km,ldv,km,road,passenger,ice,all,yearly,national,['estimated $ calculate_energy_and_activity()'],1,115660245000.0,estimated $ calculate_energy_and_activity(),9723315000.0,single_datapoint,no_comment
13347,2012,17_SIN,turnover_rate,ldv,%,road,freight,ice,all,yearly,national,['manually_inputted_data $ guess'],1,0.39,manually_inputted_data $ guess,0.03,single_datapoint,no_comment
13348,2012,17_SIN,turnover_rate,ldv,%,road,passenger,ice,all,yearly,national,['manually_inputted_data $ guess'],1,0.39,manually_inputted_data $ guess,0.03,single_datapoint,no_comment
13349,2013,17_SIN,activity,ldv,passenger_km_or_freight_tonne_km,road,passenger,ice,all,yearly,national,['estimated $ calculate_energy_and_activity()'],1,173490367500.0,estimated $ calculate_energy_and_activity(),14656117500.0,single_datapoint,no_comment
13350,2013,17_SIN,energy,ldv,pj,road,passenger,ice,all,yearly,national,['estimated $ calculate_energy_and_activity()'],1,332.48995176932283,estimated $ calculate_energy_and_activity(),28.088082761716024,single_datapoint,no_comment
13351,2013,17_SIN,new_vehicle_efficiency,ldv,km_per_pj,road,freight,ice,all,yearly,national,['avg_eff_no_outliers $ transport_data_system_9th'],1,4776513034.843043,avg_eff_no_outliers $ transport_data_system_9th,367424079.603311,single_datapoint,no_comment
13352,2013,17_SIN,new_vehicle_efficiency,ldv,km_per_pj,road,passenger,ice,all,yearly,national,['avg_eff_no_outliers $ transport_data_system_9th'],1,3086802010.889935,avg_eff_no_outliers $ transport_data_system_9th,237446308.529995,single_datapoint,no_comment
13353,2013,17_SIN,travel_km,ldv,km,road,passenger,ice,all,yearly,national,['estimated $ calculate_energy_and_activity()'],1,115660245000.0,estimated $ calculate_energy_and_activity(),9770745000.0,single_datapoint,no_comment
13354,2013,17_SIN,turnover_rate,ldv,%,road,freight,ice,all,yearly,national,['manually_inputted_data $ guess'],1,0.39,manually_inputted_data $ guess,0.03,single_datapoint,no_comment
13355,2013,17_SIN,turnover_rate,ldv,%,road,passenger,ice,all,yearly,national,['manually_inputted_data $ guess'],1,0.39,manually_inputted_data $ guess,0.03,single_datapoint,no_comment
13356,2014,17_SIN,activity,ldv,passenger_km_or_freight_tonne_km,road,passenger,ice,all,yearly,national,['estimated $ calculate_energy_and_activity()'],1,173490367500.0,estimated $ calculate_energy_and_activity(),14574577500.0,single_datapoint,no_comment
13357,2014,17_SIN,energy,ldv,pj,road,passenger,ice,all,yearly,national,['estimated $ calculate_energy_and_activity()'],1,332.48995176932283,estimated $ calculate_energy_and_activity(),27.931813390350086,single_datapoint,no_comment
13358,2014,17_SIN,new_vehicle_efficiency,ldv,km_per_pj,road,freight,ice,all,yearly,national,['avg_eff_no_outliers $ transport_data_system_9th'],1,4776513034.843043,avg_eff_no_outliers $ transport_data_system_9th,367424079.603311,single_datapoint,no_comment
13359,2014,17_SIN,new_vehicle_efficiency,ldv,km_per_pj,road,passenger,ice,all,yearly,national,['avg_eff_no_outliers $ transport_data_system_9th'],1,3086802010.889935,avg_eff_no_outliers $ transport_data_system_9th,237446308.529995,single_datapoint,no_comment
13360,2014,17_SIN,travel_km,ldv,km,road,passenger,ice,all,yearly,national,['estimated $ calculate_energy_and_activity()'],1,115660245000.0,estimated $ calculate_energy_and_activity(),9716385000.0,single_datapoint,no_comment
13361,2014,17_SIN,turnover_rate,ldv,%,road,freight,ice,all,yearly,national,['manually_inputted_data $ guess'],1,0.39,manually_inputted_data $ guess,0.03,single_datapoint,no_comment
13362,2014,17_SIN,turnover_rate,ldv,%,road,passenger,ice,all,yearly,national,['manually_inputted_data $ guess'],1,0.39,manually_inputted_data $ guess,0.03,single_datapoint,no_comment
13363,2015,17_SIN,activity,ldv,passenger_km_or_freight_tonne_km,road,passenger,ice,all,yearly,national,['estimated $ calculate_energy_and_activity()'],1,173490367500.0,estimated $ calculate_energy_and_activity(),14242072500.0,single_datapoint,no_comment
13364,2015,17_SIN,energy,ldv,pj,road,passenger,ice,all,yearly,national,['estimated $ calculate_energy_and_activity()'],1,332.48995176932283,estimated $ calculate_energy_and_activity(),27.294575871021767,single_datapoint,no_comment
13365,2015,17_SIN,new_vehicle_efficiency,ldv,km_per_pj,road,freight,ice,all,yearly,national,['avg_eff_no_outliers $ transport_data_system_9th'],1,4776513034.843043,avg_eff_no_outliers $ transport_data_system_9th,367424079.603311,single_datapoint,no_comment
13366,2015,17_SIN,new_vehicle_efficiency,ldv,km_per_pj,road,passenger,ice,all,yearly,national,['avg_eff_no_outliers $ transport_data_system_9th'],1,3086802010.889935,avg_eff_no_outliers $ transport_data_system_9th,237446308.529995,single_datapoint,no_comment
13367,2015,17_SIN,travel_km,ldv,km,road,passenger,ice,all,yearly,national,['estimated $ calculate_energy_and_activity()'],1,115660245000.0,estimated $ calculate_energy_and_activity(),9494715000.0,single_datapoint,no_comment
13368,2015,17_SIN,turnover_rate,ldv,%,road,freight,ice,all,yearly,national,['manually_inputted_data $ guess'],1,0.39,manually_inputted_data $ guess,0.03,single_datapoint,no_comment
13369,2015,17_SIN,turnover_rate,ldv,%,road,passenger,ice,all,yearly,national,['manually_inputted_data $ guess'],1,0.39,manually_inputted_data $ guess,0.03,single_datapoint,no_comment
13370,2016,17_SIN,activity,ldv,passenger_km_or_freight_tonne_km,road,passenger,ice,all,yearly,national,['estimated $ calculate_energy_and_activity()'],1,173490367500.0,estimated $ calculate_energy_and_activity(),14204182500.0,single_datapoint,no_comment
13371,2016,17_SIN,energy,ldv,pj,road,passenger,ice,all,yearly,national,['estimated $ calculate_energy_and_activity()'],1,332.48995176932283,estimated $ calculate_energy_and_activity(),27.22196063333406,single_datapoint,no_comment
13372,2016,17_SIN,new_vehicle_efficiency,ldv,km_per_pj,road,freight,ice,all,yearly,national,['avg_eff_no_outliers $ transport_data_system_9th'],1,4776513034.843043,avg_eff_no_outliers $ transport_data_system_9th,367424079.603311,single_datapoint,no_comment
13373,2016,17_SIN,new_vehicle_efficiency,ldv,km_per_pj,road,passenger,ice,all,yearly,national,['avg_eff_no_outliers $ transport_data_system_9th'],1,3086802010.889935,avg_eff_no_outliers $ transport_data_system_9th,237446308.529995,single_datapoint,no_comment
13374,2016,17_SIN,travel_km,ldv,km,road,passenger,ice,all,yearly,national,['estimated $ calculate_energy_and_activity()'],1,115660245000.0,estimated $ calculate_energy_and_activity(),9469455000.0,single_datapoint,no_comment
13375,2016,17_SIN,turnover_rate,ldv,%,road,freight,ice,all,yearly,national,['manually_inputted_data $ guess'],1,0.39,manually_inputted_data $ guess,0.03,single_datapoint,no_comment
13376,2016,17_SIN,turnover_rate,ldv,%,road,passenger,ice,all,yearly,national,['manually_inputted_data $ guess'],1,0.39,manually_inputted_data $ guess,0.03,single_datapoint,no_comment
13377,2017,17_SIN,activity,ldv,passenger_km_or_freight_tonne_km,road,freight,ice,all,yearly,national,['estimated $ calculate_energy_and_activity()'],1,59595375.0,estimated $ calculate_energy_and_activity(),59595375.0,single_datapoint,no_comment
13378,2017,17_SIN,activity,ldv,passenger_km_or_freight_tonne_km,road,passenger,ice,all,yearly,national,['estimated $ calculate_energy_and_activity()'],1,173490367500.0,estimated $ calculate_energy_and_activity(),14353402500.0,single_datapoint,no_comment
13379,2017,17_SIN,energy,ldv,pj,road,freight,ice,all,yearly,national,['estimated $ calculate_energy_and_activity()'],1,0.6490698359681697,estimated $ calculate_energy_and_activity(),0.6490698359681697,single_datapoint,no_comment
13380,2017,17_SIN,energy,ldv,pj,road,passenger,ice,all,yearly,national,['estimated $ calculate_energy_and_activity()'],1,332.48995176932283,estimated $ calculate_energy_and_activity(),27.507937032588725,single_datapoint,no_comment
13381,2017,17_SIN,new_vehicle_efficiency,ldv,km_per_pj,road,freight,ice,all,yearly,national,['avg_eff_no_outliers $ transport_data_system_9th'],1,4776513034.843043,avg_eff_no_outliers $ transport_data_system_9th,367424079.603311,single_datapoint,no_comment
13382,2017,17_SIN,new_vehicle_efficiency,ldv,km_per_pj,road,passenger,ice,all,yearly,national,['avg_eff_no_outliers $ transport_data_system_9th'],1,3086802010.889935,avg_eff_no_outliers $ transport_data_system_9th,237446308.529995,single_datapoint,no_comment
13383,2017,17_SIN,travel_km,ldv,km,road,freight,ice,all,yearly,national,['estimated $ calculate_energy_and_activity()'],1,163275000.0,estimated $ calculate_energy_and_activity(),163275000.0,single_datapoint,no_comment
13384,2017,17_SIN,travel_km,ldv,km,road,passenger,ice,all,yearly,national,['estimated $ calculate_energy_and_activity()'],1,115660245000.0,estimated $ calculate_energy_and_activity(),9568935000.0,single_datapoint,no_comment
13385,2017,17_SIN,turnover_rate,ldv,%,road,freight,ice,all,yearly,national,['manually_inputted_data $ guess'],1,0.39,manually_inputted_data $ guess,0.03,single_datapoint,no_comment
13386,2017,17_SIN,turnover_rate,ldv,%,road,passenger,ice,all,yearly,national,['manually_inputted_data $ guess'],1,0.39,manually_inputted_data $ guess,0.03,single_datapoint,no_comment
13387,2018,17_SIN,activity,ldv,passenger_km_or_freight_tonne_km,road,passenger,ice,all,yearly,national,['estimated $ calculate_energy_and_activity()'],1,173490367500.0,estimated $ calculate_energy_and_activity(),14369310000.0,single_datapoint,no_comment
13388,2018,17_SIN,energy,ldv,pj,road,passenger,ice,all,yearly,national,['estimated $ calculate_energy_and_activity()'],1,332.48995176932283,estimated $ calculate_energy_and_activity(),27.53842335862507,single_datapoint,no_comment
13389,2018,17_SIN,new_vehicle_efficiency,ldv,km_per_pj,road,freight,ice,all,yearly,national,['avg_eff_no_outliers $ transport_data_system_9th'],1,4776513034.843043,avg_eff_no_outliers $ transport_data_system_9th,367424079.603311,single_datapoint,no_comment
13390,2018,17_SIN,new_vehicle_efficiency,ldv,km_per_pj,road,passenger,ice,all,yearly,national,['avg_eff_no_outliers $ transport_data_system_9th'],1,3086802010.889935,avg_eff_no_outliers $ transport_data_system_9th,237446308.529995,single_datapoint,no_comment
13391,2018,17_SIN,travel_km,ldv,km,road,passenger,ice,all,yearly,national,['estimated $ calculate_energy_and_activity()'],1,115660245000.0,estimated $ calculate_energy_and_activity(),9579540000.0,single_datapoint,no_comment
13392,2018,17_SIN,turnover_rate,ldv,%,road,freight,ice,all,yearly,national,['manually_inputted_data $ guess'],1,0.39,manually_inputted_data $ guess,0.03,single_datapoint,no_comment
13393,2018,17_SIN,turnover_rate,ldv,%,road,passenger,ice,all,yearly,national,['manually_inputted_data $ guess'],1,0.39,manually_inputted_data $ guess,0.03,single_datapoint,no_comment
13394,2019,17_SIN,activity,ldv,passenger_km_or_freight_tonne_km,road,passenger,ice,all,yearly,national,['estimated $ calculate_energy_and_activity()'],1,173490367500.0,estimated $ calculate_energy_and_activity(),14652517500.0,single_datapoint,no_comment
13395,2019,17_SIN,energy,ldv,pj,road,passenger,ice,all,yearly,national,['estimated $ calculate_energy_and_activity()'],1,332.48995176932283,estimated $ calculate_energy_and_activity(),28.08118345172194,single_datapoint,no_comment
13396,2019,17_SIN,new_vehicle_efficiency,ldv,km_per_pj,road,freight,ice,all,yearly,national,['avg_eff_no_outliers $ transport_data_system_9th'],1,4776513034.843043,avg_eff_no_outliers $ transport_data_system_9th,367424079.603311,single_datapoint,no_comment
13397,2019,17_SIN,new_vehicle_efficiency,ldv,km_per_pj,road,passenger,ice,all,yearly,national,['avg_eff_no_outliers $ transport_data_system_9th'],1,3086802010.889935,avg_eff_no_outliers $ transport_data_system_9th,237446308.529995,single_datapoint,no_comment
13398,2019,17_SIN,travel_km,ldv,km,road,passenger,ice,all,yearly,national,['estimated $ calculate_energy_and_activity()'],1,115660245000.0,estimated $ calculate_energy_and_activity(),9768345000.0,single_datapoint,no_comment
13399,2019,17_SIN,turnover_rate,ldv,%,road,freight,ice,all,yearly,national,['manually_inputted_data $ guess'],1,0.39,manually_inputted_data $ guess,0.03,single_datapoint,no_comment
13400,2019,17_SIN,turnover_rate,ldv,%,road,passenger,ice,all,yearly,national,['manually_inputted_data $ guess'],1,0.39,manually_inputted_data $ guess,0.03,single_datapoint,no_comment
13401,2020,17_SIN,activity,ldv,passenger_km_or_freight_tonne_km,road,passenger,ice,all,yearly,national,['estimated $ calculate_energy_and_activity()'],1,173490367500.0,estimated $ calculate_energy_and_activity(),14666805000.0,single_datapoint,no_comment
13402,2020,17_SIN,energy,ldv,pj,road,passenger,ice,all,yearly,national,['estimated $ calculate_energy_and_activity()'],1,332.48995176932283,estimated $ calculate_energy_and_activity(),28.108565088260953,single_datapoint,no_comment
13403,2020,17_SIN,new_vehicle_efficiency,ldv,km_per_pj,road,freight,ice,all,yearly,national,['avg_eff_no_outliers $ transport_data_system_9th'],1,4776513034.843043,avg_eff_no_outliers $ transport_data_system_9th,367424079.603311,single_datapoint,no_comment
13404,2020,17_SIN,new_vehicle_efficiency,ldv,km_per_pj,road,passenger,ice,all,yearly,national,['avg_eff_no_outliers $ transport_data_system_9th'],1,3086802010.889935,avg_eff_no_outliers $ transport_data_system_9th,237446308.529995,single_datapoint,no_comment
13405,2020,17_SIN,travel_km,ldv,km,road,passenger,ice,all,yearly,national,['estimated $ calculate_energy_and_activity()'],1,115660245000.0,estimated $ calculate_energy_and_activity(),9777870000.0,single_datapoint,no_comment
13406,2020,17_SIN,turnover_rate,ldv,%,road,freight,ice,all,yearly,national,['manually_inputted_data $ guess'],1,0.39,manually_inputted_data $ guess,0.03,single_datapoint,no_comment
13407,2020,17_SIN,turnover_rate,ldv,%,road,passenger,ice,all,yearly,national,['manually_inputted_data $ guess'],1,0.39,manually_inputted_data $ guess,0.03,single_datapoint,no_comment
13408,2021,17_SIN,activity,ldv,passenger_km_or_freight_tonne_km,road,passenger,ice,all,yearly,national,['estimated $ calculate_energy_and_activity()'],1,173490367500.0,estimated $ calculate_energy_and_activity(),14900535000.0,single_datapoint,no_comment
13409,2021,17_SIN,energy,ldv,pj,road,passenger,ice,all,yearly,national,['estimated $ calculate_energy_and_activity()'],1,332.48995176932283,estimated $ calculate_energy_and_activity(),28.55650278962667,single_datapoint,no_comment
13410,2021,17_SIN,new_vehicle_efficiency,ldv,km_per_pj,road,freight,ice,all,yearly,national,['avg_eff_no_outliers $ transport_data_system_9th'],1,4776513034.843043,avg_eff_no_outliers $ transport_data_system_9th,367424079.603311,single_datapoint,no_comment
13411,2021,17_SIN,new_vehicle_efficiency,ldv,km_per_pj,road,passenger,ice,all,yearly,national,['avg_eff_no_outliers $ transport_data_system_9th'],1,3086802010.889935,avg_eff_no_outliers $ transport_data_system_9th,237446308.529995,single_datapoint,no_comment
13412,2021,17_SIN,travel_km,ldv,km,road,passenger,ice,all,yearly,national,['estimated $ calculate_energy_and_activity()'],1,115660245000.0,estimated $ calculate_energy_and_activity(),9933690000.0,single_datapoint,no_comment
13413,2021,17_SIN,turnover_rate,ldv,%,road,freight,ice,all,yearly,national,['manually_inputted_data $ guess'],1,0.39,manually_inputted_data $ guess,0.03,single_datapoint,no_comment
13414,2021,17_SIN,turnover_rate,ldv,%,road,passenger,ice,all,yearly,national,['manually_inputted_data $ guess'],1,0.39,manually_inputted_data $ guess,0.03,single_datapoint,no_comment
13415,2022,17_SIN,new_vehicle_efficiency,ldv,km_per_pj,road,freight,ice,all,yearly,national,['avg_eff_no_outliers $ transport_data_system_9th'],1,4776513034.843043,avg_eff_no_outliers $ transport_data_system_9th,367424079.603311,single_datapoint,no_comment
13416,2022,17_SIN,new_vehicle_efficiency,ldv,km_per_pj,road,passenger,ice,all,yearly,national,['avg_eff_no_outliers $ transport_data_system_9th'],1,3086802010.889935,avg_eff_no_outliers $ transport_data_system_9th,237446308.529995,single_datapoint,no_comment
13417,2022,17_SIN,turnover_rate,ldv,%,road,freight,ice,all,yearly,national,['manually_inputted_data $ guess'],1,0.39,manually_inputted_data $ guess,0.03,single_datapoint,no_comment
13418,2022,17_SIN,turnover_rate,ldv,%,road,passenger,ice,all,yearly,national,['manually_inputted_data $ guess'],1,0.39,manually_inputted_data $ guess,0.03,single_datapoint,no_comment
13419,2010,17_SIN,new_vehicle_efficiency,ldv,km_per_pj,road,freight,lpg,all,yearly,national,['avg_eff_no_outliers $ transport_data_system_9th'],1,3668778329.1297708,avg_eff_no_outliers $ transport_data_system_9th,282213717.625367,single_datapoint,no_comment
13420,2010,17_SIN,new_vehicle_efficiency,ldv,km_per_pj,road,passenger,lpg,all,yearly,national,['avg_eff_no_outliers $ transport_data_system_9th'],1,4713924488.084526,avg_eff_no_outliers $ transport_data_system_9th,362609576.006502,single_datapoint,no_comment
13421,2010,17_SIN,turnover_rate,ldv,%,road,freight,lpg,all,yearly,national,['manually_inputted_data $ guess'],1,0.42,manually_inputted_data $ guess,0.03,manual,no_comment
13422,2010,17_SIN,turnover_rate,ldv,%,road,passenger,lpg,all,yearly,national,['manually_inputted_data $ guess'],1,0.42,manually_inputted_data $ guess,0.03,manual,no_comment
13423,2011,17_SIN,new_vehicle_efficiency,ldv,km_per_pj,road,freight,lpg,all,yearly,national,['avg_eff_no_outliers $ transport_data_system_9th'],1,3668778329.1297708,avg_eff_no_outliers $ transport_data_system_9th,282213717.625367,single_datapoint,no_comment
13424,2011,17_SIN,new_vehicle_efficiency,ldv,km_per_pj,road,passenger,lpg,all,yearly,national,['avg_eff_no_outliers $ transport_data_system_9th'],1,4713924488.084526,avg_eff_no_outliers $ transport_data_system_9th,362609576.006502,single_datapoint,no_comment
13425,2011,17_SIN,turnover_rate,ldv,%,road,freight,lpg,all,yearly,national,['manually_inputted_data $ guess'],1,0.42,manually_inputted_data $ guess,0.03,manual,no_comment
13426,2011,17_SIN,turnover_rate,ldv,%,road,passenger,lpg,all,yearly,national,['manually_inputted_data $ guess'],1,0.42,manually_inputted_data $ guess,0.03,manual,no_comment
13427,2012,17_SIN,new_vehicle_efficiency,ldv,km_per_pj,road,freight,lpg,all,yearly,national,['avg_eff_no_outliers $ transport_data_system_9th'],1,3668778329.1297708,avg_eff_no_outliers $ transport_data_system_9th,282213717.625367,single_datapoint,no_comment
13428,2012,17_SIN,new_vehicle_efficiency,ldv,km_per_pj,road,passenger,lpg,all,yearly,national,['avg_eff_no_outliers $ transport_data_system_9th'],1,4713924488.084526,avg_eff_no_outliers $ transport_data_system_9th,362609576.006502,single_datapoint,no_comment
13429,2012,17_SIN,turnover_rate,ldv,%,road,freight,lpg,all,yearly,national,['manually_inputted_data $ guess'],1,0.42,manually_inputted_data $ guess,0.03,manual,no_comment
13430,2012,17_SIN,turnover_rate,ldv,%,road,passenger,lpg,all,yearly,national,['manually_inputted_data $ guess'],1,0.42,manually_inputted_data $ guess,0.03,manual,no_comment
13431,2013,17_SIN,new_vehicle_efficiency,ldv,km_per_pj,road,freight,lpg,all,yearly,national,['avg_eff_no_outliers $ transport_data_system_9th'],1,3668778329.1297708,avg_eff_no_outliers $ transport_data_system_9th,282213717.625367,single_datapoint,no_comment
13432,2013,17_SIN,new_vehicle_efficiency,ldv,km_per_pj,road,passenger,lpg,all,yearly,national,['avg_eff_no_outliers $ transport_data_system_9th'],1,4713924488.084526,avg_eff_no_outliers $ transport_data_system_9th,362609576.006502,single_datapoint,no_comment
13433,2013,17_SIN,turnover_rate,ldv,%,road,freight,lpg,all,yearly,national,['manually_inputted_data $ guess'],1,0.42,manually_inputted_data $ guess,0.03,manual,no_comment
13434,2013,17_SIN,turnover_rate,ldv,%,road,passenger,lpg,all,yearly,national,['manually_inputted_data $ guess'],1,0.42,manually_inputted_data $ guess,0.03,manual,no_comment
13435,2014,17_SIN,new_vehicle_efficiency,ldv,km_per_pj,road,freight,lpg,all,yearly,national,['avg_eff_no_outliers $ transport_data_system_9th'],1,3668778329.1297708,avg_eff_no_outliers $ transport_data_system_9th,282213717.625367,single_datapoint,no_comment
13436,2014,17_SIN,new_vehicle_efficiency,ldv,km_per_pj,road,passenger,lpg,all,yearly,national,['avg_eff_no_outliers $ transport_data_system_9th'],1,4713924488.084526,avg_eff_no_outliers $ transport_data_system_9th,362609576.006502,single_datapoint,no_comment
13437,2014,17_SIN,turnover_rate,ldv,%,road,freight,lpg,all,yearly,national,['manually_inputted_data $ guess'],1,0.42,manually_inputted_data $ guess,0.03,manual,no_comment
13438,2014,17_SIN,turnover_rate,ldv,%,road,passenger,lpg,all,yearly,national,['manually_inputted_data $ guess'],1,0.42,manually_inputted_data $ guess,0.03,manual,no_comment
13439,2015,17_SIN,new_vehicle_efficiency,ldv,km_per_pj,road,freight,lpg,all,yearly,national,['avg_eff_no_outliers $ transport_data_system_9th'],1,3668778329.1297708,avg_eff_no_outliers $ transport_data_system_9th,282213717.625367,single_datapoint,no_comment
13440,2015,17_SIN,new_vehicle_efficiency,ldv,km_per_pj,road,passenger,lpg,all,yearly,national,['avg_eff_no_outliers $ transport_data_system_9th'],1,4713924488.084526,avg_eff_no_outliers $ transport_data_system_9th,362609576.006502,single_datapoint,no_comment
13441,2015,17_SIN,turnover_rate,ldv,%,road,freight,lpg,all,yearly,national,['manually_inputted_data $ guess'],1,0.42,manually_inputted_data $ guess,0.03,manual,no_comment
13442,2015,17_SIN,turnover_rate,ldv,%,road,passenger,lpg,all,yearly,national,['manually_inputted_data $ guess'],1,0.42,manually_inputted_data $ guess,0.03,manual,no_comment
13443,2016,17_SIN,new_vehicle_efficiency,ldv,km_per_pj,road,freight,lpg,all,yearly,national,['avg_eff_no_outliers $ transport_data_system_9th'],1,3668778329.1297708,avg_eff_no_outliers $ transport_data_system_9th,282213717.625367,single_datapoint,no_comment
13444,2016,17_SIN,new_vehicle_efficiency,ldv,km_per_pj,road,passenger,lpg,all,yearly,national,['avg_eff_no_outliers $ transport_data_system_9th'],1,4713924488.084526,avg_eff_no_outliers $ transport_data_system_9th,362609576.006502,single_datapoint,no_comment
13445,2016,17_SIN,turnover_rate,ldv,%,road,freight,lpg,all,yearly,national,['manually_inputted_data $ guess'],1,0.42,manually_inputted_data $ guess,0.03,manual,no_comment
13446,2016,17_SIN,turnover_rate,ldv,%,road,passenger,lpg,all,yearly,national,['manually_inputted_data $ guess'],1,0.42,manually_inputted_data $ guess,0.03,manual,no_comment
13447,2017,17_SIN,new_vehicle_efficiency,ldv,km_per_pj,road,freight,lpg,all,yearly,national,['avg_eff_no_outliers $ transport_data_system_9th'],1,3668778329.1297708,avg_eff_no_outliers $ transport_data_system_9th,282213717.625367,single_datapoint,no_comment
13448,2017,17_SIN,new_vehicle_efficiency,ldv,km_per_pj,road,passenger,lpg,all,yearly,national,['avg_eff_no_outliers $ transport_data_system_9th'],1,4713924488.084526,avg_eff_no_outliers $ transport_data_system_9th,362609576.006502,single_datapoint,no_comment
13449,2017,17_SIN,turnover_rate,ldv,%,road,freight,lpg,all,yearly,national,"['manually_inputted_data $ guess', 'turnover_rate_est']",2,0.42,manually_inputted_data $ guess,0.03,manual,no_comment
13450,2017,17_SIN,turnover_rate,ldv,%,road,passenger,lpg,all,yearly,national,"['manually_inputted_data $ guess', 'turnover_rate_est']",2,0.42,manually_inputted_data $ guess,0.03,manual,no_comment
13451,2018,17_SIN,new_vehicle_efficiency,ldv,km_per_pj,road,freight,lpg,all,yearly,national,['avg_eff_no_outliers $ transport_data_system_9th'],1,3668778329.1297708,avg_eff_no_outliers $ transport_data_system_9th,282213717.625367,single_datapoint,no_comment
13452,2018,17_SIN,new_vehicle_efficiency,ldv,km_per_pj,road,passenger,lpg,all,yearly,national,['avg_eff_no_outliers $ transport_data_system_9th'],1,4713924488.084526,avg_eff_no_outliers $ transport_data_system_9th,362609576.006502,single_datapoint,no_comment
13453,2018,17_SIN,turnover_rate,ldv,%,road,freight,lpg,all,yearly,national,['manually_inputted_data $ guess'],1,0.42,manually_inputted_data $ guess,0.03,manual,no_comment
13454,2018,17_SIN,turnover_rate,ldv,%,road,passenger,lpg,all,yearly,national,['manually_inputted_data $ guess'],1,0.42,manually_inputted_data $ guess,0.03,manual,no_comment
13455,2019,17_SIN,new_vehicle_efficiency,ldv,km_per_pj,road,freight,lpg,all,yearly,national,['avg_eff_no_outliers $ transport_data_system_9th'],1,3668778329.1297708,avg_eff_no_outliers $ transport_data_system_9th,282213717.625367,single_datapoint,no_comment
13456,2019,17_SIN,new_vehicle_efficiency,ldv,km_per_pj,road,passenger,lpg,all,yearly,national,['avg_eff_no_outliers $ transport_data_system_9th'],1,4713924488.084526,avg_eff_no_outliers $ transport_data_system_9th,362609576.006502,single_datapoint,no_comment
13457,2019,17_SIN,turnover_rate,ldv,%,road,freight,lpg,all,yearly,national,['manually_inputted_data $ guess'],1,0.42,manually_inputted_data $ guess,0.03,manual,no_comment
13458,2019,17_SIN,turnover_rate,ldv,%,road,passenger,lpg,all,yearly,national,['manually_inputted_data $ guess'],1,0.42,manually_inputted_data $ guess,0.03,manual,no_comment
13459,2020,17_SIN,new_vehicle_efficiency,ldv,km_per_pj,road,freight,lpg,all,yearly,national,['avg_eff_no_outliers $ transport_data_system_9th'],1,3668778329.1297708,avg_eff_no_outliers $ transport_data_system_9th,282213717.625367,single_datapoint,no_comment
13460,2020,17_SIN,new_vehicle_efficiency,ldv,km_per_pj,road,passenger,lpg,all,yearly,national,['avg_eff_no_outliers $ transport_data_system_9th'],1,4713924488.084526,avg_eff_no_outliers $ transport_data_system_9th,362609576.006502,single_datapoint,no_comment
13461,2020,17_SIN,turnover_rate,ldv,%,road,freight,lpg,all,yearly,national,['manually_inputted_data $ guess'],1,0.42,manually_inputted_data $ guess,0.03,manual,no_comment
13462,2020,17_SIN,turnover_rate,ldv,%,road,passenger,lpg,all,yearly,national,['manually_inputted_data $ guess'],1,0.42,manually_inputted_data $ guess,0.03,manual,no_comment
13463,2021,17_SIN,new_vehicle_efficiency,ldv,km_per_pj,road,freight,lpg,all,yearly,national,['avg_eff_no_outliers $ transport_data_system_9th'],1,3668778329.1297708,avg_eff_no_outliers $ transport_data_system_9th,282213717.625367,single_datapoint,no_comment
13464,2021,17_SIN,new_vehicle_efficiency,ldv,km_per_pj,road,passenger,lpg,all,yearly,national,['avg_eff_no_outliers $ transport_data_system_9th'],1,4713924488.084526,avg_eff_no_outliers $ transport_data_system_9th,362609576.006502,single_datapoint,no_comment
13465,2021,17_SIN,turnover_rate,ldv,%,road,freight,lpg,all,yearly,national,['manually_inputted_data $ guess'],1,0.42,manually_inputted_data $ guess,0.03,manual,no_comment
13466,2021,17_SIN,turnover_rate,ldv,%,road,passenger,lpg,all,yearly,national,['manually_inputted_data $ guess'],1,0.42,manually_inputted_data $ guess,0.03,manual,no_comment
13467,2022,17_SIN,new_vehicle_efficiency,ldv,km_per_pj,road,freight,lpg,all,yearly,national,['avg_eff_no_outliers $ transport_data_system_9th'],1,3668778329.1297708,avg_eff_no_outliers $ transport_data_system_9th,282213717.625367,single_datapoint,no_comment
13468,2022,17_SIN,new_vehicle_efficiency,ldv,km_per_pj,road,passenger,lpg,all,yearly,national,['avg_eff_no_outliers $ transport_data_system_9th'],1,4713924488.084526,avg_eff_no_outliers $ transport_data_system_9th,362609576.006502,single_datapoint,no_comment
13469,2022,17_SIN,turnover_rate,ldv,%,road,freight,lpg,all,yearly,national,['manually_inputted_data $ guess'],1,0.42,manually_inputted_data $ guess,0.03,manual,no_comment
13470,2022,17_SIN,turnover_rate,ldv,%,road,passenger,lpg,all,yearly,national,['manually_inputted_data $ guess'],1,0.42,manually_inputted_data $ guess,0.03,manual,no_comment
13471,2010,17_SIN,new_vehicle_efficiency,ldv,km_per_pj,road,freight,phev,all,yearly,national,['avg_eff_no_outliers $ transport_data_system_9th'],1,8979606259.303562,avg_eff_no_outliers $ transport_data_system_9th,690738943.023351,single_datapoint,no_comment
13472,2010,17_SIN,new_vehicle_efficiency,ldv,km_per_pj,road,passenger,phev,all,yearly,national,['avg_eff_no_outliers $ transport_data_system_9th'],1,5974718100.659283,avg_eff_no_outliers $ transport_data_system_9th,459593700.050714,single_datapoint,no_comment
13473,2010,17_SIN,turnover_rate,ldv,%,road,freight,phev,all,yearly,national,['manually_inputted_data $ guess'],1,0.39,manually_inputted_data $ guess,0.03,single_datapoint,no_comment
13474,2010,17_SIN,turnover_rate,ldv,%,road,passenger,phev,all,yearly,national,['manually_inputted_data $ guess'],1,0.39,manually_inputted_data $ guess,0.03,single_datapoint,no_comment
13475,2011,17_SIN,new_vehicle_efficiency,ldv,km_per_pj,road,freight,phev,all,yearly,national,['avg_eff_no_outliers $ transport_data_system_9th'],1,8979606259.303562,avg_eff_no_outliers $ transport_data_system_9th,690738943.023351,single_datapoint,no_comment
13476,2011,17_SIN,new_vehicle_efficiency,ldv,km_per_pj,road,passenger,phev,all,yearly,national,['avg_eff_no_outliers $ transport_data_system_9th'],1,5974718100.659283,avg_eff_no_outliers $ transport_data_system_9th,459593700.050714,single_datapoint,no_comment
13477,2011,17_SIN,turnover_rate,ldv,%,road,freight,phev,all,yearly,national,['manually_inputted_data $ guess'],1,0.39,manually_inputted_data $ guess,0.03,single_datapoint,no_comment
13478,2011,17_SIN,turnover_rate,ldv,%,road,passenger,phev,all,yearly,national,['manually_inputted_data $ guess'],1,0.39,manually_inputted_data $ guess,0.03,single_datapoint,no_comment
13479,2012,17_SIN,new_vehicle_efficiency,ldv,km_per_pj,road,freight,phev,all,yearly,national,['avg_eff_no_outliers $ transport_data_system_9th'],1,8979606259.303562,avg_eff_no_outliers $ transport_data_system_9th,690738943.023351,single_datapoint,no_comment
13480,2012,17_SIN,new_vehicle_efficiency,ldv,km_per_pj,road,passenger,phev,all,yearly,national,['avg_eff_no_outliers $ transport_data_system_9th'],1,5974718100.659283,avg_eff_no_outliers $ transport_data_system_9th,459593700.050714,single_datapoint,no_comment
13481,2012,17_SIN,turnover_rate,ldv,%,road,freight,phev,all,yearly,national,['manually_inputted_data $ guess'],1,0.39,manually_inputted_data $ guess,0.03,single_datapoint,no_comment
13482,2012,17_SIN,turnover_rate,ldv,%,road,passenger,phev,all,yearly,national,['manually_inputted_data $ guess'],1,0.39,manually_inputted_data $ guess,0.03,single_datapoint,no_comment
13483,2013,17_SIN,new_vehicle_efficiency,ldv,km_per_pj,road,freight,phev,all,yearly,national,['avg_eff_no_outliers $ transport_data_system_9th'],1,8979606259.303562,avg_eff_no_outliers $ transport_data_system_9th,690738943.023351,single_datapoint,no_comment
13484,2013,17_SIN,new_vehicle_efficiency,ldv,km_per_pj,road,passenger,phev,all,yearly,national,['avg_eff_no_outliers $ transport_data_system_9th'],1,5974718100.659283,avg_eff_no_outliers $ transport_data_system_9th,459593700.050714,single_datapoint,no_comment
13485,2013,17_SIN,turnover_rate,ldv,%,road,freight,phev,all,yearly,national,['manually_inputted_data $ guess'],1,0.39,manually_inputted_data $ guess,0.03,single_datapoint,no_comment
13486,2013,17_SIN,turnover_rate,ldv,%,road,passenger,phev,all,yearly,national,['manually_inputted_data $ guess'],1,0.39,manually_inputted_data $ guess,0.03,single_datapoint,no_comment
13487,2014,17_SIN,new_vehicle_efficiency,ldv,km_per_pj,road,freight,phev,all,yearly,national,['avg_eff_no_outliers $ transport_data_system_9th'],1,8979606259.303562,avg_eff_no_outliers $ transport_data_system_9th,690738943.023351,single_datapoint,no_comment
13488,2014,17_SIN,new_vehicle_efficiency,ldv,km_per_pj,road,passenger,phev,all,yearly,national,['avg_eff_no_outliers $ transport_data_system_9th'],1,5974718100.659283,avg_eff_no_outliers $ transport_data_system_9th,459593700.050714,single_datapoint,no_comment
13489,2014,17_SIN,turnover_rate,ldv,%,road,freight,phev,all,yearly,national,['manually_inputted_data $ guess'],1,0.39,manually_inputted_data $ guess,0.03,single_datapoint,no_comment
13490,2014,17_SIN,turnover_rate,ldv,%,road,passenger,phev,all,yearly,national,['manually_inputted_data $ guess'],1,0.39,manually_inputted_data $ guess,0.03,single_datapoint,no_comment
13491,2015,17_SIN,new_vehicle_efficiency,ldv,km_per_pj,road,freight,phev,all,yearly,national,['avg_eff_no_outliers $ transport_data_system_9th'],1,8979606259.303562,avg_eff_no_outliers $ transport_data_system_9th,690738943.023351,single_datapoint,no_comment
13492,2015,17_SIN,new_vehicle_efficiency,ldv,km_per_pj,road,passenger,phev,all,yearly,national,['avg_eff_no_outliers $ transport_data_system_9th'],1,5974718100.659283,avg_eff_no_outliers $ transport_data_system_9th,459593700.050714,single_datapoint,no_comment
13493,2015,17_SIN,turnover_rate,ldv,%,road,freight,phev,all,yearly,national,['manually_inputted_data $ guess'],1,0.39,manually_inputted_data $ guess,0.03,single_datapoint,no_comment
13494,2015,17_SIN,turnover_rate,ldv,%,road,passenger,phev,all,yearly,national,['manually_inputted_data $ guess'],1,0.39,manually_inputted_data $ guess,0.03,single_datapoint,no_comment
13495,2016,17_SIN,new_vehicle_efficiency,ldv,km_per_pj,road,freight,phev,all,yearly,national,['avg_eff_no_outliers $ transport_data_system_9th'],1,8979606259.303562,avg_eff_no_outliers $ transport_data_system_9th,690738943.023351,single_datapoint,no_comment
13496,2016,17_SIN,new_vehicle_efficiency,ldv,km_per_pj,road,passenger,phev,all,yearly,national,['avg_eff_no_outliers $ transport_data_system_9th'],1,5974718100.659283,avg_eff_no_outliers $ transport_data_system_9th,459593700.050714,single_datapoint,no_comment
13497,2016,17_SIN,turnover_rate,ldv,%,road,freight,phev,all,yearly,national,['manually_inputted_data $ guess'],1,0.39,manually_inputted_data $ guess,0.03,single_datapoint,no_comment
13498,2016,17_SIN,turnover_rate,ldv,%,road,passenger,phev,all,yearly,national,['manually_inputted_data $ guess'],1,0.39,manually_inputted_data $ guess,0.03,single_datapoint,no_comment
13499,2017,17_SIN,new_vehicle_efficiency,ldv,km_per_pj,road,freight,phev,all,yearly,national,['avg_eff_no_outliers $ transport_data_system_9th'],1,8979606259.303562,avg_eff_no_outliers $ transport_data_system_9th,690738943.023351,single_datapoint,no_comment
13500,2017,17_SIN,new_vehicle_efficiency,ldv,km_per_pj,road,passenger,phev,all,yearly,national,['avg_eff_no_outliers $ transport_data_system_9th'],1,5974718100.659283,avg_eff_no_outliers $ transport_data_system_9th,459593700.050714,single_datapoint,no_comment
13501,2017,17_SIN,turnover_rate,ldv,%,road,freight,phev,all,yearly,national,['manually_inputted_data $ guess'],1,0.39,manually_inputted_data $ guess,0.03,single_datapoint,no_comment
13502,2017,17_SIN,turnover_rate,ldv,%,road,passenger,phev,all,yearly,national,['manually_inputted_data $ guess'],1,0.39,manually_inputted_data $ guess,0.03,single_datapoint,no_comment
13503,2018,17_SIN,new_vehicle_efficiency,ldv,km_per_pj,road,freight,phev,all,yearly,national,['avg_eff_no_outliers $ transport_data_system_9th'],1,8979606259.303562,avg_eff_no_outliers $ transport_data_system_9th,690738943.023351,single_datapoint,no_comment
13504,2018,17_SIN,new_vehicle_efficiency,ldv,km_per_pj,road,passenger,phev,all,yearly,national,['avg_eff_no_outliers $ transport_data_system_9th'],1,5974718100.659283,avg_eff_no_outliers $ transport_data_system_9th,459593700.050714,single_datapoint,no_comment
13505,2018,17_SIN,turnover_rate,ldv,%,road,freight,phev,all,yearly,national,['manually_inputted_data $ guess'],1,0.39,manually_inputted_data $ guess,0.03,single_datapoint,no_comment
13506,2018,17_SIN,turnover_rate,ldv,%,road,passenger,phev,all,yearly,national,['manually_inputted_data $ guess'],1,0.39,manually_inputted_data $ guess,0.03,single_datapoint,no_comment
13507,2019,17_SIN,new_vehicle_efficiency,ldv,km_per_pj,road,freight,phev,all,yearly,national,['avg_eff_no_outliers $ transport_data_system_9th'],1,8979606259.303562,avg_eff_no_outliers $ transport_data_system_9th,690738943.023351,single_datapoint,no_comment
13508,2019,17_SIN,new_vehicle_efficiency,ldv,km_per_pj,road,passenger,phev,all,yearly,national,['avg_eff_no_outliers $ transport_data_system_9th'],1,5974718100.659283,avg_eff_no_outliers $ transport_data_system_9th,459593700.050714,single_datapoint,no_comment
13509,2019,17_SIN,turnover_rate,ldv,%,road,freight,phev,all,yearly,national,['manually_inputted_data $ guess'],1,0.39,manually_inputted_data $ guess,0.03,single_datapoint,no_comment
13510,2019,17_SIN,turnover_rate,ldv,%,road,passenger,phev,all,yearly,national,['manually_inputted_data $ guess'],1,0.39,manually_inputted_data $ guess,0.03,single_datapoint,no_comment
13511,2020,17_SIN,new_vehicle_efficiency,ldv,km_per_pj,road,freight,phev,all,yearly,national,['avg_eff_no_outliers $ transport_data_system_9th'],1,8979606259.303562,avg_eff_no_outliers $ transport_data_system_9th,690738943.023351,single_datapoint,no_comment
13512,2020,17_SIN,new_vehicle_efficiency,ldv,km_per_pj,road,passenger,phev,all,yearly,national,['avg_eff_no_outliers $ transport_data_system_9th'],1,5974718100.659283,avg_eff_no_outliers $ transport_data_system_9th,459593700.050714,single_datapoint,no_comment
13513,2020,17_SIN,turnover_rate,ldv,%,road,freight,phev,all,yearly,national,['manually_inputted_data $ guess'],1,0.39,manually_inputted_data $ guess,0.03,single_datapoint,no_comment
13514,2020,17_SIN,turnover_rate,ldv,%,road,passenger,phev,all,yearly,national,['manually_inputted_data $ guess'],1,0.39,manually_inputted_data $ guess,0.03,single_datapoint,no_comment
13515,2021,17_SIN,new_vehicle_efficiency,ldv,km_per_pj,road,freight,phev,all,yearly,national,['avg_eff_no_outliers $ transport_data_system_9th'],1,8979606259.303562,avg_eff_no_outliers $ transport_data_system_9th,690738943.023351,single_datapoint,no_comment
13516,2021,17_SIN,new_vehicle_efficiency,ldv,km_per_pj,road,passenger,phev,all,yearly,national,['avg_eff_no_outliers $ transport_data_system_9th'],1,5974718100.659283,avg_eff_no_outliers $ transport_data_system_9th,459593700.050714,single_datapoint,no_comment
13517,2021,17_SIN,turnover_rate,ldv,%,road,freight,phev,all,yearly,national,['manually_inputted_data $ guess'],1,0.39,manually_inputted_data $ guess,0.03,single_datapoint,no_comment
13518,2021,17_SIN,turnover_rate,ldv,%,road,passenger,phev,all,yearly,national,['manually_inputted_data $ guess'],1,0.39,manually_inputted_data $ guess,0.03,single_datapoint,no_comment
13519,2022,17_SIN,new_vehicle_efficiency,ldv,km_per_pj,road,freight,phev,all,yearly,national,['avg_eff_no_outliers $ transport_data_system_9th'],1,8979606259.303562,avg_eff_no_outliers $ transport_data_system_9th,690738943.023351,single_datapoint,no_comment
13520,2022,17_SIN,new_vehicle_efficiency,ldv,km_per_pj,road,passenger,phev,all,yearly,national,['avg_eff_no_outliers $ transport_data_system_9th'],1,5974718100.659283,avg_eff_no_outliers $ transport_data_system_9th,459593700.050714,single_datapoint,no_comment
13521,2022,17_SIN,turnover_rate,ldv,%,road,freight,phev,all,yearly,national,['manually_inputted_data $ guess'],1,0.39,manually_inputted_data $ guess,0.03,single_datapoint,no_comment
13522,2022,17_SIN,turnover_rate,ldv,%,road,passenger,phev,all,yearly,national,['manually_inputted_data $ guess'],1,0.39,manually_inputted_data $ guess,0.03,single_datapoint,no_comment
13523,2010,18_CT,new_vehicle_efficiency,2w,km_per_pj,road,passenger,bev,all,yearly,national,['avg_eff_no_outliers $ transport_data_system_9th'],1,33137029391.83156,avg_eff_no_outliers $ transport_data_system_9th,2549002260.91012,single_datapoint,no_comment
13524,2010,18_CT,turnover_rate,2w,%,road,passenger,bev,all,yearly,national,['manually_inputted_data $ guess'],1,0.42,manually_inputted_data $ guess,0.03,manual,no_comment
13525,2011,18_CT,new_vehicle_efficiency,2w,km_per_pj,road,passenger,bev,all,yearly,national,['avg_eff_no_outliers $ transport_data_system_9th'],1,33137029391.83156,avg_eff_no_outliers $ transport_data_system_9th,2549002260.91012,single_datapoint,no_comment
13526,2011,18_CT,turnover_rate,2w,%,road,passenger,bev,all,yearly,national,['manually_inputted_data $ guess'],1,0.42,manually_inputted_data $ guess,0.03,manual,no_comment
13527,2012,18_CT,new_vehicle_efficiency,2w,km_per_pj,road,passenger,bev,all,yearly,national,['avg_eff_no_outliers $ transport_data_system_9th'],1,33137029391.83156,avg_eff_no_outliers $ transport_data_system_9th,2549002260.91012,single_datapoint,no_comment
13528,2012,18_CT,turnover_rate,2w,%,road,passenger,bev,all,yearly,national,['manually_inputted_data $ guess'],1,0.42,manually_inputted_data $ guess,0.03,manual,no_comment
13529,2013,18_CT,new_vehicle_efficiency,2w,km_per_pj,road,passenger,bev,all,yearly,national,['avg_eff_no_outliers $ transport_data_system_9th'],1,33137029391.83156,avg_eff_no_outliers $ transport_data_system_9th,2549002260.91012,single_datapoint,no_comment
13530,2013,18_CT,turnover_rate,2w,%,road,passenger,bev,all,yearly,national,['manually_inputted_data $ guess'],1,0.42,manually_inputted_data $ guess,0.03,manual,no_comment
13531,2014,18_CT,new_vehicle_efficiency,2w,km_per_pj,road,passenger,bev,all,yearly,national,['avg_eff_no_outliers $ transport_data_system_9th'],1,33137029391.83156,avg_eff_no_outliers $ transport_data_system_9th,2549002260.91012,single_datapoint,no_comment
13532,2014,18_CT,turnover_rate,2w,%,road,passenger,bev,all,yearly,national,['manually_inputted_data $ guess'],1,0.42,manually_inputted_data $ guess,0.03,manual,no_comment
13533,2015,18_CT,new_vehicle_efficiency,2w,km_per_pj,road,passenger,bev,all,yearly,national,['avg_eff_no_outliers $ transport_data_system_9th'],1,33137029391.83156,avg_eff_no_outliers $ transport_data_system_9th,2549002260.91012,single_datapoint,no_comment
13534,2015,18_CT,turnover_rate,2w,%,road,passenger,bev,all,yearly,national,['manually_inputted_data $ guess'],1,0.42,manually_inputted_data $ guess,0.03,manual,no_comment
13535,2016,18_CT,new_vehicle_efficiency,2w,km_per_pj,road,passenger,bev,all,yearly,national,['avg_eff_no_outliers $ transport_data_system_9th'],1,33137029391.83156,avg_eff_no_outliers $ transport_data_system_9th,2549002260.91012,single_datapoint,no_comment
13536,2016,18_CT,turnover_rate,2w,%,road,passenger,bev,all,yearly,national,['manually_inputted_data $ guess'],1,0.42,manually_inputted_data $ guess,0.03,manual,no_comment
13537,2017,18_CT,activity,2w,passenger_km_or_freight_tonne_km,road,passenger,bev,all,yearly,national,"['8th_edition_transport_model $ reference', 'estimated $ calculate_energy_and_activity()']",2,562346916.3382182,8th_edition_transport_model $ reference,133058166.3382181,manual,no_comment
13538,2017,18_CT,energy,2w,pj,road,passenger,bev,all,yearly,national,"['8th_edition_transport_model $ reference', 'estimated $ calculate_energy_and_activity()']",2,0.2199590005859935,estimated $ calculate_energy_and_activity(),0.1762973906679527,manual,no_comment
13539,2017,18_CT,new_vehicle_efficiency,2w,km_per_pj,road,passenger,bev,all,yearly,national,['avg_eff_no_outliers $ transport_data_system_9th'],1,33137029391.83156,avg_eff_no_outliers $ transport_data_system_9th,2549002260.91012,single_datapoint,no_comment
13540,2017,18_CT,travel_km,2w,km,road,passenger,bev,all,yearly,national,['estimated $ calculate_energy_and_activity()'],1,390262500.0,estimated $ calculate_energy_and_activity(),390262500.0,single_datapoint,no_comment
13541,2017,18_CT,turnover_rate,2w,%,road,passenger,bev,all,yearly,national,"['manually_inputted_data $ guess', 'turnover_rate_est']",2,0.42,manually_inputted_data $ guess,0.03,manual,no_comment
13542,2018,18_CT,new_vehicle_efficiency,2w,km_per_pj,road,passenger,bev,all,yearly,national,['avg_eff_no_outliers $ transport_data_system_9th'],1,33137029391.83156,avg_eff_no_outliers $ transport_data_system_9th,2549002260.91012,single_datapoint,no_comment
13543,2018,18_CT,turnover_rate,2w,%,road,passenger,bev,all,yearly,national,['manually_inputted_data $ guess'],1,0.42,manually_inputted_data $ guess,0.03,manual,no_comment
13544,2019,18_CT,new_vehicle_efficiency,2w,km_per_pj,road,passenger,bev,all,yearly,national,['avg_eff_no_outliers $ transport_data_system_9th'],1,33137029391.83156,avg_eff_no_outliers $ transport_data_system_9th,2549002260.91012,single_datapoint,no_comment
13545,2019,18_CT,turnover_rate,2w,%,road,passenger,bev,all,yearly,national,['manually_inputted_data $ guess'],1,0.42,manually_inputted_data $ guess,0.03,manual,no_comment
13546,2020,18_CT,new_vehicle_efficiency,2w,km_per_pj,road,passenger,bev,all,yearly,national,['avg_eff_no_outliers $ transport_data_system_9th'],1,33137029391.83156,avg_eff_no_outliers $ transport_data_system_9th,2549002260.91012,single_datapoint,no_comment
13547,2020,18_CT,turnover_rate,2w,%,road,passenger,bev,all,yearly,national,['manually_inputted_data $ guess'],1,0.42,manually_inputted_data $ guess,0.03,manual,no_comment
13548,2021,18_CT,new_vehicle_efficiency,2w,km_per_pj,road,passenger,bev,all,yearly,national,['avg_eff_no_outliers $ transport_data_system_9th'],1,33137029391.83156,avg_eff_no_outliers $ transport_data_system_9th,2549002260.91012,single_datapoint,no_comment
13549,2021,18_CT,turnover_rate,2w,%,road,passenger,bev,all,yearly,national,['manually_inputted_data $ guess'],1,0.42,manually_inputted_data $ guess,0.03,manual,no_comment
13550,2022,18_CT,new_vehicle_efficiency,2w,km_per_pj,road,passenger,bev,all,yearly,national,['avg_eff_no_outliers $ transport_data_system_9th'],1,33137029391.83156,avg_eff_no_outliers $ transport_data_system_9th,2549002260.91012,single_datapoint,no_comment
13551,2022,18_CT,turnover_rate,2w,%,road,passenger,bev,all,yearly,national,['manually_inputted_data $ guess'],1,0.42,manually_inputted_data $ guess,0.03,manual,no_comment
13552,2010,18_CT,activity,2w,passenger_km_or_freight_tonne_km,road,passenger,ice,all,yearly,national,['estimated $ calculate_energy_and_activity()'],1,1386056628000.0002,estimated $ calculate_energy_and_activity(),102942658500.00002,single_datapoint,no_comment
13553,2010,18_CT,energy,2w,pj,road,passenger,ice,all,yearly,national,['estimated $ calculate_energy_and_activity()'],1,1992.257155400588,estimated $ calculate_energy_and_activity(),147.96527345965274,single_datapoint,no_comment
13554,2010,18_CT,new_vehicle_efficiency,2w,km_per_pj,road,passenger,ice,all,yearly,national,['avg_eff_no_outliers $ transport_data_system_9th'],1,7669072338.574219,avg_eff_no_outliers $ transport_data_system_9th,589928641.428786,single_datapoint,no_comment
13555,2010,18_CT,travel_km,2w,km,road,passenger,ice,all,yearly,national,['estimated $ calculate_energy_and_activity()'],1,1260051480000.0,estimated $ calculate_energy_and_activity(),93584235000.0,single_datapoint,no_comment
13556,2010,18_CT,turnover_rate,2w,%,road,passenger,ice,all,yearly,national,['manually_inputted_data $ guess'],1,0.39,manually_inputted_data $ guess,0.03,single_datapoint,no_comment
13557,2011,18_CT,activity,2w,passenger_km_or_freight_tonne_km,road,passenger,ice,all,yearly,national,['estimated $ calculate_energy_and_activity()'],1,1386056628000.0002,estimated $ calculate_energy_and_activity(),125182216500.00002,single_datapoint,no_comment
13558,2011,18_CT,energy,2w,pj,road,passenger,ice,all,yearly,national,['estimated $ calculate_energy_and_activity()'],1,1992.257155400588,estimated $ calculate_energy_and_activity(),179.93144112076678,single_datapoint,no_comment
13559,2011,18_CT,new_vehicle_efficiency,2w,km_per_pj,road,passenger,ice,all,yearly,national,['avg_eff_no_outliers $ transport_data_system_9th'],1,7669072338.574219,avg_eff_no_outliers $ transport_data_system_9th,589928641.428786,single_datapoint,no_comment
13560,2011,18_CT,travel_km,2w,km,road,passenger,ice,all,yearly,national,['estimated $ calculate_energy_and_activity()'],1,1260051480000.0,estimated $ calculate_energy_and_activity(),113802015000.0,single_datapoint,no_comment
13561,2011,18_CT,turnover_rate,2w,%,road,passenger,ice,all,yearly,national,['manually_inputted_data $ guess'],1,0.39,manually_inputted_data $ guess,0.03,single_datapoint,no_comment
13562,2012,18_CT,activity,2w,passenger_km_or_freight_tonne_km,road,passenger,ice,all,yearly,national,['estimated $ calculate_energy_and_activity()'],1,1386056628000.0002,estimated $ calculate_energy_and_activity(),124901931000.00002,single_datapoint,no_comment
13563,2012,18_CT,energy,2w,pj,road,passenger,ice,all,yearly,national,['estimated $ calculate_energy_and_activity()'],1,1992.257155400588,estimated $ calculate_energy_and_activity(),179.52857100590302,single_datapoint,no_comment
13564,2012,18_CT,new_vehicle_efficiency,2w,km_per_pj,road,passenger,ice,all,yearly,national,['avg_eff_no_outliers $ transport_data_system_9th'],1,7669072338.574219,avg_eff_no_outliers $ transport_data_system_9th,589928641.428786,single_datapoint,no_comment
13565,2012,18_CT,travel_km,2w,km,road,passenger,ice,all,yearly,national,['estimated $ calculate_energy_and_activity()'],1,1260051480000.0,estimated $ calculate_energy_and_activity(),113547210000.0,single_datapoint,no_comment
13566,2012,18_CT,turnover_rate,2w,%,road,passenger,ice,all,yearly,national,['manually_inputted_data $ guess'],1,0.39,manually_inputted_data $ guess,0.03,single_datapoint,no_comment
13567,2013,18_CT,activity,2w,passenger_km_or_freight_tonne_km,road,passenger,ice,all,yearly,national,['estimated $ calculate_energy_and_activity()'],1,1386056628000.0002,estimated $ calculate_energy_and_activity(),117109764750.00002,single_datapoint,no_comment
13568,2013,18_CT,energy,2w,pj,road,passenger,ice,all,yearly,national,['estimated $ calculate_energy_and_activity()'],1,1992.257155400588,estimated $ calculate_energy_and_activity(),168.32845215503494,single_datapoint,no_comment
13569,2013,18_CT,new_vehicle_efficiency,2w,km_per_pj,road,passenger,ice,all,yearly,national,['avg_eff_no_outliers $ transport_data_system_9th'],1,7669072338.574219,avg_eff_no_outliers $ transport_data_system_9th,589928641.428786,single_datapoint,no_comment
13570,2013,18_CT,travel_km,2w,km,road,passenger,ice,all,yearly,national,['estimated $ calculate_energy_and_activity()'],1,1260051480000.0,estimated $ calculate_energy_and_activity(),106463422500.0,single_datapoint,no_comment
13571,2013,18_CT,turnover_rate,2w,%,road,passenger,ice,all,yearly,national,['manually_inputted_data $ guess'],1,0.39,manually_inputted_data $ guess,0.03,single_datapoint,no_comment
13572,2014,18_CT,activity,2w,passenger_km_or_freight_tonne_km,road,passenger,ice,all,yearly,national,['estimated $ calculate_energy_and_activity()'],1,1386056628000.0002,estimated $ calculate_energy_and_activity(),113321670000.00002,single_datapoint,no_comment
13573,2014,18_CT,energy,2w,pj,road,passenger,ice,all,yearly,national,['estimated $ calculate_energy_and_activity()'],1,1992.257155400588,estimated $ calculate_energy_and_activity(),162.8836104952013,single_datapoint,no_comment
13574,2014,18_CT,new_vehicle_efficiency,2w,km_per_pj,road,passenger,ice,all,yearly,national,['avg_eff_no_outliers $ transport_data_system_9th'],1,7669072338.574219,avg_eff_no_outliers $ transport_data_system_9th,589928641.428786,single_datapoint,no_comment
13575,2014,18_CT,travel_km,2w,km,road,passenger,ice,all,yearly,national,['estimated $ calculate_energy_and_activity()'],1,1260051480000.0,estimated $ calculate_energy_and_activity(),103019700000.0,single_datapoint,no_comment
13576,2014,18_CT,turnover_rate,2w,%,road,passenger,ice,all,yearly,national,['manually_inputted_data $ guess'],1,0.39,manually_inputted_data $ guess,0.03,single_datapoint,no_comment
13577,2015,18_CT,activity,2w,passenger_km_or_freight_tonne_km,road,passenger,ice,all,yearly,national,['estimated $ calculate_energy_and_activity()'],1,1386056628000.0002,estimated $ calculate_energy_and_activity(),112709181750.00002,single_datapoint,no_comment
13578,2015,18_CT,energy,2w,pj,road,passenger,ice,all,yearly,national,['estimated $ calculate_energy_and_activity()'],1,1992.257155400588,estimated $ calculate_energy_and_activity(),162.0032466817675,single_datapoint,no_comment
13579,2015,18_CT,new_vehicle_efficiency,2w,km_per_pj,road,passenger,ice,all,yearly,national,['avg_eff_no_outliers $ transport_data_system_9th'],1,7669072338.574219,avg_eff_no_outliers $ transport_data_system_9th,589928641.428786,single_datapoint,no_comment
13580,2015,18_CT,travel_km,2w,km,road,passenger,ice,all,yearly,national,['estimated $ calculate_energy_and_activity()'],1,1260051480000.0,estimated $ calculate_energy_and_activity(),102462892500.0,single_datapoint,no_comment
13581,2015,18_CT,turnover_rate,2w,%,road,passenger,ice,all,yearly,national,['manually_inputted_data $ guess'],1,0.39,manually_inputted_data $ guess,0.03,single_datapoint,no_comment
13582,2016,18_CT,activity,2w,passenger_km_or_freight_tonne_km,road,passenger,ice,all,yearly,national,['estimated $ calculate_energy_and_activity()'],1,1386056628000.0002,estimated $ calculate_energy_and_activity(),112762872750.00002,single_datapoint,no_comment
13583,2016,18_CT,energy,2w,pj,road,passenger,ice,all,yearly,national,['estimated $ calculate_energy_and_activity()'],1,1992.257155400588,estimated $ calculate_energy_and_activity(),162.08041977612007,single_datapoint,no_comment
13584,2016,18_CT,new_vehicle_efficiency,2w,km_per_pj,road,passenger,ice,all,yearly,national,['avg_eff_no_outliers $ transport_data_system_9th'],1,7669072338.574219,avg_eff_no_outliers $ transport_data_system_9th,589928641.428786,single_datapoint,no_comment
13585,2016,18_CT,travel_km,2w,km,road,passenger,ice,all,yearly,national,['estimated $ calculate_energy_and_activity()'],1,1260051480000.0,estimated $ calculate_energy_and_activity(),102511702500.0,single_datapoint,no_comment
13586,2016,18_CT,turnover_rate,2w,%,road,passenger,ice,all,yearly,national,['manually_inputted_data $ guess'],1,0.39,manually_inputted_data $ guess,0.03,single_datapoint,no_comment
13587,2017,18_CT,activity,2w,passenger_km_or_freight_tonne_km,road,passenger,ice,all,yearly,national,['estimated $ calculate_energy_and_activity()'],1,1386056628000.0002,estimated $ calculate_energy_and_activity(),113483551500.00002,single_datapoint,no_comment
13588,2017,18_CT,energy,2w,pj,road,passenger,ice,all,yearly,national,['estimated $ calculate_energy_and_activity()'],1,1992.257155400588,estimated $ calculate_energy_and_activity(),163.11629188078606,single_datapoint,no_comment
13589,2017,18_CT,new_vehicle_efficiency,2w,km_per_pj,road,passenger,ice,all,yearly,national,['avg_eff_no_outliers $ transport_data_system_9th'],1,7669072338.574219,avg_eff_no_outliers $ transport_data_system_9th,589928641.428786,single_datapoint,no_comment
13590,2017,18_CT,travel_km,2w,km,road,passenger,ice,all,yearly,national,['estimated $ calculate_energy_and_activity()'],1,1260051480000.0,estimated $ calculate_energy_and_activity(),103166865000.0,single_datapoint,no_comment
13591,2017,18_CT,turnover_rate,2w,%,road,passenger,ice,all,yearly,national,['manually_inputted_data $ guess'],1,0.39,manually_inputted_data $ guess,0.03,single_datapoint,no_comment
13592,2018,18_CT,activity,2w,passenger_km_or_freight_tonne_km,road,passenger,ice,all,yearly,national,['estimated $ calculate_energy_and_activity()'],1,1386056628000.0002,estimated $ calculate_energy_and_activity(),114143040000.00002,single_datapoint,no_comment
13593,2018,18_CT,energy,2w,pj,road,passenger,ice,all,yearly,national,['estimated $ calculate_energy_and_activity()'],1,1992.257155400588,estimated $ calculate_energy_and_activity(),164.064211797251,single_datapoint,no_comment
13594,2018,18_CT,new_vehicle_efficiency,2w,km_per_pj,road,passenger,ice,all,yearly,national,['avg_eff_no_outliers $ transport_data_system_9th'],1,7669072338.574219,avg_eff_no_outliers $ transport_data_system_9th,589928641.428786,single_datapoint,no_comment
13595,2018,18_CT,travel_km,2w,km,road,passenger,ice,all,yearly,national,['estimated $ calculate_energy_and_activity()'],1,1260051480000.0,estimated $ calculate_energy_and_activity(),103766400000.0,single_datapoint,no_comment
13596,2018,18_CT,turnover_rate,2w,%,road,passenger,ice,all,yearly,national,['manually_inputted_data $ guess'],1,0.39,manually_inputted_data $ guess,0.03,single_datapoint,no_comment
13597,2019,18_CT,activity,2w,passenger_km_or_freight_tonne_km,road,passenger,ice,all,yearly,national,['estimated $ calculate_energy_and_activity()'],1,1386056628000.0002,estimated $ calculate_energy_and_activity(),115441606500.00002,single_datapoint,no_comment
13598,2019,18_CT,energy,2w,pj,road,passenger,ice,all,yearly,national,['estimated $ calculate_energy_and_activity()'],1,1992.257155400588,estimated $ calculate_energy_and_activity(),165.93071447046538,single_datapoint,no_comment
13599,2019,18_CT,new_vehicle_efficiency,2w,km_per_pj,road,passenger,ice,all,yearly,national,['avg_eff_no_outliers $ transport_data_system_9th'],1,7669072338.574219,avg_eff_no_outliers $ transport_data_system_9th,589928641.428786,single_datapoint,no_comment
13600,2019,18_CT,travel_km,2w,km,road,passenger,ice,all,yearly,national,['estimated $ calculate_energy_and_activity()'],1,1260051480000.0,estimated $ calculate_energy_and_activity(),104946915000.0,single_datapoint,no_comment
13601,2019,18_CT,turnover_rate,2w,%,road,passenger,ice,all,yearly,national,['manually_inputted_data $ guess'],1,0.39,manually_inputted_data $ guess,0.03,single_datapoint,no_comment
13602,2020,18_CT,activity,2w,passenger_km_or_freight_tonne_km,road,passenger,ice,all,yearly,national,['estimated $ calculate_energy_and_activity()'],1,1386056628000.0002,estimated $ calculate_energy_and_activity(),116356044750.00002,single_datapoint,no_comment
13603,2020,18_CT,energy,2w,pj,road,passenger,ice,all,yearly,national,['estimated $ calculate_energy_and_activity()'],1,1992.257155400588,estimated $ calculate_energy_and_activity(),167.24508800321433,single_datapoint,no_comment
13604,2020,18_CT,new_vehicle_efficiency,2w,km_per_pj,road,passenger,ice,all,yearly,national,['avg_eff_no_outliers $ transport_data_system_9th'],1,7669072338.574219,avg_eff_no_outliers $ transport_data_system_9th,589928641.428786,single_datapoint,no_comment
13605,2020,18_CT,travel_km,2w,km,road,passenger,ice,all,yearly,national,['estimated $ calculate_energy_and_activity()'],1,1260051480000.0,estimated $ calculate_energy_and_activity(),105778222500.0,single_datapoint,no_comment
13606,2020,18_CT,turnover_rate,2w,%,road,passenger,ice,all,yearly,national,['manually_inputted_data $ guess'],1,0.39,manually_inputted_data $ guess,0.03,single_datapoint,no_comment
13607,2021,18_CT,activity,2w,passenger_km_or_freight_tonne_km,road,passenger,ice,all,yearly,national,['estimated $ calculate_energy_and_activity()'],1,1386056628000.0002,estimated $ calculate_energy_and_activity(),117702090000.00002,single_datapoint,no_comment
13608,2021,18_CT,energy,2w,pj,road,passenger,ice,all,yearly,national,['estimated $ calculate_energy_and_activity()'],1,1992.257155400588,estimated $ calculate_energy_and_activity(),169.17983455442484,single_datapoint,no_comment
13609,2021,18_CT,new_vehicle_efficiency,2w,km_per_pj,road,passenger,ice,all,yearly,national,['avg_eff_no_outliers $ transport_data_system_9th'],1,7669072338.574219,avg_eff_no_outliers $ transport_data_system_9th,589928641.428786,single_datapoint,no_comment
13610,2021,18_CT,travel_km,2w,km,road,passenger,ice,all,yearly,national,['estimated $ calculate_energy_and_activity()'],1,1260051480000.0,estimated $ calculate_energy_and_activity(),107001900000.0,single_datapoint,no_comment
13611,2021,18_CT,turnover_rate,2w,%,road,passenger,ice,all,yearly,national,['manually_inputted_data $ guess'],1,0.39,manually_inputted_data $ guess,0.03,single_datapoint,no_comment
13612,2022,18_CT,new_vehicle_efficiency,2w,km_per_pj,road,passenger,ice,all,yearly,national,['avg_eff_no_outliers $ transport_data_system_9th'],1,7669072338.574219,avg_eff_no_outliers $ transport_data_system_9th,589928641.428786,single_datapoint,no_comment
13613,2022,18_CT,turnover_rate,2w,%,road,passenger,ice,all,yearly,national,['manually_inputted_data $ guess'],1,0.39,manually_inputted_data $ guess,0.03,single_datapoint,no_comment
13614,2010,18_CT,intensity,all,pj_per_passenger_or_freight_tonne_km,air,freight,all,all,yearly,national,['manually_inputted_data $ energy-intensity-of-passenger-transport-modes-2018'],1,4.0300000000000004e-08,manually_inputted_data $ energy-intensity-of-passenger-transport-modes-2018,3.1e-09,single_datapoint,assumed_to_be_same_as_passenger_air_because_of_lack_of_data
13615,2010,18_CT,intensity,all,pj_per_passenger_or_freight_tonne_km,rail,freight,all,all,yearly,national,['manually_inputted_data $ iea_howtocalculatetheindicatorsforthetransportsectors.pdf'],1,2.86e-09,manually_inputted_data $ iea_howtocalculatetheindicatorsforthetransportsectors.pdf,2.2e-10,single_datapoint,from_how_to_calculate_the_indicators_for_the_transport_sector
13616,2010,18_CT,intensity,all,pj_per_passenger_or_freight_tonne_km,ship,freight,all,all,yearly,national,['manually_inputted_data $ iea_howtocalculatetheindicatorsforthetransportsectors.pdf'],1,7.02e-09,manually_inputted_data $ iea_howtocalculatetheindicatorsforthetransportsectors.pdf,5.4e-10,single_datapoint,from_how_to_calculate_the_indicators_for_the_transport_sector
13617,2010,18_CT,intensity,all,pj_per_passenger_or_freight_tonne_km,air,passenger,all,all,yearly,national,['manually_inputted_data $ energy-intensity-of-passenger-transport-modes-2018'],1,4.0300000000000004e-08,manually_inputted_data $ energy-intensity-of-passenger-transport-modes-2018,3.1e-09,single_datapoint,no_comment
13618,2010,18_CT,intensity,all,pj_per_passenger_or_freight_tonne_km,rail,passenger,all,all,yearly,national,['manually_inputted_data $ energy-intensity-of-passenger-transport-modes-2018'],1,2.6e-09,manually_inputted_data $ energy-intensity-of-passenger-transport-modes-2018,2e-10,single_datapoint,no_comment
13619,2010,18_CT,intensity,all,pj_per_passenger_or_freight_tonne_km,ship,passenger,all,all,yearly,national,['manually_inputted_data $ iea_howtocalculatetheindicatorsforthetransportsectors.pdf'],1,7.02e-09,manually_inputted_data $ iea_howtocalculatetheindicatorsforthetransportsectors.pdf,5.4e-10,single_datapoint,assumed_to_be_the_same_as_ship_freight_from_iea_how_to
13620,2011,18_CT,intensity,all,pj_per_passenger_or_freight_tonne_km,air,freight,all,all,yearly,national,['manually_inputted_data $ energy-intensity-of-passenger-transport-modes-2018'],1,4.0300000000000004e-08,manually_inputted_data $ energy-intensity-of-passenger-transport-modes-2018,3.1e-09,single_datapoint,assumed_to_be_same_as_passenger_air_because_of_lack_of_data
13621,2011,18_CT,intensity,all,pj_per_passenger_or_freight_tonne_km,rail,freight,all,all,yearly,national,['manually_inputted_data $ iea_howtocalculatetheindicatorsforthetransportsectors.pdf'],1,2.86e-09,manually_inputted_data $ iea_howtocalculatetheindicatorsforthetransportsectors.pdf,2.2e-10,single_datapoint,from_how_to_calculate_the_indicators_for_the_transport_sector
13622,2011,18_CT,intensity,all,pj_per_passenger_or_freight_tonne_km,ship,freight,all,all,yearly,national,['manually_inputted_data $ iea_howtocalculatetheindicatorsforthetransportsectors.pdf'],1,7.02e-09,manually_inputted_data $ iea_howtocalculatetheindicatorsforthetransportsectors.pdf,5.4e-10,single_datapoint,from_how_to_calculate_the_indicators_for_the_transport_sector
13623,2011,18_CT,intensity,all,pj_per_passenger_or_freight_tonne_km,air,passenger,all,all,yearly,national,['manually_inputted_data $ energy-intensity-of-passenger-transport-modes-2018'],1,4.0300000000000004e-08,manually_inputted_data $ energy-intensity-of-passenger-transport-modes-2018,3.1e-09,single_datapoint,no_comment
13624,2011,18_CT,intensity,all,pj_per_passenger_or_freight_tonne_km,rail,passenger,all,all,yearly,national,['manually_inputted_data $ energy-intensity-of-passenger-transport-modes-2018'],1,2.6e-09,manually_inputted_data $ energy-intensity-of-passenger-transport-modes-2018,2e-10,single_datapoint,no_comment
13625,2011,18_CT,intensity,all,pj_per_passenger_or_freight_tonne_km,ship,passenger,all,all,yearly,national,['manually_inputted_data $ iea_howtocalculatetheindicatorsforthetransportsectors.pdf'],1,7.02e-09,manually_inputted_data $ iea_howtocalculatetheindicatorsforthetransportsectors.pdf,5.4e-10,single_datapoint,assumed_to_be_the_same_as_ship_freight_from_iea_how_to
13626,2012,18_CT,intensity,all,pj_per_passenger_or_freight_tonne_km,air,freight,all,all,yearly,national,['manually_inputted_data $ energy-intensity-of-passenger-transport-modes-2018'],1,4.0300000000000004e-08,manually_inputted_data $ energy-intensity-of-passenger-transport-modes-2018,3.1e-09,single_datapoint,assumed_to_be_same_as_passenger_air_because_of_lack_of_data
13627,2012,18_CT,intensity,all,pj_per_passenger_or_freight_tonne_km,rail,freight,all,all,yearly,national,['manually_inputted_data $ iea_howtocalculatetheindicatorsforthetransportsectors.pdf'],1,2.86e-09,manually_inputted_data $ iea_howtocalculatetheindicatorsforthetransportsectors.pdf,2.2e-10,single_datapoint,from_how_to_calculate_the_indicators_for_the_transport_sector
13628,2012,18_CT,intensity,all,pj_per_passenger_or_freight_tonne_km,ship,freight,all,all,yearly,national,['manually_inputted_data $ iea_howtocalculatetheindicatorsforthetransportsectors.pdf'],1,7.02e-09,manually_inputted_data $ iea_howtocalculatetheindicatorsforthetransportsectors.pdf,5.4e-10,single_datapoint,from_how_to_calculate_the_indicators_for_the_transport_sector
13629,2012,18_CT,intensity,all,pj_per_passenger_or_freight_tonne_km,air,passenger,all,all,yearly,national,['manually_inputted_data $ energy-intensity-of-passenger-transport-modes-2018'],1,4.0300000000000004e-08,manually_inputted_data $ energy-intensity-of-passenger-transport-modes-2018,3.1e-09,single_datapoint,no_comment
13630,2012,18_CT,intensity,all,pj_per_passenger_or_freight_tonne_km,rail,passenger,all,all,yearly,national,['manually_inputted_data $ energy-intensity-of-passenger-transport-modes-2018'],1,2.6e-09,manually_inputted_data $ energy-intensity-of-passenger-transport-modes-2018,2e-10,single_datapoint,no_comment
13631,2012,18_CT,intensity,all,pj_per_passenger_or_freight_tonne_km,ship,passenger,all,all,yearly,national,['manually_inputted_data $ iea_howtocalculatetheindicatorsforthetransportsectors.pdf'],1,7.02e-09,manually_inputted_data $ iea_howtocalculatetheindicatorsforthetransportsectors.pdf,5.4e-10,single_datapoint,assumed_to_be_the_same_as_ship_freight_from_iea_how_to
13632,2013,18_CT,intensity,all,pj_per_passenger_or_freight_tonne_km,air,freight,all,all,yearly,national,['manually_inputted_data $ energy-intensity-of-passenger-transport-modes-2018'],1,4.0300000000000004e-08,manually_inputted_data $ energy-intensity-of-passenger-transport-modes-2018,3.1e-09,single_datapoint,assumed_to_be_same_as_passenger_air_because_of_lack_of_data
13633,2013,18_CT,intensity,all,pj_per_passenger_or_freight_tonne_km,rail,freight,all,all,yearly,national,['manually_inputted_data $ iea_howtocalculatetheindicatorsforthetransportsectors.pdf'],1,2.86e-09,manually_inputted_data $ iea_howtocalculatetheindicatorsforthetransportsectors.pdf,2.2e-10,single_datapoint,from_how_to_calculate_the_indicators_for_the_transport_sector
13634,2013,18_CT,intensity,all,pj_per_passenger_or_freight_tonne_km,ship,freight,all,all,yearly,national,['manually_inputted_data $ iea_howtocalculatetheindicatorsforthetransportsectors.pdf'],1,7.02e-09,manually_inputted_data $ iea_howtocalculatetheindicatorsforthetransportsectors.pdf,5.4e-10,single_datapoint,from_how_to_calculate_the_indicators_for_the_transport_sector
13635,2013,18_CT,intensity,all,pj_per_passenger_or_freight_tonne_km,air,passenger,all,all,yearly,national,['manually_inputted_data $ energy-intensity-of-passenger-transport-modes-2018'],1,4.0300000000000004e-08,manually_inputted_data $ energy-intensity-of-passenger-transport-modes-2018,3.1e-09,single_datapoint,no_comment
13636,2013,18_CT,intensity,all,pj_per_passenger_or_freight_tonne_km,rail,passenger,all,all,yearly,national,['manually_inputted_data $ energy-intensity-of-passenger-transport-modes-2018'],1,2.6e-09,manually_inputted_data $ energy-intensity-of-passenger-transport-modes-2018,2e-10,single_datapoint,no_comment
13637,2013,18_CT,intensity,all,pj_per_passenger_or_freight_tonne_km,ship,passenger,all,all,yearly,national,['manually_inputted_data $ iea_howtocalculatetheindicatorsforthetransportsectors.pdf'],1,7.02e-09,manually_inputted_data $ iea_howtocalculatetheindicatorsforthetransportsectors.pdf,5.4e-10,single_datapoint,assumed_to_be_the_same_as_ship_freight_from_iea_how_to
13638,2014,18_CT,intensity,all,pj_per_passenger_or_freight_tonne_km,air,freight,all,all,yearly,national,['manually_inputted_data $ energy-intensity-of-passenger-transport-modes-2018'],1,4.0300000000000004e-08,manually_inputted_data $ energy-intensity-of-passenger-transport-modes-2018,3.1e-09,single_datapoint,assumed_to_be_same_as_passenger_air_because_of_lack_of_data
13639,2014,18_CT,intensity,all,pj_per_passenger_or_freight_tonne_km,rail,freight,all,all,yearly,national,['manually_inputted_data $ iea_howtocalculatetheindicatorsforthetransportsectors.pdf'],1,2.86e-09,manually_inputted_data $ iea_howtocalculatetheindicatorsforthetransportsectors.pdf,2.2e-10,single_datapoint,from_how_to_calculate_the_indicators_for_the_transport_sector
13640,2014,18_CT,intensity,all,pj_per_passenger_or_freight_tonne_km,ship,freight,all,all,yearly,national,['manually_inputted_data $ iea_howtocalculatetheindicatorsforthetransportsectors.pdf'],1,7.02e-09,manually_inputted_data $ iea_howtocalculatetheindicatorsforthetransportsectors.pdf,5.4e-10,single_datapoint,from_how_to_calculate_the_indicators_for_the_transport_sector
13641,2014,18_CT,intensity,all,pj_per_passenger_or_freight_tonne_km,air,passenger,all,all,yearly,national,['manually_inputted_data $ energy-intensity-of-passenger-transport-modes-2018'],1,4.0300000000000004e-08,manually_inputted_data $ energy-intensity-of-passenger-transport-modes-2018,3.1e-09,single_datapoint,no_comment
13642,2014,18_CT,intensity,all,pj_per_passenger_or_freight_tonne_km,rail,passenger,all,all,yearly,national,['manually_inputted_data $ energy-intensity-of-passenger-transport-modes-2018'],1,2.6e-09,manually_inputted_data $ energy-intensity-of-passenger-transport-modes-2018,2e-10,single_datapoint,no_comment
13643,2014,18_CT,intensity,all,pj_per_passenger_or_freight_tonne_km,ship,passenger,all,all,yearly,national,['manually_inputted_data $ iea_howtocalculatetheindicatorsforthetransportsectors.pdf'],1,7.02e-09,manually_inputted_data $ iea_howtocalculatetheindicatorsforthetransportsectors.pdf,5.4e-10,single_datapoint,assumed_to_be_the_same_as_ship_freight_from_iea_how_to
13644,2015,18_CT,intensity,all,pj_per_passenger_or_freight_tonne_km,air,freight,all,all,yearly,national,['manually_inputted_data $ energy-intensity-of-passenger-transport-modes-2018'],1,4.0300000000000004e-08,manually_inputted_data $ energy-intensity-of-passenger-transport-modes-2018,3.1e-09,single_datapoint,assumed_to_be_same_as_passenger_air_because_of_lack_of_data
13645,2015,18_CT,intensity,all,pj_per_passenger_or_freight_tonne_km,rail,freight,all,all,yearly,national,['manually_inputted_data $ iea_howtocalculatetheindicatorsforthetransportsectors.pdf'],1,2.86e-09,manually_inputted_data $ iea_howtocalculatetheindicatorsforthetransportsectors.pdf,2.2e-10,single_datapoint,from_how_to_calculate_the_indicators_for_the_transport_sector
13646,2015,18_CT,intensity,all,pj_per_passenger_or_freight_tonne_km,ship,freight,all,all,yearly,national,['manually_inputted_data $ iea_howtocalculatetheindicatorsforthetransportsectors.pdf'],1,7.02e-09,manually_inputted_data $ iea_howtocalculatetheindicatorsforthetransportsectors.pdf,5.4e-10,single_datapoint,from_how_to_calculate_the_indicators_for_the_transport_sector
13647,2015,18_CT,intensity,all,pj_per_passenger_or_freight_tonne_km,air,passenger,all,all,yearly,national,['manually_inputted_data $ energy-intensity-of-passenger-transport-modes-2018'],1,4.0300000000000004e-08,manually_inputted_data $ energy-intensity-of-passenger-transport-modes-2018,3.1e-09,single_datapoint,no_comment
13648,2015,18_CT,intensity,all,pj_per_passenger_or_freight_tonne_km,rail,passenger,all,all,yearly,national,['manually_inputted_data $ energy-intensity-of-passenger-transport-modes-2018'],1,2.6e-09,manually_inputted_data $ energy-intensity-of-passenger-transport-modes-2018,2e-10,single_datapoint,no_comment
13649,2015,18_CT,intensity,all,pj_per_passenger_or_freight_tonne_km,ship,passenger,all,all,yearly,national,['manually_inputted_data $ iea_howtocalculatetheindicatorsforthetransportsectors.pdf'],1,7.02e-09,manually_inputted_data $ iea_howtocalculatetheindicatorsforthetransportsectors.pdf,5.4e-10,single_datapoint,assumed_to_be_the_same_as_ship_freight_from_iea_how_to
13650,2016,18_CT,intensity,all,pj_per_passenger_or_freight_tonne_km,air,freight,all,all,yearly,national,['manually_inputted_data $ energy-intensity-of-passenger-transport-modes-2018'],1,4.0300000000000004e-08,manually_inputted_data $ energy-intensity-of-passenger-transport-modes-2018,3.1e-09,single_datapoint,assumed_to_be_same_as_passenger_air_because_of_lack_of_data
13651,2016,18_CT,intensity,all,pj_per_passenger_or_freight_tonne_km,rail,freight,all,all,yearly,national,['manually_inputted_data $ iea_howtocalculatetheindicatorsforthetransportsectors.pdf'],1,2.86e-09,manually_inputted_data $ iea_howtocalculatetheindicatorsforthetransportsectors.pdf,2.2e-10,single_datapoint,from_how_to_calculate_the_indicators_for_the_transport_sector
13652,2016,18_CT,intensity,all,pj_per_passenger_or_freight_tonne_km,ship,freight,all,all,yearly,national,['manually_inputted_data $ iea_howtocalculatetheindicatorsforthetransportsectors.pdf'],1,7.02e-09,manually_inputted_data $ iea_howtocalculatetheindicatorsforthetransportsectors.pdf,5.4e-10,single_datapoint,from_how_to_calculate_the_indicators_for_the_transport_sector
13653,2016,18_CT,intensity,all,pj_per_passenger_or_freight_tonne_km,air,passenger,all,all,yearly,national,['manually_inputted_data $ energy-intensity-of-passenger-transport-modes-2018'],1,4.0300000000000004e-08,manually_inputted_data $ energy-intensity-of-passenger-transport-modes-2018,3.1e-09,single_datapoint,no_comment
13654,2016,18_CT,intensity,all,pj_per_passenger_or_freight_tonne_km,rail,passenger,all,all,yearly,national,['manually_inputted_data $ energy-intensity-of-passenger-transport-modes-2018'],1,2.6e-09,manually_inputted_data $ energy-intensity-of-passenger-transport-modes-2018,2e-10,single_datapoint,no_comment
13655,2016,18_CT,intensity,all,pj_per_passenger_or_freight_tonne_km,ship,passenger,all,all,yearly,national,['manually_inputted_data $ iea_howtocalculatetheindicatorsforthetransportsectors.pdf'],1,7.02e-09,manually_inputted_data $ iea_howtocalculatetheindicatorsforthetransportsectors.pdf,5.4e-10,single_datapoint,assumed_to_be_the_same_as_ship_freight_from_iea_how_to
13656,2017,18_CT,intensity,all,pj_per_passenger_or_freight_tonne_km,air,freight,all,all,yearly,national,['manually_inputted_data $ energy-intensity-of-passenger-transport-modes-2018'],1,4.0300000000000004e-08,manually_inputted_data $ energy-intensity-of-passenger-transport-modes-2018,3.1e-09,single_datapoint,assumed_to_be_same_as_passenger_air_because_of_lack_of_data
13657,2017,18_CT,intensity,all,pj_per_passenger_or_freight_tonne_km,rail,freight,all,all,yearly,national,['manually_inputted_data $ iea_howtocalculatetheindicatorsforthetransportsectors.pdf'],1,2.86e-09,manually_inputted_data $ iea_howtocalculatetheindicatorsforthetransportsectors.pdf,2.2e-10,single_datapoint,from_how_to_calculate_the_indicators_for_the_transport_sector
13658,2017,18_CT,intensity,all,pj_per_passenger_or_freight_tonne_km,ship,freight,all,all,yearly,national,['manually_inputted_data $ iea_howtocalculatetheindicatorsforthetransportsectors.pdf'],1,7.02e-09,manually_inputted_data $ iea_howtocalculatetheindicatorsforthetransportsectors.pdf,5.4e-10,single_datapoint,from_how_to_calculate_the_indicators_for_the_transport_sector
13659,2017,18_CT,intensity,all,pj_per_passenger_or_freight_tonne_km,air,passenger,all,all,yearly,national,['manually_inputted_data $ energy-intensity-of-passenger-transport-modes-2018'],1,4.0300000000000004e-08,manually_inputted_data $ energy-intensity-of-passenger-transport-modes-2018,3.1e-09,single_datapoint,no_comment
13660,2017,18_CT,intensity,all,pj_per_passenger_or_freight_tonne_km,rail,passenger,all,all,yearly,national,['manually_inputted_data $ energy-intensity-of-passenger-transport-modes-2018'],1,2.6e-09,manually_inputted_data $ energy-intensity-of-passenger-transport-modes-2018,2e-10,single_datapoint,no_comment
13661,2017,18_CT,intensity,all,pj_per_passenger_or_freight_tonne_km,ship,passenger,all,all,yearly,national,['manually_inputted_data $ iea_howtocalculatetheindicatorsforthetransportsectors.pdf'],1,7.02e-09,manually_inputted_data $ iea_howtocalculatetheindicatorsforthetransportsectors.pdf,5.4e-10,single_datapoint,assumed_to_be_the_same_as_ship_freight_from_iea_how_to
13662,2018,18_CT,intensity,all,pj_per_passenger_or_freight_tonne_km,air,freight,all,all,yearly,national,['manually_inputted_data $ energy-intensity-of-passenger-transport-modes-2018'],1,4.0300000000000004e-08,manually_inputted_data $ energy-intensity-of-passenger-transport-modes-2018,3.1e-09,single_datapoint,assumed_to_be_same_as_passenger_air_because_of_lack_of_data
13663,2018,18_CT,intensity,all,pj_per_passenger_or_freight_tonne_km,rail,freight,all,all,yearly,national,['manually_inputted_data $ iea_howtocalculatetheindicatorsforthetransportsectors.pdf'],1,2.86e-09,manually_inputted_data $ iea_howtocalculatetheindicatorsforthetransportsectors.pdf,2.2e-10,single_datapoint,from_how_to_calculate_the_indicators_for_the_transport_sector
13664,2018,18_CT,intensity,all,pj_per_passenger_or_freight_tonne_km,ship,freight,all,all,yearly,national,['manually_inputted_data $ iea_howtocalculatetheindicatorsforthetransportsectors.pdf'],1,7.02e-09,manually_inputted_data $ iea_howtocalculatetheindicatorsforthetransportsectors.pdf,5.4e-10,single_datapoint,from_how_to_calculate_the_indicators_for_the_transport_sector
13665,2018,18_CT,intensity,all,pj_per_passenger_or_freight_tonne_km,air,passenger,all,all,yearly,national,['manually_inputted_data $ energy-intensity-of-passenger-transport-modes-2018'],1,4.0300000000000004e-08,manually_inputted_data $ energy-intensity-of-passenger-transport-modes-2018,3.1e-09,single_datapoint,no_comment
13666,2018,18_CT,intensity,all,pj_per_passenger_or_freight_tonne_km,rail,passenger,all,all,yearly,national,['manually_inputted_data $ energy-intensity-of-passenger-transport-modes-2018'],1,2.6e-09,manually_inputted_data $ energy-intensity-of-passenger-transport-modes-2018,2e-10,single_datapoint,no_comment
13667,2018,18_CT,intensity,all,pj_per_passenger_or_freight_tonne_km,ship,passenger,all,all,yearly,national,['manually_inputted_data $ iea_howtocalculatetheindicatorsforthetransportsectors.pdf'],1,7.02e-09,manually_inputted_data $ iea_howtocalculatetheindicatorsforthetransportsectors.pdf,5.4e-10,single_datapoint,assumed_to_be_the_same_as_ship_freight_from_iea_how_to
13668,2019,18_CT,intensity,all,pj_per_passenger_or_freight_tonne_km,air,freight,all,all,yearly,national,['manually_inputted_data $ energy-intensity-of-passenger-transport-modes-2018'],1,4.0300000000000004e-08,manually_inputted_data $ energy-intensity-of-passenger-transport-modes-2018,3.1e-09,single_datapoint,assumed_to_be_same_as_passenger_air_because_of_lack_of_data
13669,2019,18_CT,intensity,all,pj_per_passenger_or_freight_tonne_km,rail,freight,all,all,yearly,national,['manually_inputted_data $ iea_howtocalculatetheindicatorsforthetransportsectors.pdf'],1,2.86e-09,manually_inputted_data $ iea_howtocalculatetheindicatorsforthetransportsectors.pdf,2.2e-10,single_datapoint,from_how_to_calculate_the_indicators_for_the_transport_sector
13670,2019,18_CT,intensity,all,pj_per_passenger_or_freight_tonne_km,ship,freight,all,all,yearly,national,['manually_inputted_data $ iea_howtocalculatetheindicatorsforthetransportsectors.pdf'],1,7.02e-09,manually_inputted_data $ iea_howtocalculatetheindicatorsforthetransportsectors.pdf,5.4e-10,single_datapoint,from_how_to_calculate_the_indicators_for_the_transport_sector
13671,2019,18_CT,intensity,all,pj_per_passenger_or_freight_tonne_km,air,passenger,all,all,yearly,national,['manually_inputted_data $ energy-intensity-of-passenger-transport-modes-2018'],1,4.0300000000000004e-08,manually_inputted_data $ energy-intensity-of-passenger-transport-modes-2018,3.1e-09,single_datapoint,no_comment
13672,2019,18_CT,intensity,all,pj_per_passenger_or_freight_tonne_km,rail,passenger,all,all,yearly,national,['manually_inputted_data $ energy-intensity-of-passenger-transport-modes-2018'],1,2.6e-09,manually_inputted_data $ energy-intensity-of-passenger-transport-modes-2018,2e-10,single_datapoint,no_comment
13673,2019,18_CT,intensity,all,pj_per_passenger_or_freight_tonne_km,ship,passenger,all,all,yearly,national,['manually_inputted_data $ iea_howtocalculatetheindicatorsforthetransportsectors.pdf'],1,7.02e-09,manually_inputted_data $ iea_howtocalculatetheindicatorsforthetransportsectors.pdf,5.4e-10,single_datapoint,assumed_to_be_the_same_as_ship_freight_from_iea_how_to
13674,2020,18_CT,intensity,all,pj_per_passenger_or_freight_tonne_km,air,freight,all,all,yearly,national,['manually_inputted_data $ energy-intensity-of-passenger-transport-modes-2018'],1,4.0300000000000004e-08,manually_inputted_data $ energy-intensity-of-passenger-transport-modes-2018,3.1e-09,single_datapoint,assumed_to_be_same_as_passenger_air_because_of_lack_of_data
13675,2020,18_CT,intensity,all,pj_per_passenger_or_freight_tonne_km,rail,freight,all,all,yearly,national,['manually_inputted_data $ iea_howtocalculatetheindicatorsforthetransportsectors.pdf'],1,2.86e-09,manually_inputted_data $ iea_howtocalculatetheindicatorsforthetransportsectors.pdf,2.2e-10,single_datapoint,from_how_to_calculate_the_indicators_for_the_transport_sector
13676,2020,18_CT,intensity,all,pj_per_passenger_or_freight_tonne_km,ship,freight,all,all,yearly,national,['manually_inputted_data $ iea_howtocalculatetheindicatorsforthetransportsectors.pdf'],1,7.02e-09,manually_inputted_data $ iea_howtocalculatetheindicatorsforthetransportsectors.pdf,5.4e-10,single_datapoint,from_how_to_calculate_the_indicators_for_the_transport_sector
13677,2020,18_CT,intensity,all,pj_per_passenger_or_freight_tonne_km,air,passenger,all,all,yearly,national,['manually_inputted_data $ energy-intensity-of-passenger-transport-modes-2018'],1,4.0300000000000004e-08,manually_inputted_data $ energy-intensity-of-passenger-transport-modes-2018,3.1e-09,single_datapoint,no_comment
13678,2020,18_CT,intensity,all,pj_per_passenger_or_freight_tonne_km,rail,passenger,all,all,yearly,national,['manually_inputted_data $ energy-intensity-of-passenger-transport-modes-2018'],1,2.6e-09,manually_inputted_data $ energy-intensity-of-passenger-transport-modes-2018,2e-10,single_datapoint,no_comment
13679,2020,18_CT,intensity,all,pj_per_passenger_or_freight_tonne_km,ship,passenger,all,all,yearly,national,['manually_inputted_data $ iea_howtocalculatetheindicatorsforthetransportsectors.pdf'],1,7.02e-09,manually_inputted_data $ iea_howtocalculatetheindicatorsforthetransportsectors.pdf,5.4e-10,single_datapoint,assumed_to_be_the_same_as_ship_freight_from_iea_how_to
13680,2021,18_CT,intensity,all,pj_per_passenger_or_freight_tonne_km,air,freight,all,all,yearly,national,['manually_inputted_data $ energy-intensity-of-passenger-transport-modes-2018'],1,4.0300000000000004e-08,manually_inputted_data $ energy-intensity-of-passenger-transport-modes-2018,3.1e-09,single_datapoint,assumed_to_be_same_as_passenger_air_because_of_lack_of_data
13681,2021,18_CT,intensity,all,pj_per_passenger_or_freight_tonne_km,rail,freight,all,all,yearly,national,['manually_inputted_data $ iea_howtocalculatetheindicatorsforthetransportsectors.pdf'],1,2.86e-09,manually_inputted_data $ iea_howtocalculatetheindicatorsforthetransportsectors.pdf,2.2e-10,single_datapoint,from_how_to_calculate_the_indicators_for_the_transport_sector
13682,2021,18_CT,intensity,all,pj_per_passenger_or_freight_tonne_km,ship,freight,all,all,yearly,national,['manually_inputted_data $ iea_howtocalculatetheindicatorsforthetransportsectors.pdf'],1,7.02e-09,manually_inputted_data $ iea_howtocalculatetheindicatorsforthetransportsectors.pdf,5.4e-10,single_datapoint,from_how_to_calculate_the_indicators_for_the_transport_sector
13683,2021,18_CT,intensity,all,pj_per_passenger_or_freight_tonne_km,air,passenger,all,all,yearly,national,['manually_inputted_data $ energy-intensity-of-passenger-transport-modes-2018'],1,4.0300000000000004e-08,manually_inputted_data $ energy-intensity-of-passenger-transport-modes-2018,3.1e-09,single_datapoint,no_comment
13684,2021,18_CT,intensity,all,pj_per_passenger_or_freight_tonne_km,rail,passenger,all,all,yearly,national,['manually_inputted_data $ energy-intensity-of-passenger-transport-modes-2018'],1,2.6e-09,manually_inputted_data $ energy-intensity-of-passenger-transport-modes-2018,2e-10,single_datapoint,no_comment
13685,2021,18_CT,intensity,all,pj_per_passenger_or_freight_tonne_km,ship,passenger,all,all,yearly,national,['manually_inputted_data $ iea_howtocalculatetheindicatorsforthetransportsectors.pdf'],1,7.02e-09,manually_inputted_data $ iea_howtocalculatetheindicatorsforthetransportsectors.pdf,5.4e-10,single_datapoint,assumed_to_be_the_same_as_ship_freight_from_iea_how_to
13686,2022,18_CT,intensity,all,pj_per_passenger_or_freight_tonne_km,air,freight,all,all,yearly,national,['manually_inputted_data $ energy-intensity-of-passenger-transport-modes-2018'],1,4.0300000000000004e-08,manually_inputted_data $ energy-intensity-of-passenger-transport-modes-2018,3.1e-09,single_datapoint,assumed_to_be_same_as_passenger_air_because_of_lack_of_data
13687,2022,18_CT,intensity,all,pj_per_passenger_or_freight_tonne_km,rail,freight,all,all,yearly,national,['manually_inputted_data $ iea_howtocalculatetheindicatorsforthetransportsectors.pdf'],1,2.86e-09,manually_inputted_data $ iea_howtocalculatetheindicatorsforthetransportsectors.pdf,2.2e-10,single_datapoint,from_how_to_calculate_the_indicators_for_the_transport_sector
13688,2022,18_CT,intensity,all,pj_per_passenger_or_freight_tonne_km,ship,freight,all,all,yearly,national,['manually_inputted_data $ iea_howtocalculatetheindicatorsforthetransportsectors.pdf'],1,7.02e-09,manually_inputted_data $ iea_howtocalculatetheindicatorsforthetransportsectors.pdf,5.4e-10,single_datapoint,from_how_to_calculate_the_indicators_for_the_transport_sector
13689,2022,18_CT,intensity,all,pj_per_passenger_or_freight_tonne_km,air,passenger,all,all,yearly,national,['manually_inputted_data $ energy-intensity-of-passenger-transport-modes-2018'],1,4.0300000000000004e-08,manually_inputted_data $ energy-intensity-of-passenger-transport-modes-2018,3.1e-09,single_datapoint,no_comment
13690,2022,18_CT,intensity,all,pj_per_passenger_or_freight_tonne_km,rail,passenger,all,all,yearly,national,['manually_inputted_data $ energy-intensity-of-passenger-transport-modes-2018'],1,2.6e-09,manually_inputted_data $ energy-intensity-of-passenger-transport-modes-2018,2e-10,single_datapoint,no_comment
13691,2022,18_CT,intensity,all,pj_per_passenger_or_freight_tonne_km,ship,passenger,all,all,yearly,national,['manually_inputted_data $ iea_howtocalculatetheindicatorsforthetransportsectors.pdf'],1,7.02e-09,manually_inputted_data $ iea_howtocalculatetheindicatorsforthetransportsectors.pdf,5.4e-10,single_datapoint,assumed_to_be_the_same_as_ship_freight_from_iea_how_to
13692,2010,18_CT,new_vehicle_efficiency,bus,km_per_pj,road,passenger,bev,all,yearly,national,['avg_eff_no_outliers $ transport_data_system_9th'],1,1058314235.1561403,avg_eff_no_outliers $ transport_data_system_9th,81408787.3197031,single_datapoint,no_comment
13693,2010,18_CT,turnover_rate,bus,%,road,passenger,bev,all,yearly,national,['manually_inputted_data $ guess'],1,0.42,manually_inputted_data $ guess,0.03,manual,no_comment
13694,2011,18_CT,new_vehicle_efficiency,bus,km_per_pj,road,passenger,bev,all,yearly,national,['avg_eff_no_outliers $ transport_data_system_9th'],1,1058314235.1561403,avg_eff_no_outliers $ transport_data_system_9th,81408787.3197031,single_datapoint,no_comment
13695,2011,18_CT,turnover_rate,bus,%,road,passenger,bev,all,yearly,national,['manually_inputted_data $ guess'],1,0.42,manually_inputted_data $ guess,0.03,manual,no_comment
13696,2012,18_CT,new_vehicle_efficiency,bus,km_per_pj,road,passenger,bev,all,yearly,national,['avg_eff_no_outliers $ transport_data_system_9th'],1,1058314235.1561403,avg_eff_no_outliers $ transport_data_system_9th,81408787.3197031,single_datapoint,no_comment
13697,2012,18_CT,turnover_rate,bus,%,road,passenger,bev,all,yearly,national,['manually_inputted_data $ guess'],1,0.42,manually_inputted_data $ guess,0.03,manual,no_comment
13698,2013,18_CT,new_vehicle_efficiency,bus,km_per_pj,road,passenger,bev,all,yearly,national,['avg_eff_no_outliers $ transport_data_system_9th'],1,1058314235.1561403,avg_eff_no_outliers $ transport_data_system_9th,81408787.3197031,single_datapoint,no_comment
13699,2013,18_CT,turnover_rate,bus,%,road,passenger,bev,all,yearly,national,['manually_inputted_data $ guess'],1,0.42,manually_inputted_data $ guess,0.03,manual,no_comment
13700,2014,18_CT,new_vehicle_efficiency,bus,km_per_pj,road,passenger,bev,all,yearly,national,['avg_eff_no_outliers $ transport_data_system_9th'],1,1058314235.1561403,avg_eff_no_outliers $ transport_data_system_9th,81408787.3197031,single_datapoint,no_comment
13701,2014,18_CT,turnover_rate,bus,%,road,passenger,bev,all,yearly,national,['manually_inputted_data $ guess'],1,0.42,manually_inputted_data $ guess,0.03,manual,no_comment
13702,2015,18_CT,new_vehicle_efficiency,bus,km_per_pj,road,passenger,bev,all,yearly,national,['avg_eff_no_outliers $ transport_data_system_9th'],1,1058314235.1561403,avg_eff_no_outliers $ transport_data_system_9th,81408787.3197031,single_datapoint,no_comment
13703,2015,18_CT,turnover_rate,bus,%,road,passenger,bev,all,yearly,national,['manually_inputted_data $ guess'],1,0.42,manually_inputted_data $ guess,0.03,manual,no_comment
13704,2016,18_CT,new_vehicle_efficiency,bus,km_per_pj,road,passenger,bev,all,yearly,national,['avg_eff_no_outliers $ transport_data_system_9th'],1,1058314235.1561403,avg_eff_no_outliers $ transport_data_system_9th,81408787.3197031,single_datapoint,no_comment
13705,2016,18_CT,turnover_rate,bus,%,road,passenger,bev,all,yearly,national,['manually_inputted_data $ guess'],1,0.42,manually_inputted_data $ guess,0.03,manual,no_comment
13706,2017,18_CT,activity,bus,passenger_km_or_freight_tonne_km,road,passenger,bev,all,yearly,national,"['8th_edition_transport_model $ reference', 'estimated $ calculate_energy_and_activity()']",2,32987939.6257811,8th_edition_transport_model $ reference,5987939.625781099,manual,no_comment
13707,2017,18_CT,energy,bus,pj,road,passenger,bev,all,yearly,national,"['8th_edition_transport_model $ reference', 'estimated $ calculate_energy_and_activity()']",2,0.008355181515943413,estimated $ calculate_energy_and_activity(),0.0069105896755764125,manual,no_comment
13708,2017,18_CT,new_vehicle_efficiency,bus,km_per_pj,road,passenger,bev,all,yearly,national,['avg_eff_no_outliers $ transport_data_system_9th'],1,1058314235.1561403,avg_eff_no_outliers $ transport_data_system_9th,81408787.3197031,single_datapoint,no_comment
13709,2017,18_CT,travel_km,bus,km,road,passenger,bev,all,yearly,national,['estimated $ calculate_energy_and_activity()'],1,1800000.0,estimated $ calculate_energy_and_activity(),1800000.0,single_datapoint,no_comment
13710,2017,18_CT,turnover_rate,bus,%,road,passenger,bev,all,yearly,national,"['manually_inputted_data $ guess', 'turnover_rate_est']",2,0.42,manually_inputted_data $ guess,0.03,manual,no_comment
13711,2018,18_CT,new_vehicle_efficiency,bus,km_per_pj,road,passenger,bev,all,yearly,national,['avg_eff_no_outliers $ transport_data_system_9th'],1,1058314235.1561403,avg_eff_no_outliers $ transport_data_system_9th,81408787.3197031,single_datapoint,no_comment
13712,2018,18_CT,turnover_rate,bus,%,road,passenger,bev,all,yearly,national,['manually_inputted_data $ guess'],1,0.42,manually_inputted_data $ guess,0.03,manual,no_comment
13713,2019,18_CT,new_vehicle_efficiency,bus,km_per_pj,road,passenger,bev,all,yearly,national,['avg_eff_no_outliers $ transport_data_system_9th'],1,1058314235.1561403,avg_eff_no_outliers $ transport_data_system_9th,81408787.3197031,single_datapoint,no_comment
13714,2019,18_CT,turnover_rate,bus,%,road,passenger,bev,all,yearly,national,['manually_inputted_data $ guess'],1,0.42,manually_inputted_data $ guess,0.03,manual,no_comment
13715,2020,18_CT,new_vehicle_efficiency,bus,km_per_pj,road,passenger,bev,all,yearly,national,['avg_eff_no_outliers $ transport_data_system_9th'],1,1058314235.1561403,avg_eff_no_outliers $ transport_data_system_9th,81408787.3197031,single_datapoint,no_comment
13716,2020,18_CT,turnover_rate,bus,%,road,passenger,bev,all,yearly,national,['manually_inputted_data $ guess'],1,0.42,manually_inputted_data $ guess,0.03,manual,no_comment
13717,2021,18_CT,new_vehicle_efficiency,bus,km_per_pj,road,passenger,bev,all,yearly,national,['avg_eff_no_outliers $ transport_data_system_9th'],1,1058314235.1561403,avg_eff_no_outliers $ transport_data_system_9th,81408787.3197031,single_datapoint,no_comment
13718,2021,18_CT,turnover_rate,bus,%,road,passenger,bev,all,yearly,national,['manually_inputted_data $ guess'],1,0.42,manually_inputted_data $ guess,0.03,manual,no_comment
13719,2022,18_CT,new_vehicle_efficiency,bus,km_per_pj,road,passenger,bev,all,yearly,national,['avg_eff_no_outliers $ transport_data_system_9th'],1,1058314235.1561403,avg_eff_no_outliers $ transport_data_system_9th,81408787.3197031,single_datapoint,no_comment
13720,2022,18_CT,turnover_rate,bus,%,road,passenger,bev,all,yearly,national,['manually_inputted_data $ guess'],1,0.42,manually_inputted_data $ guess,0.03,manual,no_comment
13721,2010,18_CT,new_vehicle_efficiency,bus,km_per_pj,road,passenger,cng,all,yearly,national,['avg_eff_no_outliers $ transport_data_system_9th'],1,1813839119.6717222,avg_eff_no_outliers $ transport_data_system_9th,139526086.128594,single_datapoint,no_comment
13722,2010,18_CT,turnover_rate,bus,%,road,passenger,cng,all,yearly,national,['manually_inputted_data $ guess'],1,0.42,manually_inputted_data $ guess,0.03,manual,no_comment
13723,2011,18_CT,new_vehicle_efficiency,bus,km_per_pj,road,passenger,cng,all,yearly,national,['avg_eff_no_outliers $ transport_data_system_9th'],1,1813839119.6717222,avg_eff_no_outliers $ transport_data_system_9th,139526086.128594,single_datapoint,no_comment
13724,2011,18_CT,turnover_rate,bus,%,road,passenger,cng,all,yearly,national,['manually_inputted_data $ guess'],1,0.42,manually_inputted_data $ guess,0.03,manual,no_comment
13725,2012,18_CT,new_vehicle_efficiency,bus,km_per_pj,road,passenger,cng,all,yearly,national,['avg_eff_no_outliers $ transport_data_system_9th'],1,1813839119.6717222,avg_eff_no_outliers $ transport_data_system_9th,139526086.128594,single_datapoint,no_comment
13726,2012,18_CT,turnover_rate,bus,%,road,passenger,cng,all,yearly,national,['manually_inputted_data $ guess'],1,0.42,manually_inputted_data $ guess,0.03,manual,no_comment
13727,2013,18_CT,new_vehicle_efficiency,bus,km_per_pj,road,passenger,cng,all,yearly,national,['avg_eff_no_outliers $ transport_data_system_9th'],1,1813839119.6717222,avg_eff_no_outliers $ transport_data_system_9th,139526086.128594,single_datapoint,no_comment
13728,2013,18_CT,turnover_rate,bus,%,road,passenger,cng,all,yearly,national,['manually_inputted_data $ guess'],1,0.42,manually_inputted_data $ guess,0.03,manual,no_comment
13729,2014,18_CT,new_vehicle_efficiency,bus,km_per_pj,road,passenger,cng,all,yearly,national,['avg_eff_no_outliers $ transport_data_system_9th'],1,1813839119.6717222,avg_eff_no_outliers $ transport_data_system_9th,139526086.128594,single_datapoint,no_comment
13730,2014,18_CT,turnover_rate,bus,%,road,passenger,cng,all,yearly,national,['manually_inputted_data $ guess'],1,0.42,manually_inputted_data $ guess,0.03,manual,no_comment
13731,2015,18_CT,new_vehicle_efficiency,bus,km_per_pj,road,passenger,cng,all,yearly,national,['avg_eff_no_outliers $ transport_data_system_9th'],1,1813839119.6717222,avg_eff_no_outliers $ transport_data_system_9th,139526086.128594,single_datapoint,no_comment
13732,2015,18_CT,turnover_rate,bus,%,road,passenger,cng,all,yearly,national,['manually_inputted_data $ guess'],1,0.42,manually_inputted_data $ guess,0.03,manual,no_comment
13733,2016,18_CT,new_vehicle_efficiency,bus,km_per_pj,road,passenger,cng,all,yearly,national,['avg_eff_no_outliers $ transport_data_system_9th'],1,1813839119.6717222,avg_eff_no_outliers $ transport_data_system_9th,139526086.128594,single_datapoint,no_comment
13734,2016,18_CT,turnover_rate,bus,%,road,passenger,cng,all,yearly,national,['manually_inputted_data $ guess'],1,0.42,manually_inputted_data $ guess,0.03,manual,no_comment
13735,2017,18_CT,new_vehicle_efficiency,bus,km_per_pj,road,passenger,cng,all,yearly,national,['avg_eff_no_outliers $ transport_data_system_9th'],1,1813839119.6717222,avg_eff_no_outliers $ transport_data_system_9th,139526086.128594,single_datapoint,no_comment
13736,2017,18_CT,turnover_rate,bus,%,road,passenger,cng,all,yearly,national,"['manually_inputted_data $ guess', 'turnover_rate_est']",2,0.42,manually_inputted_data $ guess,0.03,manual,no_comment
13737,2018,18_CT,new_vehicle_efficiency,bus,km_per_pj,road,passenger,cng,all,yearly,national,['avg_eff_no_outliers $ transport_data_system_9th'],1,1813839119.6717222,avg_eff_no_outliers $ transport_data_system_9th,139526086.128594,single_datapoint,no_comment
13738,2018,18_CT,turnover_rate,bus,%,road,passenger,cng,all,yearly,national,['manually_inputted_data $ guess'],1,0.42,manually_inputted_data $ guess,0.03,manual,no_comment
13739,2019,18_CT,new_vehicle_efficiency,bus,km_per_pj,road,passenger,cng,all,yearly,national,['avg_eff_no_outliers $ transport_data_system_9th'],1,1813839119.6717222,avg_eff_no_outliers $ transport_data_system_9th,139526086.128594,single_datapoint,no_comment
13740,2019,18_CT,turnover_rate,bus,%,road,passenger,cng,all,yearly,national,['manually_inputted_data $ guess'],1,0.42,manually_inputted_data $ guess,0.03,manual,no_comment
13741,2020,18_CT,new_vehicle_efficiency,bus,km_per_pj,road,passenger,cng,all,yearly,national,['avg_eff_no_outliers $ transport_data_system_9th'],1,1813839119.6717222,avg_eff_no_outliers $ transport_data_system_9th,139526086.128594,single_datapoint,no_comment
13742,2020,18_CT,turnover_rate,bus,%,road,passenger,cng,all,yearly,national,['manually_inputted_data $ guess'],1,0.42,manually_inputted_data $ guess,0.03,manual,no_comment
13743,2021,18_CT,new_vehicle_efficiency,bus,km_per_pj,road,passenger,cng,all,yearly,national,['avg_eff_no_outliers $ transport_data_system_9th'],1,1813839119.6717222,avg_eff_no_outliers $ transport_data_system_9th,139526086.128594,single_datapoint,no_comment
13744,2021,18_CT,turnover_rate,bus,%,road,passenger,cng,all,yearly,national,['manually_inputted_data $ guess'],1,0.42,manually_inputted_data $ guess,0.03,manual,no_comment
13745,2022,18_CT,new_vehicle_efficiency,bus,km_per_pj,road,passenger,cng,all,yearly,national,['avg_eff_no_outliers $ transport_data_system_9th'],1,1813839119.6717222,avg_eff_no_outliers $ transport_data_system_9th,139526086.128594,single_datapoint,no_comment
13746,2022,18_CT,turnover_rate,bus,%,road,passenger,cng,all,yearly,national,['manually_inputted_data $ guess'],1,0.42,manually_inputted_data $ guess,0.03,manual,no_comment
13747,2017,18_CT,turnover_rate,bus,%,road,passenger,fcev,all,yearly,national,['turnover_rate_est'],1,0.03,turnover_rate_est,0.03,single_datapoint,no_comment
13748,2010,18_CT,activity,bus,passenger_km_or_freight_tonne_km,road,passenger,ice,all,yearly,national,['estimated $ calculate_energy_and_activity()'],1,427559625000.0,estimated $ calculate_energy_and_activity(),22325625000.0,single_datapoint,no_comment
13749,2010,18_CT,energy,bus,pj,road,passenger,ice,all,yearly,national,['estimated $ calculate_energy_and_activity()'],1,383.01525762089364,estimated $ calculate_energy_and_activity(),19.99967843297286,single_datapoint,no_comment
13750,2010,18_CT,new_vehicle_efficiency,bus,km_per_pj,road,passenger,ice,all,yearly,national,['avg_eff_no_outliers $ transport_data_system_9th'],1,910941040.8338033,avg_eff_no_outliers $ transport_data_system_9th,70072387.7564464,single_datapoint,no_comment
13751,2010,18_CT,travel_km,bus,km,road,passenger,ice,all,yearly,national,['estimated $ calculate_energy_and_activity()'],1,28503975000.0,estimated $ calculate_energy_and_activity(),1488375000.0,single_datapoint,no_comment
13752,2010,18_CT,turnover_rate,bus,%,road,passenger,ice,all,yearly,national,['manually_inputted_data $ guess'],1,0.39,manually_inputted_data $ guess,0.03,single_datapoint,no_comment
13753,2011,18_CT,activity,bus,passenger_km_or_freight_tonne_km,road,passenger,ice,all,yearly,national,['estimated $ calculate_energy_and_activity()'],1,427559625000.0,estimated $ calculate_energy_and_activity(),33739875000.0,single_datapoint,no_comment
13754,2011,18_CT,energy,bus,pj,road,passenger,ice,all,yearly,national,['estimated $ calculate_energy_and_activity()'],1,383.01525762089364,estimated $ calculate_energy_and_activity(),30.224759681697606,single_datapoint,no_comment
13755,2011,18_CT,new_vehicle_efficiency,bus,km_per_pj,road,passenger,ice,all,yearly,national,['avg_eff_no_outliers $ transport_data_system_9th'],1,910941040.8338033,avg_eff_no_outliers $ transport_data_system_9th,70072387.7564464,single_datapoint,no_comment
13756,2011,18_CT,travel_km,bus,km,road,passenger,ice,all,yearly,national,['estimated $ calculate_energy_and_activity()'],1,28503975000.0,estimated $ calculate_energy_and_activity(),2249325000.0,single_datapoint,no_comment
13757,2011,18_CT,turnover_rate,bus,%,road,passenger,ice,all,yearly,national,['manually_inputted_data $ guess'],1,0.39,manually_inputted_data $ guess,0.03,single_datapoint,no_comment
13758,2012,18_CT,activity,bus,passenger_km_or_freight_tonne_km,road,passenger,ice,all,yearly,national,['estimated $ calculate_energy_and_activity()'],1,427559625000.0,estimated $ calculate_energy_and_activity(),34985250000.0,single_datapoint,no_comment
13759,2012,18_CT,energy,bus,pj,road,passenger,ice,all,yearly,national,['estimated $ calculate_energy_and_activity()'],1,383.01525762089364,estimated $ calculate_energy_and_activity(),31.340388002448474,single_datapoint,no_comment
13760,2012,18_CT,new_vehicle_efficiency,bus,km_per_pj,road,passenger,ice,all,yearly,national,['avg_eff_no_outliers $ transport_data_system_9th'],1,910941040.8338033,avg_eff_no_outliers $ transport_data_system_9th,70072387.7564464,single_datapoint,no_comment
13761,2012,18_CT,travel_km,bus,km,road,passenger,ice,all,yearly,national,['estimated $ calculate_energy_and_activity()'],1,28503975000.0,estimated $ calculate_energy_and_activity(),2332350000.0,single_datapoint,no_comment
13762,2012,18_CT,turnover_rate,bus,%,road,passenger,ice,all,yearly,national,['manually_inputted_data $ guess'],1,0.39,manually_inputted_data $ guess,0.03,single_datapoint,no_comment
13763,2013,18_CT,activity,bus,passenger_km_or_freight_tonne_km,road,passenger,ice,all,yearly,national,['estimated $ calculate_energy_and_activity()'],1,427559625000.0,estimated $ calculate_energy_and_activity(),35955000000.0,single_datapoint,no_comment
13764,2013,18_CT,energy,bus,pj,road,passenger,ice,all,yearly,national,['estimated $ calculate_energy_and_activity()'],1,383.01525762089364,estimated $ calculate_energy_and_activity(),32.20910671291573,single_datapoint,no_comment
13765,2013,18_CT,new_vehicle_efficiency,bus,km_per_pj,road,passenger,ice,all,yearly,national,['avg_eff_no_outliers $ transport_data_system_9th'],1,910941040.8338033,avg_eff_no_outliers $ transport_data_system_9th,70072387.7564464,single_datapoint,no_comment
13766,2013,18_CT,travel_km,bus,km,road,passenger,ice,all,yearly,national,['estimated $ calculate_energy_and_activity()'],1,28503975000.0,estimated $ calculate_energy_and_activity(),2397000000.0,single_datapoint,no_comment
13767,2013,18_CT,turnover_rate,bus,%,road,passenger,ice,all,yearly,national,['manually_inputted_data $ guess'],1,0.39,manually_inputted_data $ guess,0.03,single_datapoint,no_comment
13768,2014,18_CT,activity,bus,passenger_km_or_freight_tonne_km,road,passenger,ice,all,yearly,national,['estimated $ calculate_energy_and_activity()'],1,427559625000.0,estimated $ calculate_energy_and_activity(),37044000000.0,single_datapoint,no_comment
13769,2014,18_CT,energy,bus,pj,road,passenger,ice,all,yearly,national,['estimated $ calculate_energy_and_activity()'],1,383.01525762089364,estimated $ calculate_energy_and_activity(),33.184651622117926,single_datapoint,no_comment
13770,2014,18_CT,new_vehicle_efficiency,bus,km_per_pj,road,passenger,ice,all,yearly,national,['avg_eff_no_outliers $ transport_data_system_9th'],1,910941040.8338033,avg_eff_no_outliers $ transport_data_system_9th,70072387.7564464,single_datapoint,no_comment
13771,2014,18_CT,travel_km,bus,km,road,passenger,ice,all,yearly,national,['estimated $ calculate_energy_and_activity()'],1,28503975000.0,estimated $ calculate_energy_and_activity(),2469600000.0,single_datapoint,no_comment
13772,2014,18_CT,turnover_rate,bus,%,road,passenger,ice,all,yearly,national,['manually_inputted_data $ guess'],1,0.39,manually_inputted_data $ guess,0.03,single_datapoint,no_comment
13773,2015,18_CT,activity,bus,passenger_km_or_freight_tonne_km,road,passenger,ice,all,yearly,national,['estimated $ calculate_energy_and_activity()'],1,427559625000.0,estimated $ calculate_energy_and_activity(),38126250000.0,single_datapoint,no_comment
13774,2015,18_CT,energy,bus,pj,road,passenger,ice,all,yearly,national,['estimated $ calculate_energy_and_activity()'],1,383.01525762089364,estimated $ calculate_energy_and_activity(),34.154149765354006,single_datapoint,no_comment
13775,2015,18_CT,new_vehicle_efficiency,bus,km_per_pj,road,passenger,ice,all,yearly,national,['avg_eff_no_outliers $ transport_data_system_9th'],1,910941040.8338033,avg_eff_no_outliers $ transport_data_system_9th,70072387.7564464,single_datapoint,no_comment
13776,2015,18_CT,travel_km,bus,km,road,passenger,ice,all,yearly,national,['estimated $ calculate_energy_and_activity()'],1,28503975000.0,estimated $ calculate_energy_and_activity(),2541750000.0,single_datapoint,no_comment
13777,2015,18_CT,turnover_rate,bus,%,road,passenger,ice,all,yearly,national,['manually_inputted_data $ guess'],1,0.39,manually_inputted_data $ guess,0.03,single_datapoint,no_comment
13778,2016,18_CT,activity,bus,passenger_km_or_freight_tonne_km,road,passenger,ice,all,yearly,national,['estimated $ calculate_energy_and_activity()'],1,427559625000.0,estimated $ calculate_energy_and_activity(),38847375000.0,single_datapoint,no_comment
13779,2016,18_CT,energy,bus,pj,road,passenger,ice,all,yearly,national,['estimated $ calculate_energy_and_activity()'],1,383.01525762089364,estimated $ calculate_energy_and_activity(),34.800145929402156,single_datapoint,no_comment
13780,2016,18_CT,new_vehicle_efficiency,bus,km_per_pj,road,passenger,ice,all,yearly,national,['avg_eff_no_outliers $ transport_data_system_9th'],1,910941040.8338033,avg_eff_no_outliers $ transport_data_system_9th,70072387.7564464,single_datapoint,no_comment
13781,2016,18_CT,travel_km,bus,km,road,passenger,ice,all,yearly,national,['estimated $ calculate_energy_and_activity()'],1,28503975000.0,estimated $ calculate_energy_and_activity(),2589825000.0,single_datapoint,no_comment
13782,2016,18_CT,turnover_rate,bus,%,road,passenger,ice,all,yearly,national,['manually_inputted_data $ guess'],1,0.39,manually_inputted_data $ guess,0.03,single_datapoint,no_comment
13783,2017,18_CT,activity,bus,passenger_km_or_freight_tonne_km,road,passenger,ice,all,yearly,national,['estimated $ calculate_energy_and_activity()'],1,427559625000.0,estimated $ calculate_energy_and_activity(),38461500000.0,single_datapoint,no_comment
13784,2017,18_CT,energy,bus,pj,road,passenger,ice,all,yearly,national,['estimated $ calculate_energy_and_activity()'],1,383.01525762089364,estimated $ calculate_energy_and_activity(),34.4544724750051,single_datapoint,no_comment
13785,2017,18_CT,new_vehicle_efficiency,bus,km_per_pj,road,passenger,ice,all,yearly,national,['avg_eff_no_outliers $ transport_data_system_9th'],1,910941040.8338033,avg_eff_no_outliers $ transport_data_system_9th,70072387.7564464,single_datapoint,no_comment
13786,2017,18_CT,travel_km,bus,km,road,passenger,ice,all,yearly,national,['estimated $ calculate_energy_and_activity()'],1,28503975000.0,estimated $ calculate_energy_and_activity(),2564100000.0,single_datapoint,no_comment
13787,2017,18_CT,turnover_rate,bus,%,road,passenger,ice,all,yearly,national,['manually_inputted_data $ guess'],1,0.39,manually_inputted_data $ guess,0.03,single_datapoint,no_comment
13788,2018,18_CT,activity,bus,passenger_km_or_freight_tonne_km,road,passenger,ice,all,yearly,national,['estimated $ calculate_energy_and_activity()'],1,427559625000.0,estimated $ calculate_energy_and_activity(),38111625000.0,single_datapoint,no_comment
13789,2018,18_CT,energy,bus,pj,road,passenger,ice,all,yearly,national,['estimated $ calculate_energy_and_activity()'],1,383.01525762089364,estimated $ calculate_energy_and_activity(),34.14104843909406,single_datapoint,no_comment
13790,2018,18_CT,new_vehicle_efficiency,bus,km_per_pj,road,passenger,ice,all,yearly,national,['avg_eff_no_outliers $ transport_data_system_9th'],1,910941040.8338033,avg_eff_no_outliers $ transport_data_system_9th,70072387.7564464,single_datapoint,no_comment
13791,2018,18_CT,travel_km,bus,km,road,passenger,ice,all,yearly,national,['estimated $ calculate_energy_and_activity()'],1,28503975000.0,estimated $ calculate_energy_and_activity(),2540775000.0,single_datapoint,no_comment
13792,2018,18_CT,turnover_rate,bus,%,road,passenger,ice,all,yearly,national,['manually_inputted_data $ guess'],1,0.39,manually_inputted_data $ guess,0.03,single_datapoint,no_comment
13793,2019,18_CT,activity,bus,passenger_km_or_freight_tonne_km,road,passenger,ice,all,yearly,national,['estimated $ calculate_energy_and_activity()'],1,427559625000.0,estimated $ calculate_energy_and_activity(),37449000000.0,single_datapoint,no_comment
13794,2019,18_CT,energy,bus,pj,road,passenger,ice,all,yearly,national,['estimated $ calculate_energy_and_activity()'],1,383.01525762089364,estimated $ calculate_energy_and_activity(),33.54745758008569,single_datapoint,no_comment
13795,2019,18_CT,new_vehicle_efficiency,bus,km_per_pj,road,passenger,ice,all,yearly,national,['avg_eff_no_outliers $ transport_data_system_9th'],1,910941040.8338033,avg_eff_no_outliers $ transport_data_system_9th,70072387.7564464,single_datapoint,no_comment
13796,2019,18_CT,travel_km,bus,km,road,passenger,ice,all,yearly,national,['estimated $ calculate_energy_and_activity()'],1,28503975000.0,estimated $ calculate_energy_and_activity(),2496600000.0,single_datapoint,no_comment
13797,2019,18_CT,turnover_rate,bus,%,road,passenger,ice,all,yearly,national,['manually_inputted_data $ guess'],1,0.39,manually_inputted_data $ guess,0.03,single_datapoint,no_comment
13798,2020,18_CT,activity,bus,passenger_km_or_freight_tonne_km,road,passenger,ice,all,yearly,national,['estimated $ calculate_energy_and_activity()'],1,427559625000.0,estimated $ calculate_energy_and_activity(),36586125000.0,single_datapoint,no_comment
13799,2020,18_CT,energy,bus,pj,road,passenger,ice,all,yearly,national,['estimated $ calculate_energy_and_activity()'],1,383.01525762089364,estimated $ calculate_energy_and_activity(),32.77447933074882,single_datapoint,no_comment
13800,2020,18_CT,new_vehicle_efficiency,bus,km_per_pj,road,passenger,ice,all,yearly,national,['avg_eff_no_outliers $ transport_data_system_9th'],1,910941040.8338033,avg_eff_no_outliers $ transport_data_system_9th,70072387.7564464,single_datapoint,no_comment
13801,2020,18_CT,travel_km,bus,km,road,passenger,ice,all,yearly,national,['estimated $ calculate_energy_and_activity()'],1,28503975000.0,estimated $ calculate_energy_and_activity(),2439075000.0,single_datapoint,no_comment
13802,2020,18_CT,turnover_rate,bus,%,road,passenger,ice,all,yearly,national,['manually_inputted_data $ guess'],1,0.39,manually_inputted_data $ guess,0.03,single_datapoint,no_comment
13803,2021,18_CT,activity,bus,passenger_km_or_freight_tonne_km,road,passenger,ice,all,yearly,national,['estimated $ calculate_energy_and_activity()'],1,427559625000.0,estimated $ calculate_energy_and_activity(),35928000000.0,single_datapoint,no_comment
13804,2021,18_CT,energy,bus,pj,road,passenger,ice,all,yearly,national,['estimated $ calculate_energy_and_activity()'],1,383.01525762089364,estimated $ calculate_energy_and_activity(),32.18491964905121,single_datapoint,no_comment
13805,2021,18_CT,new_vehicle_efficiency,bus,km_per_pj,road,passenger,ice,all,yearly,national,['avg_eff_no_outliers $ transport_data_system_9th'],1,910941040.8338033,avg_eff_no_outliers $ transport_data_system_9th,70072387.7564464,single_datapoint,no_comment
13806,2021,18_CT,travel_km,bus,km,road,passenger,ice,all,yearly,national,['estimated $ calculate_energy_and_activity()'],1,28503975000.0,estimated $ calculate_energy_and_activity(),2395200000.0,single_datapoint,no_comment
13807,2021,18_CT,turnover_rate,bus,%,road,passenger,ice,all,yearly,national,['manually_inputted_data $ guess'],1,0.39,manually_inputted_data $ guess,0.03,single_datapoint,no_comment
13808,2022,18_CT,new_vehicle_efficiency,bus,km_per_pj,road,passenger,ice,all,yearly,national,['avg_eff_no_outliers $ transport_data_system_9th'],1,910941040.8338033,avg_eff_no_outliers $ transport_data_system_9th,70072387.7564464,single_datapoint,no_comment
13809,2022,18_CT,turnover_rate,bus,%,road,passenger,ice,all,yearly,national,['manually_inputted_data $ guess'],1,0.39,manually_inputted_data $ guess,0.03,single_datapoint,no_comment
13810,2010,18_CT,new_vehicle_efficiency,bus,km_per_pj,road,passenger,lpg,all,yearly,national,['avg_eff_no_outliers $ transport_data_system_9th'],1,1295830676.4857378,avg_eff_no_outliers $ transport_data_system_9th,99679282.8065952,single_datapoint,no_comment
13811,2010,18_CT,turnover_rate,bus,%,road,passenger,lpg,all,yearly,national,['manually_inputted_data $ guess'],1,0.42,manually_inputted_data $ guess,0.03,manual,no_comment
13812,2011,18_CT,new_vehicle_efficiency,bus,km_per_pj,road,passenger,lpg,all,yearly,national,['avg_eff_no_outliers $ transport_data_system_9th'],1,1295830676.4857378,avg_eff_no_outliers $ transport_data_system_9th,99679282.8065952,single_datapoint,no_comment
13813,2011,18_CT,turnover_rate,bus,%,road,passenger,lpg,all,yearly,national,['manually_inputted_data $ guess'],1,0.42,manually_inputted_data $ guess,0.03,manual,no_comment
13814,2012,18_CT,new_vehicle_efficiency,bus,km_per_pj,road,passenger,lpg,all,yearly,national,['avg_eff_no_outliers $ transport_data_system_9th'],1,1295830676.4857378,avg_eff_no_outliers $ transport_data_system_9th,99679282.8065952,single_datapoint,no_comment
13815,2012,18_CT,turnover_rate,bus,%,road,passenger,lpg,all,yearly,national,['manually_inputted_data $ guess'],1,0.42,manually_inputted_data $ guess,0.03,manual,no_comment
13816,2013,18_CT,new_vehicle_efficiency,bus,km_per_pj,road,passenger,lpg,all,yearly,national,['avg_eff_no_outliers $ transport_data_system_9th'],1,1295830676.4857378,avg_eff_no_outliers $ transport_data_system_9th,99679282.8065952,single_datapoint,no_comment
13817,2013,18_CT,turnover_rate,bus,%,road,passenger,lpg,all,yearly,national,['manually_inputted_data $ guess'],1,0.42,manually_inputted_data $ guess,0.03,manual,no_comment
13818,2014,18_CT,new_vehicle_efficiency,bus,km_per_pj,road,passenger,lpg,all,yearly,national,['avg_eff_no_outliers $ transport_data_system_9th'],1,1295830676.4857378,avg_eff_no_outliers $ transport_data_system_9th,99679282.8065952,single_datapoint,no_comment
13819,2014,18_CT,turnover_rate,bus,%,road,passenger,lpg,all,yearly,national,['manually_inputted_data $ guess'],1,0.42,manually_inputted_data $ guess,0.03,manual,no_comment
13820,2015,18_CT,new_vehicle_efficiency,bus,km_per_pj,road,passenger,lpg,all,yearly,national,['avg_eff_no_outliers $ transport_data_system_9th'],1,1295830676.4857378,avg_eff_no_outliers $ transport_data_system_9th,99679282.8065952,single_datapoint,no_comment
13821,2015,18_CT,turnover_rate,bus,%,road,passenger,lpg,all,yearly,national,['manually_inputted_data $ guess'],1,0.42,manually_inputted_data $ guess,0.03,manual,no_comment
13822,2016,18_CT,new_vehicle_efficiency,bus,km_per_pj,road,passenger,lpg,all,yearly,national,['avg_eff_no_outliers $ transport_data_system_9th'],1,1295830676.4857378,avg_eff_no_outliers $ transport_data_system_9th,99679282.8065952,single_datapoint,no_comment
13823,2016,18_CT,turnover_rate,bus,%,road,passenger,lpg,all,yearly,national,['manually_inputted_data $ guess'],1,0.42,manually_inputted_data $ guess,0.03,manual,no_comment
13824,2017,18_CT,new_vehicle_efficiency,bus,km_per_pj,road,passenger,lpg,all,yearly,national,['avg_eff_no_outliers $ transport_data_system_9th'],1,1295830676.4857378,avg_eff_no_outliers $ transport_data_system_9th,99679282.8065952,single_datapoint,no_comment
13825,2017,18_CT,turnover_rate,bus,%,road,passenger,lpg,all,yearly,national,"['manually_inputted_data $ guess', 'turnover_rate_est']",2,0.42,manually_inputted_data $ guess,0.03,manual,no_comment
13826,2018,18_CT,new_vehicle_efficiency,bus,km_per_pj,road,passenger,lpg,all,yearly,national,['avg_eff_no_outliers $ transport_data_system_9th'],1,1295830676.4857378,avg_eff_no_outliers $ transport_data_system_9th,99679282.8065952,single_datapoint,no_comment
13827,2018,18_CT,turnover_rate,bus,%,road,passenger,lpg,all,yearly,national,['manually_inputted_data $ guess'],1,0.42,manually_inputted_data $ guess,0.03,manual,no_comment
13828,2019,18_CT,new_vehicle_efficiency,bus,km_per_pj,road,passenger,lpg,all,yearly,national,['avg_eff_no_outliers $ transport_data_system_9th'],1,1295830676.4857378,avg_eff_no_outliers $ transport_data_system_9th,99679282.8065952,single_datapoint,no_comment
13829,2019,18_CT,turnover_rate,bus,%,road,passenger,lpg,all,yearly,national,['manually_inputted_data $ guess'],1,0.42,manually_inputted_data $ guess,0.03,manual,no_comment
13830,2020,18_CT,new_vehicle_efficiency,bus,km_per_pj,road,passenger,lpg,all,yearly,national,['avg_eff_no_outliers $ transport_data_system_9th'],1,1295830676.4857378,avg_eff_no_outliers $ transport_data_system_9th,99679282.8065952,single_datapoint,no_comment
13831,2020,18_CT,turnover_rate,bus,%,road,passenger,lpg,all,yearly,national,['manually_inputted_data $ guess'],1,0.42,manually_inputted_data $ guess,0.03,manual,no_comment
13832,2021,18_CT,new_vehicle_efficiency,bus,km_per_pj,road,passenger,lpg,all,yearly,national,['avg_eff_no_outliers $ transport_data_system_9th'],1,1295830676.4857378,avg_eff_no_outliers $ transport_data_system_9th,99679282.8065952,single_datapoint,no_comment
13833,2021,18_CT,turnover_rate,bus,%,road,passenger,lpg,all,yearly,national,['manually_inputted_data $ guess'],1,0.42,manually_inputted_data $ guess,0.03,manual,no_comment
13834,2022,18_CT,new_vehicle_efficiency,bus,km_per_pj,road,passenger,lpg,all,yearly,national,['avg_eff_no_outliers $ transport_data_system_9th'],1,1295830676.4857378,avg_eff_no_outliers $ transport_data_system_9th,99679282.8065952,single_datapoint,no_comment
13835,2022,18_CT,turnover_rate,bus,%,road,passenger,lpg,all,yearly,national,['manually_inputted_data $ guess'],1,0.42,manually_inputted_data $ guess,0.03,manual,no_comment
13836,2010,18_CT,new_vehicle_efficiency,bus,km_per_pj,road,passenger,phev,all,yearly,national,['avg_eff_no_outliers $ transport_data_system_9th'],1,1472018422.278209,avg_eff_no_outliers $ transport_data_system_9th,113232186.329093,single_datapoint,no_comment
13837,2010,18_CT,turnover_rate,bus,%,road,passenger,phev,all,yearly,national,['manually_inputted_data $ guess'],1,0.39,manually_inputted_data $ guess,0.03,single_datapoint,no_comment
13838,2011,18_CT,new_vehicle_efficiency,bus,km_per_pj,road,passenger,phev,all,yearly,national,['avg_eff_no_outliers $ transport_data_system_9th'],1,1472018422.278209,avg_eff_no_outliers $ transport_data_system_9th,113232186.329093,single_datapoint,no_comment
13839,2011,18_CT,turnover_rate,bus,%,road,passenger,phev,all,yearly,national,['manually_inputted_data $ guess'],1,0.39,manually_inputted_data $ guess,0.03,single_datapoint,no_comment
13840,2012,18_CT,new_vehicle_efficiency,bus,km_per_pj,road,passenger,phev,all,yearly,national,['avg_eff_no_outliers $ transport_data_system_9th'],1,1472018422.278209,avg_eff_no_outliers $ transport_data_system_9th,113232186.329093,single_datapoint,no_comment
13841,2012,18_CT,turnover_rate,bus,%,road,passenger,phev,all,yearly,national,['manually_inputted_data $ guess'],1,0.39,manually_inputted_data $ guess,0.03,single_datapoint,no_comment
13842,2013,18_CT,new_vehicle_efficiency,bus,km_per_pj,road,passenger,phev,all,yearly,national,['avg_eff_no_outliers $ transport_data_system_9th'],1,1472018422.278209,avg_eff_no_outliers $ transport_data_system_9th,113232186.329093,single_datapoint,no_comment
13843,2013,18_CT,turnover_rate,bus,%,road,passenger,phev,all,yearly,national,['manually_inputted_data $ guess'],1,0.39,manually_inputted_data $ guess,0.03,single_datapoint,no_comment
13844,2014,18_CT,new_vehicle_efficiency,bus,km_per_pj,road,passenger,phev,all,yearly,national,['avg_eff_no_outliers $ transport_data_system_9th'],1,1472018422.278209,avg_eff_no_outliers $ transport_data_system_9th,113232186.329093,single_datapoint,no_comment
13845,2014,18_CT,turnover_rate,bus,%,road,passenger,phev,all,yearly,national,['manually_inputted_data $ guess'],1,0.39,manually_inputted_data $ guess,0.03,single_datapoint,no_comment
13846,2015,18_CT,new_vehicle_efficiency,bus,km_per_pj,road,passenger,phev,all,yearly,national,['avg_eff_no_outliers $ transport_data_system_9th'],1,1472018422.278209,avg_eff_no_outliers $ transport_data_system_9th,113232186.329093,single_datapoint,no_comment
13847,2015,18_CT,turnover_rate,bus,%,road,passenger,phev,all,yearly,national,['manually_inputted_data $ guess'],1,0.39,manually_inputted_data $ guess,0.03,single_datapoint,no_comment
13848,2016,18_CT,new_vehicle_efficiency,bus,km_per_pj,road,passenger,phev,all,yearly,national,['avg_eff_no_outliers $ transport_data_system_9th'],1,1472018422.278209,avg_eff_no_outliers $ transport_data_system_9th,113232186.329093,single_datapoint,no_comment
13849,2016,18_CT,turnover_rate,bus,%,road,passenger,phev,all,yearly,national,['manually_inputted_data $ guess'],1,0.39,manually_inputted_data $ guess,0.03,single_datapoint,no_comment
13850,2017,18_CT,new_vehicle_efficiency,bus,km_per_pj,road,passenger,phev,all,yearly,national,['avg_eff_no_outliers $ transport_data_system_9th'],1,1472018422.278209,avg_eff_no_outliers $ transport_data_system_9th,113232186.329093,single_datapoint,no_comment
13851,2017,18_CT,turnover_rate,bus,%,road,passenger,phev,all,yearly,national,['manually_inputted_data $ guess'],1,0.39,manually_inputted_data $ guess,0.03,single_datapoint,no_comment
13852,2018,18_CT,new_vehicle_efficiency,bus,km_per_pj,road,passenger,phev,all,yearly,national,['avg_eff_no_outliers $ transport_data_system_9th'],1,1472018422.278209,avg_eff_no_outliers $ transport_data_system_9th,113232186.329093,single_datapoint,no_comment
13853,2018,18_CT,turnover_rate,bus,%,road,passenger,phev,all,yearly,national,['manually_inputted_data $ guess'],1,0.39,manually_inputted_data $ guess,0.03,single_datapoint,no_comment
13854,2019,18_CT,new_vehicle_efficiency,bus,km_per_pj,road,passenger,phev,all,yearly,national,['avg_eff_no_outliers $ transport_data_system_9th'],1,1472018422.278209,avg_eff_no_outliers $ transport_data_system_9th,113232186.329093,single_datapoint,no_comment
13855,2019,18_CT,turnover_rate,bus,%,road,passenger,phev,all,yearly,national,['manually_inputted_data $ guess'],1,0.39,manually_inputted_data $ guess,0.03,single_datapoint,no_comment
13856,2020,18_CT,new_vehicle_efficiency,bus,km_per_pj,road,passenger,phev,all,yearly,national,['avg_eff_no_outliers $ transport_data_system_9th'],1,1472018422.278209,avg_eff_no_outliers $ transport_data_system_9th,113232186.329093,single_datapoint,no_comment
13857,2020,18_CT,turnover_rate,bus,%,road,passenger,phev,all,yearly,national,['manually_inputted_data $ guess'],1,0.39,manually_inputted_data $ guess,0.03,single_datapoint,no_comment
13858,2021,18_CT,new_vehicle_efficiency,bus,km_per_pj,road,passenger,phev,all,yearly,national,['avg_eff_no_outliers $ transport_data_system_9th'],1,1472018422.278209,avg_eff_no_outliers $ transport_data_system_9th,113232186.329093,single_datapoint,no_comment
13859,2021,18_CT,turnover_rate,bus,%,road,passenger,phev,all,yearly,national,['manually_inputted_data $ guess'],1,0.39,manually_inputted_data $ guess,0.03,single_datapoint,no_comment
13860,2022,18_CT,new_vehicle_efficiency,bus,km_per_pj,road,passenger,phev,all,yearly,national,['avg_eff_no_outliers $ transport_data_system_9th'],1,1472018422.278209,avg_eff_no_outliers $ transport_data_system_9th,113232186.329093,single_datapoint,no_comment
13861,2022,18_CT,turnover_rate,bus,%,road,passenger,phev,all,yearly,national,['manually_inputted_data $ guess'],1,0.39,manually_inputted_data $ guess,0.03,single_datapoint,no_comment
13862,2010,18_CT,new_vehicle_efficiency,ht,km_per_pj,road,freight,bev,all,yearly,national,['avg_eff_no_outliers $ transport_data_system_9th'],1,3249486640.872147,avg_eff_no_outliers $ transport_data_system_9th,249960510.836319,single_datapoint,no_comment
13863,2010,18_CT,turnover_rate,ht,%,road,freight,bev,all,yearly,national,['manually_inputted_data $ guess'],1,0.42,manually_inputted_data $ guess,0.03,manual,no_comment
13864,2011,18_CT,new_vehicle_efficiency,ht,km_per_pj,road,freight,bev,all,yearly,national,['avg_eff_no_outliers $ transport_data_system_9th'],1,3249486640.872147,avg_eff_no_outliers $ transport_data_system_9th,249960510.836319,single_datapoint,no_comment
13865,2011,18_CT,turnover_rate,ht,%,road,freight,bev,all,yearly,national,['manually_inputted_data $ guess'],1,0.42,manually_inputted_data $ guess,0.03,manual,no_comment
13866,2012,18_CT,new_vehicle_efficiency,ht,km_per_pj,road,freight,bev,all,yearly,national,['avg_eff_no_outliers $ transport_data_system_9th'],1,3249486640.872147,avg_eff_no_outliers $ transport_data_system_9th,249960510.836319,single_datapoint,no_comment
13867,2012,18_CT,turnover_rate,ht,%,road,freight,bev,all,yearly,national,['manually_inputted_data $ guess'],1,0.42,manually_inputted_data $ guess,0.03,manual,no_comment
13868,2013,18_CT,new_vehicle_efficiency,ht,km_per_pj,road,freight,bev,all,yearly,national,['avg_eff_no_outliers $ transport_data_system_9th'],1,3249486640.872147,avg_eff_no_outliers $ transport_data_system_9th,249960510.836319,single_datapoint,no_comment
13869,2013,18_CT,turnover_rate,ht,%,road,freight,bev,all,yearly,national,['manually_inputted_data $ guess'],1,0.42,manually_inputted_data $ guess,0.03,manual,no_comment
13870,2014,18_CT,new_vehicle_efficiency,ht,km_per_pj,road,freight,bev,all,yearly,national,['avg_eff_no_outliers $ transport_data_system_9th'],1,3249486640.872147,avg_eff_no_outliers $ transport_data_system_9th,249960510.836319,single_datapoint,no_comment
13871,2014,18_CT,turnover_rate,ht,%,road,freight,bev,all,yearly,national,['manually_inputted_data $ guess'],1,0.42,manually_inputted_data $ guess,0.03,manual,no_comment
13872,2015,18_CT,new_vehicle_efficiency,ht,km_per_pj,road,freight,bev,all,yearly,national,['avg_eff_no_outliers $ transport_data_system_9th'],1,3249486640.872147,avg_eff_no_outliers $ transport_data_system_9th,249960510.836319,single_datapoint,no_comment
13873,2015,18_CT,turnover_rate,ht,%,road,freight,bev,all,yearly,national,['manually_inputted_data $ guess'],1,0.42,manually_inputted_data $ guess,0.03,manual,no_comment
13874,2016,18_CT,new_vehicle_efficiency,ht,km_per_pj,road,freight,bev,all,yearly,national,['avg_eff_no_outliers $ transport_data_system_9th'],1,3249486640.872147,avg_eff_no_outliers $ transport_data_system_9th,249960510.836319,single_datapoint,no_comment
13875,2016,18_CT,turnover_rate,ht,%,road,freight,bev,all,yearly,national,['manually_inputted_data $ guess'],1,0.42,manually_inputted_data $ guess,0.03,manual,no_comment
13876,2017,18_CT,new_vehicle_efficiency,ht,km_per_pj,road,freight,bev,all,yearly,national,['avg_eff_no_outliers $ transport_data_system_9th'],1,3249486640.872147,avg_eff_no_outliers $ transport_data_system_9th,249960510.836319,single_datapoint,no_comment
13877,2017,18_CT,turnover_rate,ht,%,road,freight,bev,all,yearly,national,"['manually_inputted_data $ guess', 'turnover_rate_est']",2,0.42,manually_inputted_data $ guess,0.03,manual,no_comment
13878,2018,18_CT,new_vehicle_efficiency,ht,km_per_pj,road,freight,bev,all,yearly,national,['avg_eff_no_outliers $ transport_data_system_9th'],1,3249486640.872147,avg_eff_no_outliers $ transport_data_system_9th,249960510.836319,single_datapoint,no_comment
13879,2018,18_CT,turnover_rate,ht,%,road,freight,bev,all,yearly,national,['manually_inputted_data $ guess'],1,0.42,manually_inputted_data $ guess,0.03,manual,no_comment
13880,2019,18_CT,new_vehicle_efficiency,ht,km_per_pj,road,freight,bev,all,yearly,national,['avg_eff_no_outliers $ transport_data_system_9th'],1,3249486640.872147,avg_eff_no_outliers $ transport_data_system_9th,249960510.836319,single_datapoint,no_comment
13881,2019,18_CT,turnover_rate,ht,%,road,freight,bev,all,yearly,national,['manually_inputted_data $ guess'],1,0.42,manually_inputted_data $ guess,0.03,manual,no_comment
13882,2020,18_CT,new_vehicle_efficiency,ht,km_per_pj,road,freight,bev,all,yearly,national,['avg_eff_no_outliers $ transport_data_system_9th'],1,3249486640.872147,avg_eff_no_outliers $ transport_data_system_9th,249960510.836319,single_datapoint,no_comment
13883,2020,18_CT,turnover_rate,ht,%,road,freight,bev,all,yearly,national,['manually_inputted_data $ guess'],1,0.42,manually_inputted_data $ guess,0.03,manual,no_comment
13884,2021,18_CT,new_vehicle_efficiency,ht,km_per_pj,road,freight,bev,all,yearly,national,['avg_eff_no_outliers $ transport_data_system_9th'],1,3249486640.872147,avg_eff_no_outliers $ transport_data_system_9th,249960510.836319,single_datapoint,no_comment
13885,2021,18_CT,turnover_rate,ht,%,road,freight,bev,all,yearly,national,['manually_inputted_data $ guess'],1,0.42,manually_inputted_data $ guess,0.03,manual,no_comment
13886,2022,18_CT,new_vehicle_efficiency,ht,km_per_pj,road,freight,bev,all,yearly,national,['avg_eff_no_outliers $ transport_data_system_9th'],1,3249486640.872147,avg_eff_no_outliers $ transport_data_system_9th,249960510.836319,single_datapoint,no_comment
13887,2022,18_CT,turnover_rate,ht,%,road,freight,bev,all,yearly,national,['manually_inputted_data $ guess'],1,0.42,manually_inputted_data $ guess,0.03,manual,no_comment
13888,2010,18_CT,new_vehicle_efficiency,ht,km_per_pj,road,freight,cng,all,yearly,national,['avg_eff_no_outliers $ transport_data_system_9th'],1,1775178058.548531,avg_eff_no_outliers $ transport_data_system_9th,136552158.349887,single_datapoint,no_comment
13889,2010,18_CT,turnover_rate,ht,%,road,freight,cng,all,yearly,national,['manually_inputted_data $ guess'],1,0.42,manually_inputted_data $ guess,0.03,manual,no_comment
13890,2011,18_CT,new_vehicle_efficiency,ht,km_per_pj,road,freight,cng,all,yearly,national,['avg_eff_no_outliers $ transport_data_system_9th'],1,1775178058.548531,avg_eff_no_outliers $ transport_data_system_9th,136552158.349887,single_datapoint,no_comment
13891,2011,18_CT,turnover_rate,ht,%,road,freight,cng,all,yearly,national,['manually_inputted_data $ guess'],1,0.42,manually_inputted_data $ guess,0.03,manual,no_comment
13892,2012,18_CT,new_vehicle_efficiency,ht,km_per_pj,road,freight,cng,all,yearly,national,['avg_eff_no_outliers $ transport_data_system_9th'],1,1775178058.548531,avg_eff_no_outliers $ transport_data_system_9th,136552158.349887,single_datapoint,no_comment
13893,2012,18_CT,turnover_rate,ht,%,road,freight,cng,all,yearly,national,['manually_inputted_data $ guess'],1,0.42,manually_inputted_data $ guess,0.03,manual,no_comment
13894,2013,18_CT,new_vehicle_efficiency,ht,km_per_pj,road,freight,cng,all,yearly,national,['avg_eff_no_outliers $ transport_data_system_9th'],1,1775178058.548531,avg_eff_no_outliers $ transport_data_system_9th,136552158.349887,single_datapoint,no_comment
13895,2013,18_CT,turnover_rate,ht,%,road,freight,cng,all,yearly,national,['manually_inputted_data $ guess'],1,0.42,manually_inputted_data $ guess,0.03,manual,no_comment
13896,2014,18_CT,new_vehicle_efficiency,ht,km_per_pj,road,freight,cng,all,yearly,national,['avg_eff_no_outliers $ transport_data_system_9th'],1,1775178058.548531,avg_eff_no_outliers $ transport_data_system_9th,136552158.349887,single_datapoint,no_comment
13897,2014,18_CT,turnover_rate,ht,%,road,freight,cng,all,yearly,national,['manually_inputted_data $ guess'],1,0.42,manually_inputted_data $ guess,0.03,manual,no_comment
13898,2015,18_CT,new_vehicle_efficiency,ht,km_per_pj,road,freight,cng,all,yearly,national,['avg_eff_no_outliers $ transport_data_system_9th'],1,1775178058.548531,avg_eff_no_outliers $ transport_data_system_9th,136552158.349887,single_datapoint,no_comment
13899,2015,18_CT,turnover_rate,ht,%,road,freight,cng,all,yearly,national,['manually_inputted_data $ guess'],1,0.42,manually_inputted_data $ guess,0.03,manual,no_comment
13900,2016,18_CT,new_vehicle_efficiency,ht,km_per_pj,road,freight,cng,all,yearly,national,['avg_eff_no_outliers $ transport_data_system_9th'],1,1775178058.548531,avg_eff_no_outliers $ transport_data_system_9th,136552158.349887,single_datapoint,no_comment
13901,2016,18_CT,turnover_rate,ht,%,road,freight,cng,all,yearly,national,['manually_inputted_data $ guess'],1,0.42,manually_inputted_data $ guess,0.03,manual,no_comment
13902,2017,18_CT,new_vehicle_efficiency,ht,km_per_pj,road,freight,cng,all,yearly,national,['avg_eff_no_outliers $ transport_data_system_9th'],1,1775178058.548531,avg_eff_no_outliers $ transport_data_system_9th,136552158.349887,single_datapoint,no_comment
13903,2017,18_CT,turnover_rate,ht,%,road,freight,cng,all,yearly,national,"['manually_inputted_data $ guess', 'turnover_rate_est']",2,0.42,manually_inputted_data $ guess,0.03,manual,no_comment
13904,2018,18_CT,new_vehicle_efficiency,ht,km_per_pj,road,freight,cng,all,yearly,national,['avg_eff_no_outliers $ transport_data_system_9th'],1,1775178058.548531,avg_eff_no_outliers $ transport_data_system_9th,136552158.349887,single_datapoint,no_comment
13905,2018,18_CT,turnover_rate,ht,%,road,freight,cng,all,yearly,national,['manually_inputted_data $ guess'],1,0.42,manually_inputted_data $ guess,0.03,manual,no_comment
13906,2019,18_CT,new_vehicle_efficiency,ht,km_per_pj,road,freight,cng,all,yearly,national,['avg_eff_no_outliers $ transport_data_system_9th'],1,1775178058.548531,avg_eff_no_outliers $ transport_data_system_9th,136552158.349887,single_datapoint,no_comment
13907,2019,18_CT,turnover_rate,ht,%,road,freight,cng,all,yearly,national,['manually_inputted_data $ guess'],1,0.42,manually_inputted_data $ guess,0.03,manual,no_comment
13908,2020,18_CT,new_vehicle_efficiency,ht,km_per_pj,road,freight,cng,all,yearly,national,['avg_eff_no_outliers $ transport_data_system_9th'],1,1775178058.548531,avg_eff_no_outliers $ transport_data_system_9th,136552158.349887,single_datapoint,no_comment
13909,2020,18_CT,turnover_rate,ht,%,road,freight,cng,all,yearly,national,['manually_inputted_data $ guess'],1,0.42,manually_inputted_data $ guess,0.03,manual,no_comment
13910,2021,18_CT,new_vehicle_efficiency,ht,km_per_pj,road,freight,cng,all,yearly,national,['avg_eff_no_outliers $ transport_data_system_9th'],1,1775178058.548531,avg_eff_no_outliers $ transport_data_system_9th,136552158.349887,single_datapoint,no_comment
13911,2021,18_CT,turnover_rate,ht,%,road,freight,cng,all,yearly,national,['manually_inputted_data $ guess'],1,0.42,manually_inputted_data $ guess,0.03,manual,no_comment
13912,2022,18_CT,new_vehicle_efficiency,ht,km_per_pj,road,freight,cng,all,yearly,national,['avg_eff_no_outliers $ transport_data_system_9th'],1,1775178058.548531,avg_eff_no_outliers $ transport_data_system_9th,136552158.349887,single_datapoint,no_comment
13913,2022,18_CT,turnover_rate,ht,%,road,freight,cng,all,yearly,national,['manually_inputted_data $ guess'],1,0.42,manually_inputted_data $ guess,0.03,manual,no_comment
13914,2017,18_CT,turnover_rate,ht,%,road,freight,fcev,all,yearly,national,['turnover_rate_est'],1,0.03,turnover_rate_est,0.03,single_datapoint,no_comment
13915,2010,18_CT,new_vehicle_efficiency,ht,km_per_pj,road,freight,ice,all,yearly,national,['avg_eff_no_outliers $ transport_data_system_9th'],1,1058551713.3301452,avg_eff_no_outliers $ transport_data_system_9th,81427054.87154964,single_datapoint,no_comment
13916,2010,18_CT,turnover_rate,ht,%,road,freight,ice,all,yearly,national,['manually_inputted_data $ guess'],1,0.39,manually_inputted_data $ guess,0.03,single_datapoint,no_comment
13917,2011,18_CT,new_vehicle_efficiency,ht,km_per_pj,road,freight,ice,all,yearly,national,['avg_eff_no_outliers $ transport_data_system_9th'],1,1058551713.3301452,avg_eff_no_outliers $ transport_data_system_9th,81427054.87154964,single_datapoint,no_comment
13918,2011,18_CT,turnover_rate,ht,%,road,freight,ice,all,yearly,national,['manually_inputted_data $ guess'],1,0.39,manually_inputted_data $ guess,0.03,single_datapoint,no_comment
13919,2012,18_CT,new_vehicle_efficiency,ht,km_per_pj,road,freight,ice,all,yearly,national,['avg_eff_no_outliers $ transport_data_system_9th'],1,1058551713.3301452,avg_eff_no_outliers $ transport_data_system_9th,81427054.87154964,single_datapoint,no_comment
13920,2012,18_CT,turnover_rate,ht,%,road,freight,ice,all,yearly,national,['manually_inputted_data $ guess'],1,0.39,manually_inputted_data $ guess,0.03,single_datapoint,no_comment
13921,2013,18_CT,new_vehicle_efficiency,ht,km_per_pj,road,freight,ice,all,yearly,national,['avg_eff_no_outliers $ transport_data_system_9th'],1,1058551713.3301452,avg_eff_no_outliers $ transport_data_system_9th,81427054.87154964,single_datapoint,no_comment
13922,2013,18_CT,turnover_rate,ht,%,road,freight,ice,all,yearly,national,['manually_inputted_data $ guess'],1,0.39,manually_inputted_data $ guess,0.03,single_datapoint,no_comment
13923,2014,18_CT,new_vehicle_efficiency,ht,km_per_pj,road,freight,ice,all,yearly,national,['avg_eff_no_outliers $ transport_data_system_9th'],1,1058551713.3301452,avg_eff_no_outliers $ transport_data_system_9th,81427054.87154964,single_datapoint,no_comment
13924,2014,18_CT,turnover_rate,ht,%,road,freight,ice,all,yearly,national,['manually_inputted_data $ guess'],1,0.39,manually_inputted_data $ guess,0.03,single_datapoint,no_comment
13925,2015,18_CT,new_vehicle_efficiency,ht,km_per_pj,road,freight,ice,all,yearly,national,['avg_eff_no_outliers $ transport_data_system_9th'],1,1058551713.3301452,avg_eff_no_outliers $ transport_data_system_9th,81427054.87154964,single_datapoint,no_comment
13926,2015,18_CT,turnover_rate,ht,%,road,freight,ice,all,yearly,national,['manually_inputted_data $ guess'],1,0.39,manually_inputted_data $ guess,0.03,single_datapoint,no_comment
13927,2016,18_CT,new_vehicle_efficiency,ht,km_per_pj,road,freight,ice,all,yearly,national,['avg_eff_no_outliers $ transport_data_system_9th'],1,1058551713.3301452,avg_eff_no_outliers $ transport_data_system_9th,81427054.87154964,single_datapoint,no_comment
13928,2016,18_CT,turnover_rate,ht,%,road,freight,ice,all,yearly,national,['manually_inputted_data $ guess'],1,0.39,manually_inputted_data $ guess,0.03,single_datapoint,no_comment
13929,2017,18_CT,activity,ht,passenger_km_or_freight_tonne_km,road,freight,ice,all,yearly,national,['estimated $ calculate_energy_and_activity()'],1,125325000000.0,estimated $ calculate_energy_and_activity(),125325000000.0,single_datapoint,no_comment
13930,2017,18_CT,energy,ht,pj,road,freight,ice,all,yearly,national,['estimated $ calculate_energy_and_activity()'],1,315.7071283334309,estimated $ calculate_energy_and_activity(),315.7071283334309,single_datapoint,no_comment
13931,2017,18_CT,new_vehicle_efficiency,ht,km_per_pj,road,freight,ice,all,yearly,national,['avg_eff_no_outliers $ transport_data_system_9th'],1,1058551713.3301452,avg_eff_no_outliers $ transport_data_system_9th,81427054.87154964,single_datapoint,no_comment
13932,2017,18_CT,travel_km,ht,km,road,freight,ice,all,yearly,national,['estimated $ calculate_energy_and_activity()'],1,22280000000.0,estimated $ calculate_energy_and_activity(),22280000000.0,single_datapoint,no_comment
13933,2017,18_CT,turnover_rate,ht,%,road,freight,ice,all,yearly,national,['manually_inputted_data $ guess'],1,0.39,manually_inputted_data $ guess,0.03,single_datapoint,no_comment
13934,2018,18_CT,new_vehicle_efficiency,ht,km_per_pj,road,freight,ice,all,yearly,national,['avg_eff_no_outliers $ transport_data_system_9th'],1,1058551713.3301452,avg_eff_no_outliers $ transport_data_system_9th,81427054.87154964,single_datapoint,no_comment
13935,2018,18_CT,turnover_rate,ht,%,road,freight,ice,all,yearly,national,['manually_inputted_data $ guess'],1,0.39,manually_inputted_data $ guess,0.03,single_datapoint,no_comment
13936,2019,18_CT,new_vehicle_efficiency,ht,km_per_pj,road,freight,ice,all,yearly,national,['avg_eff_no_outliers $ transport_data_system_9th'],1,1058551713.3301452,avg_eff_no_outliers $ transport_data_system_9th,81427054.87154964,single_datapoint,no_comment
13937,2019,18_CT,turnover_rate,ht,%,road,freight,ice,all,yearly,national,['manually_inputted_data $ guess'],1,0.39,manually_inputted_data $ guess,0.03,single_datapoint,no_comment
13938,2020,18_CT,new_vehicle_efficiency,ht,km_per_pj,road,freight,ice,all,yearly,national,['avg_eff_no_outliers $ transport_data_system_9th'],1,1058551713.3301452,avg_eff_no_outliers $ transport_data_system_9th,81427054.87154964,single_datapoint,no_comment
13939,2020,18_CT,turnover_rate,ht,%,road,freight,ice,all,yearly,national,['manually_inputted_data $ guess'],1,0.39,manually_inputted_data $ guess,0.03,single_datapoint,no_comment
13940,2021,18_CT,new_vehicle_efficiency,ht,km_per_pj,road,freight,ice,all,yearly,national,['avg_eff_no_outliers $ transport_data_system_9th'],1,1058551713.3301452,avg_eff_no_outliers $ transport_data_system_9th,81427054.87154964,single_datapoint,no_comment
13941,2021,18_CT,turnover_rate,ht,%,road,freight,ice,all,yearly,national,['manually_inputted_data $ guess'],1,0.39,manually_inputted_data $ guess,0.03,single_datapoint,no_comment
13942,2022,18_CT,new_vehicle_efficiency,ht,km_per_pj,road,freight,ice,all,yearly,national,['avg_eff_no_outliers $ transport_data_system_9th'],1,1058551713.3301452,avg_eff_no_outliers $ transport_data_system_9th,81427054.87154964,single_datapoint,no_comment
13943,2022,18_CT,turnover_rate,ht,%,road,freight,ice,all,yearly,national,['manually_inputted_data $ guess'],1,0.39,manually_inputted_data $ guess,0.03,single_datapoint,no_comment
13944,2010,18_CT,new_vehicle_efficiency,ht,km_per_pj,road,freight,lpg,all,yearly,national,['avg_eff_no_outliers $ transport_data_system_9th'],1,1405649677.815799,avg_eff_no_outliers $ transport_data_system_9th,108126898.293523,single_datapoint,no_comment
13945,2010,18_CT,turnover_rate,ht,%,road,freight,lpg,all,yearly,national,['manually_inputted_data $ guess'],1,0.42,manually_inputted_data $ guess,0.03,manual,no_comment
13946,2011,18_CT,new_vehicle_efficiency,ht,km_per_pj,road,freight,lpg,all,yearly,national,['avg_eff_no_outliers $ transport_data_system_9th'],1,1405649677.815799,avg_eff_no_outliers $ transport_data_system_9th,108126898.293523,single_datapoint,no_comment
13947,2011,18_CT,turnover_rate,ht,%,road,freight,lpg,all,yearly,national,['manually_inputted_data $ guess'],1,0.42,manually_inputted_data $ guess,0.03,manual,no_comment
13948,2012,18_CT,new_vehicle_efficiency,ht,km_per_pj,road,freight,lpg,all,yearly,national,['avg_eff_no_outliers $ transport_data_system_9th'],1,1405649677.815799,avg_eff_no_outliers $ transport_data_system_9th,108126898.293523,single_datapoint,no_comment
13949,2012,18_CT,turnover_rate,ht,%,road,freight,lpg,all,yearly,national,['manually_inputted_data $ guess'],1,0.42,manually_inputted_data $ guess,0.03,manual,no_comment
13950,2013,18_CT,new_vehicle_efficiency,ht,km_per_pj,road,freight,lpg,all,yearly,national,['avg_eff_no_outliers $ transport_data_system_9th'],1,1405649677.815799,avg_eff_no_outliers $ transport_data_system_9th,108126898.293523,single_datapoint,no_comment
13951,2013,18_CT,turnover_rate,ht,%,road,freight,lpg,all,yearly,national,['manually_inputted_data $ guess'],1,0.42,manually_inputted_data $ guess,0.03,manual,no_comment
13952,2014,18_CT,new_vehicle_efficiency,ht,km_per_pj,road,freight,lpg,all,yearly,national,['avg_eff_no_outliers $ transport_data_system_9th'],1,1405649677.815799,avg_eff_no_outliers $ transport_data_system_9th,108126898.293523,single_datapoint,no_comment
13953,2014,18_CT,turnover_rate,ht,%,road,freight,lpg,all,yearly,national,['manually_inputted_data $ guess'],1,0.42,manually_inputted_data $ guess,0.03,manual,no_comment
13954,2015,18_CT,new_vehicle_efficiency,ht,km_per_pj,road,freight,lpg,all,yearly,national,['avg_eff_no_outliers $ transport_data_system_9th'],1,1405649677.815799,avg_eff_no_outliers $ transport_data_system_9th,108126898.293523,single_datapoint,no_comment
13955,2015,18_CT,turnover_rate,ht,%,road,freight,lpg,all,yearly,national,['manually_inputted_data $ guess'],1,0.42,manually_inputted_data $ guess,0.03,manual,no_comment
13956,2016,18_CT,new_vehicle_efficiency,ht,km_per_pj,road,freight,lpg,all,yearly,national,['avg_eff_no_outliers $ transport_data_system_9th'],1,1405649677.815799,avg_eff_no_outliers $ transport_data_system_9th,108126898.293523,single_datapoint,no_comment
13957,2016,18_CT,turnover_rate,ht,%,road,freight,lpg,all,yearly,national,['manually_inputted_data $ guess'],1,0.42,manually_inputted_data $ guess,0.03,manual,no_comment
13958,2017,18_CT,new_vehicle_efficiency,ht,km_per_pj,road,freight,lpg,all,yearly,national,['avg_eff_no_outliers $ transport_data_system_9th'],1,1405649677.815799,avg_eff_no_outliers $ transport_data_system_9th,108126898.293523,single_datapoint,no_comment
13959,2017,18_CT,turnover_rate,ht,%,road,freight,lpg,all,yearly,national,"['manually_inputted_data $ guess', 'turnover_rate_est']",2,0.42,manually_inputted_data $ guess,0.03,manual,no_comment
13960,2018,18_CT,new_vehicle_efficiency,ht,km_per_pj,road,freight,lpg,all,yearly,national,['avg_eff_no_outliers $ transport_data_system_9th'],1,1405649677.815799,avg_eff_no_outliers $ transport_data_system_9th,108126898.293523,single_datapoint,no_comment
13961,2018,18_CT,turnover_rate,ht,%,road,freight,lpg,all,yearly,national,['manually_inputted_data $ guess'],1,0.42,manually_inputted_data $ guess,0.03,manual,no_comment
13962,2019,18_CT,new_vehicle_efficiency,ht,km_per_pj,road,freight,lpg,all,yearly,national,['avg_eff_no_outliers $ transport_data_system_9th'],1,1405649677.815799,avg_eff_no_outliers $ transport_data_system_9th,108126898.293523,single_datapoint,no_comment
13963,2019,18_CT,turnover_rate,ht,%,road,freight,lpg,all,yearly,national,['manually_inputted_data $ guess'],1,0.42,manually_inputted_data $ guess,0.03,manual,no_comment
13964,2020,18_CT,new_vehicle_efficiency,ht,km_per_pj,road,freight,lpg,all,yearly,national,['avg_eff_no_outliers $ transport_data_system_9th'],1,1405649677.815799,avg_eff_no_outliers $ transport_data_system_9th,108126898.293523,single_datapoint,no_comment
13965,2020,18_CT,turnover_rate,ht,%,road,freight,lpg,all,yearly,national,['manually_inputted_data $ guess'],1,0.42,manually_inputted_data $ guess,0.03,manual,no_comment
13966,2021,18_CT,new_vehicle_efficiency,ht,km_per_pj,road,freight,lpg,all,yearly,national,['avg_eff_no_outliers $ transport_data_system_9th'],1,1405649677.815799,avg_eff_no_outliers $ transport_data_system_9th,108126898.293523,single_datapoint,no_comment
13967,2021,18_CT,turnover_rate,ht,%,road,freight,lpg,all,yearly,national,['manually_inputted_data $ guess'],1,0.42,manually_inputted_data $ guess,0.03,manual,no_comment
13968,2022,18_CT,new_vehicle_efficiency,ht,km_per_pj,road,freight,lpg,all,yearly,national,['avg_eff_no_outliers $ transport_data_system_9th'],1,1405649677.815799,avg_eff_no_outliers $ transport_data_system_9th,108126898.293523,single_datapoint,no_comment
13969,2022,18_CT,turnover_rate,ht,%,road,freight,lpg,all,yearly,national,['manually_inputted_data $ guess'],1,0.42,manually_inputted_data $ guess,0.03,manual,no_comment
13970,2010,18_CT,new_vehicle_efficiency,ldv,km_per_pj,road,freight,bev,all,yearly,national,['avg_eff_no_outliers $ transport_data_system_9th'],1,7200566335.010296,avg_eff_no_outliers $ transport_data_system_9th,553889718.077715,single_datapoint,no_comment
13971,2010,18_CT,new_vehicle_efficiency,ldv,km_per_pj,road,passenger,bev,all,yearly,national,['avg_eff_no_outliers $ transport_data_system_9th'],1,9901716082.423439,avg_eff_no_outliers $ transport_data_system_9th,761670467.878726,single_datapoint,no_comment
13972,2010,18_CT,turnover_rate,ldv,%,road,freight,bev,all,yearly,national,['manually_inputted_data $ guess'],1,0.42,manually_inputted_data $ guess,0.03,manual,no_comment
13973,2010,18_CT,turnover_rate,ldv,%,road,passenger,bev,all,yearly,national,['manually_inputted_data $ guess'],1,0.42,manually_inputted_data $ guess,0.03,manual,no_comment
13974,2011,18_CT,new_vehicle_efficiency,ldv,km_per_pj,road,freight,bev,all,yearly,national,['avg_eff_no_outliers $ transport_data_system_9th'],1,7200566335.010296,avg_eff_no_outliers $ transport_data_system_9th,553889718.077715,single_datapoint,no_comment
13975,2011,18_CT,new_vehicle_efficiency,ldv,km_per_pj,road,passenger,bev,all,yearly,national,['avg_eff_no_outliers $ transport_data_system_9th'],1,9901716082.423439,avg_eff_no_outliers $ transport_data_system_9th,761670467.878726,single_datapoint,no_comment
13976,2011,18_CT,turnover_rate,ldv,%,road,freight,bev,all,yearly,national,['manually_inputted_data $ guess'],1,0.42,manually_inputted_data $ guess,0.03,manual,no_comment
13977,2011,18_CT,turnover_rate,ldv,%,road,passenger,bev,all,yearly,national,['manually_inputted_data $ guess'],1,0.42,manually_inputted_data $ guess,0.03,manual,no_comment
13978,2012,18_CT,new_vehicle_efficiency,ldv,km_per_pj,road,freight,bev,all,yearly,national,['avg_eff_no_outliers $ transport_data_system_9th'],1,7200566335.010296,avg_eff_no_outliers $ transport_data_system_9th,553889718.077715,single_datapoint,no_comment
13979,2012,18_CT,new_vehicle_efficiency,ldv,km_per_pj,road,passenger,bev,all,yearly,national,['avg_eff_no_outliers $ transport_data_system_9th'],1,9901716082.423439,avg_eff_no_outliers $ transport_data_system_9th,761670467.878726,single_datapoint,no_comment
13980,2012,18_CT,turnover_rate,ldv,%,road,freight,bev,all,yearly,national,['manually_inputted_data $ guess'],1,0.42,manually_inputted_data $ guess,0.03,manual,no_comment
13981,2012,18_CT,turnover_rate,ldv,%,road,passenger,bev,all,yearly,national,['manually_inputted_data $ guess'],1,0.42,manually_inputted_data $ guess,0.03,manual,no_comment
13982,2013,18_CT,new_vehicle_efficiency,ldv,km_per_pj,road,freight,bev,all,yearly,national,['avg_eff_no_outliers $ transport_data_system_9th'],1,7200566335.010296,avg_eff_no_outliers $ transport_data_system_9th,553889718.077715,single_datapoint,no_comment
13983,2013,18_CT,new_vehicle_efficiency,ldv,km_per_pj,road,passenger,bev,all,yearly,national,['avg_eff_no_outliers $ transport_data_system_9th'],1,9901716082.423439,avg_eff_no_outliers $ transport_data_system_9th,761670467.878726,single_datapoint,no_comment
13984,2013,18_CT,turnover_rate,ldv,%,road,freight,bev,all,yearly,national,['manually_inputted_data $ guess'],1,0.42,manually_inputted_data $ guess,0.03,manual,no_comment
13985,2013,18_CT,turnover_rate,ldv,%,road,passenger,bev,all,yearly,national,['manually_inputted_data $ guess'],1,0.42,manually_inputted_data $ guess,0.03,manual,no_comment
13986,2014,18_CT,new_vehicle_efficiency,ldv,km_per_pj,road,freight,bev,all,yearly,national,['avg_eff_no_outliers $ transport_data_system_9th'],1,7200566335.010296,avg_eff_no_outliers $ transport_data_system_9th,553889718.077715,single_datapoint,no_comment
13987,2014,18_CT,new_vehicle_efficiency,ldv,km_per_pj,road,passenger,bev,all,yearly,national,['avg_eff_no_outliers $ transport_data_system_9th'],1,9901716082.423439,avg_eff_no_outliers $ transport_data_system_9th,761670467.878726,single_datapoint,no_comment
13988,2014,18_CT,turnover_rate,ldv,%,road,freight,bev,all,yearly,national,['manually_inputted_data $ guess'],1,0.42,manually_inputted_data $ guess,0.03,manual,no_comment
13989,2014,18_CT,turnover_rate,ldv,%,road,passenger,bev,all,yearly,national,['manually_inputted_data $ guess'],1,0.42,manually_inputted_data $ guess,0.03,manual,no_comment
13990,2015,18_CT,new_vehicle_efficiency,ldv,km_per_pj,road,freight,bev,all,yearly,national,['avg_eff_no_outliers $ transport_data_system_9th'],1,7200566335.010296,avg_eff_no_outliers $ transport_data_system_9th,553889718.077715,single_datapoint,no_comment
13991,2015,18_CT,new_vehicle_efficiency,ldv,km_per_pj,road,passenger,bev,all,yearly,national,['avg_eff_no_outliers $ transport_data_system_9th'],1,9901716082.423439,avg_eff_no_outliers $ transport_data_system_9th,761670467.878726,single_datapoint,no_comment
13992,2015,18_CT,turnover_rate,ldv,%,road,freight,bev,all,yearly,national,['manually_inputted_data $ guess'],1,0.42,manually_inputted_data $ guess,0.03,manual,no_comment
13993,2015,18_CT,turnover_rate,ldv,%,road,passenger,bev,all,yearly,national,['manually_inputted_data $ guess'],1,0.42,manually_inputted_data $ guess,0.03,manual,no_comment
13994,2016,18_CT,new_vehicle_efficiency,ldv,km_per_pj,road,freight,bev,all,yearly,national,['avg_eff_no_outliers $ transport_data_system_9th'],1,7200566335.010296,avg_eff_no_outliers $ transport_data_system_9th,553889718.077715,single_datapoint,no_comment
13995,2016,18_CT,new_vehicle_efficiency,ldv,km_per_pj,road,passenger,bev,all,yearly,national,['avg_eff_no_outliers $ transport_data_system_9th'],1,9901716082.423439,avg_eff_no_outliers $ transport_data_system_9th,761670467.878726,single_datapoint,no_comment
13996,2016,18_CT,turnover_rate,ldv,%,road,freight,bev,all,yearly,national,['manually_inputted_data $ guess'],1,0.42,manually_inputted_data $ guess,0.03,manual,no_comment
13997,2016,18_CT,turnover_rate,ldv,%,road,passenger,bev,all,yearly,national,['manually_inputted_data $ guess'],1,0.42,manually_inputted_data $ guess,0.03,manual,no_comment
13998,2017,18_CT,activity,ldv,passenger_km_or_freight_tonne_km,road,freight,bev,all,yearly,national,"['8th_edition_transport_model $ reference', 'estimated $ calculate_energy_and_activity()']",2,81321.0628780574,estimated $ calculate_energy_and_activity(),10950.0,manual,no_comment
13999,2017,18_CT,activity,ldv,passenger_km_or_freight_tonne_km,road,passenger,bev,all,yearly,national,"['8th_edition_transport_model $ reference', 'estimated $ calculate_energy_and_activity()']",2,19746911.372170545,estimated $ calculate_energy_and_activity(),11205000.0,manual,no_comment
14000,2017,18_CT,energy,ldv,pj,road,freight,bev,all,yearly,national,"['8th_edition_transport_model $ reference', 'estimated $ calculate_energy_and_activity()']",2,0.0005386303921907743,estimated $ calculate_energy_and_activity(),3.4074143236074266e-05,manual,no_comment
14001,2017,18_CT,energy,ldv,pj,road,passenger,bev,all,yearly,national,"['8th_edition_transport_model $ reference', 'estimated $ calculate_energy_and_activity()']",2,0.010626704483198125,8th_edition_transport_model $ reference,0.0044912466670331,manual,no_comment
14002,2017,18_CT,new_vehicle_efficiency,ldv,km_per_pj,road,freight,bev,all,yearly,national,['avg_eff_no_outliers $ transport_data_system_9th'],1,7200566335.010296,avg_eff_no_outliers $ transport_data_system_9th,553889718.077715,single_datapoint,no_comment
14003,2017,18_CT,new_vehicle_efficiency,ldv,km_per_pj,road,passenger,bev,all,yearly,national,['avg_eff_no_outliers $ transport_data_system_9th'],1,9901716082.423439,avg_eff_no_outliers $ transport_data_system_9th,761670467.878726,single_datapoint,no_comment
14004,2017,18_CT,travel_km,ldv,km,road,freight,bev,all,yearly,national,['estimated $ calculate_energy_and_activity()'],1,30000.0,estimated $ calculate_energy_and_activity(),30000.0,single_datapoint,no_comment
14005,2017,18_CT,travel_km,ldv,km,road,passenger,bev,all,yearly,national,['estimated $ calculate_energy_and_activity()'],1,7470000.0,estimated $ calculate_energy_and_activity(),7470000.0,single_datapoint,no_comment
14006,2017,18_CT,turnover_rate,ldv,%,road,freight,bev,all,yearly,national,"['manually_inputted_data $ guess', 'turnover_rate_est']",2,0.42,manually_inputted_data $ guess,0.03,manual,no_comment
14007,2017,18_CT,turnover_rate,ldv,%,road,passenger,bev,all,yearly,national,"['manually_inputted_data $ guess', 'turnover_rate_est']",2,0.42,manually_inputted_data $ guess,0.03,manual,no_comment
14008,2018,18_CT,new_vehicle_efficiency,ldv,km_per_pj,road,freight,bev,all,yearly,national,['avg_eff_no_outliers $ transport_data_system_9th'],1,7200566335.010296,avg_eff_no_outliers $ transport_data_system_9th,553889718.077715,single_datapoint,no_comment
14009,2018,18_CT,new_vehicle_efficiency,ldv,km_per_pj,road,passenger,bev,all,yearly,national,['avg_eff_no_outliers $ transport_data_system_9th'],1,9901716082.423439,avg_eff_no_outliers $ transport_data_system_9th,761670467.878726,single_datapoint,no_comment
14010,2018,18_CT,turnover_rate,ldv,%,road,freight,bev,all,yearly,national,['manually_inputted_data $ guess'],1,0.42,manually_inputted_data $ guess,0.03,manual,no_comment
14011,2018,18_CT,turnover_rate,ldv,%,road,passenger,bev,all,yearly,national,['manually_inputted_data $ guess'],1,0.42,manually_inputted_data $ guess,0.03,manual,no_comment
14012,2019,18_CT,new_vehicle_efficiency,ldv,km_per_pj,road,freight,bev,all,yearly,national,['avg_eff_no_outliers $ transport_data_system_9th'],1,7200566335.010296,avg_eff_no_outliers $ transport_data_system_9th,553889718.077715,single_datapoint,no_comment
14013,2019,18_CT,new_vehicle_efficiency,ldv,km_per_pj,road,passenger,bev,all,yearly,national,['avg_eff_no_outliers $ transport_data_system_9th'],1,9901716082.423439,avg_eff_no_outliers $ transport_data_system_9th,761670467.878726,single_datapoint,no_comment
14014,2019,18_CT,turnover_rate,ldv,%,road,freight,bev,all,yearly,national,['manually_inputted_data $ guess'],1,0.42,manually_inputted_data $ guess,0.03,manual,no_comment
14015,2019,18_CT,turnover_rate,ldv,%,road,passenger,bev,all,yearly,national,['manually_inputted_data $ guess'],1,0.42,manually_inputted_data $ guess,0.03,manual,no_comment
14016,2020,18_CT,new_vehicle_efficiency,ldv,km_per_pj,road,freight,bev,all,yearly,national,['avg_eff_no_outliers $ transport_data_system_9th'],1,7200566335.010296,avg_eff_no_outliers $ transport_data_system_9th,553889718.077715,single_datapoint,no_comment
14017,2020,18_CT,new_vehicle_efficiency,ldv,km_per_pj,road,passenger,bev,all,yearly,national,['avg_eff_no_outliers $ transport_data_system_9th'],1,9901716082.423439,avg_eff_no_outliers $ transport_data_system_9th,761670467.878726,single_datapoint,no_comment
14018,2020,18_CT,turnover_rate,ldv,%,road,freight,bev,all,yearly,national,['manually_inputted_data $ guess'],1,0.42,manually_inputted_data $ guess,0.03,manual,no_comment
14019,2020,18_CT,turnover_rate,ldv,%,road,passenger,bev,all,yearly,national,['manually_inputted_data $ guess'],1,0.42,manually_inputted_data $ guess,0.03,manual,no_comment
14020,2021,18_CT,new_vehicle_efficiency,ldv,km_per_pj,road,freight,bev,all,yearly,national,['avg_eff_no_outliers $ transport_data_system_9th'],1,7200566335.010296,avg_eff_no_outliers $ transport_data_system_9th,553889718.077715,single_datapoint,no_comment
14021,2021,18_CT,new_vehicle_efficiency,ldv,km_per_pj,road,passenger,bev,all,yearly,national,['avg_eff_no_outliers $ transport_data_system_9th'],1,9901716082.423439,avg_eff_no_outliers $ transport_data_system_9th,761670467.878726,single_datapoint,no_comment
14022,2021,18_CT,turnover_rate,ldv,%,road,freight,bev,all,yearly,national,['manually_inputted_data $ guess'],1,0.42,manually_inputted_data $ guess,0.03,manual,no_comment
14023,2021,18_CT,turnover_rate,ldv,%,road,passenger,bev,all,yearly,national,['manually_inputted_data $ guess'],1,0.42,manually_inputted_data $ guess,0.03,manual,no_comment
14024,2022,18_CT,new_vehicle_efficiency,ldv,km_per_pj,road,freight,bev,all,yearly,national,['avg_eff_no_outliers $ transport_data_system_9th'],1,7200566335.010296,avg_eff_no_outliers $ transport_data_system_9th,553889718.077715,single_datapoint,no_comment
14025,2022,18_CT,new_vehicle_efficiency,ldv,km_per_pj,road,passenger,bev,all,yearly,national,['avg_eff_no_outliers $ transport_data_system_9th'],1,9901716082.423439,avg_eff_no_outliers $ transport_data_system_9th,761670467.878726,single_datapoint,no_comment
14026,2022,18_CT,turnover_rate,ldv,%,road,freight,bev,all,yearly,national,['manually_inputted_data $ guess'],1,0.42,manually_inputted_data $ guess,0.03,manual,no_comment
14027,2022,18_CT,turnover_rate,ldv,%,road,passenger,bev,all,yearly,national,['manually_inputted_data $ guess'],1,0.42,manually_inputted_data $ guess,0.03,manual,no_comment
14028,2010,18_CT,new_vehicle_efficiency,ldv,km_per_pj,road,freight,cng,all,yearly,national,['avg_eff_no_outliers $ transport_data_system_9th'],1,7214767129.708009,avg_eff_no_outliers $ transport_data_system_9th,554982086.900616,single_datapoint,no_comment
14029,2010,18_CT,new_vehicle_efficiency,ldv,km_per_pj,road,passenger,cng,all,yearly,national,['avg_eff_no_outliers $ transport_data_system_9th'],1,5429169522.90635,avg_eff_no_outliers $ transport_data_system_9th,417628424.83895,single_datapoint,no_comment
14030,2010,18_CT,turnover_rate,ldv,%,road,freight,cng,all,yearly,national,['manually_inputted_data $ guess'],1,0.42,manually_inputted_data $ guess,0.03,manual,no_comment
14031,2010,18_CT,turnover_rate,ldv,%,road,passenger,cng,all,yearly,national,['manually_inputted_data $ guess'],1,0.42,manually_inputted_data $ guess,0.03,manual,no_comment
14032,2011,18_CT,new_vehicle_efficiency,ldv,km_per_pj,road,freight,cng,all,yearly,national,['avg_eff_no_outliers $ transport_data_system_9th'],1,7214767129.708009,avg_eff_no_outliers $ transport_data_system_9th,554982086.900616,single_datapoint,no_comment
14033,2011,18_CT,new_vehicle_efficiency,ldv,km_per_pj,road,passenger,cng,all,yearly,national,['avg_eff_no_outliers $ transport_data_system_9th'],1,5429169522.90635,avg_eff_no_outliers $ transport_data_system_9th,417628424.83895,single_datapoint,no_comment
14034,2011,18_CT,turnover_rate,ldv,%,road,freight,cng,all,yearly,national,['manually_inputted_data $ guess'],1,0.42,manually_inputted_data $ guess,0.03,manual,no_comment
14035,2011,18_CT,turnover_rate,ldv,%,road,passenger,cng,all,yearly,national,['manually_inputted_data $ guess'],1,0.42,manually_inputted_data $ guess,0.03,manual,no_comment
14036,2012,18_CT,new_vehicle_efficiency,ldv,km_per_pj,road,freight,cng,all,yearly,national,['avg_eff_no_outliers $ transport_data_system_9th'],1,7214767129.708009,avg_eff_no_outliers $ transport_data_system_9th,554982086.900616,single_datapoint,no_comment
14037,2012,18_CT,new_vehicle_efficiency,ldv,km_per_pj,road,passenger,cng,all,yearly,national,['avg_eff_no_outliers $ transport_data_system_9th'],1,5429169522.90635,avg_eff_no_outliers $ transport_data_system_9th,417628424.83895,single_datapoint,no_comment
14038,2012,18_CT,turnover_rate,ldv,%,road,freight,cng,all,yearly,national,['manually_inputted_data $ guess'],1,0.42,manually_inputted_data $ guess,0.03,manual,no_comment
14039,2012,18_CT,turnover_rate,ldv,%,road,passenger,cng,all,yearly,national,['manually_inputted_data $ guess'],1,0.42,manually_inputted_data $ guess,0.03,manual,no_comment
14040,2013,18_CT,new_vehicle_efficiency,ldv,km_per_pj,road,freight,cng,all,yearly,national,['avg_eff_no_outliers $ transport_data_system_9th'],1,7214767129.708009,avg_eff_no_outliers $ transport_data_system_9th,554982086.900616,single_datapoint,no_comment
14041,2013,18_CT,new_vehicle_efficiency,ldv,km_per_pj,road,passenger,cng,all,yearly,national,['avg_eff_no_outliers $ transport_data_system_9th'],1,5429169522.90635,avg_eff_no_outliers $ transport_data_system_9th,417628424.83895,single_datapoint,no_comment
14042,2013,18_CT,turnover_rate,ldv,%,road,freight,cng,all,yearly,national,['manually_inputted_data $ guess'],1,0.42,manually_inputted_data $ guess,0.03,manual,no_comment
14043,2013,18_CT,turnover_rate,ldv,%,road,passenger,cng,all,yearly,national,['manually_inputted_data $ guess'],1,0.42,manually_inputted_data $ guess,0.03,manual,no_comment
14044,2014,18_CT,new_vehicle_efficiency,ldv,km_per_pj,road,freight,cng,all,yearly,national,['avg_eff_no_outliers $ transport_data_system_9th'],1,7214767129.708009,avg_eff_no_outliers $ transport_data_system_9th,554982086.900616,single_datapoint,no_comment
14045,2014,18_CT,new_vehicle_efficiency,ldv,km_per_pj,road,passenger,cng,all,yearly,national,['avg_eff_no_outliers $ transport_data_system_9th'],1,5429169522.90635,avg_eff_no_outliers $ transport_data_system_9th,417628424.83895,single_datapoint,no_comment
14046,2014,18_CT,turnover_rate,ldv,%,road,freight,cng,all,yearly,national,['manually_inputted_data $ guess'],1,0.42,manually_inputted_data $ guess,0.03,manual,no_comment
14047,2014,18_CT,turnover_rate,ldv,%,road,passenger,cng,all,yearly,national,['manually_inputted_data $ guess'],1,0.42,manually_inputted_data $ guess,0.03,manual,no_comment
14048,2015,18_CT,new_vehicle_efficiency,ldv,km_per_pj,road,freight,cng,all,yearly,national,['avg_eff_no_outliers $ transport_data_system_9th'],1,7214767129.708009,avg_eff_no_outliers $ transport_data_system_9th,554982086.900616,single_datapoint,no_comment
14049,2015,18_CT,new_vehicle_efficiency,ldv,km_per_pj,road,passenger,cng,all,yearly,national,['avg_eff_no_outliers $ transport_data_system_9th'],1,5429169522.90635,avg_eff_no_outliers $ transport_data_system_9th,417628424.83895,single_datapoint,no_comment
14050,2015,18_CT,turnover_rate,ldv,%,road,freight,cng,all,yearly,national,['manually_inputted_data $ guess'],1,0.42,manually_inputted_data $ guess,0.03,manual,no_comment
14051,2015,18_CT,turnover_rate,ldv,%,road,passenger,cng,all,yearly,national,['manually_inputted_data $ guess'],1,0.42,manually_inputted_data $ guess,0.03,manual,no_comment
14052,2016,18_CT,new_vehicle_efficiency,ldv,km_per_pj,road,freight,cng,all,yearly,national,['avg_eff_no_outliers $ transport_data_system_9th'],1,7214767129.708009,avg_eff_no_outliers $ transport_data_system_9th,554982086.900616,single_datapoint,no_comment
14053,2016,18_CT,new_vehicle_efficiency,ldv,km_per_pj,road,passenger,cng,all,yearly,national,['avg_eff_no_outliers $ transport_data_system_9th'],1,5429169522.90635,avg_eff_no_outliers $ transport_data_system_9th,417628424.83895,single_datapoint,no_comment
14054,2016,18_CT,turnover_rate,ldv,%,road,freight,cng,all,yearly,national,['manually_inputted_data $ guess'],1,0.42,manually_inputted_data $ guess,0.03,manual,no_comment
14055,2016,18_CT,turnover_rate,ldv,%,road,passenger,cng,all,yearly,national,['manually_inputted_data $ guess'],1,0.42,manually_inputted_data $ guess,0.03,manual,no_comment
14056,2017,18_CT,new_vehicle_efficiency,ldv,km_per_pj,road,freight,cng,all,yearly,national,['avg_eff_no_outliers $ transport_data_system_9th'],1,7214767129.708009,avg_eff_no_outliers $ transport_data_system_9th,554982086.900616,single_datapoint,no_comment
14057,2017,18_CT,new_vehicle_efficiency,ldv,km_per_pj,road,passenger,cng,all,yearly,national,['avg_eff_no_outliers $ transport_data_system_9th'],1,5429169522.90635,avg_eff_no_outliers $ transport_data_system_9th,417628424.83895,single_datapoint,no_comment
14058,2017,18_CT,turnover_rate,ldv,%,road,freight,cng,all,yearly,national,"['manually_inputted_data $ guess', 'turnover_rate_est']",2,0.42,manually_inputted_data $ guess,0.03,manual,no_comment
14059,2017,18_CT,turnover_rate,ldv,%,road,passenger,cng,all,yearly,national,"['manually_inputted_data $ guess', 'turnover_rate_est']",2,0.42,manually_inputted_data $ guess,0.03,manual,no_comment
14060,2018,18_CT,new_vehicle_efficiency,ldv,km_per_pj,road,freight,cng,all,yearly,national,['avg_eff_no_outliers $ transport_data_system_9th'],1,7214767129.708009,avg_eff_no_outliers $ transport_data_system_9th,554982086.900616,single_datapoint,no_comment
14061,2018,18_CT,new_vehicle_efficiency,ldv,km_per_pj,road,passenger,cng,all,yearly,national,['avg_eff_no_outliers $ transport_data_system_9th'],1,5429169522.90635,avg_eff_no_outliers $ transport_data_system_9th,417628424.83895,single_datapoint,no_comment
14062,2018,18_CT,turnover_rate,ldv,%,road,freight,cng,all,yearly,national,['manually_inputted_data $ guess'],1,0.42,manually_inputted_data $ guess,0.03,manual,no_comment
14063,2018,18_CT,turnover_rate,ldv,%,road,passenger,cng,all,yearly,national,['manually_inputted_data $ guess'],1,0.42,manually_inputted_data $ guess,0.03,manual,no_comment
14064,2019,18_CT,new_vehicle_efficiency,ldv,km_per_pj,road,freight,cng,all,yearly,national,['avg_eff_no_outliers $ transport_data_system_9th'],1,7214767129.708009,avg_eff_no_outliers $ transport_data_system_9th,554982086.900616,single_datapoint,no_comment
14065,2019,18_CT,new_vehicle_efficiency,ldv,km_per_pj,road,passenger,cng,all,yearly,national,['avg_eff_no_outliers $ transport_data_system_9th'],1,5429169522.90635,avg_eff_no_outliers $ transport_data_system_9th,417628424.83895,single_datapoint,no_comment
14066,2019,18_CT,turnover_rate,ldv,%,road,freight,cng,all,yearly,national,['manually_inputted_data $ guess'],1,0.42,manually_inputted_data $ guess,0.03,manual,no_comment
14067,2019,18_CT,turnover_rate,ldv,%,road,passenger,cng,all,yearly,national,['manually_inputted_data $ guess'],1,0.42,manually_inputted_data $ guess,0.03,manual,no_comment
14068,2020,18_CT,new_vehicle_efficiency,ldv,km_per_pj,road,freight,cng,all,yearly,national,['avg_eff_no_outliers $ transport_data_system_9th'],1,7214767129.708009,avg_eff_no_outliers $ transport_data_system_9th,554982086.900616,single_datapoint,no_comment
14069,2020,18_CT,new_vehicle_efficiency,ldv,km_per_pj,road,passenger,cng,all,yearly,national,['avg_eff_no_outliers $ transport_data_system_9th'],1,5429169522.90635,avg_eff_no_outliers $ transport_data_system_9th,417628424.83895,single_datapoint,no_comment
14070,2020,18_CT,turnover_rate,ldv,%,road,freight,cng,all,yearly,national,['manually_inputted_data $ guess'],1,0.42,manually_inputted_data $ guess,0.03,manual,no_comment
14071,2020,18_CT,turnover_rate,ldv,%,road,passenger,cng,all,yearly,national,['manually_inputted_data $ guess'],1,0.42,manually_inputted_data $ guess,0.03,manual,no_comment
14072,2021,18_CT,new_vehicle_efficiency,ldv,km_per_pj,road,freight,cng,all,yearly,national,['avg_eff_no_outliers $ transport_data_system_9th'],1,7214767129.708009,avg_eff_no_outliers $ transport_data_system_9th,554982086.900616,single_datapoint,no_comment
14073,2021,18_CT,new_vehicle_efficiency,ldv,km_per_pj,road,passenger,cng,all,yearly,national,['avg_eff_no_outliers $ transport_data_system_9th'],1,5429169522.90635,avg_eff_no_outliers $ transport_data_system_9th,417628424.83895,single_datapoint,no_comment
14074,2021,18_CT,turnover_rate,ldv,%,road,freight,cng,all,yearly,national,['manually_inputted_data $ guess'],1,0.42,manually_inputted_data $ guess,0.03,manual,no_comment
14075,2021,18_CT,turnover_rate,ldv,%,road,passenger,cng,all,yearly,national,['manually_inputted_data $ guess'],1,0.42,manually_inputted_data $ guess,0.03,manual,no_comment
14076,2022,18_CT,new_vehicle_efficiency,ldv,km_per_pj,road,freight,cng,all,yearly,national,['avg_eff_no_outliers $ transport_data_system_9th'],1,7214767129.708009,avg_eff_no_outliers $ transport_data_system_9th,554982086.900616,single_datapoint,no_comment
14077,2022,18_CT,new_vehicle_efficiency,ldv,km_per_pj,road,passenger,cng,all,yearly,national,['avg_eff_no_outliers $ transport_data_system_9th'],1,5429169522.90635,avg_eff_no_outliers $ transport_data_system_9th,417628424.83895,single_datapoint,no_comment
14078,2022,18_CT,turnover_rate,ldv,%,road,freight,cng,all,yearly,national,['manually_inputted_data $ guess'],1,0.42,manually_inputted_data $ guess,0.03,manual,no_comment
14079,2022,18_CT,turnover_rate,ldv,%,road,passenger,cng,all,yearly,national,['manually_inputted_data $ guess'],1,0.42,manually_inputted_data $ guess,0.03,manual,no_comment
14080,2010,18_CT,new_vehicle_efficiency,ldv,km_per_pj,road,passenger,fcev,all,yearly,national,['avg_eff_no_outliers $ transport_data_system_9th'],1,1469603353.601357,avg_eff_no_outliers $ transport_data_system_9th,113046411.815489,single_datapoint,no_comment
14081,2010,18_CT,turnover_rate,ldv,%,road,passenger,fcev,all,yearly,national,['manually_inputted_data $ guess'],1,0.42,manually_inputted_data $ guess,0.03,manual,no_comment
14082,2011,18_CT,new_vehicle_efficiency,ldv,km_per_pj,road,passenger,fcev,all,yearly,national,['avg_eff_no_outliers $ transport_data_system_9th'],1,1469603353.601357,avg_eff_no_outliers $ transport_data_system_9th,113046411.815489,single_datapoint,no_comment
14083,2011,18_CT,turnover_rate,ldv,%,road,passenger,fcev,all,yearly,national,['manually_inputted_data $ guess'],1,0.42,manually_inputted_data $ guess,0.03,manual,no_comment
14084,2012,18_CT,new_vehicle_efficiency,ldv,km_per_pj,road,passenger,fcev,all,yearly,national,['avg_eff_no_outliers $ transport_data_system_9th'],1,1469603353.601357,avg_eff_no_outliers $ transport_data_system_9th,113046411.815489,single_datapoint,no_comment
14085,2012,18_CT,turnover_rate,ldv,%,road,passenger,fcev,all,yearly,national,['manually_inputted_data $ guess'],1,0.42,manually_inputted_data $ guess,0.03,manual,no_comment
14086,2013,18_CT,new_vehicle_efficiency,ldv,km_per_pj,road,passenger,fcev,all,yearly,national,['avg_eff_no_outliers $ transport_data_system_9th'],1,1469603353.601357,avg_eff_no_outliers $ transport_data_system_9th,113046411.815489,single_datapoint,no_comment
14087,2013,18_CT,turnover_rate,ldv,%,road,passenger,fcev,all,yearly,national,['manually_inputted_data $ guess'],1,0.42,manually_inputted_data $ guess,0.03,manual,no_comment
14088,2014,18_CT,new_vehicle_efficiency,ldv,km_per_pj,road,passenger,fcev,all,yearly,national,['avg_eff_no_outliers $ transport_data_system_9th'],1,1469603353.601357,avg_eff_no_outliers $ transport_data_system_9th,113046411.815489,single_datapoint,no_comment
14089,2014,18_CT,turnover_rate,ldv,%,road,passenger,fcev,all,yearly,national,['manually_inputted_data $ guess'],1,0.42,manually_inputted_data $ guess,0.03,manual,no_comment
14090,2015,18_CT,new_vehicle_efficiency,ldv,km_per_pj,road,passenger,fcev,all,yearly,national,['avg_eff_no_outliers $ transport_data_system_9th'],1,1469603353.601357,avg_eff_no_outliers $ transport_data_system_9th,113046411.815489,single_datapoint,no_comment
14091,2015,18_CT,turnover_rate,ldv,%,road,passenger,fcev,all,yearly,national,['manually_inputted_data $ guess'],1,0.42,manually_inputted_data $ guess,0.03,manual,no_comment
14092,2016,18_CT,new_vehicle_efficiency,ldv,km_per_pj,road,passenger,fcev,all,yearly,national,['avg_eff_no_outliers $ transport_data_system_9th'],1,1469603353.601357,avg_eff_no_outliers $ transport_data_system_9th,113046411.815489,single_datapoint,no_comment
14093,2016,18_CT,turnover_rate,ldv,%,road,passenger,fcev,all,yearly,national,['manually_inputted_data $ guess'],1,0.42,manually_inputted_data $ guess,0.03,manual,no_comment
14094,2017,18_CT,new_vehicle_efficiency,ldv,km_per_pj,road,passenger,fcev,all,yearly,national,['avg_eff_no_outliers $ transport_data_system_9th'],1,1469603353.601357,avg_eff_no_outliers $ transport_data_system_9th,113046411.815489,single_datapoint,no_comment
14095,2017,18_CT,turnover_rate,ldv,%,road,freight,fcev,all,yearly,national,['turnover_rate_est'],1,0.03,turnover_rate_est,0.03,single_datapoint,no_comment
14096,2017,18_CT,turnover_rate,ldv,%,road,passenger,fcev,all,yearly,national,"['manually_inputted_data $ guess', 'turnover_rate_est']",2,0.42,manually_inputted_data $ guess,0.03,manual,no_comment
14097,2018,18_CT,new_vehicle_efficiency,ldv,km_per_pj,road,passenger,fcev,all,yearly,national,['avg_eff_no_outliers $ transport_data_system_9th'],1,1469603353.601357,avg_eff_no_outliers $ transport_data_system_9th,113046411.815489,single_datapoint,no_comment
14098,2018,18_CT,turnover_rate,ldv,%,road,passenger,fcev,all,yearly,national,['manually_inputted_data $ guess'],1,0.42,manually_inputted_data $ guess,0.03,manual,no_comment
14099,2019,18_CT,new_vehicle_efficiency,ldv,km_per_pj,road,passenger,fcev,all,yearly,national,['avg_eff_no_outliers $ transport_data_system_9th'],1,1469603353.601357,avg_eff_no_outliers $ transport_data_system_9th,113046411.815489,single_datapoint,no_comment
14100,2019,18_CT,turnover_rate,ldv,%,road,passenger,fcev,all,yearly,national,['manually_inputted_data $ guess'],1,0.42,manually_inputted_data $ guess,0.03,manual,no_comment
14101,2020,18_CT,new_vehicle_efficiency,ldv,km_per_pj,road,passenger,fcev,all,yearly,national,['avg_eff_no_outliers $ transport_data_system_9th'],1,1469603353.601357,avg_eff_no_outliers $ transport_data_system_9th,113046411.815489,single_datapoint,no_comment
14102,2020,18_CT,turnover_rate,ldv,%,road,passenger,fcev,all,yearly,national,['manually_inputted_data $ guess'],1,0.42,manually_inputted_data $ guess,0.03,manual,no_comment
14103,2021,18_CT,new_vehicle_efficiency,ldv,km_per_pj,road,passenger,fcev,all,yearly,national,['avg_eff_no_outliers $ transport_data_system_9th'],1,1469603353.601357,avg_eff_no_outliers $ transport_data_system_9th,113046411.815489,single_datapoint,no_comment
14104,2021,18_CT,turnover_rate,ldv,%,road,passenger,fcev,all,yearly,national,['manually_inputted_data $ guess'],1,0.42,manually_inputted_data $ guess,0.03,manual,no_comment
14105,2022,18_CT,new_vehicle_efficiency,ldv,km_per_pj,road,passenger,fcev,all,yearly,national,['avg_eff_no_outliers $ transport_data_system_9th'],1,1469603353.601357,avg_eff_no_outliers $ transport_data_system_9th,113046411.815489,single_datapoint,no_comment
14106,2022,18_CT,turnover_rate,ldv,%,road,passenger,fcev,all,yearly,national,['manually_inputted_data $ guess'],1,0.42,manually_inputted_data $ guess,0.03,manual,no_comment
14107,2010,18_CT,activity,ldv,passenger_km_or_freight_tonne_km,road,passenger,ice,all,yearly,national,['estimated $ calculate_energy_and_activity()'],1,1739607862500.0,estimated $ calculate_energy_and_activity(),107210497500.0,single_datapoint,no_comment
14108,2010,18_CT,energy,ldv,pj,road,passenger,ice,all,yearly,national,['estimated $ calculate_energy_and_activity()'],1,3333.9149754245564,estimated $ calculate_energy_and_activity(),205.46623802004513,single_datapoint,no_comment
14109,2010,18_CT,new_vehicle_efficiency,ldv,km_per_pj,road,freight,ice,all,yearly,national,['avg_eff_no_outliers $ transport_data_system_9th'],1,4776513034.843043,avg_eff_no_outliers $ transport_data_system_9th,367424079.603311,single_datapoint,no_comment
14110,2010,18_CT,new_vehicle_efficiency,ldv,km_per_pj,road,passenger,ice,all,yearly,national,['avg_eff_no_outliers $ transport_data_system_9th'],1,3086802010.889935,avg_eff_no_outliers $ transport_data_system_9th,237446308.529995,single_datapoint,no_comment
14111,2010,18_CT,travel_km,ldv,km,road,passenger,ice,all,yearly,national,['estimated $ calculate_energy_and_activity()'],1,1159738575000.0,estimated $ calculate_energy_and_activity(),71473665000.0,single_datapoint,no_comment
14112,2010,18_CT,turnover_rate,ldv,%,road,freight,ice,all,yearly,national,['manually_inputted_data $ guess'],1,0.39,manually_inputted_data $ guess,0.03,single_datapoint,no_comment
14113,2010,18_CT,turnover_rate,ldv,%,road,passenger,ice,all,yearly,national,['manually_inputted_data $ guess'],1,0.39,manually_inputted_data $ guess,0.03,single_datapoint,no_comment
14114,2011,18_CT,activity,ldv,passenger_km_or_freight_tonne_km,road,passenger,ice,all,yearly,national,['estimated $ calculate_energy_and_activity()'],1,1739607862500.0,estimated $ calculate_energy_and_activity(),134101980000.0,single_datapoint,no_comment
14115,2011,18_CT,energy,ldv,pj,road,passenger,ice,all,yearly,national,['estimated $ calculate_energy_and_activity()'],1,3333.9149754245564,estimated $ calculate_energy_and_activity(),257.0030919000197,single_datapoint,no_comment
14116,2011,18_CT,new_vehicle_efficiency,ldv,km_per_pj,road,freight,ice,all,yearly,national,['avg_eff_no_outliers $ transport_data_system_9th'],1,4776513034.843043,avg_eff_no_outliers $ transport_data_system_9th,367424079.603311,single_datapoint,no_comment
14117,2011,18_CT,new_vehicle_efficiency,ldv,km_per_pj,road,passenger,ice,all,yearly,national,['avg_eff_no_outliers $ transport_data_system_9th'],1,3086802010.889935,avg_eff_no_outliers $ transport_data_system_9th,237446308.529995,single_datapoint,no_comment
14118,2011,18_CT,travel_km,ldv,km,road,passenger,ice,all,yearly,national,['estimated $ calculate_energy_and_activity()'],1,1159738575000.0,estimated $ calculate_energy_and_activity(),89401320000.0,single_datapoint,no_comment
14119,2011,18_CT,turnover_rate,ldv,%,road,freight,ice,all,yearly,national,['manually_inputted_data $ guess'],1,0.39,manually_inputted_data $ guess,0.03,single_datapoint,no_comment
14120,2011,18_CT,turnover_rate,ldv,%,road,passenger,ice,all,yearly,national,['manually_inputted_data $ guess'],1,0.39,manually_inputted_data $ guess,0.03,single_datapoint,no_comment
14121,2012,18_CT,activity,ldv,passenger_km_or_freight_tonne_km,road,passenger,ice,all,yearly,national,['estimated $ calculate_energy_and_activity()'],1,1739607862500.0,estimated $ calculate_energy_and_activity(),137054790000.0,single_datapoint,no_comment
14122,2012,18_CT,energy,ldv,pj,road,passenger,ice,all,yearly,national,['estimated $ calculate_energy_and_activity()'],1,3333.9149754245564,estimated $ calculate_energy_and_activity(),262.6620784399149,single_datapoint,no_comment
14123,2012,18_CT,new_vehicle_efficiency,ldv,km_per_pj,road,freight,ice,all,yearly,national,['avg_eff_no_outliers $ transport_data_system_9th'],1,4776513034.843043,avg_eff_no_outliers $ transport_data_system_9th,367424079.603311,single_datapoint,no_comment
14124,2012,18_CT,new_vehicle_efficiency,ldv,km_per_pj,road,passenger,ice,all,yearly,national,['avg_eff_no_outliers $ transport_data_system_9th'],1,3086802010.889935,avg_eff_no_outliers $ transport_data_system_9th,237446308.529995,single_datapoint,no_comment
14125,2012,18_CT,travel_km,ldv,km,road,passenger,ice,all,yearly,national,['estimated $ calculate_energy_and_activity()'],1,1159738575000.0,estimated $ calculate_energy_and_activity(),91369860000.0,single_datapoint,no_comment
14126,2012,18_CT,turnover_rate,ldv,%,road,freight,ice,all,yearly,national,['manually_inputted_data $ guess'],1,0.39,manually_inputted_data $ guess,0.03,single_datapoint,no_comment
14127,2012,18_CT,turnover_rate,ldv,%,road,passenger,ice,all,yearly,national,['manually_inputted_data $ guess'],1,0.39,manually_inputted_data $ guess,0.03,single_datapoint,no_comment
14128,2013,18_CT,activity,ldv,passenger_km_or_freight_tonne_km,road,passenger,ice,all,yearly,national,['estimated $ calculate_energy_and_activity()'],1,1739607862500.0,estimated $ calculate_energy_and_activity(),140329777500.0,single_datapoint,no_comment
14129,2013,18_CT,energy,ldv,pj,road,passenger,ice,all,yearly,national,['estimated $ calculate_energy_and_activity()'],1,3333.9149754245564,estimated $ calculate_energy_and_activity(),268.93851010359293,single_datapoint,no_comment
14130,2013,18_CT,new_vehicle_efficiency,ldv,km_per_pj,road,freight,ice,all,yearly,national,['avg_eff_no_outliers $ transport_data_system_9th'],1,4776513034.843043,avg_eff_no_outliers $ transport_data_system_9th,367424079.603311,single_datapoint,no_comment
14131,2013,18_CT,new_vehicle_efficiency,ldv,km_per_pj,road,passenger,ice,all,yearly,national,['avg_eff_no_outliers $ transport_data_system_9th'],1,3086802010.889935,avg_eff_no_outliers $ transport_data_system_9th,237446308.529995,single_datapoint,no_comment
14132,2013,18_CT,travel_km,ldv,km,road,passenger,ice,all,yearly,national,['estimated $ calculate_energy_and_activity()'],1,1159738575000.0,estimated $ calculate_energy_and_activity(),93553185000.0,single_datapoint,no_comment
14133,2013,18_CT,turnover_rate,ldv,%,road,freight,ice,all,yearly,national,['manually_inputted_data $ guess'],1,0.39,manually_inputted_data $ guess,0.03,single_datapoint,no_comment
14134,2013,18_CT,turnover_rate,ldv,%,road,passenger,ice,all,yearly,national,['manually_inputted_data $ guess'],1,0.39,manually_inputted_data $ guess,0.03,single_datapoint,no_comment
14135,2014,18_CT,activity,ldv,passenger_km_or_freight_tonne_km,road,passenger,ice,all,yearly,national,['estimated $ calculate_energy_and_activity()'],1,1739607862500.0,estimated $ calculate_energy_and_activity(),144130005000.0,single_datapoint,no_comment
14136,2014,18_CT,energy,ldv,pj,road,passenger,ice,all,yearly,national,['estimated $ calculate_energy_and_activity()'],1,3333.9149754245564,estimated $ calculate_energy_and_activity(),276.2215510954074,single_datapoint,no_comment
14137,2014,18_CT,new_vehicle_efficiency,ldv,km_per_pj,road,freight,ice,all,yearly,national,['avg_eff_no_outliers $ transport_data_system_9th'],1,4776513034.843043,avg_eff_no_outliers $ transport_data_system_9th,367424079.603311,single_datapoint,no_comment
14138,2014,18_CT,new_vehicle_efficiency,ldv,km_per_pj,road,passenger,ice,all,yearly,national,['avg_eff_no_outliers $ transport_data_system_9th'],1,3086802010.889935,avg_eff_no_outliers $ transport_data_system_9th,237446308.529995,single_datapoint,no_comment
14139,2014,18_CT,travel_km,ldv,km,road,passenger,ice,all,yearly,national,['estimated $ calculate_energy_and_activity()'],1,1159738575000.0,estimated $ calculate_energy_and_activity(),96086670000.0,single_datapoint,no_comment
14140,2014,18_CT,turnover_rate,ldv,%,road,freight,ice,all,yearly,national,['manually_inputted_data $ guess'],1,0.39,manually_inputted_data $ guess,0.03,single_datapoint,no_comment
14141,2014,18_CT,turnover_rate,ldv,%,road,passenger,ice,all,yearly,national,['manually_inputted_data $ guess'],1,0.39,manually_inputted_data $ guess,0.03,single_datapoint,no_comment
14142,2015,18_CT,activity,ldv,passenger_km_or_freight_tonne_km,road,passenger,ice,all,yearly,national,['estimated $ calculate_energy_and_activity()'],1,1739607862500.0,estimated $ calculate_energy_and_activity(),147909285000.0,single_datapoint,no_comment
14143,2015,18_CT,energy,ldv,pj,road,passenger,ice,all,yearly,national,['estimated $ calculate_energy_and_activity()'],1,3333.9149754245564,estimated $ calculate_energy_and_activity(),283.4644467271938,single_datapoint,no_comment
14144,2015,18_CT,new_vehicle_efficiency,ldv,km_per_pj,road,freight,ice,all,yearly,national,['avg_eff_no_outliers $ transport_data_system_9th'],1,4776513034.843043,avg_eff_no_outliers $ transport_data_system_9th,367424079.603311,single_datapoint,no_comment
14145,2015,18_CT,new_vehicle_efficiency,ldv,km_per_pj,road,passenger,ice,all,yearly,national,['avg_eff_no_outliers $ transport_data_system_9th'],1,3086802010.889935,avg_eff_no_outliers $ transport_data_system_9th,237446308.529995,single_datapoint,no_comment
14146,2015,18_CT,travel_km,ldv,km,road,passenger,ice,all,yearly,national,['estimated $ calculate_energy_and_activity()'],1,1159738575000.0,estimated $ calculate_energy_and_activity(),98606190000.0,single_datapoint,no_comment
14147,2015,18_CT,turnover_rate,ldv,%,road,freight,ice,all,yearly,national,['manually_inputted_data $ guess'],1,0.39,manually_inputted_data $ guess,0.03,single_datapoint,no_comment
14148,2015,18_CT,turnover_rate,ldv,%,road,passenger,ice,all,yearly,national,['manually_inputted_data $ guess'],1,0.39,manually_inputted_data $ guess,0.03,single_datapoint,no_comment
14149,2016,18_CT,activity,ldv,passenger_km_or_freight_tonne_km,road,passenger,ice,all,yearly,national,['estimated $ calculate_energy_and_activity()'],1,1739607862500.0,estimated $ calculate_energy_and_activity(),149985135000.0,single_datapoint,no_comment
14150,2016,18_CT,energy,ldv,pj,road,passenger,ice,all,yearly,national,['estimated $ calculate_energy_and_activity()'],1,3333.9149754245564,estimated $ calculate_energy_and_activity(),287.4427613525308,single_datapoint,no_comment
14151,2016,18_CT,new_vehicle_efficiency,ldv,km_per_pj,road,freight,ice,all,yearly,national,['avg_eff_no_outliers $ transport_data_system_9th'],1,4776513034.843043,avg_eff_no_outliers $ transport_data_system_9th,367424079.603311,single_datapoint,no_comment
14152,2016,18_CT,new_vehicle_efficiency,ldv,km_per_pj,road,passenger,ice,all,yearly,national,['avg_eff_no_outliers $ transport_data_system_9th'],1,3086802010.889935,avg_eff_no_outliers $ transport_data_system_9th,237446308.529995,single_datapoint,no_comment
14153,2016,18_CT,travel_km,ldv,km,road,passenger,ice,all,yearly,national,['estimated $ calculate_energy_and_activity()'],1,1159738575000.0,estimated $ calculate_energy_and_activity(),99990090000.0,single_datapoint,no_comment
14154,2016,18_CT,turnover_rate,ldv,%,road,freight,ice,all,yearly,national,['manually_inputted_data $ guess'],1,0.39,manually_inputted_data $ guess,0.03,single_datapoint,no_comment
14155,2016,18_CT,turnover_rate,ldv,%,road,passenger,ice,all,yearly,national,['manually_inputted_data $ guess'],1,0.39,manually_inputted_data $ guess,0.03,single_datapoint,no_comment
14156,2017,18_CT,activity,ldv,passenger_km_or_freight_tonne_km,road,freight,ice,all,yearly,national,['estimated $ calculate_energy_and_activity()'],1,499057200.0,estimated $ calculate_energy_and_activity(),499057200.0,single_datapoint,no_comment
14157,2017,18_CT,activity,ldv,passenger_km_or_freight_tonne_km,road,passenger,ice,all,yearly,national,['estimated $ calculate_energy_and_activity()'],1,1739607862500.0,estimated $ calculate_energy_and_activity(),152176995000.0,single_datapoint,no_comment
14158,2017,18_CT,energy,ldv,pj,road,freight,ice,all,yearly,national,['estimated $ calculate_energy_and_activity()'],1,5.435371032445623,estimated $ calculate_energy_and_activity(),5.435371032445623,single_datapoint,no_comment
14159,2017,18_CT,energy,ldv,pj,road,passenger,ice,all,yearly,national,['estimated $ calculate_energy_and_activity()'],1,3333.9149754245564,estimated $ calculate_energy_and_activity(),291.64340624242715,single_datapoint,no_comment
14160,2017,18_CT,new_vehicle_efficiency,ldv,km_per_pj,road,freight,ice,all,yearly,national,['avg_eff_no_outliers $ transport_data_system_9th'],1,4776513034.843043,avg_eff_no_outliers $ transport_data_system_9th,367424079.603311,single_datapoint,no_comment
14161,2017,18_CT,new_vehicle_efficiency,ldv,km_per_pj,road,passenger,ice,all,yearly,national,['avg_eff_no_outliers $ transport_data_system_9th'],1,3086802010.889935,avg_eff_no_outliers $ transport_data_system_9th,237446308.529995,single_datapoint,no_comment
14162,2017,18_CT,travel_km,ldv,km,road,freight,ice,all,yearly,national,['estimated $ calculate_energy_and_activity()'],1,1367280000.0,estimated $ calculate_energy_and_activity(),1367280000.0,single_datapoint,no_comment
14163,2017,18_CT,travel_km,ldv,km,road,passenger,ice,all,yearly,national,['estimated $ calculate_energy_and_activity()'],1,1159738575000.0,estimated $ calculate_energy_and_activity(),101451330000.0,single_datapoint,no_comment
14164,2017,18_CT,turnover_rate,ldv,%,road,freight,ice,all,yearly,national,['manually_inputted_data $ guess'],1,0.39,manually_inputted_data $ guess,0.03,single_datapoint,no_comment
14165,2017,18_CT,turnover_rate,ldv,%,road,passenger,ice,all,yearly,national,['manually_inputted_data $ guess'],1,0.39,manually_inputted_data $ guess,0.03,single_datapoint,no_comment
14166,2018,18_CT,activity,ldv,passenger_km_or_freight_tonne_km,road,passenger,ice,all,yearly,national,['estimated $ calculate_energy_and_activity()'],1,1739607862500.0,estimated $ calculate_energy_and_activity(),154028497500.0,single_datapoint,no_comment
14167,2018,18_CT,energy,ldv,pj,road,passenger,ice,all,yearly,national,['estimated $ calculate_energy_and_activity()'],1,3333.9149754245564,estimated $ calculate_energy_and_activity(),295.19176449307054,single_datapoint,no_comment
14168,2018,18_CT,new_vehicle_efficiency,ldv,km_per_pj,road,freight,ice,all,yearly,national,['avg_eff_no_outliers $ transport_data_system_9th'],1,4776513034.843043,avg_eff_no_outliers $ transport_data_system_9th,367424079.603311,single_datapoint,no_comment
14169,2018,18_CT,new_vehicle_efficiency,ldv,km_per_pj,road,passenger,ice,all,yearly,national,['avg_eff_no_outliers $ transport_data_system_9th'],1,3086802010.889935,avg_eff_no_outliers $ transport_data_system_9th,237446308.529995,single_datapoint,no_comment
14170,2018,18_CT,travel_km,ldv,km,road,passenger,ice,all,yearly,national,['estimated $ calculate_energy_and_activity()'],1,1159738575000.0,estimated $ calculate_energy_and_activity(),102685665000.0,single_datapoint,no_comment
14171,2018,18_CT,turnover_rate,ldv,%,road,freight,ice,all,yearly,national,['manually_inputted_data $ guess'],1,0.39,manually_inputted_data $ guess,0.03,single_datapoint,no_comment
14172,2018,18_CT,turnover_rate,ldv,%,road,passenger,ice,all,yearly,national,['manually_inputted_data $ guess'],1,0.39,manually_inputted_data $ guess,0.03,single_datapoint,no_comment
14173,2019,18_CT,activity,ldv,passenger_km_or_freight_tonne_km,road,passenger,ice,all,yearly,national,['estimated $ calculate_energy_and_activity()'],1,1739607862500.0,estimated $ calculate_energy_and_activity(),155683260000.0,single_datapoint,no_comment
14174,2019,18_CT,energy,ldv,pj,road,passenger,ice,all,yearly,national,['estimated $ calculate_energy_and_activity()'],1,3333.9149754245564,estimated $ calculate_energy_and_activity(),298.3630754525374,single_datapoint,no_comment
14175,2019,18_CT,new_vehicle_efficiency,ldv,km_per_pj,road,freight,ice,all,yearly,national,['avg_eff_no_outliers $ transport_data_system_9th'],1,4776513034.843043,avg_eff_no_outliers $ transport_data_system_9th,367424079.603311,single_datapoint,no_comment
14176,2019,18_CT,new_vehicle_efficiency,ldv,km_per_pj,road,passenger,ice,all,yearly,national,['avg_eff_no_outliers $ transport_data_system_9th'],1,3086802010.889935,avg_eff_no_outliers $ transport_data_system_9th,237446308.529995,single_datapoint,no_comment
14177,2019,18_CT,travel_km,ldv,km,road,passenger,ice,all,yearly,national,['estimated $ calculate_energy_and_activity()'],1,1159738575000.0,estimated $ calculate_energy_and_activity(),103788840000.0,single_datapoint,no_comment
14178,2019,18_CT,turnover_rate,ldv,%,road,freight,ice,all,yearly,national,['manually_inputted_data $ guess'],1,0.39,manually_inputted_data $ guess,0.03,single_datapoint,no_comment
14179,2019,18_CT,turnover_rate,ldv,%,road,passenger,ice,all,yearly,national,['manually_inputted_data $ guess'],1,0.39,manually_inputted_data $ guess,0.03,single_datapoint,no_comment
14180,2020,18_CT,activity,ldv,passenger_km_or_freight_tonne_km,road,passenger,ice,all,yearly,national,['estimated $ calculate_energy_and_activity()'],1,1739607862500.0,estimated $ calculate_energy_and_activity(),157156875000.0,single_datapoint,no_comment
14181,2020,18_CT,energy,ldv,pj,road,passenger,ice,all,yearly,national,['estimated $ calculate_energy_and_activity()'],1,3333.9149754245564,estimated $ calculate_energy_and_activity(),301.18722175723957,single_datapoint,no_comment
14182,2020,18_CT,new_vehicle_efficiency,ldv,km_per_pj,road,freight,ice,all,yearly,national,['avg_eff_no_outliers $ transport_data_system_9th'],1,4776513034.843043,avg_eff_no_outliers $ transport_data_system_9th,367424079.603311,single_datapoint,no_comment
14183,2020,18_CT,new_vehicle_efficiency,ldv,km_per_pj,road,passenger,ice,all,yearly,national,['avg_eff_no_outliers $ transport_data_system_9th'],1,3086802010.889935,avg_eff_no_outliers $ transport_data_system_9th,237446308.529995,single_datapoint,no_comment
14184,2020,18_CT,travel_km,ldv,km,road,passenger,ice,all,yearly,national,['estimated $ calculate_energy_and_activity()'],1,1159738575000.0,estimated $ calculate_energy_and_activity(),104771250000.0,single_datapoint,no_comment
14185,2020,18_CT,turnover_rate,ldv,%,road,freight,ice,all,yearly,national,['manually_inputted_data $ guess'],1,0.39,manually_inputted_data $ guess,0.03,single_datapoint,no_comment
14186,2020,18_CT,turnover_rate,ldv,%,road,passenger,ice,all,yearly,national,['manually_inputted_data $ guess'],1,0.39,manually_inputted_data $ guess,0.03,single_datapoint,no_comment
14187,2021,18_CT,activity,ldv,passenger_km_or_freight_tonne_km,road,passenger,ice,all,yearly,national,['estimated $ calculate_energy_and_activity()'],1,1739607862500.0,estimated $ calculate_energy_and_activity(),159840765000.0,single_datapoint,no_comment
14188,2021,18_CT,energy,ldv,pj,road,passenger,ice,all,yearly,national,['estimated $ calculate_energy_and_activity()'],1,3333.9149754245564,estimated $ calculate_energy_and_activity(),306.33082984057694,single_datapoint,no_comment
14189,2021,18_CT,new_vehicle_efficiency,ldv,km_per_pj,road,freight,ice,all,yearly,national,['avg_eff_no_outliers $ transport_data_system_9th'],1,4776513034.843043,avg_eff_no_outliers $ transport_data_system_9th,367424079.603311,single_datapoint,no_comment
14190,2021,18_CT,new_vehicle_efficiency,ldv,km_per_pj,road,passenger,ice,all,yearly,national,['avg_eff_no_outliers $ transport_data_system_9th'],1,3086802010.889935,avg_eff_no_outliers $ transport_data_system_9th,237446308.529995,single_datapoint,no_comment
14191,2021,18_CT,travel_km,ldv,km,road,passenger,ice,all,yearly,national,['estimated $ calculate_energy_and_activity()'],1,1159738575000.0,estimated $ calculate_energy_and_activity(),106560510000.0,single_datapoint,no_comment
14192,2021,18_CT,turnover_rate,ldv,%,road,freight,ice,all,yearly,national,['manually_inputted_data $ guess'],1,0.39,manually_inputted_data $ guess,0.03,single_datapoint,no_comment
14193,2021,18_CT,turnover_rate,ldv,%,road,passenger,ice,all,yearly,national,['manually_inputted_data $ guess'],1,0.39,manually_inputted_data $ guess,0.03,single_datapoint,no_comment
14194,2022,18_CT,new_vehicle_efficiency,ldv,km_per_pj,road,freight,ice,all,yearly,national,['avg_eff_no_outliers $ transport_data_system_9th'],1,4776513034.843043,avg_eff_no_outliers $ transport_data_system_9th,367424079.603311,single_datapoint,no_comment
14195,2022,18_CT,new_vehicle_efficiency,ldv,km_per_pj,road,passenger,ice,all,yearly,national,['avg_eff_no_outliers $ transport_data_system_9th'],1,3086802010.889935,avg_eff_no_outliers $ transport_data_system_9th,237446308.529995,single_datapoint,no_comment
14196,2022,18_CT,turnover_rate,ldv,%,road,freight,ice,all,yearly,national,['manually_inputted_data $ guess'],1,0.39,manually_inputted_data $ guess,0.03,single_datapoint,no_comment
14197,2022,18_CT,turnover_rate,ldv,%,road,passenger,ice,all,yearly,national,['manually_inputted_data $ guess'],1,0.39,manually_inputted_data $ guess,0.03,single_datapoint,no_comment
14198,2010,18_CT,new_vehicle_efficiency,ldv,km_per_pj,road,freight,lpg,all,yearly,national,['avg_eff_no_outliers $ transport_data_system_9th'],1,3668778329.1297708,avg_eff_no_outliers $ transport_data_system_9th,282213717.625367,single_datapoint,no_comment
14199,2010,18_CT,new_vehicle_efficiency,ldv,km_per_pj,road,passenger,lpg,all,yearly,national,['avg_eff_no_outliers $ transport_data_system_9th'],1,4713924488.084526,avg_eff_no_outliers $ transport_data_system_9th,362609576.006502,single_datapoint,no_comment
14200,2010,18_CT,turnover_rate,ldv,%,road,freight,lpg,all,yearly,national,['manually_inputted_data $ guess'],1,0.42,manually_inputted_data $ guess,0.03,manual,no_comment
14201,2010,18_CT,turnover_rate,ldv,%,road,passenger,lpg,all,yearly,national,['manually_inputted_data $ guess'],1,0.42,manually_inputted_data $ guess,0.03,manual,no_comment
14202,2011,18_CT,new_vehicle_efficiency,ldv,km_per_pj,road,freight,lpg,all,yearly,national,['avg_eff_no_outliers $ transport_data_system_9th'],1,3668778329.1297708,avg_eff_no_outliers $ transport_data_system_9th,282213717.625367,single_datapoint,no_comment
14203,2011,18_CT,new_vehicle_efficiency,ldv,km_per_pj,road,passenger,lpg,all,yearly,national,['avg_eff_no_outliers $ transport_data_system_9th'],1,4713924488.084526,avg_eff_no_outliers $ transport_data_system_9th,362609576.006502,single_datapoint,no_comment
14204,2011,18_CT,turnover_rate,ldv,%,road,freight,lpg,all,yearly,national,['manually_inputted_data $ guess'],1,0.42,manually_inputted_data $ guess,0.03,manual,no_comment
14205,2011,18_CT,turnover_rate,ldv,%,road,passenger,lpg,all,yearly,national,['manually_inputted_data $ guess'],1,0.42,manually_inputted_data $ guess,0.03,manual,no_comment
14206,2012,18_CT,new_vehicle_efficiency,ldv,km_per_pj,road,freight,lpg,all,yearly,national,['avg_eff_no_outliers $ transport_data_system_9th'],1,3668778329.1297708,avg_eff_no_outliers $ transport_data_system_9th,282213717.625367,single_datapoint,no_comment
14207,2012,18_CT,new_vehicle_efficiency,ldv,km_per_pj,road,passenger,lpg,all,yearly,national,['avg_eff_no_outliers $ transport_data_system_9th'],1,4713924488.084526,avg_eff_no_outliers $ transport_data_system_9th,362609576.006502,single_datapoint,no_comment
14208,2012,18_CT,turnover_rate,ldv,%,road,freight,lpg,all,yearly,national,['manually_inputted_data $ guess'],1,0.42,manually_inputted_data $ guess,0.03,manual,no_comment
14209,2012,18_CT,turnover_rate,ldv,%,road,passenger,lpg,all,yearly,national,['manually_inputted_data $ guess'],1,0.42,manually_inputted_data $ guess,0.03,manual,no_comment
14210,2013,18_CT,new_vehicle_efficiency,ldv,km_per_pj,road,freight,lpg,all,yearly,national,['avg_eff_no_outliers $ transport_data_system_9th'],1,3668778329.1297708,avg_eff_no_outliers $ transport_data_system_9th,282213717.625367,single_datapoint,no_comment
14211,2013,18_CT,new_vehicle_efficiency,ldv,km_per_pj,road,passenger,lpg,all,yearly,national,['avg_eff_no_outliers $ transport_data_system_9th'],1,4713924488.084526,avg_eff_no_outliers $ transport_data_system_9th,362609576.006502,single_datapoint,no_comment
14212,2013,18_CT,turnover_rate,ldv,%,road,freight,lpg,all,yearly,national,['manually_inputted_data $ guess'],1,0.42,manually_inputted_data $ guess,0.03,manual,no_comment
14213,2013,18_CT,turnover_rate,ldv,%,road,passenger,lpg,all,yearly,national,['manually_inputted_data $ guess'],1,0.42,manually_inputted_data $ guess,0.03,manual,no_comment
14214,2014,18_CT,new_vehicle_efficiency,ldv,km_per_pj,road,freight,lpg,all,yearly,national,['avg_eff_no_outliers $ transport_data_system_9th'],1,3668778329.1297708,avg_eff_no_outliers $ transport_data_system_9th,282213717.625367,single_datapoint,no_comment
14215,2014,18_CT,new_vehicle_efficiency,ldv,km_per_pj,road,passenger,lpg,all,yearly,national,['avg_eff_no_outliers $ transport_data_system_9th'],1,4713924488.084526,avg_eff_no_outliers $ transport_data_system_9th,362609576.006502,single_datapoint,no_comment
14216,2014,18_CT,turnover_rate,ldv,%,road,freight,lpg,all,yearly,national,['manually_inputted_data $ guess'],1,0.42,manually_inputted_data $ guess,0.03,manual,no_comment
14217,2014,18_CT,turnover_rate,ldv,%,road,passenger,lpg,all,yearly,national,['manually_inputted_data $ guess'],1,0.42,manually_inputted_data $ guess,0.03,manual,no_comment
14218,2015,18_CT,new_vehicle_efficiency,ldv,km_per_pj,road,freight,lpg,all,yearly,national,['avg_eff_no_outliers $ transport_data_system_9th'],1,3668778329.1297708,avg_eff_no_outliers $ transport_data_system_9th,282213717.625367,single_datapoint,no_comment
14219,2015,18_CT,new_vehicle_efficiency,ldv,km_per_pj,road,passenger,lpg,all,yearly,national,['avg_eff_no_outliers $ transport_data_system_9th'],1,4713924488.084526,avg_eff_no_outliers $ transport_data_system_9th,362609576.006502,single_datapoint,no_comment
14220,2015,18_CT,turnover_rate,ldv,%,road,freight,lpg,all,yearly,national,['manually_inputted_data $ guess'],1,0.42,manually_inputted_data $ guess,0.03,manual,no_comment
14221,2015,18_CT,turnover_rate,ldv,%,road,passenger,lpg,all,yearly,national,['manually_inputted_data $ guess'],1,0.42,manually_inputted_data $ guess,0.03,manual,no_comment
14222,2016,18_CT,new_vehicle_efficiency,ldv,km_per_pj,road,freight,lpg,all,yearly,national,['avg_eff_no_outliers $ transport_data_system_9th'],1,3668778329.1297708,avg_eff_no_outliers $ transport_data_system_9th,282213717.625367,single_datapoint,no_comment
14223,2016,18_CT,new_vehicle_efficiency,ldv,km_per_pj,road,passenger,lpg,all,yearly,national,['avg_eff_no_outliers $ transport_data_system_9th'],1,4713924488.084526,avg_eff_no_outliers $ transport_data_system_9th,362609576.006502,single_datapoint,no_comment
14224,2016,18_CT,turnover_rate,ldv,%,road,freight,lpg,all,yearly,national,['manually_inputted_data $ guess'],1,0.42,manually_inputted_data $ guess,0.03,manual,no_comment
14225,2016,18_CT,turnover_rate,ldv,%,road,passenger,lpg,all,yearly,national,['manually_inputted_data $ guess'],1,0.42,manually_inputted_data $ guess,0.03,manual,no_comment
14226,2017,18_CT,activity,ldv,passenger_km_or_freight_tonne_km,road,freight,lpg,all,yearly,national,"['8th_edition_transport_model $ reference', 'estimated $ calculate_energy_and_activity()']",2,89493.1863090577,8th_edition_transport_model $ reference,78543.1863090577,manual,no_comment
14227,2017,18_CT,activity,ldv,passenger_km_or_freight_tonne_km,road,passenger,lpg,all,yearly,national,"['8th_edition_transport_model $ reference', 'estimated $ calculate_energy_and_activity()']",2,1125688349.6129324,estimated $ calculate_energy_and_activity(),413730000.0,manual,no_comment
14228,2017,18_CT,energy,ldv,pj,road,freight,lpg,all,yearly,national,"['8th_edition_transport_model $ reference', 'estimated $ calculate_energy_and_activity()']",2,0.00879288927272346,estimated $ calculate_energy_and_activity(),0.00011925950132625993,manual,no_comment
14229,2017,18_CT,energy,ldv,pj,road,passenger,lpg,all,yearly,national,"['8th_edition_transport_model $ reference', 'estimated $ calculate_energy_and_activity()']",2,1.9342740276127195,8th_edition_transport_model $ reference,1.141370826542943,manual,no_comment
14230,2017,18_CT,new_vehicle_efficiency,ldv,km_per_pj,road,freight,lpg,all,yearly,national,['avg_eff_no_outliers $ transport_data_system_9th'],1,3668778329.1297708,avg_eff_no_outliers $ transport_data_system_9th,282213717.625367,single_datapoint,no_comment
14231,2017,18_CT,new_vehicle_efficiency,ldv,km_per_pj,road,passenger,lpg,all,yearly,national,['avg_eff_no_outliers $ transport_data_system_9th'],1,4713924488.084526,avg_eff_no_outliers $ transport_data_system_9th,362609576.006502,single_datapoint,no_comment
14232,2017,18_CT,travel_km,ldv,km,road,freight,lpg,all,yearly,national,['estimated $ calculate_energy_and_activity()'],1,30000.0,estimated $ calculate_energy_and_activity(),30000.0,single_datapoint,no_comment
14233,2017,18_CT,travel_km,ldv,km,road,passenger,lpg,all,yearly,national,['estimated $ calculate_energy_and_activity()'],1,275820000.0,estimated $ calculate_energy_and_activity(),275820000.0,single_datapoint,no_comment
14234,2017,18_CT,turnover_rate,ldv,%,road,freight,lpg,all,yearly,national,"['manually_inputted_data $ guess', 'turnover_rate_est']",2,0.42,manually_inputted_data $ guess,0.03,manual,no_comment
14235,2017,18_CT,turnover_rate,ldv,%,road,passenger,lpg,all,yearly,national,"['manually_inputted_data $ guess', 'turnover_rate_est']",2,0.42,manually_inputted_data $ guess,0.03,manual,no_comment
14236,2018,18_CT,new_vehicle_efficiency,ldv,km_per_pj,road,freight,lpg,all,yearly,national,['avg_eff_no_outliers $ transport_data_system_9th'],1,3668778329.1297708,avg_eff_no_outliers $ transport_data_system_9th,282213717.625367,single_datapoint,no_comment
14237,2018,18_CT,new_vehicle_efficiency,ldv,km_per_pj,road,passenger,lpg,all,yearly,national,['avg_eff_no_outliers $ transport_data_system_9th'],1,4713924488.084526,avg_eff_no_outliers $ transport_data_system_9th,362609576.006502,single_datapoint,no_comment
14238,2018,18_CT,turnover_rate,ldv,%,road,freight,lpg,all,yearly,national,['manually_inputted_data $ guess'],1,0.42,manually_inputted_data $ guess,0.03,manual,no_comment
14239,2018,18_CT,turnover_rate,ldv,%,road,passenger,lpg,all,yearly,national,['manually_inputted_data $ guess'],1,0.42,manually_inputted_data $ guess,0.03,manual,no_comment
14240,2019,18_CT,new_vehicle_efficiency,ldv,km_per_pj,road,freight,lpg,all,yearly,national,['avg_eff_no_outliers $ transport_data_system_9th'],1,3668778329.1297708,avg_eff_no_outliers $ transport_data_system_9th,282213717.625367,single_datapoint,no_comment
14241,2019,18_CT,new_vehicle_efficiency,ldv,km_per_pj,road,passenger,lpg,all,yearly,national,['avg_eff_no_outliers $ transport_data_system_9th'],1,4713924488.084526,avg_eff_no_outliers $ transport_data_system_9th,362609576.006502,single_datapoint,no_comment
14242,2019,18_CT,turnover_rate,ldv,%,road,freight,lpg,all,yearly,national,['manually_inputted_data $ guess'],1,0.42,manually_inputted_data $ guess,0.03,manual,no_comment
14243,2019,18_CT,turnover_rate,ldv,%,road,passenger,lpg,all,yearly,national,['manually_inputted_data $ guess'],1,0.42,manually_inputted_data $ guess,0.03,manual,no_comment
14244,2020,18_CT,new_vehicle_efficiency,ldv,km_per_pj,road,freight,lpg,all,yearly,national,['avg_eff_no_outliers $ transport_data_system_9th'],1,3668778329.1297708,avg_eff_no_outliers $ transport_data_system_9th,282213717.625367,single_datapoint,no_comment
14245,2020,18_CT,new_vehicle_efficiency,ldv,km_per_pj,road,passenger,lpg,all,yearly,national,['avg_eff_no_outliers $ transport_data_system_9th'],1,4713924488.084526,avg_eff_no_outliers $ transport_data_system_9th,362609576.006502,single_datapoint,no_comment
14246,2020,18_CT,turnover_rate,ldv,%,road,freight,lpg,all,yearly,national,['manually_inputted_data $ guess'],1,0.42,manually_inputted_data $ guess,0.03,manual,no_comment
14247,2020,18_CT,turnover_rate,ldv,%,road,passenger,lpg,all,yearly,national,['manually_inputted_data $ guess'],1,0.42,manually_inputted_data $ guess,0.03,manual,no_comment
14248,2021,18_CT,new_vehicle_efficiency,ldv,km_per_pj,road,freight,lpg,all,yearly,national,['avg_eff_no_outliers $ transport_data_system_9th'],1,3668778329.1297708,avg_eff_no_outliers $ transport_data_system_9th,282213717.625367,single_datapoint,no_comment
14249,2021,18_CT,new_vehicle_efficiency,ldv,km_per_pj,road,passenger,lpg,all,yearly,national,['avg_eff_no_outliers $ transport_data_system_9th'],1,4713924488.084526,avg_eff_no_outliers $ transport_data_system_9th,362609576.006502,single_datapoint,no_comment
14250,2021,18_CT,turnover_rate,ldv,%,road,freight,lpg,all,yearly,national,['manually_inputted_data $ guess'],1,0.42,manually_inputted_data $ guess,0.03,manual,no_comment
14251,2021,18_CT,turnover_rate,ldv,%,road,passenger,lpg,all,yearly,national,['manually_inputted_data $ guess'],1,0.42,manually_inputted_data $ guess,0.03,manual,no_comment
14252,2022,18_CT,new_vehicle_efficiency,ldv,km_per_pj,road,freight,lpg,all,yearly,national,['avg_eff_no_outliers $ transport_data_system_9th'],1,3668778329.1297708,avg_eff_no_outliers $ transport_data_system_9th,282213717.625367,single_datapoint,no_comment
14253,2022,18_CT,new_vehicle_efficiency,ldv,km_per_pj,road,passenger,lpg,all,yearly,national,['avg_eff_no_outliers $ transport_data_system_9th'],1,4713924488.084526,avg_eff_no_outliers $ transport_data_system_9th,362609576.006502,single_datapoint,no_comment
14254,2022,18_CT,turnover_rate,ldv,%,road,freight,lpg,all,yearly,national,['manually_inputted_data $ guess'],1,0.42,manually_inputted_data $ guess,0.03,manual,no_comment
14255,2022,18_CT,turnover_rate,ldv,%,road,passenger,lpg,all,yearly,national,['manually_inputted_data $ guess'],1,0.42,manually_inputted_data $ guess,0.03,manual,no_comment
14256,2010,18_CT,new_vehicle_efficiency,ldv,km_per_pj,road,freight,phev,all,yearly,national,['avg_eff_no_outliers $ transport_data_system_9th'],1,8979606259.303562,avg_eff_no_outliers $ transport_data_system_9th,690738943.023351,single_datapoint,no_comment
14257,2010,18_CT,new_vehicle_efficiency,ldv,km_per_pj,road,passenger,phev,all,yearly,national,['avg_eff_no_outliers $ transport_data_system_9th'],1,5974718100.659283,avg_eff_no_outliers $ transport_data_system_9th,459593700.050714,single_datapoint,no_comment
14258,2010,18_CT,turnover_rate,ldv,%,road,freight,phev,all,yearly,national,['manually_inputted_data $ guess'],1,0.39,manually_inputted_data $ guess,0.03,single_datapoint,no_comment
14259,2010,18_CT,turnover_rate,ldv,%,road,passenger,phev,all,yearly,national,['manually_inputted_data $ guess'],1,0.39,manually_inputted_data $ guess,0.03,single_datapoint,no_comment
14260,2011,18_CT,new_vehicle_efficiency,ldv,km_per_pj,road,freight,phev,all,yearly,national,['avg_eff_no_outliers $ transport_data_system_9th'],1,8979606259.303562,avg_eff_no_outliers $ transport_data_system_9th,690738943.023351,single_datapoint,no_comment
14261,2011,18_CT,new_vehicle_efficiency,ldv,km_per_pj,road,passenger,phev,all,yearly,national,['avg_eff_no_outliers $ transport_data_system_9th'],1,5974718100.659283,avg_eff_no_outliers $ transport_data_system_9th,459593700.050714,single_datapoint,no_comment
14262,2011,18_CT,turnover_rate,ldv,%,road,freight,phev,all,yearly,national,['manually_inputted_data $ guess'],1,0.39,manually_inputted_data $ guess,0.03,single_datapoint,no_comment
14263,2011,18_CT,turnover_rate,ldv,%,road,passenger,phev,all,yearly,national,['manually_inputted_data $ guess'],1,0.39,manually_inputted_data $ guess,0.03,single_datapoint,no_comment
14264,2012,18_CT,new_vehicle_efficiency,ldv,km_per_pj,road,freight,phev,all,yearly,national,['avg_eff_no_outliers $ transport_data_system_9th'],1,8979606259.303562,avg_eff_no_outliers $ transport_data_system_9th,690738943.023351,single_datapoint,no_comment
14265,2012,18_CT,new_vehicle_efficiency,ldv,km_per_pj,road,passenger,phev,all,yearly,national,['avg_eff_no_outliers $ transport_data_system_9th'],1,5974718100.659283,avg_eff_no_outliers $ transport_data_system_9th,459593700.050714,single_datapoint,no_comment
14266,2012,18_CT,turnover_rate,ldv,%,road,freight,phev,all,yearly,national,['manually_inputted_data $ guess'],1,0.39,manually_inputted_data $ guess,0.03,single_datapoint,no_comment
14267,2012,18_CT,turnover_rate,ldv,%,road,passenger,phev,all,yearly,national,['manually_inputted_data $ guess'],1,0.39,manually_inputted_data $ guess,0.03,single_datapoint,no_comment
14268,2013,18_CT,new_vehicle_efficiency,ldv,km_per_pj,road,freight,phev,all,yearly,national,['avg_eff_no_outliers $ transport_data_system_9th'],1,8979606259.303562,avg_eff_no_outliers $ transport_data_system_9th,690738943.023351,single_datapoint,no_comment
14269,2013,18_CT,new_vehicle_efficiency,ldv,km_per_pj,road,passenger,phev,all,yearly,national,['avg_eff_no_outliers $ transport_data_system_9th'],1,5974718100.659283,avg_eff_no_outliers $ transport_data_system_9th,459593700.050714,single_datapoint,no_comment
14270,2013,18_CT,turnover_rate,ldv,%,road,freight,phev,all,yearly,national,['manually_inputted_data $ guess'],1,0.39,manually_inputted_data $ guess,0.03,single_datapoint,no_comment
14271,2013,18_CT,turnover_rate,ldv,%,road,passenger,phev,all,yearly,national,['manually_inputted_data $ guess'],1,0.39,manually_inputted_data $ guess,0.03,single_datapoint,no_comment
14272,2014,18_CT,new_vehicle_efficiency,ldv,km_per_pj,road,freight,phev,all,yearly,national,['avg_eff_no_outliers $ transport_data_system_9th'],1,8979606259.303562,avg_eff_no_outliers $ transport_data_system_9th,690738943.023351,single_datapoint,no_comment
14273,2014,18_CT,new_vehicle_efficiency,ldv,km_per_pj,road,passenger,phev,all,yearly,national,['avg_eff_no_outliers $ transport_data_system_9th'],1,5974718100.659283,avg_eff_no_outliers $ transport_data_system_9th,459593700.050714,single_datapoint,no_comment
14274,2014,18_CT,turnover_rate,ldv,%,road,freight,phev,all,yearly,national,['manually_inputted_data $ guess'],1,0.39,manually_inputted_data $ guess,0.03,single_datapoint,no_comment
14275,2014,18_CT,turnover_rate,ldv,%,road,passenger,phev,all,yearly,national,['manually_inputted_data $ guess'],1,0.39,manually_inputted_data $ guess,0.03,single_datapoint,no_comment
14276,2015,18_CT,new_vehicle_efficiency,ldv,km_per_pj,road,freight,phev,all,yearly,national,['avg_eff_no_outliers $ transport_data_system_9th'],1,8979606259.303562,avg_eff_no_outliers $ transport_data_system_9th,690738943.023351,single_datapoint,no_comment
14277,2015,18_CT,new_vehicle_efficiency,ldv,km_per_pj,road,passenger,phev,all,yearly,national,['avg_eff_no_outliers $ transport_data_system_9th'],1,5974718100.659283,avg_eff_no_outliers $ transport_data_system_9th,459593700.050714,single_datapoint,no_comment
14278,2015,18_CT,turnover_rate,ldv,%,road,freight,phev,all,yearly,national,['manually_inputted_data $ guess'],1,0.39,manually_inputted_data $ guess,0.03,single_datapoint,no_comment
14279,2015,18_CT,turnover_rate,ldv,%,road,passenger,phev,all,yearly,national,['manually_inputted_data $ guess'],1,0.39,manually_inputted_data $ guess,0.03,single_datapoint,no_comment
14280,2016,18_CT,new_vehicle_efficiency,ldv,km_per_pj,road,freight,phev,all,yearly,national,['avg_eff_no_outliers $ transport_data_system_9th'],1,8979606259.303562,avg_eff_no_outliers $ transport_data_system_9th,690738943.023351,single_datapoint,no_comment
14281,2016,18_CT,new_vehicle_efficiency,ldv,km_per_pj,road,passenger,phev,all,yearly,national,['avg_eff_no_outliers $ transport_data_system_9th'],1,5974718100.659283,avg_eff_no_outliers $ transport_data_system_9th,459593700.050714,single_datapoint,no_comment
14282,2016,18_CT,turnover_rate,ldv,%,road,freight,phev,all,yearly,national,['manually_inputted_data $ guess'],1,0.39,manually_inputted_data $ guess,0.03,single_datapoint,no_comment
14283,2016,18_CT,turnover_rate,ldv,%,road,passenger,phev,all,yearly,national,['manually_inputted_data $ guess'],1,0.39,manually_inputted_data $ guess,0.03,single_datapoint,no_comment
14284,2017,18_CT,new_vehicle_efficiency,ldv,km_per_pj,road,freight,phev,all,yearly,national,['avg_eff_no_outliers $ transport_data_system_9th'],1,8979606259.303562,avg_eff_no_outliers $ transport_data_system_9th,690738943.023351,single_datapoint,no_comment
14285,2017,18_CT,new_vehicle_efficiency,ldv,km_per_pj,road,passenger,phev,all,yearly,national,['avg_eff_no_outliers $ transport_data_system_9th'],1,5974718100.659283,avg_eff_no_outliers $ transport_data_system_9th,459593700.050714,single_datapoint,no_comment
14286,2017,18_CT,turnover_rate,ldv,%,road,freight,phev,all,yearly,national,['manually_inputted_data $ guess'],1,0.39,manually_inputted_data $ guess,0.03,single_datapoint,no_comment
14287,2017,18_CT,turnover_rate,ldv,%,road,passenger,phev,all,yearly,national,['manually_inputted_data $ guess'],1,0.39,manually_inputted_data $ guess,0.03,single_datapoint,no_comment
14288,2018,18_CT,new_vehicle_efficiency,ldv,km_per_pj,road,freight,phev,all,yearly,national,['avg_eff_no_outliers $ transport_data_system_9th'],1,8979606259.303562,avg_eff_no_outliers $ transport_data_system_9th,690738943.023351,single_datapoint,no_comment
14289,2018,18_CT,new_vehicle_efficiency,ldv,km_per_pj,road,passenger,phev,all,yearly,national,['avg_eff_no_outliers $ transport_data_system_9th'],1,5974718100.659283,avg_eff_no_outliers $ transport_data_system_9th,459593700.050714,single_datapoint,no_comment
14290,2018,18_CT,turnover_rate,ldv,%,road,freight,phev,all,yearly,national,['manually_inputted_data $ guess'],1,0.39,manually_inputted_data $ guess,0.03,single_datapoint,no_comment
14291,2018,18_CT,turnover_rate,ldv,%,road,passenger,phev,all,yearly,national,['manually_inputted_data $ guess'],1,0.39,manually_inputted_data $ guess,0.03,single_datapoint,no_comment
14292,2019,18_CT,new_vehicle_efficiency,ldv,km_per_pj,road,freight,phev,all,yearly,national,['avg_eff_no_outliers $ transport_data_system_9th'],1,8979606259.303562,avg_eff_no_outliers $ transport_data_system_9th,690738943.023351,single_datapoint,no_comment
14293,2019,18_CT,new_vehicle_efficiency,ldv,km_per_pj,road,passenger,phev,all,yearly,national,['avg_eff_no_outliers $ transport_data_system_9th'],1,5974718100.659283,avg_eff_no_outliers $ transport_data_system_9th,459593700.050714,single_datapoint,no_comment
14294,2019,18_CT,turnover_rate,ldv,%,road,freight,phev,all,yearly,national,['manually_inputted_data $ guess'],1,0.39,manually_inputted_data $ guess,0.03,single_datapoint,no_comment
14295,2019,18_CT,turnover_rate,ldv,%,road,passenger,phev,all,yearly,national,['manually_inputted_data $ guess'],1,0.39,manually_inputted_data $ guess,0.03,single_datapoint,no_comment
14296,2020,18_CT,new_vehicle_efficiency,ldv,km_per_pj,road,freight,phev,all,yearly,national,['avg_eff_no_outliers $ transport_data_system_9th'],1,8979606259.303562,avg_eff_no_outliers $ transport_data_system_9th,690738943.023351,single_datapoint,no_comment
14297,2020,18_CT,new_vehicle_efficiency,ldv,km_per_pj,road,passenger,phev,all,yearly,national,['avg_eff_no_outliers $ transport_data_system_9th'],1,5974718100.659283,avg_eff_no_outliers $ transport_data_system_9th,459593700.050714,single_datapoint,no_comment
14298,2020,18_CT,turnover_rate,ldv,%,road,freight,phev,all,yearly,national,['manually_inputted_data $ guess'],1,0.39,manually_inputted_data $ guess,0.03,single_datapoint,no_comment
14299,2020,18_CT,turnover_rate,ldv,%,road,passenger,phev,all,yearly,national,['manually_inputted_data $ guess'],1,0.39,manually_inputted_data $ guess,0.03,single_datapoint,no_comment
14300,2021,18_CT,new_vehicle_efficiency,ldv,km_per_pj,road,freight,phev,all,yearly,national,['avg_eff_no_outliers $ transport_data_system_9th'],1,8979606259.303562,avg_eff_no_outliers $ transport_data_system_9th,690738943.023351,single_datapoint,no_comment
14301,2021,18_CT,new_vehicle_efficiency,ldv,km_per_pj,road,passenger,phev,all,yearly,national,['avg_eff_no_outliers $ transport_data_system_9th'],1,5974718100.659283,avg_eff_no_outliers $ transport_data_system_9th,459593700.050714,single_datapoint,no_comment
14302,2021,18_CT,turnover_rate,ldv,%,road,freight,phev,all,yearly,national,['manually_inputted_data $ guess'],1,0.39,manually_inputted_data $ guess,0.03,single_datapoint,no_comment
14303,2021,18_CT,turnover_rate,ldv,%,road,passenger,phev,all,yearly,national,['manually_inputted_data $ guess'],1,0.39,manually_inputted_data $ guess,0.03,single_datapoint,no_comment
14304,2022,18_CT,new_vehicle_efficiency,ldv,km_per_pj,road,freight,phev,all,yearly,national,['avg_eff_no_outliers $ transport_data_system_9th'],1,8979606259.303562,avg_eff_no_outliers $ transport_data_system_9th,690738943.023351,single_datapoint,no_comment
14305,2022,18_CT,new_vehicle_efficiency,ldv,km_per_pj,road,passenger,phev,all,yearly,national,['avg_eff_no_outliers $ transport_data_system_9th'],1,5974718100.659283,avg_eff_no_outliers $ transport_data_system_9th,459593700.050714,single_datapoint,no_comment
14306,2022,18_CT,turnover_rate,ldv,%,road,freight,phev,all,yearly,national,['manually_inputted_data $ guess'],1,0.39,manually_inputted_data $ guess,0.03,single_datapoint,no_comment
14307,2022,18_CT,turnover_rate,ldv,%,road,passenger,phev,all,yearly,national,['manually_inputted_data $ guess'],1,0.39,manually_inputted_data $ guess,0.03,single_datapoint,no_comment
14308,2010,19_THA,new_vehicle_efficiency,2w,km_per_pj,road,passenger,bev,all,yearly,national,['avg_eff_no_outliers $ transport_data_system_9th'],1,33137029391.83156,avg_eff_no_outliers $ transport_data_system_9th,2549002260.91012,single_datapoint,no_comment
14309,2010,19_THA,turnover_rate,2w,%,road,passenger,bev,all,yearly,national,['manually_inputted_data $ guess'],1,0.42,manually_inputted_data $ guess,0.03,manual,no_comment
14310,2011,19_THA,new_vehicle_efficiency,2w,km_per_pj,road,passenger,bev,all,yearly,national,['avg_eff_no_outliers $ transport_data_system_9th'],1,33137029391.83156,avg_eff_no_outliers $ transport_data_system_9th,2549002260.91012,single_datapoint,no_comment
14311,2011,19_THA,turnover_rate,2w,%,road,passenger,bev,all,yearly,national,['manually_inputted_data $ guess'],1,0.42,manually_inputted_data $ guess,0.03,manual,no_comment
14312,2012,19_THA,new_vehicle_efficiency,2w,km_per_pj,road,passenger,bev,all,yearly,national,['avg_eff_no_outliers $ transport_data_system_9th'],1,33137029391.83156,avg_eff_no_outliers $ transport_data_system_9th,2549002260.91012,single_datapoint,no_comment
14313,2012,19_THA,turnover_rate,2w,%,road,passenger,bev,all,yearly,national,['manually_inputted_data $ guess'],1,0.42,manually_inputted_data $ guess,0.03,manual,no_comment
14314,2013,19_THA,new_vehicle_efficiency,2w,km_per_pj,road,passenger,bev,all,yearly,national,['avg_eff_no_outliers $ transport_data_system_9th'],1,33137029391.83156,avg_eff_no_outliers $ transport_data_system_9th,2549002260.91012,single_datapoint,no_comment
14315,2013,19_THA,turnover_rate,2w,%,road,passenger,bev,all,yearly,national,['manually_inputted_data $ guess'],1,0.42,manually_inputted_data $ guess,0.03,manual,no_comment
14316,2014,19_THA,new_vehicle_efficiency,2w,km_per_pj,road,passenger,bev,all,yearly,national,['avg_eff_no_outliers $ transport_data_system_9th'],1,33137029391.83156,avg_eff_no_outliers $ transport_data_system_9th,2549002260.91012,single_datapoint,no_comment
14317,2014,19_THA,turnover_rate,2w,%,road,passenger,bev,all,yearly,national,['manually_inputted_data $ guess'],1,0.42,manually_inputted_data $ guess,0.03,manual,no_comment
14318,2015,19_THA,new_vehicle_efficiency,2w,km_per_pj,road,passenger,bev,all,yearly,national,['avg_eff_no_outliers $ transport_data_system_9th'],1,33137029391.83156,avg_eff_no_outliers $ transport_data_system_9th,2549002260.91012,single_datapoint,no_comment
14319,2015,19_THA,turnover_rate,2w,%,road,passenger,bev,all,yearly,national,['manually_inputted_data $ guess'],1,0.42,manually_inputted_data $ guess,0.03,manual,no_comment
14320,2016,19_THA,new_vehicle_efficiency,2w,km_per_pj,road,passenger,bev,all,yearly,national,['avg_eff_no_outliers $ transport_data_system_9th'],1,33137029391.83156,avg_eff_no_outliers $ transport_data_system_9th,2549002260.91012,single_datapoint,no_comment
14321,2016,19_THA,turnover_rate,2w,%,road,passenger,bev,all,yearly,national,['manually_inputted_data $ guess'],1,0.42,manually_inputted_data $ guess,0.03,manual,no_comment
14322,2017,19_THA,activity,2w,passenger_km_or_freight_tonne_km,road,passenger,bev,all,yearly,national,"['8th_edition_transport_model $ reference', 'estimated $ calculate_energy_and_activity()']",2,698894918.625983,estimated $ calculate_energy_and_activity(),437844000.00000006,manual,no_comment
14323,2017,19_THA,energy,2w,pj,road,passenger,bev,all,yearly,national,"['8th_edition_transport_model $ reference', 'estimated $ calculate_energy_and_activity()']",2,0.2528451861461956,estimated $ calculate_energy_and_activity(),0.1798108026814564,manual,no_comment
14324,2017,19_THA,new_vehicle_efficiency,2w,km_per_pj,road,passenger,bev,all,yearly,national,['avg_eff_no_outliers $ transport_data_system_9th'],1,33137029391.83156,avg_eff_no_outliers $ transport_data_system_9th,2549002260.91012,single_datapoint,no_comment
14325,2017,19_THA,travel_km,2w,km,road,passenger,bev,all,yearly,national,['estimated $ calculate_energy_and_activity()'],1,398040000.0,estimated $ calculate_energy_and_activity(),398040000.0,single_datapoint,no_comment
14326,2017,19_THA,turnover_rate,2w,%,road,passenger,bev,all,yearly,national,"['manually_inputted_data $ guess', 'turnover_rate_est']",2,0.42,manually_inputted_data $ guess,0.03,manual,no_comment
14327,2018,19_THA,new_vehicle_efficiency,2w,km_per_pj,road,passenger,bev,all,yearly,national,['avg_eff_no_outliers $ transport_data_system_9th'],1,33137029391.83156,avg_eff_no_outliers $ transport_data_system_9th,2549002260.91012,single_datapoint,no_comment
14328,2018,19_THA,turnover_rate,2w,%,road,passenger,bev,all,yearly,national,['manually_inputted_data $ guess'],1,0.42,manually_inputted_data $ guess,0.03,manual,no_comment
14329,2019,19_THA,new_vehicle_efficiency,2w,km_per_pj,road,passenger,bev,all,yearly,national,['avg_eff_no_outliers $ transport_data_system_9th'],1,33137029391.83156,avg_eff_no_outliers $ transport_data_system_9th,2549002260.91012,single_datapoint,no_comment
14330,2019,19_THA,turnover_rate,2w,%,road,passenger,bev,all,yearly,national,['manually_inputted_data $ guess'],1,0.42,manually_inputted_data $ guess,0.03,manual,no_comment
14331,2020,19_THA,new_vehicle_efficiency,2w,km_per_pj,road,passenger,bev,all,yearly,national,['avg_eff_no_outliers $ transport_data_system_9th'],1,33137029391.83156,avg_eff_no_outliers $ transport_data_system_9th,2549002260.91012,single_datapoint,no_comment
14332,2020,19_THA,turnover_rate,2w,%,road,passenger,bev,all,yearly,national,['manually_inputted_data $ guess'],1,0.42,manually_inputted_data $ guess,0.03,manual,no_comment
14333,2021,19_THA,new_vehicle_efficiency,2w,km_per_pj,road,passenger,bev,all,yearly,national,['avg_eff_no_outliers $ transport_data_system_9th'],1,33137029391.83156,avg_eff_no_outliers $ transport_data_system_9th,2549002260.91012,single_datapoint,no_comment
14334,2021,19_THA,turnover_rate,2w,%,road,passenger,bev,all,yearly,national,['manually_inputted_data $ guess'],1,0.42,manually_inputted_data $ guess,0.03,manual,no_comment
14335,2022,19_THA,new_vehicle_efficiency,2w,km_per_pj,road,passenger,bev,all,yearly,national,['avg_eff_no_outliers $ transport_data_system_9th'],1,33137029391.83156,avg_eff_no_outliers $ transport_data_system_9th,2549002260.91012,single_datapoint,no_comment
14336,2022,19_THA,turnover_rate,2w,%,road,passenger,bev,all,yearly,national,['manually_inputted_data $ guess'],1,0.42,manually_inputted_data $ guess,0.03,manual,no_comment
14337,2010,19_THA,activity,2w,passenger_km_or_freight_tonne_km,road,passenger,ice,all,yearly,national,['estimated $ calculate_energy_and_activity()'],1,1834586910750.0,estimated $ calculate_energy_and_activity(),142723465500.0,single_datapoint,no_comment
14338,2010,19_THA,energy,2w,pj,road,passenger,ice,all,yearly,national,['estimated $ calculate_energy_and_activity()'],1,2636.954960072488,estimated $ calculate_energy_and_activity(),205.14446498209304,single_datapoint,no_comment
14339,2010,19_THA,new_vehicle_efficiency,2w,km_per_pj,road,passenger,ice,all,yearly,national,['avg_eff_no_outliers $ transport_data_system_9th'],1,7669072338.574219,avg_eff_no_outliers $ transport_data_system_9th,589928641.428786,single_datapoint,no_comment
14340,2010,19_THA,travel_km,2w,km,road,passenger,ice,all,yearly,national,['estimated $ calculate_energy_and_activity()'],1,1667806282500.0,estimated $ calculate_energy_and_activity(),129748605000.0,single_datapoint,no_comment
14341,2010,19_THA,turnover_rate,2w,%,road,passenger,ice,all,yearly,national,['manually_inputted_data $ guess'],1,0.39,manually_inputted_data $ guess,0.03,single_datapoint,no_comment
14342,2011,19_THA,activity,2w,passenger_km_or_freight_tonne_km,road,passenger,ice,all,yearly,national,['estimated $ calculate_energy_and_activity()'],1,1834586910750.0,estimated $ calculate_energy_and_activity(),149757869250.0,single_datapoint,no_comment
14343,2011,19_THA,energy,2w,pj,road,passenger,ice,all,yearly,national,['estimated $ calculate_energy_and_activity()'],1,2636.954960072488,estimated $ calculate_energy_and_activity(),215.2554091685049,single_datapoint,no_comment
14344,2011,19_THA,new_vehicle_efficiency,2w,km_per_pj,road,passenger,ice,all,yearly,national,['avg_eff_no_outliers $ transport_data_system_9th'],1,7669072338.574219,avg_eff_no_outliers $ transport_data_system_9th,589928641.428786,single_datapoint,no_comment
14345,2011,19_THA,travel_km,2w,km,road,passenger,ice,all,yearly,national,['estimated $ calculate_energy_and_activity()'],1,1667806282500.0,estimated $ calculate_energy_and_activity(),136143517500.0,single_datapoint,no_comment
14346,2011,19_THA,turnover_rate,2w,%,road,passenger,ice,all,yearly,national,['manually_inputted_data $ guess'],1,0.39,manually_inputted_data $ guess,0.03,single_datapoint,no_comment
14347,2012,19_THA,activity,2w,passenger_km_or_freight_tonne_km,road,passenger,ice,all,yearly,national,['estimated $ calculate_energy_and_activity()'],1,1834586910750.0,estimated $ calculate_energy_and_activity(),157964606250.0,single_datapoint,no_comment
14348,2012,19_THA,energy,2w,pj,road,passenger,ice,all,yearly,national,['estimated $ calculate_energy_and_activity()'],1,2636.954960072488,estimated $ calculate_energy_and_activity(),227.0514138774415,single_datapoint,no_comment
14349,2012,19_THA,new_vehicle_efficiency,2w,km_per_pj,road,passenger,ice,all,yearly,national,['avg_eff_no_outliers $ transport_data_system_9th'],1,7669072338.574219,avg_eff_no_outliers $ transport_data_system_9th,589928641.428786,single_datapoint,no_comment
14350,2012,19_THA,travel_km,2w,km,road,passenger,ice,all,yearly,national,['estimated $ calculate_energy_and_activity()'],1,1667806282500.0,estimated $ calculate_energy_and_activity(),143604187500.0,single_datapoint,no_comment
14351,2012,19_THA,turnover_rate,2w,%,road,passenger,ice,all,yearly,national,['manually_inputted_data $ guess'],1,0.39,manually_inputted_data $ guess,0.03,single_datapoint,no_comment
14352,2013,19_THA,activity,2w,passenger_km_or_freight_tonne_km,road,passenger,ice,all,yearly,national,['estimated $ calculate_energy_and_activity()'],1,1834586910750.0,estimated $ calculate_energy_and_activity(),164711167500.0,single_datapoint,no_comment
14353,2013,19_THA,energy,2w,pj,road,passenger,ice,all,yearly,national,['estimated $ calculate_energy_and_activity()'],1,2636.954960072488,estimated $ calculate_energy_and_activity(),236.74862584781766,single_datapoint,no_comment
14354,2013,19_THA,new_vehicle_efficiency,2w,km_per_pj,road,passenger,ice,all,yearly,national,['avg_eff_no_outliers $ transport_data_system_9th'],1,7669072338.574219,avg_eff_no_outliers $ transport_data_system_9th,589928641.428786,single_datapoint,no_comment
14355,2013,19_THA,travel_km,2w,km,road,passenger,ice,all,yearly,national,['estimated $ calculate_energy_and_activity()'],1,1667806282500.0,estimated $ calculate_energy_and_activity(),149737425000.0,single_datapoint,no_comment
14356,2013,19_THA,turnover_rate,2w,%,road,passenger,ice,all,yearly,national,['manually_inputted_data $ guess'],1,0.39,manually_inputted_data $ guess,0.03,single_datapoint,no_comment
14357,2014,19_THA,activity,2w,passenger_km_or_freight_tonne_km,road,passenger,ice,all,yearly,national,['estimated $ calculate_energy_and_activity()'],1,1834586910750.0,estimated $ calculate_energy_and_activity(),167522091000.0,single_datapoint,no_comment
14358,2014,19_THA,energy,2w,pj,road,passenger,ice,all,yearly,national,['estimated $ calculate_energy_and_activity()'],1,2636.954960072488,estimated $ calculate_energy_and_activity(),240.7889243053484,single_datapoint,no_comment
14359,2014,19_THA,new_vehicle_efficiency,2w,km_per_pj,road,passenger,ice,all,yearly,national,['avg_eff_no_outliers $ transport_data_system_9th'],1,7669072338.574219,avg_eff_no_outliers $ transport_data_system_9th,589928641.428786,single_datapoint,no_comment
14360,2014,19_THA,travel_km,2w,km,road,passenger,ice,all,yearly,national,['estimated $ calculate_energy_and_activity()'],1,1667806282500.0,estimated $ calculate_energy_and_activity(),152292810000.0,single_datapoint,no_comment
14361,2014,19_THA,turnover_rate,2w,%,road,passenger,ice,all,yearly,national,['manually_inputted_data $ guess'],1,0.39,manually_inputted_data $ guess,0.03,single_datapoint,no_comment
14362,2015,19_THA,activity,2w,passenger_km_or_freight_tonne_km,road,passenger,ice,all,yearly,national,['estimated $ calculate_energy_and_activity()'],1,1834586910750.0,estimated $ calculate_energy_and_activity(),169104894750.0,single_datapoint,no_comment
14363,2015,19_THA,energy,2w,pj,road,passenger,ice,all,yearly,national,['estimated $ calculate_energy_and_activity()'],1,2636.954960072488,estimated $ calculate_energy_and_activity(),243.06397716598258,single_datapoint,no_comment
14364,2015,19_THA,new_vehicle_efficiency,2w,km_per_pj,road,passenger,ice,all,yearly,national,['avg_eff_no_outliers $ transport_data_system_9th'],1,7669072338.574219,avg_eff_no_outliers $ transport_data_system_9th,589928641.428786,single_datapoint,no_comment
14365,2015,19_THA,travel_km,2w,km,road,passenger,ice,all,yearly,national,['estimated $ calculate_energy_and_activity()'],1,1667806282500.0,estimated $ calculate_energy_and_activity(),153731722500.0,single_datapoint,no_comment
14366,2015,19_THA,turnover_rate,2w,%,road,passenger,ice,all,yearly,national,['manually_inputted_data $ guess'],1,0.39,manually_inputted_data $ guess,0.03,single_datapoint,no_comment
14367,2016,19_THA,activity,2w,passenger_km_or_freight_tonne_km,road,passenger,ice,all,yearly,national,['estimated $ calculate_energy_and_activity()'],1,1834586910750.0,estimated $ calculate_energy_and_activity(),183657119250.0,single_datapoint,no_comment
14368,2016,19_THA,energy,2w,pj,road,passenger,ice,all,yearly,national,['estimated $ calculate_energy_and_activity()'],1,2636.954960072488,estimated $ calculate_energy_and_activity(),263.98070798451647,single_datapoint,no_comment
14369,2016,19_THA,new_vehicle_efficiency,2w,km_per_pj,road,passenger,ice,all,yearly,national,['avg_eff_no_outliers $ transport_data_system_9th'],1,7669072338.574219,avg_eff_no_outliers $ transport_data_system_9th,589928641.428786,single_datapoint,no_comment
14370,2016,19_THA,travel_km,2w,km,road,passenger,ice,all,yearly,national,['estimated $ calculate_energy_and_activity()'],1,1667806282500.0,estimated $ calculate_energy_and_activity(),166961017500.0,single_datapoint,no_comment
14371,2016,19_THA,turnover_rate,2w,%,road,passenger,ice,all,yearly,national,['manually_inputted_data $ guess'],1,0.39,manually_inputted_data $ guess,0.03,single_datapoint,no_comment
14372,2017,19_THA,activity,2w,passenger_km_or_freight_tonne_km,road,passenger,ice,all,yearly,national,['estimated $ calculate_energy_and_activity()'],1,1834586910750.0,estimated $ calculate_energy_and_activity(),170740614000.0,single_datapoint,no_comment
14373,2017,19_THA,energy,2w,pj,road,passenger,ice,all,yearly,national,['estimated $ calculate_energy_and_activity()'],1,2636.954960072488,estimated $ calculate_energy_and_activity(),245.41508845119841,single_datapoint,no_comment
14374,2017,19_THA,new_vehicle_efficiency,2w,km_per_pj,road,passenger,ice,all,yearly,national,['avg_eff_no_outliers $ transport_data_system_9th'],1,7669072338.574219,avg_eff_no_outliers $ transport_data_system_9th,589928641.428786,single_datapoint,no_comment
14375,2017,19_THA,travel_km,2w,km,road,passenger,ice,all,yearly,national,['estimated $ calculate_energy_and_activity()'],1,1667806282500.0,estimated $ calculate_energy_and_activity(),155218740000.0,single_datapoint,no_comment
14376,2017,19_THA,turnover_rate,2w,%,road,passenger,ice,all,yearly,national,['manually_inputted_data $ guess'],1,0.39,manually_inputted_data $ guess,0.03,single_datapoint,no_comment
14377,2018,19_THA,activity,2w,passenger_km_or_freight_tonne_km,road,passenger,ice,all,yearly,national,['estimated $ calculate_energy_and_activity()'],1,1834586910750.0,estimated $ calculate_energy_and_activity(),173892980250.0,single_datapoint,no_comment
14378,2018,19_THA,energy,2w,pj,road,passenger,ice,all,yearly,national,['estimated $ calculate_energy_and_activity()'],1,2636.954960072488,estimated $ calculate_energy_and_activity(),249.94616177903782,single_datapoint,no_comment
14379,2018,19_THA,new_vehicle_efficiency,2w,km_per_pj,road,passenger,ice,all,yearly,national,['avg_eff_no_outliers $ transport_data_system_9th'],1,7669072338.574219,avg_eff_no_outliers $ transport_data_system_9th,589928641.428786,single_datapoint,no_comment
14380,2018,19_THA,travel_km,2w,km,road,passenger,ice,all,yearly,national,['estimated $ calculate_energy_and_activity()'],1,1667806282500.0,estimated $ calculate_energy_and_activity(),158084527500.0,single_datapoint,no_comment
14381,2018,19_THA,turnover_rate,2w,%,road,passenger,ice,all,yearly,national,['manually_inputted_data $ guess'],1,0.39,manually_inputted_data $ guess,0.03,single_datapoint,no_comment
14382,2019,19_THA,activity,2w,passenger_km_or_freight_tonne_km,road,passenger,ice,all,yearly,national,['estimated $ calculate_energy_and_activity()'],1,1834586910750.0,estimated $ calculate_energy_and_activity(),176580343500.0,single_datapoint,no_comment
14383,2019,19_THA,energy,2w,pj,road,passenger,ice,all,yearly,national,['estimated $ calculate_energy_and_activity()'],1,2636.954960072488,estimated $ calculate_energy_and_activity(),253.80886013913187,single_datapoint,no_comment
14384,2019,19_THA,new_vehicle_efficiency,2w,km_per_pj,road,passenger,ice,all,yearly,national,['avg_eff_no_outliers $ transport_data_system_9th'],1,7669072338.574219,avg_eff_no_outliers $ transport_data_system_9th,589928641.428786,single_datapoint,no_comment
14385,2019,19_THA,travel_km,2w,km,road,passenger,ice,all,yearly,national,['estimated $ calculate_energy_and_activity()'],1,1667806282500.0,estimated $ calculate_energy_and_activity(),160527585000.0,single_datapoint,no_comment
14386,2019,19_THA,turnover_rate,2w,%,road,passenger,ice,all,yearly,national,['manually_inputted_data $ guess'],1,0.39,manually_inputted_data $ guess,0.03,single_datapoint,no_comment
14387,2020,19_THA,activity,2w,passenger_km_or_freight_tonne_km,road,passenger,ice,all,yearly,national,['estimated $ calculate_energy_and_activity()'],1,1834586910750.0,estimated $ calculate_energy_and_activity(),177931759500.0,single_datapoint,no_comment
14388,2020,19_THA,energy,2w,pj,road,passenger,ice,all,yearly,national,['estimated $ calculate_energy_and_activity()'],1,2636.954960072488,estimated $ calculate_energy_and_activity(),255.75132637141542,single_datapoint,no_comment
14389,2020,19_THA,new_vehicle_efficiency,2w,km_per_pj,road,passenger,ice,all,yearly,national,['avg_eff_no_outliers $ transport_data_system_9th'],1,7669072338.574219,avg_eff_no_outliers $ transport_data_system_9th,589928641.428786,single_datapoint,no_comment
14390,2020,19_THA,travel_km,2w,km,road,passenger,ice,all,yearly,national,['estimated $ calculate_energy_and_activity()'],1,1667806282500.0,estimated $ calculate_energy_and_activity(),161756145000.0,single_datapoint,no_comment
14391,2020,19_THA,turnover_rate,2w,%,road,passenger,ice,all,yearly,national,['manually_inputted_data $ guess'],1,0.39,manually_inputted_data $ guess,0.03,single_datapoint,no_comment
14392,2021,19_THA,new_vehicle_efficiency,2w,km_per_pj,road,passenger,ice,all,yearly,national,['avg_eff_no_outliers $ transport_data_system_9th'],1,7669072338.574219,avg_eff_no_outliers $ transport_data_system_9th,589928641.428786,single_datapoint,no_comment
14393,2021,19_THA,turnover_rate,2w,%,road,passenger,ice,all,yearly,national,['manually_inputted_data $ guess'],1,0.39,manually_inputted_data $ guess,0.03,single_datapoint,no_comment
14394,2022,19_THA,new_vehicle_efficiency,2w,km_per_pj,road,passenger,ice,all,yearly,national,['avg_eff_no_outliers $ transport_data_system_9th'],1,7669072338.574219,avg_eff_no_outliers $ transport_data_system_9th,589928641.428786,single_datapoint,no_comment
14395,2022,19_THA,turnover_rate,2w,%,road,passenger,ice,all,yearly,national,['manually_inputted_data $ guess'],1,0.39,manually_inputted_data $ guess,0.03,single_datapoint,no_comment
14396,2010,19_THA,intensity,all,pj_per_passenger_or_freight_tonne_km,air,freight,all,all,yearly,national,['manually_inputted_data $ energy-intensity-of-passenger-transport-modes-2018'],1,4.0300000000000004e-08,manually_inputted_data $ energy-intensity-of-passenger-transport-modes-2018,3.1e-09,single_datapoint,assumed_to_be_same_as_passenger_air_because_of_lack_of_data
14397,2010,19_THA,intensity,all,pj_per_passenger_or_freight_tonne_km,rail,freight,all,all,yearly,national,['manually_inputted_data $ iea_howtocalculatetheindicatorsforthetransportsectors.pdf'],1,2.86e-09,manually_inputted_data $ iea_howtocalculatetheindicatorsforthetransportsectors.pdf,2.2e-10,single_datapoint,from_how_to_calculate_the_indicators_for_the_transport_sector
14398,2010,19_THA,intensity,all,pj_per_passenger_or_freight_tonne_km,ship,freight,all,all,yearly,national,['manually_inputted_data $ iea_howtocalculatetheindicatorsforthetransportsectors.pdf'],1,7.02e-09,manually_inputted_data $ iea_howtocalculatetheindicatorsforthetransportsectors.pdf,5.4e-10,single_datapoint,from_how_to_calculate_the_indicators_for_the_transport_sector
14399,2010,19_THA,intensity,all,pj_per_passenger_or_freight_tonne_km,air,passenger,all,all,yearly,national,['manually_inputted_data $ energy-intensity-of-passenger-transport-modes-2018'],1,4.0300000000000004e-08,manually_inputted_data $ energy-intensity-of-passenger-transport-modes-2018,3.1e-09,single_datapoint,no_comment
14400,2010,19_THA,intensity,all,pj_per_passenger_or_freight_tonne_km,rail,passenger,all,all,yearly,national,['manually_inputted_data $ energy-intensity-of-passenger-transport-modes-2018'],1,2.6e-09,manually_inputted_data $ energy-intensity-of-passenger-transport-modes-2018,2e-10,single_datapoint,no_comment
14401,2010,19_THA,intensity,all,pj_per_passenger_or_freight_tonne_km,ship,passenger,all,all,yearly,national,['manually_inputted_data $ iea_howtocalculatetheindicatorsforthetransportsectors.pdf'],1,7.02e-09,manually_inputted_data $ iea_howtocalculatetheindicatorsforthetransportsectors.pdf,5.4e-10,single_datapoint,assumed_to_be_the_same_as_ship_freight_from_iea_how_to
14402,2011,19_THA,intensity,all,pj_per_passenger_or_freight_tonne_km,air,freight,all,all,yearly,national,['manually_inputted_data $ energy-intensity-of-passenger-transport-modes-2018'],1,4.0300000000000004e-08,manually_inputted_data $ energy-intensity-of-passenger-transport-modes-2018,3.1e-09,single_datapoint,assumed_to_be_same_as_passenger_air_because_of_lack_of_data
14403,2011,19_THA,intensity,all,pj_per_passenger_or_freight_tonne_km,rail,freight,all,all,yearly,national,['manually_inputted_data $ iea_howtocalculatetheindicatorsforthetransportsectors.pdf'],1,2.86e-09,manually_inputted_data $ iea_howtocalculatetheindicatorsforthetransportsectors.pdf,2.2e-10,single_datapoint,from_how_to_calculate_the_indicators_for_the_transport_sector
14404,2011,19_THA,intensity,all,pj_per_passenger_or_freight_tonne_km,ship,freight,all,all,yearly,national,['manually_inputted_data $ iea_howtocalculatetheindicatorsforthetransportsectors.pdf'],1,7.02e-09,manually_inputted_data $ iea_howtocalculatetheindicatorsforthetransportsectors.pdf,5.4e-10,single_datapoint,from_how_to_calculate_the_indicators_for_the_transport_sector
14405,2011,19_THA,intensity,all,pj_per_passenger_or_freight_tonne_km,air,passenger,all,all,yearly,national,['manually_inputted_data $ energy-intensity-of-passenger-transport-modes-2018'],1,4.0300000000000004e-08,manually_inputted_data $ energy-intensity-of-passenger-transport-modes-2018,3.1e-09,single_datapoint,no_comment
14406,2011,19_THA,intensity,all,pj_per_passenger_or_freight_tonne_km,rail,passenger,all,all,yearly,national,['manually_inputted_data $ energy-intensity-of-passenger-transport-modes-2018'],1,2.6e-09,manually_inputted_data $ energy-intensity-of-passenger-transport-modes-2018,2e-10,single_datapoint,no_comment
14407,2011,19_THA,intensity,all,pj_per_passenger_or_freight_tonne_km,ship,passenger,all,all,yearly,national,['manually_inputted_data $ iea_howtocalculatetheindicatorsforthetransportsectors.pdf'],1,7.02e-09,manually_inputted_data $ iea_howtocalculatetheindicatorsforthetransportsectors.pdf,5.4e-10,single_datapoint,assumed_to_be_the_same_as_ship_freight_from_iea_how_to
14408,2012,19_THA,intensity,all,pj_per_passenger_or_freight_tonne_km,air,freight,all,all,yearly,national,['manually_inputted_data $ energy-intensity-of-passenger-transport-modes-2018'],1,4.0300000000000004e-08,manually_inputted_data $ energy-intensity-of-passenger-transport-modes-2018,3.1e-09,single_datapoint,assumed_to_be_same_as_passenger_air_because_of_lack_of_data
14409,2012,19_THA,intensity,all,pj_per_passenger_or_freight_tonne_km,rail,freight,all,all,yearly,national,['manually_inputted_data $ iea_howtocalculatetheindicatorsforthetransportsectors.pdf'],1,2.86e-09,manually_inputted_data $ iea_howtocalculatetheindicatorsforthetransportsectors.pdf,2.2e-10,single_datapoint,from_how_to_calculate_the_indicators_for_the_transport_sector
14410,2012,19_THA,intensity,all,pj_per_passenger_or_freight_tonne_km,ship,freight,all,all,yearly,national,['manually_inputted_data $ iea_howtocalculatetheindicatorsforthetransportsectors.pdf'],1,7.02e-09,manually_inputted_data $ iea_howtocalculatetheindicatorsforthetransportsectors.pdf,5.4e-10,single_datapoint,from_how_to_calculate_the_indicators_for_the_transport_sector
14411,2012,19_THA,intensity,all,pj_per_passenger_or_freight_tonne_km,air,passenger,all,all,yearly,national,['manually_inputted_data $ energy-intensity-of-passenger-transport-modes-2018'],1,4.0300000000000004e-08,manually_inputted_data $ energy-intensity-of-passenger-transport-modes-2018,3.1e-09,single_datapoint,no_comment
14412,2012,19_THA,intensity,all,pj_per_passenger_or_freight_tonne_km,rail,passenger,all,all,yearly,national,['manually_inputted_data $ energy-intensity-of-passenger-transport-modes-2018'],1,2.6e-09,manually_inputted_data $ energy-intensity-of-passenger-transport-modes-2018,2e-10,single_datapoint,no_comment
14413,2012,19_THA,intensity,all,pj_per_passenger_or_freight_tonne_km,ship,passenger,all,all,yearly,national,['manually_inputted_data $ iea_howtocalculatetheindicatorsforthetransportsectors.pdf'],1,7.02e-09,manually_inputted_data $ iea_howtocalculatetheindicatorsforthetransportsectors.pdf,5.4e-10,single_datapoint,assumed_to_be_the_same_as_ship_freight_from_iea_how_to
14414,2013,19_THA,intensity,all,pj_per_passenger_or_freight_tonne_km,air,freight,all,all,yearly,national,['manually_inputted_data $ energy-intensity-of-passenger-transport-modes-2018'],1,4.0300000000000004e-08,manually_inputted_data $ energy-intensity-of-passenger-transport-modes-2018,3.1e-09,single_datapoint,assumed_to_be_same_as_passenger_air_because_of_lack_of_data
14415,2013,19_THA,intensity,all,pj_per_passenger_or_freight_tonne_km,rail,freight,all,all,yearly,national,['manually_inputted_data $ iea_howtocalculatetheindicatorsforthetransportsectors.pdf'],1,2.86e-09,manually_inputted_data $ iea_howtocalculatetheindicatorsforthetransportsectors.pdf,2.2e-10,single_datapoint,from_how_to_calculate_the_indicators_for_the_transport_sector
14416,2013,19_THA,intensity,all,pj_per_passenger_or_freight_tonne_km,ship,freight,all,all,yearly,national,['manually_inputted_data $ iea_howtocalculatetheindicatorsforthetransportsectors.pdf'],1,7.02e-09,manually_inputted_data $ iea_howtocalculatetheindicatorsforthetransportsectors.pdf,5.4e-10,single_datapoint,from_how_to_calculate_the_indicators_for_the_transport_sector
14417,2013,19_THA,intensity,all,pj_per_passenger_or_freight_tonne_km,air,passenger,all,all,yearly,national,['manually_inputted_data $ energy-intensity-of-passenger-transport-modes-2018'],1,4.0300000000000004e-08,manually_inputted_data $ energy-intensity-of-passenger-transport-modes-2018,3.1e-09,single_datapoint,no_comment
14418,2013,19_THA,intensity,all,pj_per_passenger_or_freight_tonne_km,rail,passenger,all,all,yearly,national,['manually_inputted_data $ energy-intensity-of-passenger-transport-modes-2018'],1,2.6e-09,manually_inputted_data $ energy-intensity-of-passenger-transport-modes-2018,2e-10,single_datapoint,no_comment
14419,2013,19_THA,intensity,all,pj_per_passenger_or_freight_tonne_km,ship,passenger,all,all,yearly,national,['manually_inputted_data $ iea_howtocalculatetheindicatorsforthetransportsectors.pdf'],1,7.02e-09,manually_inputted_data $ iea_howtocalculatetheindicatorsforthetransportsectors.pdf,5.4e-10,single_datapoint,assumed_to_be_the_same_as_ship_freight_from_iea_how_to
14420,2014,19_THA,intensity,all,pj_per_passenger_or_freight_tonne_km,air,freight,all,all,yearly,national,['manually_inputted_data $ energy-intensity-of-passenger-transport-modes-2018'],1,4.0300000000000004e-08,manually_inputted_data $ energy-intensity-of-passenger-transport-modes-2018,3.1e-09,single_datapoint,assumed_to_be_same_as_passenger_air_because_of_lack_of_data
14421,2014,19_THA,intensity,all,pj_per_passenger_or_freight_tonne_km,rail,freight,all,all,yearly,national,['manually_inputted_data $ iea_howtocalculatetheindicatorsforthetransportsectors.pdf'],1,2.86e-09,manually_inputted_data $ iea_howtocalculatetheindicatorsforthetransportsectors.pdf,2.2e-10,single_datapoint,from_how_to_calculate_the_indicators_for_the_transport_sector
14422,2014,19_THA,intensity,all,pj_per_passenger_or_freight_tonne_km,ship,freight,all,all,yearly,national,['manually_inputted_data $ iea_howtocalculatetheindicatorsforthetransportsectors.pdf'],1,7.02e-09,manually_inputted_data $ iea_howtocalculatetheindicatorsforthetransportsectors.pdf,5.4e-10,single_datapoint,from_how_to_calculate_the_indicators_for_the_transport_sector
14423,2014,19_THA,intensity,all,pj_per_passenger_or_freight_tonne_km,air,passenger,all,all,yearly,national,['manually_inputted_data $ energy-intensity-of-passenger-transport-modes-2018'],1,4.0300000000000004e-08,manually_inputted_data $ energy-intensity-of-passenger-transport-modes-2018,3.1e-09,single_datapoint,no_comment
14424,2014,19_THA,intensity,all,pj_per_passenger_or_freight_tonne_km,rail,passenger,all,all,yearly,national,['manually_inputted_data $ energy-intensity-of-passenger-transport-modes-2018'],1,2.6e-09,manually_inputted_data $ energy-intensity-of-passenger-transport-modes-2018,2e-10,single_datapoint,no_comment
14425,2014,19_THA,intensity,all,pj_per_passenger_or_freight_tonne_km,ship,passenger,all,all,yearly,national,['manually_inputted_data $ iea_howtocalculatetheindicatorsforthetransportsectors.pdf'],1,7.02e-09,manually_inputted_data $ iea_howtocalculatetheindicatorsforthetransportsectors.pdf,5.4e-10,single_datapoint,assumed_to_be_the_same_as_ship_freight_from_iea_how_to
14426,2015,19_THA,intensity,all,pj_per_passenger_or_freight_tonne_km,air,freight,all,all,yearly,national,['manually_inputted_data $ energy-intensity-of-passenger-transport-modes-2018'],1,4.0300000000000004e-08,manually_inputted_data $ energy-intensity-of-passenger-transport-modes-2018,3.1e-09,single_datapoint,assumed_to_be_same_as_passenger_air_because_of_lack_of_data
14427,2015,19_THA,intensity,all,pj_per_passenger_or_freight_tonne_km,rail,freight,all,all,yearly,national,['manually_inputted_data $ iea_howtocalculatetheindicatorsforthetransportsectors.pdf'],1,2.86e-09,manually_inputted_data $ iea_howtocalculatetheindicatorsforthetransportsectors.pdf,2.2e-10,single_datapoint,from_how_to_calculate_the_indicators_for_the_transport_sector
14428,2015,19_THA,intensity,all,pj_per_passenger_or_freight_tonne_km,ship,freight,all,all,yearly,national,['manually_inputted_data $ iea_howtocalculatetheindicatorsforthetransportsectors.pdf'],1,7.02e-09,manually_inputted_data $ iea_howtocalculatetheindicatorsforthetransportsectors.pdf,5.4e-10,single_datapoint,from_how_to_calculate_the_indicators_for_the_transport_sector
14429,2015,19_THA,intensity,all,pj_per_passenger_or_freight_tonne_km,air,passenger,all,all,yearly,national,['manually_inputted_data $ energy-intensity-of-passenger-transport-modes-2018'],1,4.0300000000000004e-08,manually_inputted_data $ energy-intensity-of-passenger-transport-modes-2018,3.1e-09,single_datapoint,no_comment
14430,2015,19_THA,intensity,all,pj_per_passenger_or_freight_tonne_km,rail,passenger,all,all,yearly,national,['manually_inputted_data $ energy-intensity-of-passenger-transport-modes-2018'],1,2.6e-09,manually_inputted_data $ energy-intensity-of-passenger-transport-modes-2018,2e-10,single_datapoint,no_comment
14431,2015,19_THA,intensity,all,pj_per_passenger_or_freight_tonne_km,ship,passenger,all,all,yearly,national,['manually_inputted_data $ iea_howtocalculatetheindicatorsforthetransportsectors.pdf'],1,7.02e-09,manually_inputted_data $ iea_howtocalculatetheindicatorsforthetransportsectors.pdf,5.4e-10,single_datapoint,assumed_to_be_the_same_as_ship_freight_from_iea_how_to
14432,2016,19_THA,intensity,all,pj_per_passenger_or_freight_tonne_km,air,freight,all,all,yearly,national,['manually_inputted_data $ energy-intensity-of-passenger-transport-modes-2018'],1,4.0300000000000004e-08,manually_inputted_data $ energy-intensity-of-passenger-transport-modes-2018,3.1e-09,single_datapoint,assumed_to_be_same_as_passenger_air_because_of_lack_of_data
14433,2016,19_THA,intensity,all,pj_per_passenger_or_freight_tonne_km,rail,freight,all,all,yearly,national,['manually_inputted_data $ iea_howtocalculatetheindicatorsforthetransportsectors.pdf'],1,2.86e-09,manually_inputted_data $ iea_howtocalculatetheindicatorsforthetransportsectors.pdf,2.2e-10,single_datapoint,from_how_to_calculate_the_indicators_for_the_transport_sector
14434,2016,19_THA,intensity,all,pj_per_passenger_or_freight_tonne_km,ship,freight,all,all,yearly,national,['manually_inputted_data $ iea_howtocalculatetheindicatorsforthetransportsectors.pdf'],1,7.02e-09,manually_inputted_data $ iea_howtocalculatetheindicatorsforthetransportsectors.pdf,5.4e-10,single_datapoint,from_how_to_calculate_the_indicators_for_the_transport_sector
14435,2016,19_THA,intensity,all,pj_per_passenger_or_freight_tonne_km,air,passenger,all,all,yearly,national,['manually_inputted_data $ energy-intensity-of-passenger-transport-modes-2018'],1,4.0300000000000004e-08,manually_inputted_data $ energy-intensity-of-passenger-transport-modes-2018,3.1e-09,single_datapoint,no_comment
14436,2016,19_THA,intensity,all,pj_per_passenger_or_freight_tonne_km,rail,passenger,all,all,yearly,national,['manually_inputted_data $ energy-intensity-of-passenger-transport-modes-2018'],1,2.6e-09,manually_inputted_data $ energy-intensity-of-passenger-transport-modes-2018,2e-10,single_datapoint,no_comment
14437,2016,19_THA,intensity,all,pj_per_passenger_or_freight_tonne_km,ship,passenger,all,all,yearly,national,['manually_inputted_data $ iea_howtocalculatetheindicatorsforthetransportsectors.pdf'],1,7.02e-09,manually_inputted_data $ iea_howtocalculatetheindicatorsforthetransportsectors.pdf,5.4e-10,single_datapoint,assumed_to_be_the_same_as_ship_freight_from_iea_how_to
14438,2017,19_THA,intensity,all,pj_per_passenger_or_freight_tonne_km,air,freight,all,all,yearly,national,['manually_inputted_data $ energy-intensity-of-passenger-transport-modes-2018'],1,4.0300000000000004e-08,manually_inputted_data $ energy-intensity-of-passenger-transport-modes-2018,3.1e-09,single_datapoint,assumed_to_be_same_as_passenger_air_because_of_lack_of_data
14439,2017,19_THA,intensity,all,pj_per_passenger_or_freight_tonne_km,rail,freight,all,all,yearly,national,['manually_inputted_data $ iea_howtocalculatetheindicatorsforthetransportsectors.pdf'],1,2.86e-09,manually_inputted_data $ iea_howtocalculatetheindicatorsforthetransportsectors.pdf,2.2e-10,single_datapoint,from_how_to_calculate_the_indicators_for_the_transport_sector
14440,2017,19_THA,intensity,all,pj_per_passenger_or_freight_tonne_km,ship,freight,all,all,yearly,national,['manually_inputted_data $ iea_howtocalculatetheindicatorsforthetransportsectors.pdf'],1,7.02e-09,manually_inputted_data $ iea_howtocalculatetheindicatorsforthetransportsectors.pdf,5.4e-10,single_datapoint,from_how_to_calculate_the_indicators_for_the_transport_sector
14441,2017,19_THA,intensity,all,pj_per_passenger_or_freight_tonne_km,air,passenger,all,all,yearly,national,['manually_inputted_data $ energy-intensity-of-passenger-transport-modes-2018'],1,4.0300000000000004e-08,manually_inputted_data $ energy-intensity-of-passenger-transport-modes-2018,3.1e-09,single_datapoint,no_comment
14442,2017,19_THA,intensity,all,pj_per_passenger_or_freight_tonne_km,rail,passenger,all,all,yearly,national,['manually_inputted_data $ energy-intensity-of-passenger-transport-modes-2018'],1,2.6e-09,manually_inputted_data $ energy-intensity-of-passenger-transport-modes-2018,2e-10,single_datapoint,no_comment
14443,2017,19_THA,intensity,all,pj_per_passenger_or_freight_tonne_km,ship,passenger,all,all,yearly,national,['manually_inputted_data $ iea_howtocalculatetheindicatorsforthetransportsectors.pdf'],1,7.02e-09,manually_inputted_data $ iea_howtocalculatetheindicatorsforthetransportsectors.pdf,5.4e-10,single_datapoint,assumed_to_be_the_same_as_ship_freight_from_iea_how_to
14444,2018,19_THA,intensity,all,pj_per_passenger_or_freight_tonne_km,air,freight,all,all,yearly,national,['manually_inputted_data $ energy-intensity-of-passenger-transport-modes-2018'],1,4.0300000000000004e-08,manually_inputted_data $ energy-intensity-of-passenger-transport-modes-2018,3.1e-09,single_datapoint,assumed_to_be_same_as_passenger_air_because_of_lack_of_data
14445,2018,19_THA,intensity,all,pj_per_passenger_or_freight_tonne_km,rail,freight,all,all,yearly,national,['manually_inputted_data $ iea_howtocalculatetheindicatorsforthetransportsectors.pdf'],1,2.86e-09,manually_inputted_data $ iea_howtocalculatetheindicatorsforthetransportsectors.pdf,2.2e-10,single_datapoint,from_how_to_calculate_the_indicators_for_the_transport_sector
14446,2018,19_THA,intensity,all,pj_per_passenger_or_freight_tonne_km,ship,freight,all,all,yearly,national,['manually_inputted_data $ iea_howtocalculatetheindicatorsforthetransportsectors.pdf'],1,7.02e-09,manually_inputted_data $ iea_howtocalculatetheindicatorsforthetransportsectors.pdf,5.4e-10,single_datapoint,from_how_to_calculate_the_indicators_for_the_transport_sector
14447,2018,19_THA,intensity,all,pj_per_passenger_or_freight_tonne_km,air,passenger,all,all,yearly,national,['manually_inputted_data $ energy-intensity-of-passenger-transport-modes-2018'],1,4.0300000000000004e-08,manually_inputted_data $ energy-intensity-of-passenger-transport-modes-2018,3.1e-09,single_datapoint,no_comment
14448,2018,19_THA,intensity,all,pj_per_passenger_or_freight_tonne_km,rail,passenger,all,all,yearly,national,['manually_inputted_data $ energy-intensity-of-passenger-transport-modes-2018'],1,2.6e-09,manually_inputted_data $ energy-intensity-of-passenger-transport-modes-2018,2e-10,single_datapoint,no_comment
14449,2018,19_THA,intensity,all,pj_per_passenger_or_freight_tonne_km,ship,passenger,all,all,yearly,national,['manually_inputted_data $ iea_howtocalculatetheindicatorsforthetransportsectors.pdf'],1,7.02e-09,manually_inputted_data $ iea_howtocalculatetheindicatorsforthetransportsectors.pdf,5.4e-10,single_datapoint,assumed_to_be_the_same_as_ship_freight_from_iea_how_to
14450,2019,19_THA,intensity,all,pj_per_passenger_or_freight_tonne_km,air,freight,all,all,yearly,national,['manually_inputted_data $ energy-intensity-of-passenger-transport-modes-2018'],1,4.0300000000000004e-08,manually_inputted_data $ energy-intensity-of-passenger-transport-modes-2018,3.1e-09,single_datapoint,assumed_to_be_same_as_passenger_air_because_of_lack_of_data
14451,2019,19_THA,intensity,all,pj_per_passenger_or_freight_tonne_km,rail,freight,all,all,yearly,national,['manually_inputted_data $ iea_howtocalculatetheindicatorsforthetransportsectors.pdf'],1,2.86e-09,manually_inputted_data $ iea_howtocalculatetheindicatorsforthetransportsectors.pdf,2.2e-10,single_datapoint,from_how_to_calculate_the_indicators_for_the_transport_sector
14452,2019,19_THA,intensity,all,pj_per_passenger_or_freight_tonne_km,ship,freight,all,all,yearly,national,['manually_inputted_data $ iea_howtocalculatetheindicatorsforthetransportsectors.pdf'],1,7.02e-09,manually_inputted_data $ iea_howtocalculatetheindicatorsforthetransportsectors.pdf,5.4e-10,single_datapoint,from_how_to_calculate_the_indicators_for_the_transport_sector
14453,2019,19_THA,intensity,all,pj_per_passenger_or_freight_tonne_km,air,passenger,all,all,yearly,national,['manually_inputted_data $ energy-intensity-of-passenger-transport-modes-2018'],1,4.0300000000000004e-08,manually_inputted_data $ energy-intensity-of-passenger-transport-modes-2018,3.1e-09,single_datapoint,no_comment
14454,2019,19_THA,intensity,all,pj_per_passenger_or_freight_tonne_km,rail,passenger,all,all,yearly,national,['manually_inputted_data $ energy-intensity-of-passenger-transport-modes-2018'],1,2.6e-09,manually_inputted_data $ energy-intensity-of-passenger-transport-modes-2018,2e-10,single_datapoint,no_comment
14455,2019,19_THA,intensity,all,pj_per_passenger_or_freight_tonne_km,ship,passenger,all,all,yearly,national,['manually_inputted_data $ iea_howtocalculatetheindicatorsforthetransportsectors.pdf'],1,7.02e-09,manually_inputted_data $ iea_howtocalculatetheindicatorsforthetransportsectors.pdf,5.4e-10,single_datapoint,assumed_to_be_the_same_as_ship_freight_from_iea_how_to
14456,2020,19_THA,intensity,all,pj_per_passenger_or_freight_tonne_km,air,freight,all,all,yearly,national,['manually_inputted_data $ energy-intensity-of-passenger-transport-modes-2018'],1,4.0300000000000004e-08,manually_inputted_data $ energy-intensity-of-passenger-transport-modes-2018,3.1e-09,single_datapoint,assumed_to_be_same_as_passenger_air_because_of_lack_of_data
14457,2020,19_THA,intensity,all,pj_per_passenger_or_freight_tonne_km,rail,freight,all,all,yearly,national,['manually_inputted_data $ iea_howtocalculatetheindicatorsforthetransportsectors.pdf'],1,2.86e-09,manually_inputted_data $ iea_howtocalculatetheindicatorsforthetransportsectors.pdf,2.2e-10,single_datapoint,from_how_to_calculate_the_indicators_for_the_transport_sector
14458,2020,19_THA,intensity,all,pj_per_passenger_or_freight_tonne_km,ship,freight,all,all,yearly,national,['manually_inputted_data $ iea_howtocalculatetheindicatorsforthetransportsectors.pdf'],1,7.02e-09,manually_inputted_data $ iea_howtocalculatetheindicatorsforthetransportsectors.pdf,5.4e-10,single_datapoint,from_how_to_calculate_the_indicators_for_the_transport_sector
14459,2020,19_THA,intensity,all,pj_per_passenger_or_freight_tonne_km,air,passenger,all,all,yearly,national,['manually_inputted_data $ energy-intensity-of-passenger-transport-modes-2018'],1,4.0300000000000004e-08,manually_inputted_data $ energy-intensity-of-passenger-transport-modes-2018,3.1e-09,single_datapoint,no_comment
14460,2020,19_THA,intensity,all,pj_per_passenger_or_freight_tonne_km,rail,passenger,all,all,yearly,national,['manually_inputted_data $ energy-intensity-of-passenger-transport-modes-2018'],1,2.6e-09,manually_inputted_data $ energy-intensity-of-passenger-transport-modes-2018,2e-10,single_datapoint,no_comment
14461,2020,19_THA,intensity,all,pj_per_passenger_or_freight_tonne_km,ship,passenger,all,all,yearly,national,['manually_inputted_data $ iea_howtocalculatetheindicatorsforthetransportsectors.pdf'],1,7.02e-09,manually_inputted_data $ iea_howtocalculatetheindicatorsforthetransportsectors.pdf,5.4e-10,single_datapoint,assumed_to_be_the_same_as_ship_freight_from_iea_how_to
14462,2021,19_THA,intensity,all,pj_per_passenger_or_freight_tonne_km,air,freight,all,all,yearly,national,['manually_inputted_data $ energy-intensity-of-passenger-transport-modes-2018'],1,4.0300000000000004e-08,manually_inputted_data $ energy-intensity-of-passenger-transport-modes-2018,3.1e-09,single_datapoint,assumed_to_be_same_as_passenger_air_because_of_lack_of_data
14463,2021,19_THA,intensity,all,pj_per_passenger_or_freight_tonne_km,rail,freight,all,all,yearly,national,['manually_inputted_data $ iea_howtocalculatetheindicatorsforthetransportsectors.pdf'],1,2.86e-09,manually_inputted_data $ iea_howtocalculatetheindicatorsforthetransportsectors.pdf,2.2e-10,single_datapoint,from_how_to_calculate_the_indicators_for_the_transport_sector
14464,2021,19_THA,intensity,all,pj_per_passenger_or_freight_tonne_km,ship,freight,all,all,yearly,national,['manually_inputted_data $ iea_howtocalculatetheindicatorsforthetransportsectors.pdf'],1,7.02e-09,manually_inputted_data $ iea_howtocalculatetheindicatorsforthetransportsectors.pdf,5.4e-10,single_datapoint,from_how_to_calculate_the_indicators_for_the_transport_sector
14465,2021,19_THA,intensity,all,pj_per_passenger_or_freight_tonne_km,air,passenger,all,all,yearly,national,['manually_inputted_data $ energy-intensity-of-passenger-transport-modes-2018'],1,4.0300000000000004e-08,manually_inputted_data $ energy-intensity-of-passenger-transport-modes-2018,3.1e-09,single_datapoint,no_comment
14466,2021,19_THA,intensity,all,pj_per_passenger_or_freight_tonne_km,rail,passenger,all,all,yearly,national,['manually_inputted_data $ energy-intensity-of-passenger-transport-modes-2018'],1,2.6e-09,manually_inputted_data $ energy-intensity-of-passenger-transport-modes-2018,2e-10,single_datapoint,no_comment
14467,2021,19_THA,intensity,all,pj_per_passenger_or_freight_tonne_km,ship,passenger,all,all,yearly,national,['manually_inputted_data $ iea_howtocalculatetheindicatorsforthetransportsectors.pdf'],1,7.02e-09,manually_inputted_data $ iea_howtocalculatetheindicatorsforthetransportsectors.pdf,5.4e-10,single_datapoint,assumed_to_be_the_same_as_ship_freight_from_iea_how_to
14468,2022,19_THA,intensity,all,pj_per_passenger_or_freight_tonne_km,air,freight,all,all,yearly,national,['manually_inputted_data $ energy-intensity-of-passenger-transport-modes-2018'],1,4.0300000000000004e-08,manually_inputted_data $ energy-intensity-of-passenger-transport-modes-2018,3.1e-09,single_datapoint,assumed_to_be_same_as_passenger_air_because_of_lack_of_data
14469,2022,19_THA,intensity,all,pj_per_passenger_or_freight_tonne_km,rail,freight,all,all,yearly,national,['manually_inputted_data $ iea_howtocalculatetheindicatorsforthetransportsectors.pdf'],1,2.86e-09,manually_inputted_data $ iea_howtocalculatetheindicatorsforthetransportsectors.pdf,2.2e-10,single_datapoint,from_how_to_calculate_the_indicators_for_the_transport_sector
14470,2022,19_THA,intensity,all,pj_per_passenger_or_freight_tonne_km,ship,freight,all,all,yearly,national,['manually_inputted_data $ iea_howtocalculatetheindicatorsforthetransportsectors.pdf'],1,7.02e-09,manually_inputted_data $ iea_howtocalculatetheindicatorsforthetransportsectors.pdf,5.4e-10,single_datapoint,from_how_to_calculate_the_indicators_for_the_transport_sector
14471,2022,19_THA,intensity,all,pj_per_passenger_or_freight_tonne_km,air,passenger,all,all,yearly,national,['manually_inputted_data $ energy-intensity-of-passenger-transport-modes-2018'],1,4.0300000000000004e-08,manually_inputted_data $ energy-intensity-of-passenger-transport-modes-2018,3.1e-09,single_datapoint,no_comment
14472,2022,19_THA,intensity,all,pj_per_passenger_or_freight_tonne_km,rail,passenger,all,all,yearly,national,['manually_inputted_data $ energy-intensity-of-passenger-transport-modes-2018'],1,2.6e-09,manually_inputted_data $ energy-intensity-of-passenger-transport-modes-2018,2e-10,single_datapoint,no_comment
14473,2022,19_THA,intensity,all,pj_per_passenger_or_freight_tonne_km,ship,passenger,all,all,yearly,national,['manually_inputted_data $ iea_howtocalculatetheindicatorsforthetransportsectors.pdf'],1,7.02e-09,manually_inputted_data $ iea_howtocalculatetheindicatorsforthetransportsectors.pdf,5.4e-10,single_datapoint,assumed_to_be_the_same_as_ship_freight_from_iea_how_to
14474,2010,19_THA,new_vehicle_efficiency,bus,km_per_pj,road,passenger,bev,all,yearly,national,['avg_eff_no_outliers $ transport_data_system_9th'],1,1058314235.1561403,avg_eff_no_outliers $ transport_data_system_9th,81408787.3197031,single_datapoint,no_comment
14475,2010,19_THA,turnover_rate,bus,%,road,passenger,bev,all,yearly,national,['manually_inputted_data $ guess'],1,0.42,manually_inputted_data $ guess,0.03,manual,no_comment
14476,2011,19_THA,new_vehicle_efficiency,bus,km_per_pj,road,passenger,bev,all,yearly,national,['avg_eff_no_outliers $ transport_data_system_9th'],1,1058314235.1561403,avg_eff_no_outliers $ transport_data_system_9th,81408787.3197031,single_datapoint,no_comment
14477,2011,19_THA,turnover_rate,bus,%,road,passenger,bev,all,yearly,national,['manually_inputted_data $ guess'],1,0.42,manually_inputted_data $ guess,0.03,manual,no_comment
14478,2012,19_THA,new_vehicle_efficiency,bus,km_per_pj,road,passenger,bev,all,yearly,national,['avg_eff_no_outliers $ transport_data_system_9th'],1,1058314235.1561403,avg_eff_no_outliers $ transport_data_system_9th,81408787.3197031,single_datapoint,no_comment
14479,2012,19_THA,turnover_rate,bus,%,road,passenger,bev,all,yearly,national,['manually_inputted_data $ guess'],1,0.42,manually_inputted_data $ guess,0.03,manual,no_comment
14480,2013,19_THA,new_vehicle_efficiency,bus,km_per_pj,road,passenger,bev,all,yearly,national,['avg_eff_no_outliers $ transport_data_system_9th'],1,1058314235.1561403,avg_eff_no_outliers $ transport_data_system_9th,81408787.3197031,single_datapoint,no_comment
14481,2013,19_THA,turnover_rate,bus,%,road,passenger,bev,all,yearly,national,['manually_inputted_data $ guess'],1,0.42,manually_inputted_data $ guess,0.03,manual,no_comment
14482,2014,19_THA,new_vehicle_efficiency,bus,km_per_pj,road,passenger,bev,all,yearly,national,['avg_eff_no_outliers $ transport_data_system_9th'],1,1058314235.1561403,avg_eff_no_outliers $ transport_data_system_9th,81408787.3197031,single_datapoint,no_comment
14483,2014,19_THA,turnover_rate,bus,%,road,passenger,bev,all,yearly,national,['manually_inputted_data $ guess'],1,0.42,manually_inputted_data $ guess,0.03,manual,no_comment
14484,2015,19_THA,new_vehicle_efficiency,bus,km_per_pj,road,passenger,bev,all,yearly,national,['avg_eff_no_outliers $ transport_data_system_9th'],1,1058314235.1561403,avg_eff_no_outliers $ transport_data_system_9th,81408787.3197031,single_datapoint,no_comment
14485,2015,19_THA,turnover_rate,bus,%,road,passenger,bev,all,yearly,national,['manually_inputted_data $ guess'],1,0.42,manually_inputted_data $ guess,0.03,manual,no_comment
14486,2016,19_THA,new_vehicle_efficiency,bus,km_per_pj,road,passenger,bev,all,yearly,national,['avg_eff_no_outliers $ transport_data_system_9th'],1,1058314235.1561403,avg_eff_no_outliers $ transport_data_system_9th,81408787.3197031,single_datapoint,no_comment
14487,2016,19_THA,turnover_rate,bus,%,road,passenger,bev,all,yearly,national,['manually_inputted_data $ guess'],1,0.42,manually_inputted_data $ guess,0.03,manual,no_comment
14488,2017,19_THA,activity,bus,passenger_km_or_freight_tonne_km,road,passenger,bev,all,yearly,national,"['8th_edition_transport_model $ reference', 'estimated $ calculate_energy_and_activity()']",2,19007674.968300402,estimated $ calculate_energy_and_activity(),14625000.0,manual,no_comment
14489,2017,19_THA,energy,bus,pj,road,passenger,bev,all,yearly,national,"['8th_edition_transport_model $ reference', 'estimated $ calculate_energy_and_activity()']",2,0.004360367227847957,estimated $ calculate_energy_and_activity(),0.0037432360742705568,manual,no_comment
14490,2017,19_THA,new_vehicle_efficiency,bus,km_per_pj,road,passenger,bev,all,yearly,national,['avg_eff_no_outliers $ transport_data_system_9th'],1,1058314235.1561403,avg_eff_no_outliers $ transport_data_system_9th,81408787.3197031,single_datapoint,no_comment
14491,2017,19_THA,travel_km,bus,km,road,passenger,bev,all,yearly,national,['estimated $ calculate_energy_and_activity()'],1,975000.0,estimated $ calculate_energy_and_activity(),975000.0,single_datapoint,no_comment
14492,2017,19_THA,turnover_rate,bus,%,road,passenger,bev,all,yearly,national,"['manually_inputted_data $ guess', 'turnover_rate_est']",2,0.42,manually_inputted_data $ guess,0.03,manual,no_comment
14493,2018,19_THA,new_vehicle_efficiency,bus,km_per_pj,road,passenger,bev,all,yearly,national,['avg_eff_no_outliers $ transport_data_system_9th'],1,1058314235.1561403,avg_eff_no_outliers $ transport_data_system_9th,81408787.3197031,single_datapoint,no_comment
14494,2018,19_THA,turnover_rate,bus,%,road,passenger,bev,all,yearly,national,['manually_inputted_data $ guess'],1,0.42,manually_inputted_data $ guess,0.03,manual,no_comment
14495,2019,19_THA,new_vehicle_efficiency,bus,km_per_pj,road,passenger,bev,all,yearly,national,['avg_eff_no_outliers $ transport_data_system_9th'],1,1058314235.1561403,avg_eff_no_outliers $ transport_data_system_9th,81408787.3197031,single_datapoint,no_comment
14496,2019,19_THA,turnover_rate,bus,%,road,passenger,bev,all,yearly,national,['manually_inputted_data $ guess'],1,0.42,manually_inputted_data $ guess,0.03,manual,no_comment
14497,2020,19_THA,new_vehicle_efficiency,bus,km_per_pj,road,passenger,bev,all,yearly,national,['avg_eff_no_outliers $ transport_data_system_9th'],1,1058314235.1561403,avg_eff_no_outliers $ transport_data_system_9th,81408787.3197031,single_datapoint,no_comment
14498,2020,19_THA,turnover_rate,bus,%,road,passenger,bev,all,yearly,national,['manually_inputted_data $ guess'],1,0.42,manually_inputted_data $ guess,0.03,manual,no_comment
14499,2021,19_THA,new_vehicle_efficiency,bus,km_per_pj,road,passenger,bev,all,yearly,national,['avg_eff_no_outliers $ transport_data_system_9th'],1,1058314235.1561403,avg_eff_no_outliers $ transport_data_system_9th,81408787.3197031,single_datapoint,no_comment
14500,2021,19_THA,turnover_rate,bus,%,road,passenger,bev,all,yearly,national,['manually_inputted_data $ guess'],1,0.42,manually_inputted_data $ guess,0.03,manual,no_comment
14501,2022,19_THA,new_vehicle_efficiency,bus,km_per_pj,road,passenger,bev,all,yearly,national,['avg_eff_no_outliers $ transport_data_system_9th'],1,1058314235.1561403,avg_eff_no_outliers $ transport_data_system_9th,81408787.3197031,single_datapoint,no_comment
14502,2022,19_THA,turnover_rate,bus,%,road,passenger,bev,all,yearly,national,['manually_inputted_data $ guess'],1,0.42,manually_inputted_data $ guess,0.03,manual,no_comment
14503,2010,19_THA,new_vehicle_efficiency,bus,km_per_pj,road,passenger,cng,all,yearly,national,['avg_eff_no_outliers $ transport_data_system_9th'],1,1813839119.6717222,avg_eff_no_outliers $ transport_data_system_9th,139526086.128594,single_datapoint,no_comment
14504,2010,19_THA,turnover_rate,bus,%,road,passenger,cng,all,yearly,national,['manually_inputted_data $ guess'],1,0.42,manually_inputted_data $ guess,0.03,manual,no_comment
14505,2011,19_THA,new_vehicle_efficiency,bus,km_per_pj,road,passenger,cng,all,yearly,national,['avg_eff_no_outliers $ transport_data_system_9th'],1,1813839119.6717222,avg_eff_no_outliers $ transport_data_system_9th,139526086.128594,single_datapoint,no_comment
14506,2011,19_THA,turnover_rate,bus,%,road,passenger,cng,all,yearly,national,['manually_inputted_data $ guess'],1,0.42,manually_inputted_data $ guess,0.03,manual,no_comment
14507,2012,19_THA,new_vehicle_efficiency,bus,km_per_pj,road,passenger,cng,all,yearly,national,['avg_eff_no_outliers $ transport_data_system_9th'],1,1813839119.6717222,avg_eff_no_outliers $ transport_data_system_9th,139526086.128594,single_datapoint,no_comment
14508,2012,19_THA,turnover_rate,bus,%,road,passenger,cng,all,yearly,national,['manually_inputted_data $ guess'],1,0.42,manually_inputted_data $ guess,0.03,manual,no_comment
14509,2013,19_THA,new_vehicle_efficiency,bus,km_per_pj,road,passenger,cng,all,yearly,national,['avg_eff_no_outliers $ transport_data_system_9th'],1,1813839119.6717222,avg_eff_no_outliers $ transport_data_system_9th,139526086.128594,single_datapoint,no_comment
14510,2013,19_THA,turnover_rate,bus,%,road,passenger,cng,all,yearly,national,['manually_inputted_data $ guess'],1,0.42,manually_inputted_data $ guess,0.03,manual,no_comment
14511,2014,19_THA,new_vehicle_efficiency,bus,km_per_pj,road,passenger,cng,all,yearly,national,['avg_eff_no_outliers $ transport_data_system_9th'],1,1813839119.6717222,avg_eff_no_outliers $ transport_data_system_9th,139526086.128594,single_datapoint,no_comment
14512,2014,19_THA,turnover_rate,bus,%,road,passenger,cng,all,yearly,national,['manually_inputted_data $ guess'],1,0.42,manually_inputted_data $ guess,0.03,manual,no_comment
14513,2015,19_THA,new_vehicle_efficiency,bus,km_per_pj,road,passenger,cng,all,yearly,national,['avg_eff_no_outliers $ transport_data_system_9th'],1,1813839119.6717222,avg_eff_no_outliers $ transport_data_system_9th,139526086.128594,single_datapoint,no_comment
14514,2015,19_THA,turnover_rate,bus,%,road,passenger,cng,all,yearly,national,['manually_inputted_data $ guess'],1,0.42,manually_inputted_data $ guess,0.03,manual,no_comment
14515,2016,19_THA,new_vehicle_efficiency,bus,km_per_pj,road,passenger,cng,all,yearly,national,['avg_eff_no_outliers $ transport_data_system_9th'],1,1813839119.6717222,avg_eff_no_outliers $ transport_data_system_9th,139526086.128594,single_datapoint,no_comment
14516,2016,19_THA,turnover_rate,bus,%,road,passenger,cng,all,yearly,national,['manually_inputted_data $ guess'],1,0.42,manually_inputted_data $ guess,0.03,manual,no_comment
14517,2017,19_THA,activity,bus,passenger_km_or_freight_tonne_km,road,passenger,cng,all,yearly,national,"['8th_edition_transport_model $ reference', 'estimated $ calculate_energy_and_activity()']",2,45962055513.52533,estimated $ calculate_energy_and_activity(),28902375000.0,manual,no_comment
14518,2017,19_THA,energy,bus,pj,road,passenger,cng,all,yearly,national,"['8th_edition_transport_model $ reference', 'estimated $ calculate_energy_and_activity()']",2,31.590705313907804,estimated $ calculate_energy_and_activity(),25.891244072638234,manual,no_comment
14519,2017,19_THA,new_vehicle_efficiency,bus,km_per_pj,road,passenger,cng,all,yearly,national,['avg_eff_no_outliers $ transport_data_system_9th'],1,1813839119.6717222,avg_eff_no_outliers $ transport_data_system_9th,139526086.128594,single_datapoint,no_comment
14520,2017,19_THA,travel_km,bus,km,road,passenger,cng,all,yearly,national,['estimated $ calculate_energy_and_activity()'],1,1926825000.0,estimated $ calculate_energy_and_activity(),1926825000.0,single_datapoint,no_comment
14521,2017,19_THA,turnover_rate,bus,%,road,passenger,cng,all,yearly,national,"['manually_inputted_data $ guess', 'turnover_rate_est']",2,0.42,manually_inputted_data $ guess,0.03,manual,no_comment
14522,2018,19_THA,new_vehicle_efficiency,bus,km_per_pj,road,passenger,cng,all,yearly,national,['avg_eff_no_outliers $ transport_data_system_9th'],1,1813839119.6717222,avg_eff_no_outliers $ transport_data_system_9th,139526086.128594,single_datapoint,no_comment
14523,2018,19_THA,turnover_rate,bus,%,road,passenger,cng,all,yearly,national,['manually_inputted_data $ guess'],1,0.42,manually_inputted_data $ guess,0.03,manual,no_comment
14524,2019,19_THA,new_vehicle_efficiency,bus,km_per_pj,road,passenger,cng,all,yearly,national,['avg_eff_no_outliers $ transport_data_system_9th'],1,1813839119.6717222,avg_eff_no_outliers $ transport_data_system_9th,139526086.128594,single_datapoint,no_comment
14525,2019,19_THA,turnover_rate,bus,%,road,passenger,cng,all,yearly,national,['manually_inputted_data $ guess'],1,0.42,manually_inputted_data $ guess,0.03,manual,no_comment
14526,2020,19_THA,new_vehicle_efficiency,bus,km_per_pj,road,passenger,cng,all,yearly,national,['avg_eff_no_outliers $ transport_data_system_9th'],1,1813839119.6717222,avg_eff_no_outliers $ transport_data_system_9th,139526086.128594,single_datapoint,no_comment
14527,2020,19_THA,turnover_rate,bus,%,road,passenger,cng,all,yearly,national,['manually_inputted_data $ guess'],1,0.42,manually_inputted_data $ guess,0.03,manual,no_comment
14528,2021,19_THA,new_vehicle_efficiency,bus,km_per_pj,road,passenger,cng,all,yearly,national,['avg_eff_no_outliers $ transport_data_system_9th'],1,1813839119.6717222,avg_eff_no_outliers $ transport_data_system_9th,139526086.128594,single_datapoint,no_comment
14529,2021,19_THA,turnover_rate,bus,%,road,passenger,cng,all,yearly,national,['manually_inputted_data $ guess'],1,0.42,manually_inputted_data $ guess,0.03,manual,no_comment
14530,2022,19_THA,new_vehicle_efficiency,bus,km_per_pj,road,passenger,cng,all,yearly,national,['avg_eff_no_outliers $ transport_data_system_9th'],1,1813839119.6717222,avg_eff_no_outliers $ transport_data_system_9th,139526086.128594,single_datapoint,no_comment
14531,2022,19_THA,turnover_rate,bus,%,road,passenger,cng,all,yearly,national,['manually_inputted_data $ guess'],1,0.42,manually_inputted_data $ guess,0.03,manual,no_comment
14532,2017,19_THA,turnover_rate,bus,%,road,passenger,fcev,all,yearly,national,['turnover_rate_est'],1,0.03,turnover_rate_est,0.03,single_datapoint,no_comment
14533,2010,19_THA,activity,bus,passenger_km_or_freight_tonne_km,road,passenger,ice,all,yearly,national,['estimated $ calculate_energy_and_activity()'],1,1850027625000.0,estimated $ calculate_energy_and_activity(),155320875000.0,single_datapoint,no_comment
14534,2010,19_THA,energy,bus,pj,road,passenger,ice,all,yearly,national,['estimated $ calculate_energy_and_activity()'],1,1657.2865302591304,estimated $ calculate_energy_and_activity(),139.13910826361965,single_datapoint,no_comment
14535,2010,19_THA,new_vehicle_efficiency,bus,km_per_pj,road,passenger,ice,all,yearly,national,['avg_eff_no_outliers $ transport_data_system_9th'],1,910941040.8338033,avg_eff_no_outliers $ transport_data_system_9th,70072387.7564464,single_datapoint,no_comment
14536,2010,19_THA,travel_km,bus,km,road,passenger,ice,all,yearly,national,['estimated $ calculate_energy_and_activity()'],1,123335175000.0,estimated $ calculate_energy_and_activity(),10354725000.0,single_datapoint,no_comment
14537,2010,19_THA,turnover_rate,bus,%,road,passenger,ice,all,yearly,national,['manually_inputted_data $ guess'],1,0.39,manually_inputted_data $ guess,0.03,single_datapoint,no_comment
14538,2011,19_THA,activity,bus,passenger_km_or_freight_tonne_km,road,passenger,ice,all,yearly,national,['estimated $ calculate_energy_and_activity()'],1,1850027625000.0,estimated $ calculate_energy_and_activity(),143485875000.0,single_datapoint,no_comment
14539,2011,19_THA,energy,bus,pj,road,passenger,ice,all,yearly,national,['estimated $ calculate_energy_and_activity()'],1,1657.2865302591304,estimated $ calculate_energy_and_activity(),128.5371119363395,single_datapoint,no_comment
14540,2011,19_THA,new_vehicle_efficiency,bus,km_per_pj,road,passenger,ice,all,yearly,national,['avg_eff_no_outliers $ transport_data_system_9th'],1,910941040.8338033,avg_eff_no_outliers $ transport_data_system_9th,70072387.7564464,single_datapoint,no_comment
14541,2011,19_THA,travel_km,bus,km,road,passenger,ice,all,yearly,national,['estimated $ calculate_energy_and_activity()'],1,123335175000.0,estimated $ calculate_energy_and_activity(),9565725000.0,single_datapoint,no_comment
14542,2011,19_THA,turnover_rate,bus,%,road,passenger,ice,all,yearly,national,['manually_inputted_data $ guess'],1,0.39,manually_inputted_data $ guess,0.03,single_datapoint,no_comment
14543,2012,19_THA,activity,bus,passenger_km_or_freight_tonne_km,road,passenger,ice,all,yearly,national,['estimated $ calculate_energy_and_activity()'],1,1850027625000.0,estimated $ calculate_energy_and_activity(),156510000000.0,single_datapoint,no_comment
14544,2012,19_THA,energy,bus,pj,road,passenger,ice,all,yearly,national,['estimated $ calculate_energy_and_activity()'],1,1657.2865302591304,estimated $ calculate_energy_and_activity(),140.2043468679861,single_datapoint,no_comment
14545,2012,19_THA,new_vehicle_efficiency,bus,km_per_pj,road,passenger,ice,all,yearly,national,['avg_eff_no_outliers $ transport_data_system_9th'],1,910941040.8338033,avg_eff_no_outliers $ transport_data_system_9th,70072387.7564464,single_datapoint,no_comment
14546,2012,19_THA,travel_km,bus,km,road,passenger,ice,all,yearly,national,['estimated $ calculate_energy_and_activity()'],1,123335175000.0,estimated $ calculate_energy_and_activity(),10434000000.0,single_datapoint,no_comment
14547,2012,19_THA,turnover_rate,bus,%,road,passenger,ice,all,yearly,national,['manually_inputted_data $ guess'],1,0.39,manually_inputted_data $ guess,0.03,single_datapoint,no_comment
14548,2013,19_THA,activity,bus,passenger_km_or_freight_tonne_km,road,passenger,ice,all,yearly,national,['estimated $ calculate_energy_and_activity()'],1,1850027625000.0,estimated $ calculate_energy_and_activity(),158690250000.0,single_datapoint,no_comment
14549,2013,19_THA,energy,bus,pj,road,passenger,ice,all,yearly,national,['estimated $ calculate_energy_and_activity()'],1,1657.2865302591304,estimated $ calculate_energy_and_activity(),142.15745227504587,single_datapoint,no_comment
14550,2013,19_THA,new_vehicle_efficiency,bus,km_per_pj,road,passenger,ice,all,yearly,national,['avg_eff_no_outliers $ transport_data_system_9th'],1,910941040.8338033,avg_eff_no_outliers $ transport_data_system_9th,70072387.7564464,single_datapoint,no_comment
14551,2013,19_THA,travel_km,bus,km,road,passenger,ice,all,yearly,national,['estimated $ calculate_energy_and_activity()'],1,123335175000.0,estimated $ calculate_energy_and_activity(),10579350000.0,single_datapoint,no_comment
14552,2013,19_THA,turnover_rate,bus,%,road,passenger,ice,all,yearly,national,['manually_inputted_data $ guess'],1,0.39,manually_inputted_data $ guess,0.03,single_datapoint,no_comment
14553,2014,19_THA,activity,bus,passenger_km_or_freight_tonne_km,road,passenger,ice,all,yearly,national,['estimated $ calculate_energy_and_activity()'],1,1850027625000.0,estimated $ calculate_energy_and_activity(),164017125000.0,single_datapoint,no_comment
14554,2014,19_THA,energy,bus,pj,road,passenger,ice,all,yearly,national,['estimated $ calculate_energy_and_activity()'],1,1657.2865302591304,estimated $ calculate_energy_and_activity(),146.92935841664965,single_datapoint,no_comment
14555,2014,19_THA,new_vehicle_efficiency,bus,km_per_pj,road,passenger,ice,all,yearly,national,['avg_eff_no_outliers $ transport_data_system_9th'],1,910941040.8338033,avg_eff_no_outliers $ transport_data_system_9th,70072387.7564464,single_datapoint,no_comment
14556,2014,19_THA,travel_km,bus,km,road,passenger,ice,all,yearly,national,['estimated $ calculate_energy_and_activity()'],1,123335175000.0,estimated $ calculate_energy_and_activity(),10934475000.0,single_datapoint,no_comment
14557,2014,19_THA,turnover_rate,bus,%,road,passenger,ice,all,yearly,national,['manually_inputted_data $ guess'],1,0.39,manually_inputted_data $ guess,0.03,single_datapoint,no_comment
14558,2015,19_THA,activity,bus,passenger_km_or_freight_tonne_km,road,passenger,ice,all,yearly,national,['estimated $ calculate_energy_and_activity()'],1,1850027625000.0,estimated $ calculate_energy_and_activity(),172976625000.0,single_datapoint,no_comment
14559,2015,19_THA,energy,bus,pj,road,passenger,ice,all,yearly,national,['estimated $ calculate_energy_and_activity()'],1,1657.2865302591304,estimated $ calculate_energy_and_activity(),154.95543244235867,single_datapoint,no_comment
14560,2015,19_THA,new_vehicle_efficiency,bus,km_per_pj,road,passenger,ice,all,yearly,national,['avg_eff_no_outliers $ transport_data_system_9th'],1,910941040.8338033,avg_eff_no_outliers $ transport_data_system_9th,70072387.7564464,single_datapoint,no_comment
14561,2015,19_THA,travel_km,bus,km,road,passenger,ice,all,yearly,national,['estimated $ calculate_energy_and_activity()'],1,123335175000.0,estimated $ calculate_energy_and_activity(),11531775000.0,single_datapoint,no_comment
14562,2015,19_THA,turnover_rate,bus,%,road,passenger,ice,all,yearly,national,['manually_inputted_data $ guess'],1,0.39,manually_inputted_data $ guess,0.03,single_datapoint,no_comment
14563,2016,19_THA,activity,bus,passenger_km_or_freight_tonne_km,road,passenger,ice,all,yearly,national,['estimated $ calculate_energy_and_activity()'],1,1850027625000.0,estimated $ calculate_energy_and_activity(),177523875000.0,single_datapoint,no_comment
14564,2016,19_THA,energy,bus,pj,road,passenger,ice,all,yearly,national,['estimated $ calculate_energy_and_activity()'],1,1657.2865302591304,estimated $ calculate_energy_and_activity(),159.02893711487448,single_datapoint,no_comment
14565,2016,19_THA,new_vehicle_efficiency,bus,km_per_pj,road,passenger,ice,all,yearly,national,['avg_eff_no_outliers $ transport_data_system_9th'],1,910941040.8338033,avg_eff_no_outliers $ transport_data_system_9th,70072387.7564464,single_datapoint,no_comment
14566,2016,19_THA,travel_km,bus,km,road,passenger,ice,all,yearly,national,['estimated $ calculate_energy_and_activity()'],1,123335175000.0,estimated $ calculate_energy_and_activity(),11834925000.0,single_datapoint,no_comment
14567,2016,19_THA,turnover_rate,bus,%,road,passenger,ice,all,yearly,national,['manually_inputted_data $ guess'],1,0.39,manually_inputted_data $ guess,0.03,single_datapoint,no_comment
14568,2017,19_THA,activity,bus,passenger_km_or_freight_tonne_km,road,passenger,ice,all,yearly,national,['estimated $ calculate_energy_and_activity()'],1,1850027625000.0,estimated $ calculate_energy_and_activity(),179884125000.0,single_datapoint,no_comment
14569,2017,19_THA,energy,bus,pj,road,passenger,ice,all,yearly,national,['estimated $ calculate_energy_and_activity()'],1,1657.2865302591304,estimated $ calculate_energy_and_activity(),161.1432896143644,single_datapoint,no_comment
14570,2017,19_THA,new_vehicle_efficiency,bus,km_per_pj,road,passenger,ice,all,yearly,national,['avg_eff_no_outliers $ transport_data_system_9th'],1,910941040.8338033,avg_eff_no_outliers $ transport_data_system_9th,70072387.7564464,single_datapoint,no_comment
14571,2017,19_THA,travel_km,bus,km,road,passenger,ice,all,yearly,national,['estimated $ calculate_energy_and_activity()'],1,123335175000.0,estimated $ calculate_energy_and_activity(),11992275000.0,single_datapoint,no_comment
14572,2017,19_THA,turnover_rate,bus,%,road,passenger,ice,all,yearly,national,['manually_inputted_data $ guess'],1,0.39,manually_inputted_data $ guess,0.03,single_datapoint,no_comment
14573,2018,19_THA,activity,bus,passenger_km_or_freight_tonne_km,road,passenger,ice,all,yearly,national,['estimated $ calculate_energy_and_activity()'],1,1850027625000.0,estimated $ calculate_energy_and_activity(),184081500000.0,single_datapoint,no_comment
14574,2018,19_THA,energy,bus,pj,road,passenger,ice,all,yearly,national,['estimated $ calculate_energy_and_activity()'],1,1657.2865302591304,estimated $ calculate_energy_and_activity(),164.90337025096915,single_datapoint,no_comment
14575,2018,19_THA,new_vehicle_efficiency,bus,km_per_pj,road,passenger,ice,all,yearly,national,['avg_eff_no_outliers $ transport_data_system_9th'],1,910941040.8338033,avg_eff_no_outliers $ transport_data_system_9th,70072387.7564464,single_datapoint,no_comment
14576,2018,19_THA,travel_km,bus,km,road,passenger,ice,all,yearly,national,['estimated $ calculate_energy_and_activity()'],1,123335175000.0,estimated $ calculate_energy_and_activity(),12272100000.0,single_datapoint,no_comment
14577,2018,19_THA,turnover_rate,bus,%,road,passenger,ice,all,yearly,national,['manually_inputted_data $ guess'],1,0.39,manually_inputted_data $ guess,0.03,single_datapoint,no_comment
14578,2019,19_THA,activity,bus,passenger_km_or_freight_tonne_km,road,passenger,ice,all,yearly,national,['estimated $ calculate_energy_and_activity()'],1,1850027625000.0,estimated $ calculate_energy_and_activity(),186339375000.0,single_datapoint,no_comment
14579,2019,19_THA,energy,bus,pj,road,passenger,ice,all,yearly,national,['estimated $ calculate_energy_and_activity()'],1,1657.2865302591304,estimated $ calculate_energy_and_activity(),166.92601346663943,single_datapoint,no_comment
14580,2019,19_THA,new_vehicle_efficiency,bus,km_per_pj,road,passenger,ice,all,yearly,national,['avg_eff_no_outliers $ transport_data_system_9th'],1,910941040.8338033,avg_eff_no_outliers $ transport_data_system_9th,70072387.7564464,single_datapoint,no_comment
14581,2019,19_THA,travel_km,bus,km,road,passenger,ice,all,yearly,national,['estimated $ calculate_energy_and_activity()'],1,123335175000.0,estimated $ calculate_energy_and_activity(),12422625000.0,single_datapoint,no_comment
14582,2019,19_THA,turnover_rate,bus,%,road,passenger,ice,all,yearly,national,['manually_inputted_data $ guess'],1,0.39,manually_inputted_data $ guess,0.03,single_datapoint,no_comment
14583,2020,19_THA,activity,bus,passenger_km_or_freight_tonne_km,road,passenger,ice,all,yearly,national,['estimated $ calculate_energy_and_activity()'],1,1850027625000.0,estimated $ calculate_energy_and_activity(),171198000000.0,single_datapoint,no_comment
14584,2020,19_THA,energy,bus,pj,road,passenger,ice,all,yearly,national,['estimated $ calculate_energy_and_activity()'],1,1657.2865302591304,estimated $ calculate_energy_and_activity(),153.3621096102836,single_datapoint,no_comment
14585,2020,19_THA,new_vehicle_efficiency,bus,km_per_pj,road,passenger,ice,all,yearly,national,['avg_eff_no_outliers $ transport_data_system_9th'],1,910941040.8338033,avg_eff_no_outliers $ transport_data_system_9th,70072387.7564464,single_datapoint,no_comment
14586,2020,19_THA,travel_km,bus,km,road,passenger,ice,all,yearly,national,['estimated $ calculate_energy_and_activity()'],1,123335175000.0,estimated $ calculate_energy_and_activity(),11413200000.0,single_datapoint,no_comment
14587,2020,19_THA,turnover_rate,bus,%,road,passenger,ice,all,yearly,national,['manually_inputted_data $ guess'],1,0.39,manually_inputted_data $ guess,0.03,single_datapoint,no_comment
14588,2021,19_THA,new_vehicle_efficiency,bus,km_per_pj,road,passenger,ice,all,yearly,national,['avg_eff_no_outliers $ transport_data_system_9th'],1,910941040.8338033,avg_eff_no_outliers $ transport_data_system_9th,70072387.7564464,single_datapoint,no_comment
14589,2021,19_THA,turnover_rate,bus,%,road,passenger,ice,all,yearly,national,['manually_inputted_data $ guess'],1,0.39,manually_inputted_data $ guess,0.03,single_datapoint,no_comment
14590,2022,19_THA,new_vehicle_efficiency,bus,km_per_pj,road,passenger,ice,all,yearly,national,['avg_eff_no_outliers $ transport_data_system_9th'],1,910941040.8338033,avg_eff_no_outliers $ transport_data_system_9th,70072387.7564464,single_datapoint,no_comment
14591,2022,19_THA,turnover_rate,bus,%,road,passenger,ice,all,yearly,national,['manually_inputted_data $ guess'],1,0.39,manually_inputted_data $ guess,0.03,single_datapoint,no_comment
14592,2010,19_THA,new_vehicle_efficiency,bus,km_per_pj,road,passenger,lpg,all,yearly,national,['avg_eff_no_outliers $ transport_data_system_9th'],1,1295830676.4857378,avg_eff_no_outliers $ transport_data_system_9th,99679282.8065952,single_datapoint,no_comment
14593,2010,19_THA,turnover_rate,bus,%,road,passenger,lpg,all,yearly,national,['manually_inputted_data $ guess'],1,0.42,manually_inputted_data $ guess,0.03,manual,no_comment
14594,2011,19_THA,new_vehicle_efficiency,bus,km_per_pj,road,passenger,lpg,all,yearly,national,['avg_eff_no_outliers $ transport_data_system_9th'],1,1295830676.4857378,avg_eff_no_outliers $ transport_data_system_9th,99679282.8065952,single_datapoint,no_comment
14595,2011,19_THA,turnover_rate,bus,%,road,passenger,lpg,all,yearly,national,['manually_inputted_data $ guess'],1,0.42,manually_inputted_data $ guess,0.03,manual,no_comment
14596,2012,19_THA,new_vehicle_efficiency,bus,km_per_pj,road,passenger,lpg,all,yearly,national,['avg_eff_no_outliers $ transport_data_system_9th'],1,1295830676.4857378,avg_eff_no_outliers $ transport_data_system_9th,99679282.8065952,single_datapoint,no_comment
14597,2012,19_THA,turnover_rate,bus,%,road,passenger,lpg,all,yearly,national,['manually_inputted_data $ guess'],1,0.42,manually_inputted_data $ guess,0.03,manual,no_comment
14598,2013,19_THA,new_vehicle_efficiency,bus,km_per_pj,road,passenger,lpg,all,yearly,national,['avg_eff_no_outliers $ transport_data_system_9th'],1,1295830676.4857378,avg_eff_no_outliers $ transport_data_system_9th,99679282.8065952,single_datapoint,no_comment
14599,2013,19_THA,turnover_rate,bus,%,road,passenger,lpg,all,yearly,national,['manually_inputted_data $ guess'],1,0.42,manually_inputted_data $ guess,0.03,manual,no_comment
14600,2014,19_THA,new_vehicle_efficiency,bus,km_per_pj,road,passenger,lpg,all,yearly,national,['avg_eff_no_outliers $ transport_data_system_9th'],1,1295830676.4857378,avg_eff_no_outliers $ transport_data_system_9th,99679282.8065952,single_datapoint,no_comment
14601,2014,19_THA,turnover_rate,bus,%,road,passenger,lpg,all,yearly,national,['manually_inputted_data $ guess'],1,0.42,manually_inputted_data $ guess,0.03,manual,no_comment
14602,2015,19_THA,new_vehicle_efficiency,bus,km_per_pj,road,passenger,lpg,all,yearly,national,['avg_eff_no_outliers $ transport_data_system_9th'],1,1295830676.4857378,avg_eff_no_outliers $ transport_data_system_9th,99679282.8065952,single_datapoint,no_comment
14603,2015,19_THA,turnover_rate,bus,%,road,passenger,lpg,all,yearly,national,['manually_inputted_data $ guess'],1,0.42,manually_inputted_data $ guess,0.03,manual,no_comment
14604,2016,19_THA,new_vehicle_efficiency,bus,km_per_pj,road,passenger,lpg,all,yearly,national,['avg_eff_no_outliers $ transport_data_system_9th'],1,1295830676.4857378,avg_eff_no_outliers $ transport_data_system_9th,99679282.8065952,single_datapoint,no_comment
14605,2016,19_THA,turnover_rate,bus,%,road,passenger,lpg,all,yearly,national,['manually_inputted_data $ guess'],1,0.42,manually_inputted_data $ guess,0.03,manual,no_comment
14606,2017,19_THA,activity,bus,passenger_km_or_freight_tonne_km,road,passenger,lpg,all,yearly,national,"['8th_edition_transport_model $ reference', 'estimated $ calculate_energy_and_activity()']",2,30508566638.21981,estimated $ calculate_energy_and_activity(),19184625000.0,manual,no_comment
14607,2017,19_THA,energy,bus,pj,road,passenger,lpg,all,yearly,national,"['8th_edition_transport_model $ reference', 'estimated $ calculate_energy_and_activity()']",2,21.119724925105526,estimated $ calculate_energy_and_activity(),17.18591667006733,manual,no_comment
14608,2017,19_THA,new_vehicle_efficiency,bus,km_per_pj,road,passenger,lpg,all,yearly,national,['avg_eff_no_outliers $ transport_data_system_9th'],1,1295830676.4857378,avg_eff_no_outliers $ transport_data_system_9th,99679282.8065952,single_datapoint,no_comment
14609,2017,19_THA,travel_km,bus,km,road,passenger,lpg,all,yearly,national,['estimated $ calculate_energy_and_activity()'],1,1278975000.0,estimated $ calculate_energy_and_activity(),1278975000.0,single_datapoint,no_comment
14610,2017,19_THA,turnover_rate,bus,%,road,passenger,lpg,all,yearly,national,"['manually_inputted_data $ guess', 'turnover_rate_est']",2,0.42,manually_inputted_data $ guess,0.03,manual,no_comment
14611,2018,19_THA,new_vehicle_efficiency,bus,km_per_pj,road,passenger,lpg,all,yearly,national,['avg_eff_no_outliers $ transport_data_system_9th'],1,1295830676.4857378,avg_eff_no_outliers $ transport_data_system_9th,99679282.8065952,single_datapoint,no_comment
14612,2018,19_THA,turnover_rate,bus,%,road,passenger,lpg,all,yearly,national,['manually_inputted_data $ guess'],1,0.42,manually_inputted_data $ guess,0.03,manual,no_comment
14613,2019,19_THA,new_vehicle_efficiency,bus,km_per_pj,road,passenger,lpg,all,yearly,national,['avg_eff_no_outliers $ transport_data_system_9th'],1,1295830676.4857378,avg_eff_no_outliers $ transport_data_system_9th,99679282.8065952,single_datapoint,no_comment
14614,2019,19_THA,turnover_rate,bus,%,road,passenger,lpg,all,yearly,national,['manually_inputted_data $ guess'],1,0.42,manually_inputted_data $ guess,0.03,manual,no_comment
14615,2020,19_THA,new_vehicle_efficiency,bus,km_per_pj,road,passenger,lpg,all,yearly,national,['avg_eff_no_outliers $ transport_data_system_9th'],1,1295830676.4857378,avg_eff_no_outliers $ transport_data_system_9th,99679282.8065952,single_datapoint,no_comment
14616,2020,19_THA,turnover_rate,bus,%,road,passenger,lpg,all,yearly,national,['manually_inputted_data $ guess'],1,0.42,manually_inputted_data $ guess,0.03,manual,no_comment
14617,2021,19_THA,new_vehicle_efficiency,bus,km_per_pj,road,passenger,lpg,all,yearly,national,['avg_eff_no_outliers $ transport_data_system_9th'],1,1295830676.4857378,avg_eff_no_outliers $ transport_data_system_9th,99679282.8065952,single_datapoint,no_comment
14618,2021,19_THA,turnover_rate,bus,%,road,passenger,lpg,all,yearly,national,['manually_inputted_data $ guess'],1,0.42,manually_inputted_data $ guess,0.03,manual,no_comment
14619,2022,19_THA,new_vehicle_efficiency,bus,km_per_pj,road,passenger,lpg,all,yearly,national,['avg_eff_no_outliers $ transport_data_system_9th'],1,1295830676.4857378,avg_eff_no_outliers $ transport_data_system_9th,99679282.8065952,single_datapoint,no_comment
14620,2022,19_THA,turnover_rate,bus,%,road,passenger,lpg,all,yearly,national,['manually_inputted_data $ guess'],1,0.42,manually_inputted_data $ guess,0.03,manual,no_comment
14621,2010,19_THA,new_vehicle_efficiency,bus,km_per_pj,road,passenger,phev,all,yearly,national,['avg_eff_no_outliers $ transport_data_system_9th'],1,1472018422.278209,avg_eff_no_outliers $ transport_data_system_9th,113232186.329093,single_datapoint,no_comment
14622,2010,19_THA,turnover_rate,bus,%,road,passenger,phev,all,yearly,national,['manually_inputted_data $ guess'],1,0.39,manually_inputted_data $ guess,0.03,single_datapoint,no_comment
14623,2011,19_THA,new_vehicle_efficiency,bus,km_per_pj,road,passenger,phev,all,yearly,national,['avg_eff_no_outliers $ transport_data_system_9th'],1,1472018422.278209,avg_eff_no_outliers $ transport_data_system_9th,113232186.329093,single_datapoint,no_comment
14624,2011,19_THA,turnover_rate,bus,%,road,passenger,phev,all,yearly,national,['manually_inputted_data $ guess'],1,0.39,manually_inputted_data $ guess,0.03,single_datapoint,no_comment
14625,2012,19_THA,new_vehicle_efficiency,bus,km_per_pj,road,passenger,phev,all,yearly,national,['avg_eff_no_outliers $ transport_data_system_9th'],1,1472018422.278209,avg_eff_no_outliers $ transport_data_system_9th,113232186.329093,single_datapoint,no_comment
14626,2012,19_THA,turnover_rate,bus,%,road,passenger,phev,all,yearly,national,['manually_inputted_data $ guess'],1,0.39,manually_inputted_data $ guess,0.03,single_datapoint,no_comment
14627,2013,19_THA,new_vehicle_efficiency,bus,km_per_pj,road,passenger,phev,all,yearly,national,['avg_eff_no_outliers $ transport_data_system_9th'],1,1472018422.278209,avg_eff_no_outliers $ transport_data_system_9th,113232186.329093,single_datapoint,no_comment
14628,2013,19_THA,turnover_rate,bus,%,road,passenger,phev,all,yearly,national,['manually_inputted_data $ guess'],1,0.39,manually_inputted_data $ guess,0.03,single_datapoint,no_comment
14629,2014,19_THA,new_vehicle_efficiency,bus,km_per_pj,road,passenger,phev,all,yearly,national,['avg_eff_no_outliers $ transport_data_system_9th'],1,1472018422.278209,avg_eff_no_outliers $ transport_data_system_9th,113232186.329093,single_datapoint,no_comment
14630,2014,19_THA,turnover_rate,bus,%,road,passenger,phev,all,yearly,national,['manually_inputted_data $ guess'],1,0.39,manually_inputted_data $ guess,0.03,single_datapoint,no_comment
14631,2015,19_THA,new_vehicle_efficiency,bus,km_per_pj,road,passenger,phev,all,yearly,national,['avg_eff_no_outliers $ transport_data_system_9th'],1,1472018422.278209,avg_eff_no_outliers $ transport_data_system_9th,113232186.329093,single_datapoint,no_comment
14632,2015,19_THA,turnover_rate,bus,%,road,passenger,phev,all,yearly,national,['manually_inputted_data $ guess'],1,0.39,manually_inputted_data $ guess,0.03,single_datapoint,no_comment
14633,2016,19_THA,new_vehicle_efficiency,bus,km_per_pj,road,passenger,phev,all,yearly,national,['avg_eff_no_outliers $ transport_data_system_9th'],1,1472018422.278209,avg_eff_no_outliers $ transport_data_system_9th,113232186.329093,single_datapoint,no_comment
14634,2016,19_THA,turnover_rate,bus,%,road,passenger,phev,all,yearly,national,['manually_inputted_data $ guess'],1,0.39,manually_inputted_data $ guess,0.03,single_datapoint,no_comment
14635,2017,19_THA,new_vehicle_efficiency,bus,km_per_pj,road,passenger,phev,all,yearly,national,['avg_eff_no_outliers $ transport_data_system_9th'],1,1472018422.278209,avg_eff_no_outliers $ transport_data_system_9th,113232186.329093,single_datapoint,no_comment
14636,2017,19_THA,turnover_rate,bus,%,road,passenger,phev,all,yearly,national,['manually_inputted_data $ guess'],1,0.39,manually_inputted_data $ guess,0.03,single_datapoint,no_comment
14637,2018,19_THA,new_vehicle_efficiency,bus,km_per_pj,road,passenger,phev,all,yearly,national,['avg_eff_no_outliers $ transport_data_system_9th'],1,1472018422.278209,avg_eff_no_outliers $ transport_data_system_9th,113232186.329093,single_datapoint,no_comment
14638,2018,19_THA,turnover_rate,bus,%,road,passenger,phev,all,yearly,national,['manually_inputted_data $ guess'],1,0.39,manually_inputted_data $ guess,0.03,single_datapoint,no_comment
14639,2019,19_THA,new_vehicle_efficiency,bus,km_per_pj,road,passenger,phev,all,yearly,national,['avg_eff_no_outliers $ transport_data_system_9th'],1,1472018422.278209,avg_eff_no_outliers $ transport_data_system_9th,113232186.329093,single_datapoint,no_comment
14640,2019,19_THA,turnover_rate,bus,%,road,passenger,phev,all,yearly,national,['manually_inputted_data $ guess'],1,0.39,manually_inputted_data $ guess,0.03,single_datapoint,no_comment
14641,2020,19_THA,new_vehicle_efficiency,bus,km_per_pj,road,passenger,phev,all,yearly,national,['avg_eff_no_outliers $ transport_data_system_9th'],1,1472018422.278209,avg_eff_no_outliers $ transport_data_system_9th,113232186.329093,single_datapoint,no_comment
14642,2020,19_THA,turnover_rate,bus,%,road,passenger,phev,all,yearly,national,['manually_inputted_data $ guess'],1,0.39,manually_inputted_data $ guess,0.03,single_datapoint,no_comment
14643,2021,19_THA,new_vehicle_efficiency,bus,km_per_pj,road,passenger,phev,all,yearly,national,['avg_eff_no_outliers $ transport_data_system_9th'],1,1472018422.278209,avg_eff_no_outliers $ transport_data_system_9th,113232186.329093,single_datapoint,no_comment
14644,2021,19_THA,turnover_rate,bus,%,road,passenger,phev,all,yearly,national,['manually_inputted_data $ guess'],1,0.39,manually_inputted_data $ guess,0.03,single_datapoint,no_comment
14645,2022,19_THA,new_vehicle_efficiency,bus,km_per_pj,road,passenger,phev,all,yearly,national,['avg_eff_no_outliers $ transport_data_system_9th'],1,1472018422.278209,avg_eff_no_outliers $ transport_data_system_9th,113232186.329093,single_datapoint,no_comment
14646,2022,19_THA,turnover_rate,bus,%,road,passenger,phev,all,yearly,national,['manually_inputted_data $ guess'],1,0.39,manually_inputted_data $ guess,0.03,single_datapoint,no_comment
14647,2010,19_THA,new_vehicle_efficiency,ht,km_per_pj,road,freight,bev,all,yearly,national,['avg_eff_no_outliers $ transport_data_system_9th'],1,3249486640.872147,avg_eff_no_outliers $ transport_data_system_9th,249960510.836319,single_datapoint,no_comment
14648,2010,19_THA,turnover_rate,ht,%,road,freight,bev,all,yearly,national,['manually_inputted_data $ guess'],1,0.42,manually_inputted_data $ guess,0.03,manual,no_comment
14649,2011,19_THA,new_vehicle_efficiency,ht,km_per_pj,road,freight,bev,all,yearly,national,['avg_eff_no_outliers $ transport_data_system_9th'],1,3249486640.872147,avg_eff_no_outliers $ transport_data_system_9th,249960510.836319,single_datapoint,no_comment
14650,2011,19_THA,turnover_rate,ht,%,road,freight,bev,all,yearly,national,['manually_inputted_data $ guess'],1,0.42,manually_inputted_data $ guess,0.03,manual,no_comment
14651,2012,19_THA,new_vehicle_efficiency,ht,km_per_pj,road,freight,bev,all,yearly,national,['avg_eff_no_outliers $ transport_data_system_9th'],1,3249486640.872147,avg_eff_no_outliers $ transport_data_system_9th,249960510.836319,single_datapoint,no_comment
14652,2012,19_THA,turnover_rate,ht,%,road,freight,bev,all,yearly,national,['manually_inputted_data $ guess'],1,0.42,manually_inputted_data $ guess,0.03,manual,no_comment
14653,2013,19_THA,new_vehicle_efficiency,ht,km_per_pj,road,freight,bev,all,yearly,national,['avg_eff_no_outliers $ transport_data_system_9th'],1,3249486640.872147,avg_eff_no_outliers $ transport_data_system_9th,249960510.836319,single_datapoint,no_comment
14654,2013,19_THA,turnover_rate,ht,%,road,freight,bev,all,yearly,national,['manually_inputted_data $ guess'],1,0.42,manually_inputted_data $ guess,0.03,manual,no_comment
14655,2014,19_THA,new_vehicle_efficiency,ht,km_per_pj,road,freight,bev,all,yearly,national,['avg_eff_no_outliers $ transport_data_system_9th'],1,3249486640.872147,avg_eff_no_outliers $ transport_data_system_9th,249960510.836319,single_datapoint,no_comment
14656,2014,19_THA,turnover_rate,ht,%,road,freight,bev,all,yearly,national,['manually_inputted_data $ guess'],1,0.42,manually_inputted_data $ guess,0.03,manual,no_comment
14657,2015,19_THA,new_vehicle_efficiency,ht,km_per_pj,road,freight,bev,all,yearly,national,['avg_eff_no_outliers $ transport_data_system_9th'],1,3249486640.872147,avg_eff_no_outliers $ transport_data_system_9th,249960510.836319,single_datapoint,no_comment
14658,2015,19_THA,turnover_rate,ht,%,road,freight,bev,all,yearly,national,['manually_inputted_data $ guess'],1,0.42,manually_inputted_data $ guess,0.03,manual,no_comment
14659,2016,19_THA,new_vehicle_efficiency,ht,km_per_pj,road,freight,bev,all,yearly,national,['avg_eff_no_outliers $ transport_data_system_9th'],1,3249486640.872147,avg_eff_no_outliers $ transport_data_system_9th,249960510.836319,single_datapoint,no_comment
14660,2016,19_THA,turnover_rate,ht,%,road,freight,bev,all,yearly,national,['manually_inputted_data $ guess'],1,0.42,manually_inputted_data $ guess,0.03,manual,no_comment
14661,2017,19_THA,new_vehicle_efficiency,ht,km_per_pj,road,freight,bev,all,yearly,national,['avg_eff_no_outliers $ transport_data_system_9th'],1,3249486640.872147,avg_eff_no_outliers $ transport_data_system_9th,249960510.836319,single_datapoint,no_comment
14662,2017,19_THA,turnover_rate,ht,%,road,freight,bev,all,yearly,national,"['manually_inputted_data $ guess', 'turnover_rate_est']",2,0.42,manually_inputted_data $ guess,0.03,manual,no_comment
14663,2018,19_THA,new_vehicle_efficiency,ht,km_per_pj,road,freight,bev,all,yearly,national,['avg_eff_no_outliers $ transport_data_system_9th'],1,3249486640.872147,avg_eff_no_outliers $ transport_data_system_9th,249960510.836319,single_datapoint,no_comment
14664,2018,19_THA,turnover_rate,ht,%,road,freight,bev,all,yearly,national,['manually_inputted_data $ guess'],1,0.42,manually_inputted_data $ guess,0.03,manual,no_comment
14665,2019,19_THA,new_vehicle_efficiency,ht,km_per_pj,road,freight,bev,all,yearly,national,['avg_eff_no_outliers $ transport_data_system_9th'],1,3249486640.872147,avg_eff_no_outliers $ transport_data_system_9th,249960510.836319,single_datapoint,no_comment
14666,2019,19_THA,turnover_rate,ht,%,road,freight,bev,all,yearly,national,['manually_inputted_data $ guess'],1,0.42,manually_inputted_data $ guess,0.03,manual,no_comment
14667,2020,19_THA,new_vehicle_efficiency,ht,km_per_pj,road,freight,bev,all,yearly,national,['avg_eff_no_outliers $ transport_data_system_9th'],1,3249486640.872147,avg_eff_no_outliers $ transport_data_system_9th,249960510.836319,single_datapoint,no_comment
14668,2020,19_THA,turnover_rate,ht,%,road,freight,bev,all,yearly,national,['manually_inputted_data $ guess'],1,0.42,manually_inputted_data $ guess,0.03,manual,no_comment
14669,2021,19_THA,new_vehicle_efficiency,ht,km_per_pj,road,freight,bev,all,yearly,national,['avg_eff_no_outliers $ transport_data_system_9th'],1,3249486640.872147,avg_eff_no_outliers $ transport_data_system_9th,249960510.836319,single_datapoint,no_comment
14670,2021,19_THA,turnover_rate,ht,%,road,freight,bev,all,yearly,national,['manually_inputted_data $ guess'],1,0.42,manually_inputted_data $ guess,0.03,manual,no_comment
14671,2022,19_THA,new_vehicle_efficiency,ht,km_per_pj,road,freight,bev,all,yearly,national,['avg_eff_no_outliers $ transport_data_system_9th'],1,3249486640.872147,avg_eff_no_outliers $ transport_data_system_9th,249960510.836319,single_datapoint,no_comment
14672,2022,19_THA,turnover_rate,ht,%,road,freight,bev,all,yearly,national,['manually_inputted_data $ guess'],1,0.42,manually_inputted_data $ guess,0.03,manual,no_comment
14673,2010,19_THA,new_vehicle_efficiency,ht,km_per_pj,road,freight,cng,all,yearly,national,['avg_eff_no_outliers $ transport_data_system_9th'],1,1775178058.548531,avg_eff_no_outliers $ transport_data_system_9th,136552158.349887,single_datapoint,no_comment
14674,2010,19_THA,turnover_rate,ht,%,road,freight,cng,all,yearly,national,['manually_inputted_data $ guess'],1,0.42,manually_inputted_data $ guess,0.03,manual,no_comment
14675,2011,19_THA,new_vehicle_efficiency,ht,km_per_pj,road,freight,cng,all,yearly,national,['avg_eff_no_outliers $ transport_data_system_9th'],1,1775178058.548531,avg_eff_no_outliers $ transport_data_system_9th,136552158.349887,single_datapoint,no_comment
14676,2011,19_THA,turnover_rate,ht,%,road,freight,cng,all,yearly,national,['manually_inputted_data $ guess'],1,0.42,manually_inputted_data $ guess,0.03,manual,no_comment
14677,2012,19_THA,new_vehicle_efficiency,ht,km_per_pj,road,freight,cng,all,yearly,national,['avg_eff_no_outliers $ transport_data_system_9th'],1,1775178058.548531,avg_eff_no_outliers $ transport_data_system_9th,136552158.349887,single_datapoint,no_comment
14678,2012,19_THA,turnover_rate,ht,%,road,freight,cng,all,yearly,national,['manually_inputted_data $ guess'],1,0.42,manually_inputted_data $ guess,0.03,manual,no_comment
14679,2013,19_THA,new_vehicle_efficiency,ht,km_per_pj,road,freight,cng,all,yearly,national,['avg_eff_no_outliers $ transport_data_system_9th'],1,1775178058.548531,avg_eff_no_outliers $ transport_data_system_9th,136552158.349887,single_datapoint,no_comment
14680,2013,19_THA,turnover_rate,ht,%,road,freight,cng,all,yearly,national,['manually_inputted_data $ guess'],1,0.42,manually_inputted_data $ guess,0.03,manual,no_comment
14681,2014,19_THA,new_vehicle_efficiency,ht,km_per_pj,road,freight,cng,all,yearly,national,['avg_eff_no_outliers $ transport_data_system_9th'],1,1775178058.548531,avg_eff_no_outliers $ transport_data_system_9th,136552158.349887,single_datapoint,no_comment
14682,2014,19_THA,turnover_rate,ht,%,road,freight,cng,all,yearly,national,['manually_inputted_data $ guess'],1,0.42,manually_inputted_data $ guess,0.03,manual,no_comment
14683,2015,19_THA,new_vehicle_efficiency,ht,km_per_pj,road,freight,cng,all,yearly,national,['avg_eff_no_outliers $ transport_data_system_9th'],1,1775178058.548531,avg_eff_no_outliers $ transport_data_system_9th,136552158.349887,single_datapoint,no_comment
14684,2015,19_THA,turnover_rate,ht,%,road,freight,cng,all,yearly,national,['manually_inputted_data $ guess'],1,0.42,manually_inputted_data $ guess,0.03,manual,no_comment
14685,2016,19_THA,new_vehicle_efficiency,ht,km_per_pj,road,freight,cng,all,yearly,national,['avg_eff_no_outliers $ transport_data_system_9th'],1,1775178058.548531,avg_eff_no_outliers $ transport_data_system_9th,136552158.349887,single_datapoint,no_comment
14686,2016,19_THA,turnover_rate,ht,%,road,freight,cng,all,yearly,national,['manually_inputted_data $ guess'],1,0.42,manually_inputted_data $ guess,0.03,manual,no_comment
14687,2017,19_THA,activity,ht,passenger_km_or_freight_tonne_km,road,freight,cng,all,yearly,national,"['8th_edition_transport_model $ reference', 'estimated $ calculate_energy_and_activity()']",2,161652672972.87408,estimated $ calculate_energy_and_activity(),120313125000.0,manual,no_comment
14688,2017,19_THA,energy,ht,pj,road,freight,cng,all,yearly,national,"['8th_edition_transport_model $ reference', 'estimated $ calculate_energy_and_activity()']",2,364.02082387921735,estimated $ calculate_energy_and_activity(),303.0816771958597,manual,no_comment
14689,2017,19_THA,new_vehicle_efficiency,ht,km_per_pj,road,freight,cng,all,yearly,national,['avg_eff_no_outliers $ transport_data_system_9th'],1,1775178058.548531,avg_eff_no_outliers $ transport_data_system_9th,136552158.349887,single_datapoint,no_comment
14690,2017,19_THA,travel_km,ht,km,road,freight,cng,all,yearly,national,['estimated $ calculate_energy_and_activity()'],1,21389000000.0,estimated $ calculate_energy_and_activity(),21389000000.0,single_datapoint,no_comment
14691,2017,19_THA,turnover_rate,ht,%,road,freight,cng,all,yearly,national,"['manually_inputted_data $ guess', 'turnover_rate_est']",2,0.42,manually_inputted_data $ guess,0.03,manual,no_comment
14692,2018,19_THA,new_vehicle_efficiency,ht,km_per_pj,road,freight,cng,all,yearly,national,['avg_eff_no_outliers $ transport_data_system_9th'],1,1775178058.548531,avg_eff_no_outliers $ transport_data_system_9th,136552158.349887,single_datapoint,no_comment
14693,2018,19_THA,turnover_rate,ht,%,road,freight,cng,all,yearly,national,['manually_inputted_data $ guess'],1,0.42,manually_inputted_data $ guess,0.03,manual,no_comment
14694,2019,19_THA,new_vehicle_efficiency,ht,km_per_pj,road,freight,cng,all,yearly,national,['avg_eff_no_outliers $ transport_data_system_9th'],1,1775178058.548531,avg_eff_no_outliers $ transport_data_system_9th,136552158.349887,single_datapoint,no_comment
14695,2019,19_THA,turnover_rate,ht,%,road,freight,cng,all,yearly,national,['manually_inputted_data $ guess'],1,0.42,manually_inputted_data $ guess,0.03,manual,no_comment
14696,2020,19_THA,new_vehicle_efficiency,ht,km_per_pj,road,freight,cng,all,yearly,national,['avg_eff_no_outliers $ transport_data_system_9th'],1,1775178058.548531,avg_eff_no_outliers $ transport_data_system_9th,136552158.349887,single_datapoint,no_comment
14697,2020,19_THA,turnover_rate,ht,%,road,freight,cng,all,yearly,national,['manually_inputted_data $ guess'],1,0.42,manually_inputted_data $ guess,0.03,manual,no_comment
14698,2021,19_THA,new_vehicle_efficiency,ht,km_per_pj,road,freight,cng,all,yearly,national,['avg_eff_no_outliers $ transport_data_system_9th'],1,1775178058.548531,avg_eff_no_outliers $ transport_data_system_9th,136552158.349887,single_datapoint,no_comment
14699,2021,19_THA,turnover_rate,ht,%,road,freight,cng,all,yearly,national,['manually_inputted_data $ guess'],1,0.42,manually_inputted_data $ guess,0.03,manual,no_comment
14700,2022,19_THA,new_vehicle_efficiency,ht,km_per_pj,road,freight,cng,all,yearly,national,['avg_eff_no_outliers $ transport_data_system_9th'],1,1775178058.548531,avg_eff_no_outliers $ transport_data_system_9th,136552158.349887,single_datapoint,no_comment
14701,2022,19_THA,turnover_rate,ht,%,road,freight,cng,all,yearly,national,['manually_inputted_data $ guess'],1,0.42,manually_inputted_data $ guess,0.03,manual,no_comment
14702,2017,19_THA,turnover_rate,ht,%,road,freight,fcev,all,yearly,national,['turnover_rate_est'],1,0.03,turnover_rate_est,0.03,single_datapoint,no_comment
14703,2010,19_THA,new_vehicle_efficiency,ht,km_per_pj,road,freight,ice,all,yearly,national,['avg_eff_no_outliers $ transport_data_system_9th'],1,1058551713.3301452,avg_eff_no_outliers $ transport_data_system_9th,81427054.87154964,single_datapoint,no_comment
14704,2010,19_THA,turnover_rate,ht,%,road,freight,ice,all,yearly,national,['manually_inputted_data $ guess'],1,0.39,manually_inputted_data $ guess,0.03,single_datapoint,no_comment
14705,2011,19_THA,new_vehicle_efficiency,ht,km_per_pj,road,freight,ice,all,yearly,national,['avg_eff_no_outliers $ transport_data_system_9th'],1,1058551713.3301452,avg_eff_no_outliers $ transport_data_system_9th,81427054.87154964,single_datapoint,no_comment
14706,2011,19_THA,turnover_rate,ht,%,road,freight,ice,all,yearly,national,['manually_inputted_data $ guess'],1,0.39,manually_inputted_data $ guess,0.03,single_datapoint,no_comment
14707,2012,19_THA,new_vehicle_efficiency,ht,km_per_pj,road,freight,ice,all,yearly,national,['avg_eff_no_outliers $ transport_data_system_9th'],1,1058551713.3301452,avg_eff_no_outliers $ transport_data_system_9th,81427054.87154964,single_datapoint,no_comment
14708,2012,19_THA,turnover_rate,ht,%,road,freight,ice,all,yearly,national,['manually_inputted_data $ guess'],1,0.39,manually_inputted_data $ guess,0.03,single_datapoint,no_comment
14709,2013,19_THA,new_vehicle_efficiency,ht,km_per_pj,road,freight,ice,all,yearly,national,['avg_eff_no_outliers $ transport_data_system_9th'],1,1058551713.3301452,avg_eff_no_outliers $ transport_data_system_9th,81427054.87154964,single_datapoint,no_comment
14710,2013,19_THA,turnover_rate,ht,%,road,freight,ice,all,yearly,national,['manually_inputted_data $ guess'],1,0.39,manually_inputted_data $ guess,0.03,single_datapoint,no_comment
14711,2014,19_THA,new_vehicle_efficiency,ht,km_per_pj,road,freight,ice,all,yearly,national,['avg_eff_no_outliers $ transport_data_system_9th'],1,1058551713.3301452,avg_eff_no_outliers $ transport_data_system_9th,81427054.87154964,single_datapoint,no_comment
14712,2014,19_THA,turnover_rate,ht,%,road,freight,ice,all,yearly,national,['manually_inputted_data $ guess'],1,0.39,manually_inputted_data $ guess,0.03,single_datapoint,no_comment
14713,2015,19_THA,new_vehicle_efficiency,ht,km_per_pj,road,freight,ice,all,yearly,national,['avg_eff_no_outliers $ transport_data_system_9th'],1,1058551713.3301452,avg_eff_no_outliers $ transport_data_system_9th,81427054.87154964,single_datapoint,no_comment
14714,2015,19_THA,turnover_rate,ht,%,road,freight,ice,all,yearly,national,['manually_inputted_data $ guess'],1,0.39,manually_inputted_data $ guess,0.03,single_datapoint,no_comment
14715,2016,19_THA,new_vehicle_efficiency,ht,km_per_pj,road,freight,ice,all,yearly,national,['avg_eff_no_outliers $ transport_data_system_9th'],1,1058551713.3301452,avg_eff_no_outliers $ transport_data_system_9th,81427054.87154964,single_datapoint,no_comment
14716,2016,19_THA,turnover_rate,ht,%,road,freight,ice,all,yearly,national,['manually_inputted_data $ guess'],1,0.39,manually_inputted_data $ guess,0.03,single_datapoint,no_comment
14717,2017,19_THA,activity,ht,passenger_km_or_freight_tonne_km,road,freight,ice,all,yearly,national,['estimated $ calculate_energy_and_activity()'],1,731346328125.0,estimated $ calculate_energy_and_activity(),731346328125.0,single_datapoint,no_comment
14718,2017,19_THA,energy,ht,pj,road,freight,ice,all,yearly,national,['estimated $ calculate_energy_and_activity()'],1,1842.3399087934797,estimated $ calculate_energy_and_activity(),1842.3399087934797,single_datapoint,no_comment
14719,2017,19_THA,new_vehicle_efficiency,ht,km_per_pj,road,freight,ice,all,yearly,national,['avg_eff_no_outliers $ transport_data_system_9th'],1,1058551713.3301452,avg_eff_no_outliers $ transport_data_system_9th,81427054.87154964,single_datapoint,no_comment
14720,2017,19_THA,travel_km,ht,km,road,freight,ice,all,yearly,national,['estimated $ calculate_energy_and_activity()'],1,130017125000.0,estimated $ calculate_energy_and_activity(),130017125000.0,single_datapoint,no_comment
14721,2017,19_THA,turnover_rate,ht,%,road,freight,ice,all,yearly,national,['manually_inputted_data $ guess'],1,0.39,manually_inputted_data $ guess,0.03,single_datapoint,no_comment
14722,2018,19_THA,new_vehicle_efficiency,ht,km_per_pj,road,freight,ice,all,yearly,national,['avg_eff_no_outliers $ transport_data_system_9th'],1,1058551713.3301452,avg_eff_no_outliers $ transport_data_system_9th,81427054.87154964,single_datapoint,no_comment
14723,2018,19_THA,turnover_rate,ht,%,road,freight,ice,all,yearly,national,['manually_inputted_data $ guess'],1,0.39,manually_inputted_data $ guess,0.03,single_datapoint,no_comment
14724,2019,19_THA,new_vehicle_efficiency,ht,km_per_pj,road,freight,ice,all,yearly,national,['avg_eff_no_outliers $ transport_data_system_9th'],1,1058551713.3301452,avg_eff_no_outliers $ transport_data_system_9th,81427054.87154964,single_datapoint,no_comment
14725,2019,19_THA,turnover_rate,ht,%,road,freight,ice,all,yearly,national,['manually_inputted_data $ guess'],1,0.39,manually_inputted_data $ guess,0.03,single_datapoint,no_comment
14726,2020,19_THA,new_vehicle_efficiency,ht,km_per_pj,road,freight,ice,all,yearly,national,['avg_eff_no_outliers $ transport_data_system_9th'],1,1058551713.3301452,avg_eff_no_outliers $ transport_data_system_9th,81427054.87154964,single_datapoint,no_comment
14727,2020,19_THA,turnover_rate,ht,%,road,freight,ice,all,yearly,national,['manually_inputted_data $ guess'],1,0.39,manually_inputted_data $ guess,0.03,single_datapoint,no_comment
14728,2021,19_THA,new_vehicle_efficiency,ht,km_per_pj,road,freight,ice,all,yearly,national,['avg_eff_no_outliers $ transport_data_system_9th'],1,1058551713.3301452,avg_eff_no_outliers $ transport_data_system_9th,81427054.87154964,single_datapoint,no_comment
14729,2021,19_THA,turnover_rate,ht,%,road,freight,ice,all,yearly,national,['manually_inputted_data $ guess'],1,0.39,manually_inputted_data $ guess,0.03,single_datapoint,no_comment
14730,2022,19_THA,new_vehicle_efficiency,ht,km_per_pj,road,freight,ice,all,yearly,national,['avg_eff_no_outliers $ transport_data_system_9th'],1,1058551713.3301452,avg_eff_no_outliers $ transport_data_system_9th,81427054.87154964,single_datapoint,no_comment
14731,2022,19_THA,turnover_rate,ht,%,road,freight,ice,all,yearly,national,['manually_inputted_data $ guess'],1,0.39,manually_inputted_data $ guess,0.03,single_datapoint,no_comment
14732,2010,19_THA,new_vehicle_efficiency,ht,km_per_pj,road,freight,lpg,all,yearly,national,['avg_eff_no_outliers $ transport_data_system_9th'],1,1405649677.815799,avg_eff_no_outliers $ transport_data_system_9th,108126898.293523,single_datapoint,no_comment
14733,2010,19_THA,turnover_rate,ht,%,road,freight,lpg,all,yearly,national,['manually_inputted_data $ guess'],1,0.42,manually_inputted_data $ guess,0.03,manual,no_comment
14734,2011,19_THA,new_vehicle_efficiency,ht,km_per_pj,road,freight,lpg,all,yearly,national,['avg_eff_no_outliers $ transport_data_system_9th'],1,1405649677.815799,avg_eff_no_outliers $ transport_data_system_9th,108126898.293523,single_datapoint,no_comment
14735,2011,19_THA,turnover_rate,ht,%,road,freight,lpg,all,yearly,national,['manually_inputted_data $ guess'],1,0.42,manually_inputted_data $ guess,0.03,manual,no_comment
14736,2012,19_THA,new_vehicle_efficiency,ht,km_per_pj,road,freight,lpg,all,yearly,national,['avg_eff_no_outliers $ transport_data_system_9th'],1,1405649677.815799,avg_eff_no_outliers $ transport_data_system_9th,108126898.293523,single_datapoint,no_comment
14737,2012,19_THA,turnover_rate,ht,%,road,freight,lpg,all,yearly,national,['manually_inputted_data $ guess'],1,0.42,manually_inputted_data $ guess,0.03,manual,no_comment
14738,2013,19_THA,new_vehicle_efficiency,ht,km_per_pj,road,freight,lpg,all,yearly,national,['avg_eff_no_outliers $ transport_data_system_9th'],1,1405649677.815799,avg_eff_no_outliers $ transport_data_system_9th,108126898.293523,single_datapoint,no_comment
14739,2013,19_THA,turnover_rate,ht,%,road,freight,lpg,all,yearly,national,['manually_inputted_data $ guess'],1,0.42,manually_inputted_data $ guess,0.03,manual,no_comment
14740,2014,19_THA,new_vehicle_efficiency,ht,km_per_pj,road,freight,lpg,all,yearly,national,['avg_eff_no_outliers $ transport_data_system_9th'],1,1405649677.815799,avg_eff_no_outliers $ transport_data_system_9th,108126898.293523,single_datapoint,no_comment
14741,2014,19_THA,turnover_rate,ht,%,road,freight,lpg,all,yearly,national,['manually_inputted_data $ guess'],1,0.42,manually_inputted_data $ guess,0.03,manual,no_comment
14742,2015,19_THA,new_vehicle_efficiency,ht,km_per_pj,road,freight,lpg,all,yearly,national,['avg_eff_no_outliers $ transport_data_system_9th'],1,1405649677.815799,avg_eff_no_outliers $ transport_data_system_9th,108126898.293523,single_datapoint,no_comment
14743,2015,19_THA,turnover_rate,ht,%,road,freight,lpg,all,yearly,national,['manually_inputted_data $ guess'],1,0.42,manually_inputted_data $ guess,0.03,manual,no_comment
14744,2016,19_THA,new_vehicle_efficiency,ht,km_per_pj,road,freight,lpg,all,yearly,national,['avg_eff_no_outliers $ transport_data_system_9th'],1,1405649677.815799,avg_eff_no_outliers $ transport_data_system_9th,108126898.293523,single_datapoint,no_comment
14745,2016,19_THA,turnover_rate,ht,%,road,freight,lpg,all,yearly,national,['manually_inputted_data $ guess'],1,0.42,manually_inputted_data $ guess,0.03,manual,no_comment
14746,2017,19_THA,activity,ht,passenger_km_or_freight_tonne_km,road,freight,lpg,all,yearly,national,"['8th_edition_transport_model $ reference', 'estimated $ calculate_energy_and_activity()']",2,59834836432.078186,estimated $ calculate_energy_and_activity(),44533125000.0,manual,no_comment
14747,2017,19_THA,energy,ht,pj,road,freight,lpg,all,yearly,national,"['8th_edition_transport_model $ reference', 'estimated $ calculate_energy_and_activity()']",2,133.24021050200406,estimated $ calculate_energy_and_activity(),112.18372239747633,manual,no_comment
14748,2017,19_THA,new_vehicle_efficiency,ht,km_per_pj,road,freight,lpg,all,yearly,national,['avg_eff_no_outliers $ transport_data_system_9th'],1,1405649677.815799,avg_eff_no_outliers $ transport_data_system_9th,108126898.293523,single_datapoint,no_comment
14749,2017,19_THA,travel_km,ht,km,road,freight,lpg,all,yearly,national,['estimated $ calculate_energy_and_activity()'],1,7917000000.0,estimated $ calculate_energy_and_activity(),7917000000.0,single_datapoint,no_comment
14750,2017,19_THA,turnover_rate,ht,%,road,freight,lpg,all,yearly,national,"['manually_inputted_data $ guess', 'turnover_rate_est']",2,0.42,manually_inputted_data $ guess,0.03,manual,no_comment
14751,2018,19_THA,new_vehicle_efficiency,ht,km_per_pj,road,freight,lpg,all,yearly,national,['avg_eff_no_outliers $ transport_data_system_9th'],1,1405649677.815799,avg_eff_no_outliers $ transport_data_system_9th,108126898.293523,single_datapoint,no_comment
14752,2018,19_THA,turnover_rate,ht,%,road,freight,lpg,all,yearly,national,['manually_inputted_data $ guess'],1,0.42,manually_inputted_data $ guess,0.03,manual,no_comment
14753,2019,19_THA,new_vehicle_efficiency,ht,km_per_pj,road,freight,lpg,all,yearly,national,['avg_eff_no_outliers $ transport_data_system_9th'],1,1405649677.815799,avg_eff_no_outliers $ transport_data_system_9th,108126898.293523,single_datapoint,no_comment
14754,2019,19_THA,turnover_rate,ht,%,road,freight,lpg,all,yearly,national,['manually_inputted_data $ guess'],1,0.42,manually_inputted_data $ guess,0.03,manual,no_comment
14755,2020,19_THA,new_vehicle_efficiency,ht,km_per_pj,road,freight,lpg,all,yearly,national,['avg_eff_no_outliers $ transport_data_system_9th'],1,1405649677.815799,avg_eff_no_outliers $ transport_data_system_9th,108126898.293523,single_datapoint,no_comment
14756,2020,19_THA,turnover_rate,ht,%,road,freight,lpg,all,yearly,national,['manually_inputted_data $ guess'],1,0.42,manually_inputted_data $ guess,0.03,manual,no_comment
14757,2021,19_THA,new_vehicle_efficiency,ht,km_per_pj,road,freight,lpg,all,yearly,national,['avg_eff_no_outliers $ transport_data_system_9th'],1,1405649677.815799,avg_eff_no_outliers $ transport_data_system_9th,108126898.293523,single_datapoint,no_comment
14758,2021,19_THA,turnover_rate,ht,%,road,freight,lpg,all,yearly,national,['manually_inputted_data $ guess'],1,0.42,manually_inputted_data $ guess,0.03,manual,no_comment
14759,2022,19_THA,new_vehicle_efficiency,ht,km_per_pj,road,freight,lpg,all,yearly,national,['avg_eff_no_outliers $ transport_data_system_9th'],1,1405649677.815799,avg_eff_no_outliers $ transport_data_system_9th,108126898.293523,single_datapoint,no_comment
14760,2022,19_THA,turnover_rate,ht,%,road,freight,lpg,all,yearly,national,['manually_inputted_data $ guess'],1,0.42,manually_inputted_data $ guess,0.03,manual,no_comment
14761,2010,19_THA,new_vehicle_efficiency,ldv,km_per_pj,road,freight,bev,all,yearly,national,['avg_eff_no_outliers $ transport_data_system_9th'],1,7200566335.010296,avg_eff_no_outliers $ transport_data_system_9th,553889718.077715,single_datapoint,no_comment
14762,2010,19_THA,new_vehicle_efficiency,ldv,km_per_pj,road,passenger,bev,all,yearly,national,['avg_eff_no_outliers $ transport_data_system_9th'],1,9901716082.423439,avg_eff_no_outliers $ transport_data_system_9th,761670467.878726,single_datapoint,no_comment
14763,2010,19_THA,turnover_rate,ldv,%,road,freight,bev,all,yearly,national,['manually_inputted_data $ guess'],1,0.42,manually_inputted_data $ guess,0.03,manual,no_comment
14764,2010,19_THA,turnover_rate,ldv,%,road,passenger,bev,all,yearly,national,['manually_inputted_data $ guess'],1,0.42,manually_inputted_data $ guess,0.03,manual,no_comment
14765,2011,19_THA,new_vehicle_efficiency,ldv,km_per_pj,road,freight,bev,all,yearly,national,['avg_eff_no_outliers $ transport_data_system_9th'],1,7200566335.010296,avg_eff_no_outliers $ transport_data_system_9th,553889718.077715,single_datapoint,no_comment
14766,2011,19_THA,new_vehicle_efficiency,ldv,km_per_pj,road,passenger,bev,all,yearly,national,['avg_eff_no_outliers $ transport_data_system_9th'],1,9901716082.423439,avg_eff_no_outliers $ transport_data_system_9th,761670467.878726,single_datapoint,no_comment
14767,2011,19_THA,turnover_rate,ldv,%,road,freight,bev,all,yearly,national,['manually_inputted_data $ guess'],1,0.42,manually_inputted_data $ guess,0.03,manual,no_comment
14768,2011,19_THA,turnover_rate,ldv,%,road,passenger,bev,all,yearly,national,['manually_inputted_data $ guess'],1,0.42,manually_inputted_data $ guess,0.03,manual,no_comment
14769,2012,19_THA,new_vehicle_efficiency,ldv,km_per_pj,road,freight,bev,all,yearly,national,['avg_eff_no_outliers $ transport_data_system_9th'],1,7200566335.010296,avg_eff_no_outliers $ transport_data_system_9th,553889718.077715,single_datapoint,no_comment
14770,2012,19_THA,new_vehicle_efficiency,ldv,km_per_pj,road,passenger,bev,all,yearly,national,['avg_eff_no_outliers $ transport_data_system_9th'],1,9901716082.423439,avg_eff_no_outliers $ transport_data_system_9th,761670467.878726,single_datapoint,no_comment
14771,2012,19_THA,turnover_rate,ldv,%,road,freight,bev,all,yearly,national,['manually_inputted_data $ guess'],1,0.42,manually_inputted_data $ guess,0.03,manual,no_comment
14772,2012,19_THA,turnover_rate,ldv,%,road,passenger,bev,all,yearly,national,['manually_inputted_data $ guess'],1,0.42,manually_inputted_data $ guess,0.03,manual,no_comment
14773,2013,19_THA,new_vehicle_efficiency,ldv,km_per_pj,road,freight,bev,all,yearly,national,['avg_eff_no_outliers $ transport_data_system_9th'],1,7200566335.010296,avg_eff_no_outliers $ transport_data_system_9th,553889718.077715,single_datapoint,no_comment
14774,2013,19_THA,new_vehicle_efficiency,ldv,km_per_pj,road,passenger,bev,all,yearly,national,['avg_eff_no_outliers $ transport_data_system_9th'],1,9901716082.423439,avg_eff_no_outliers $ transport_data_system_9th,761670467.878726,single_datapoint,no_comment
14775,2013,19_THA,turnover_rate,ldv,%,road,freight,bev,all,yearly,national,['manually_inputted_data $ guess'],1,0.42,manually_inputted_data $ guess,0.03,manual,no_comment
14776,2013,19_THA,turnover_rate,ldv,%,road,passenger,bev,all,yearly,national,['manually_inputted_data $ guess'],1,0.42,manually_inputted_data $ guess,0.03,manual,no_comment
14777,2014,19_THA,new_vehicle_efficiency,ldv,km_per_pj,road,freight,bev,all,yearly,national,['avg_eff_no_outliers $ transport_data_system_9th'],1,7200566335.010296,avg_eff_no_outliers $ transport_data_system_9th,553889718.077715,single_datapoint,no_comment
14778,2014,19_THA,new_vehicle_efficiency,ldv,km_per_pj,road,passenger,bev,all,yearly,national,['avg_eff_no_outliers $ transport_data_system_9th'],1,9901716082.423439,avg_eff_no_outliers $ transport_data_system_9th,761670467.878726,single_datapoint,no_comment
14779,2014,19_THA,turnover_rate,ldv,%,road,freight,bev,all,yearly,national,['manually_inputted_data $ guess'],1,0.42,manually_inputted_data $ guess,0.03,manual,no_comment
14780,2014,19_THA,turnover_rate,ldv,%,road,passenger,bev,all,yearly,national,['manually_inputted_data $ guess'],1,0.42,manually_inputted_data $ guess,0.03,manual,no_comment
14781,2015,19_THA,new_vehicle_efficiency,ldv,km_per_pj,road,freight,bev,all,yearly,national,['avg_eff_no_outliers $ transport_data_system_9th'],1,7200566335.010296,avg_eff_no_outliers $ transport_data_system_9th,553889718.077715,single_datapoint,no_comment
14782,2015,19_THA,new_vehicle_efficiency,ldv,km_per_pj,road,passenger,bev,all,yearly,national,['avg_eff_no_outliers $ transport_data_system_9th'],1,9901716082.423439,avg_eff_no_outliers $ transport_data_system_9th,761670467.878726,single_datapoint,no_comment
14783,2015,19_THA,turnover_rate,ldv,%,road,freight,bev,all,yearly,national,['manually_inputted_data $ guess'],1,0.42,manually_inputted_data $ guess,0.03,manual,no_comment
14784,2015,19_THA,turnover_rate,ldv,%,road,passenger,bev,all,yearly,national,['manually_inputted_data $ guess'],1,0.42,manually_inputted_data $ guess,0.03,manual,no_comment
14785,2016,19_THA,new_vehicle_efficiency,ldv,km_per_pj,road,freight,bev,all,yearly,national,['avg_eff_no_outliers $ transport_data_system_9th'],1,7200566335.010296,avg_eff_no_outliers $ transport_data_system_9th,553889718.077715,single_datapoint,no_comment
14786,2016,19_THA,new_vehicle_efficiency,ldv,km_per_pj,road,passenger,bev,all,yearly,national,['avg_eff_no_outliers $ transport_data_system_9th'],1,9901716082.423439,avg_eff_no_outliers $ transport_data_system_9th,761670467.878726,single_datapoint,no_comment
14787,2016,19_THA,turnover_rate,ldv,%,road,freight,bev,all,yearly,national,['manually_inputted_data $ guess'],1,0.42,manually_inputted_data $ guess,0.03,manual,no_comment
14788,2016,19_THA,turnover_rate,ldv,%,road,passenger,bev,all,yearly,national,['manually_inputted_data $ guess'],1,0.42,manually_inputted_data $ guess,0.03,manual,no_comment
14789,2017,19_THA,activity,ldv,passenger_km_or_freight_tonne_km,road,freight,bev,all,yearly,national,"['8th_edition_transport_model $ reference', 'estimated $ calculate_energy_and_activity()']",2,40069.7507111913,estimated $ calculate_energy_and_activity(),5475.0,manual,no_comment
14790,2017,19_THA,activity,ldv,passenger_km_or_freight_tonne_km,road,passenger,bev,all,yearly,national,"['8th_edition_transport_model $ reference', 'estimated $ calculate_energy_and_activity()']",2,1056063.4144347257,estimated $ calculate_energy_and_activity(),630000.0,manual,no_comment
14791,2017,19_THA,energy,ldv,pj,road,freight,bev,all,yearly,national,"['8th_edition_transport_model $ reference', 'estimated $ calculate_energy_and_activity()']",2,0.00014272439032073713,estimated $ calculate_energy_and_activity(),1.7037071618037133e-05,manual,no_comment
14792,2017,19_THA,energy,ldv,pj,road,passenger,bev,all,yearly,national,"['8th_edition_transport_model $ reference', 'estimated $ calculate_energy_and_activity()']",2,0.0005488929219602576,8th_edition_transport_model $ reference,0.0002039274222562,manual,no_comment
14793,2017,19_THA,new_vehicle_efficiency,ldv,km_per_pj,road,freight,bev,all,yearly,national,['avg_eff_no_outliers $ transport_data_system_9th'],1,7200566335.010296,avg_eff_no_outliers $ transport_data_system_9th,553889718.077715,single_datapoint,no_comment
14794,2017,19_THA,new_vehicle_efficiency,ldv,km_per_pj,road,passenger,bev,all,yearly,national,['avg_eff_no_outliers $ transport_data_system_9th'],1,9901716082.423439,avg_eff_no_outliers $ transport_data_system_9th,761670467.878726,single_datapoint,no_comment
14795,2017,19_THA,travel_km,ldv,km,road,freight,bev,all,yearly,national,['estimated $ calculate_energy_and_activity()'],1,15000.0,estimated $ calculate_energy_and_activity(),15000.0,single_datapoint,no_comment
14796,2017,19_THA,travel_km,ldv,km,road,passenger,bev,all,yearly,national,['estimated $ calculate_energy_and_activity()'],1,420000.0,estimated $ calculate_energy_and_activity(),420000.0,single_datapoint,no_comment
14797,2017,19_THA,turnover_rate,ldv,%,road,freight,bev,all,yearly,national,"['manually_inputted_data $ guess', 'turnover_rate_est']",2,0.42,manually_inputted_data $ guess,0.03,manual,no_comment
14798,2017,19_THA,turnover_rate,ldv,%,road,passenger,bev,all,yearly,national,"['manually_inputted_data $ guess', 'turnover_rate_est']",2,0.42,manually_inputted_data $ guess,0.03,manual,no_comment
14799,2018,19_THA,new_vehicle_efficiency,ldv,km_per_pj,road,freight,bev,all,yearly,national,['avg_eff_no_outliers $ transport_data_system_9th'],1,7200566335.010296,avg_eff_no_outliers $ transport_data_system_9th,553889718.077715,single_datapoint,no_comment
14800,2018,19_THA,new_vehicle_efficiency,ldv,km_per_pj,road,passenger,bev,all,yearly,national,['avg_eff_no_outliers $ transport_data_system_9th'],1,9901716082.423439,avg_eff_no_outliers $ transport_data_system_9th,761670467.878726,single_datapoint,no_comment
14801,2018,19_THA,turnover_rate,ldv,%,road,freight,bev,all,yearly,national,['manually_inputted_data $ guess'],1,0.42,manually_inputted_data $ guess,0.03,manual,no_comment
14802,2018,19_THA,turnover_rate,ldv,%,road,passenger,bev,all,yearly,national,['manually_inputted_data $ guess'],1,0.42,manually_inputted_data $ guess,0.03,manual,no_comment
14803,2019,19_THA,new_vehicle_efficiency,ldv,km_per_pj,road,freight,bev,all,yearly,national,['avg_eff_no_outliers $ transport_data_system_9th'],1,7200566335.010296,avg_eff_no_outliers $ transport_data_system_9th,553889718.077715,single_datapoint,no_comment
14804,2019,19_THA,new_vehicle_efficiency,ldv,km_per_pj,road,passenger,bev,all,yearly,national,['avg_eff_no_outliers $ transport_data_system_9th'],1,9901716082.423439,avg_eff_no_outliers $ transport_data_system_9th,761670467.878726,single_datapoint,no_comment
14805,2019,19_THA,turnover_rate,ldv,%,road,freight,bev,all,yearly,national,['manually_inputted_data $ guess'],1,0.42,manually_inputted_data $ guess,0.03,manual,no_comment
14806,2019,19_THA,turnover_rate,ldv,%,road,passenger,bev,all,yearly,national,['manually_inputted_data $ guess'],1,0.42,manually_inputted_data $ guess,0.03,manual,no_comment
14807,2020,19_THA,new_vehicle_efficiency,ldv,km_per_pj,road,freight,bev,all,yearly,national,['avg_eff_no_outliers $ transport_data_system_9th'],1,7200566335.010296,avg_eff_no_outliers $ transport_data_system_9th,553889718.077715,single_datapoint,no_comment
14808,2020,19_THA,new_vehicle_efficiency,ldv,km_per_pj,road,passenger,bev,all,yearly,national,['avg_eff_no_outliers $ transport_data_system_9th'],1,9901716082.423439,avg_eff_no_outliers $ transport_data_system_9th,761670467.878726,single_datapoint,no_comment
14809,2020,19_THA,turnover_rate,ldv,%,road,freight,bev,all,yearly,national,['manually_inputted_data $ guess'],1,0.42,manually_inputted_data $ guess,0.03,manual,no_comment
14810,2020,19_THA,turnover_rate,ldv,%,road,passenger,bev,all,yearly,national,['manually_inputted_data $ guess'],1,0.42,manually_inputted_data $ guess,0.03,manual,no_comment
14811,2021,19_THA,new_vehicle_efficiency,ldv,km_per_pj,road,freight,bev,all,yearly,national,['avg_eff_no_outliers $ transport_data_system_9th'],1,7200566335.010296,avg_eff_no_outliers $ transport_data_system_9th,553889718.077715,single_datapoint,no_comment
14812,2021,19_THA,new_vehicle_efficiency,ldv,km_per_pj,road,passenger,bev,all,yearly,national,['avg_eff_no_outliers $ transport_data_system_9th'],1,9901716082.423439,avg_eff_no_outliers $ transport_data_system_9th,761670467.878726,single_datapoint,no_comment
14813,2021,19_THA,turnover_rate,ldv,%,road,freight,bev,all,yearly,national,['manually_inputted_data $ guess'],1,0.42,manually_inputted_data $ guess,0.03,manual,no_comment
14814,2021,19_THA,turnover_rate,ldv,%,road,passenger,bev,all,yearly,national,['manually_inputted_data $ guess'],1,0.42,manually_inputted_data $ guess,0.03,manual,no_comment
14815,2022,19_THA,new_vehicle_efficiency,ldv,km_per_pj,road,freight,bev,all,yearly,national,['avg_eff_no_outliers $ transport_data_system_9th'],1,7200566335.010296,avg_eff_no_outliers $ transport_data_system_9th,553889718.077715,single_datapoint,no_comment
14816,2022,19_THA,new_vehicle_efficiency,ldv,km_per_pj,road,passenger,bev,all,yearly,national,['avg_eff_no_outliers $ transport_data_system_9th'],1,9901716082.423439,avg_eff_no_outliers $ transport_data_system_9th,761670467.878726,single_datapoint,no_comment
14817,2022,19_THA,turnover_rate,ldv,%,road,freight,bev,all,yearly,national,['manually_inputted_data $ guess'],1,0.42,manually_inputted_data $ guess,0.03,manual,no_comment
14818,2022,19_THA,turnover_rate,ldv,%,road,passenger,bev,all,yearly,national,['manually_inputted_data $ guess'],1,0.42,manually_inputted_data $ guess,0.03,manual,no_comment
14819,2010,19_THA,new_vehicle_efficiency,ldv,km_per_pj,road,freight,cng,all,yearly,national,['avg_eff_no_outliers $ transport_data_system_9th'],1,7214767129.708009,avg_eff_no_outliers $ transport_data_system_9th,554982086.900616,single_datapoint,no_comment
14820,2010,19_THA,new_vehicle_efficiency,ldv,km_per_pj,road,passenger,cng,all,yearly,national,['avg_eff_no_outliers $ transport_data_system_9th'],1,5429169522.90635,avg_eff_no_outliers $ transport_data_system_9th,417628424.83895,single_datapoint,no_comment
14821,2010,19_THA,turnover_rate,ldv,%,road,freight,cng,all,yearly,national,['manually_inputted_data $ guess'],1,0.42,manually_inputted_data $ guess,0.03,manual,no_comment
14822,2010,19_THA,turnover_rate,ldv,%,road,passenger,cng,all,yearly,national,['manually_inputted_data $ guess'],1,0.42,manually_inputted_data $ guess,0.03,manual,no_comment
14823,2011,19_THA,new_vehicle_efficiency,ldv,km_per_pj,road,freight,cng,all,yearly,national,['avg_eff_no_outliers $ transport_data_system_9th'],1,7214767129.708009,avg_eff_no_outliers $ transport_data_system_9th,554982086.900616,single_datapoint,no_comment
14824,2011,19_THA,new_vehicle_efficiency,ldv,km_per_pj,road,passenger,cng,all,yearly,national,['avg_eff_no_outliers $ transport_data_system_9th'],1,5429169522.90635,avg_eff_no_outliers $ transport_data_system_9th,417628424.83895,single_datapoint,no_comment
14825,2011,19_THA,turnover_rate,ldv,%,road,freight,cng,all,yearly,national,['manually_inputted_data $ guess'],1,0.42,manually_inputted_data $ guess,0.03,manual,no_comment
14826,2011,19_THA,turnover_rate,ldv,%,road,passenger,cng,all,yearly,national,['manually_inputted_data $ guess'],1,0.42,manually_inputted_data $ guess,0.03,manual,no_comment
14827,2012,19_THA,new_vehicle_efficiency,ldv,km_per_pj,road,freight,cng,all,yearly,national,['avg_eff_no_outliers $ transport_data_system_9th'],1,7214767129.708009,avg_eff_no_outliers $ transport_data_system_9th,554982086.900616,single_datapoint,no_comment
14828,2012,19_THA,new_vehicle_efficiency,ldv,km_per_pj,road,passenger,cng,all,yearly,national,['avg_eff_no_outliers $ transport_data_system_9th'],1,5429169522.90635,avg_eff_no_outliers $ transport_data_system_9th,417628424.83895,single_datapoint,no_comment
14829,2012,19_THA,turnover_rate,ldv,%,road,freight,cng,all,yearly,national,['manually_inputted_data $ guess'],1,0.42,manually_inputted_data $ guess,0.03,manual,no_comment
14830,2012,19_THA,turnover_rate,ldv,%,road,passenger,cng,all,yearly,national,['manually_inputted_data $ guess'],1,0.42,manually_inputted_data $ guess,0.03,manual,no_comment
14831,2013,19_THA,new_vehicle_efficiency,ldv,km_per_pj,road,freight,cng,all,yearly,national,['avg_eff_no_outliers $ transport_data_system_9th'],1,7214767129.708009,avg_eff_no_outliers $ transport_data_system_9th,554982086.900616,single_datapoint,no_comment
14832,2013,19_THA,new_vehicle_efficiency,ldv,km_per_pj,road,passenger,cng,all,yearly,national,['avg_eff_no_outliers $ transport_data_system_9th'],1,5429169522.90635,avg_eff_no_outliers $ transport_data_system_9th,417628424.83895,single_datapoint,no_comment
14833,2013,19_THA,turnover_rate,ldv,%,road,freight,cng,all,yearly,national,['manually_inputted_data $ guess'],1,0.42,manually_inputted_data $ guess,0.03,manual,no_comment
14834,2013,19_THA,turnover_rate,ldv,%,road,passenger,cng,all,yearly,national,['manually_inputted_data $ guess'],1,0.42,manually_inputted_data $ guess,0.03,manual,no_comment
14835,2014,19_THA,new_vehicle_efficiency,ldv,km_per_pj,road,freight,cng,all,yearly,national,['avg_eff_no_outliers $ transport_data_system_9th'],1,7214767129.708009,avg_eff_no_outliers $ transport_data_system_9th,554982086.900616,single_datapoint,no_comment
14836,2014,19_THA,new_vehicle_efficiency,ldv,km_per_pj,road,passenger,cng,all,yearly,national,['avg_eff_no_outliers $ transport_data_system_9th'],1,5429169522.90635,avg_eff_no_outliers $ transport_data_system_9th,417628424.83895,single_datapoint,no_comment
14837,2014,19_THA,turnover_rate,ldv,%,road,freight,cng,all,yearly,national,['manually_inputted_data $ guess'],1,0.42,manually_inputted_data $ guess,0.03,manual,no_comment
14838,2014,19_THA,turnover_rate,ldv,%,road,passenger,cng,all,yearly,national,['manually_inputted_data $ guess'],1,0.42,manually_inputted_data $ guess,0.03,manual,no_comment
14839,2015,19_THA,new_vehicle_efficiency,ldv,km_per_pj,road,freight,cng,all,yearly,national,['avg_eff_no_outliers $ transport_data_system_9th'],1,7214767129.708009,avg_eff_no_outliers $ transport_data_system_9th,554982086.900616,single_datapoint,no_comment
14840,2015,19_THA,new_vehicle_efficiency,ldv,km_per_pj,road,passenger,cng,all,yearly,national,['avg_eff_no_outliers $ transport_data_system_9th'],1,5429169522.90635,avg_eff_no_outliers $ transport_data_system_9th,417628424.83895,single_datapoint,no_comment
14841,2015,19_THA,turnover_rate,ldv,%,road,freight,cng,all,yearly,national,['manually_inputted_data $ guess'],1,0.42,manually_inputted_data $ guess,0.03,manual,no_comment
14842,2015,19_THA,turnover_rate,ldv,%,road,passenger,cng,all,yearly,national,['manually_inputted_data $ guess'],1,0.42,manually_inputted_data $ guess,0.03,manual,no_comment
14843,2016,19_THA,new_vehicle_efficiency,ldv,km_per_pj,road,freight,cng,all,yearly,national,['avg_eff_no_outliers $ transport_data_system_9th'],1,7214767129.708009,avg_eff_no_outliers $ transport_data_system_9th,554982086.900616,single_datapoint,no_comment
14844,2016,19_THA,new_vehicle_efficiency,ldv,km_per_pj,road,passenger,cng,all,yearly,national,['avg_eff_no_outliers $ transport_data_system_9th'],1,5429169522.90635,avg_eff_no_outliers $ transport_data_system_9th,417628424.83895,single_datapoint,no_comment
14845,2016,19_THA,turnover_rate,ldv,%,road,freight,cng,all,yearly,national,['manually_inputted_data $ guess'],1,0.42,manually_inputted_data $ guess,0.03,manual,no_comment
14846,2016,19_THA,turnover_rate,ldv,%,road,passenger,cng,all,yearly,national,['manually_inputted_data $ guess'],1,0.42,manually_inputted_data $ guess,0.03,manual,no_comment
14847,2017,19_THA,activity,ldv,passenger_km_or_freight_tonne_km,road,freight,cng,all,yearly,national,"['8th_edition_transport_model $ reference', 'estimated $ calculate_energy_and_activity()']",2,1000699960.598196,8th_edition_transport_model $ reference,945342235.598196,manual,no_comment
14848,2017,19_THA,activity,ldv,passenger_km_or_freight_tonne_km,road,passenger,cng,all,yearly,national,"['8th_edition_transport_model $ reference', 'estimated $ calculate_energy_and_activity()']",2,17751971342.430202,estimated $ calculate_energy_and_activity(),6611400000.0,manual,no_comment
14849,2017,19_THA,energy,ldv,pj,road,freight,cng,all,yearly,national,"['8th_edition_transport_model $ reference', 'estimated $ calculate_energy_and_activity()']",2,2.817646375106184,8th_edition_transport_model $ reference,2.214729966151277,manual,no_comment
14850,2017,19_THA,energy,ldv,pj,road,passenger,cng,all,yearly,national,"['8th_edition_transport_model $ reference', 'estimated $ calculate_energy_and_activity()']",2,34.297532233351525,8th_edition_transport_model $ reference,21.626949429221487,manual,no_comment
14851,2017,19_THA,new_vehicle_efficiency,ldv,km_per_pj,road,freight,cng,all,yearly,national,['avg_eff_no_outliers $ transport_data_system_9th'],1,7214767129.708009,avg_eff_no_outliers $ transport_data_system_9th,554982086.900616,single_datapoint,no_comment
14852,2017,19_THA,new_vehicle_efficiency,ldv,km_per_pj,road,passenger,cng,all,yearly,national,['avg_eff_no_outliers $ transport_data_system_9th'],1,5429169522.90635,avg_eff_no_outliers $ transport_data_system_9th,417628424.83895,single_datapoint,no_comment
14853,2017,19_THA,travel_km,ldv,km,road,freight,cng,all,yearly,national,['estimated $ calculate_energy_and_activity()'],1,151665000.0,estimated $ calculate_energy_and_activity(),151665000.0,single_datapoint,no_comment
14854,2017,19_THA,travel_km,ldv,km,road,passenger,cng,all,yearly,national,['estimated $ calculate_energy_and_activity()'],1,4407600000.0,estimated $ calculate_energy_and_activity(),4407600000.0,single_datapoint,no_comment
14855,2017,19_THA,turnover_rate,ldv,%,road,freight,cng,all,yearly,national,"['manually_inputted_data $ guess', 'turnover_rate_est']",2,0.42,manually_inputted_data $ guess,0.03,manual,no_comment
14856,2017,19_THA,turnover_rate,ldv,%,road,passenger,cng,all,yearly,national,"['manually_inputted_data $ guess', 'turnover_rate_est']",2,0.42,manually_inputted_data $ guess,0.03,manual,no_comment
14857,2018,19_THA,new_vehicle_efficiency,ldv,km_per_pj,road,freight,cng,all,yearly,national,['avg_eff_no_outliers $ transport_data_system_9th'],1,7214767129.708009,avg_eff_no_outliers $ transport_data_system_9th,554982086.900616,single_datapoint,no_comment
14858,2018,19_THA,new_vehicle_efficiency,ldv,km_per_pj,road,passenger,cng,all,yearly,national,['avg_eff_no_outliers $ transport_data_system_9th'],1,5429169522.90635,avg_eff_no_outliers $ transport_data_system_9th,417628424.83895,single_datapoint,no_comment
14859,2018,19_THA,turnover_rate,ldv,%,road,freight,cng,all,yearly,national,['manually_inputted_data $ guess'],1,0.42,manually_inputted_data $ guess,0.03,manual,no_comment
14860,2018,19_THA,turnover_rate,ldv,%,road,passenger,cng,all,yearly,national,['manually_inputted_data $ guess'],1,0.42,manually_inputted_data $ guess,0.03,manual,no_comment
14861,2019,19_THA,new_vehicle_efficiency,ldv,km_per_pj,road,freight,cng,all,yearly,national,['avg_eff_no_outliers $ transport_data_system_9th'],1,7214767129.708009,avg_eff_no_outliers $ transport_data_system_9th,554982086.900616,single_datapoint,no_comment
14862,2019,19_THA,new_vehicle_efficiency,ldv,km_per_pj,road,passenger,cng,all,yearly,national,['avg_eff_no_outliers $ transport_data_system_9th'],1,5429169522.90635,avg_eff_no_outliers $ transport_data_system_9th,417628424.83895,single_datapoint,no_comment
14863,2019,19_THA,turnover_rate,ldv,%,road,freight,cng,all,yearly,national,['manually_inputted_data $ guess'],1,0.42,manually_inputted_data $ guess,0.03,manual,no_comment
14864,2019,19_THA,turnover_rate,ldv,%,road,passenger,cng,all,yearly,national,['manually_inputted_data $ guess'],1,0.42,manually_inputted_data $ guess,0.03,manual,no_comment
14865,2020,19_THA,new_vehicle_efficiency,ldv,km_per_pj,road,freight,cng,all,yearly,national,['avg_eff_no_outliers $ transport_data_system_9th'],1,7214767129.708009,avg_eff_no_outliers $ transport_data_system_9th,554982086.900616,single_datapoint,no_comment
14866,2020,19_THA,new_vehicle_efficiency,ldv,km_per_pj,road,passenger,cng,all,yearly,national,['avg_eff_no_outliers $ transport_data_system_9th'],1,5429169522.90635,avg_eff_no_outliers $ transport_data_system_9th,417628424.83895,single_datapoint,no_comment
14867,2020,19_THA,turnover_rate,ldv,%,road,freight,cng,all,yearly,national,['manually_inputted_data $ guess'],1,0.42,manually_inputted_data $ guess,0.03,manual,no_comment
14868,2020,19_THA,turnover_rate,ldv,%,road,passenger,cng,all,yearly,national,['manually_inputted_data $ guess'],1,0.42,manually_inputted_data $ guess,0.03,manual,no_comment
14869,2021,19_THA,new_vehicle_efficiency,ldv,km_per_pj,road,freight,cng,all,yearly,national,['avg_eff_no_outliers $ transport_data_system_9th'],1,7214767129.708009,avg_eff_no_outliers $ transport_data_system_9th,554982086.900616,single_datapoint,no_comment
14870,2021,19_THA,new_vehicle_efficiency,ldv,km_per_pj,road,passenger,cng,all,yearly,national,['avg_eff_no_outliers $ transport_data_system_9th'],1,5429169522.90635,avg_eff_no_outliers $ transport_data_system_9th,417628424.83895,single_datapoint,no_comment
14871,2021,19_THA,turnover_rate,ldv,%,road,freight,cng,all,yearly,national,['manually_inputted_data $ guess'],1,0.42,manually_inputted_data $ guess,0.03,manual,no_comment
14872,2021,19_THA,turnover_rate,ldv,%,road,passenger,cng,all,yearly,national,['manually_inputted_data $ guess'],1,0.42,manually_inputted_data $ guess,0.03,manual,no_comment
14873,2022,19_THA,new_vehicle_efficiency,ldv,km_per_pj,road,freight,cng,all,yearly,national,['avg_eff_no_outliers $ transport_data_system_9th'],1,7214767129.708009,avg_eff_no_outliers $ transport_data_system_9th,554982086.900616,single_datapoint,no_comment
14874,2022,19_THA,new_vehicle_efficiency,ldv,km_per_pj,road,passenger,cng,all,yearly,national,['avg_eff_no_outliers $ transport_data_system_9th'],1,5429169522.90635,avg_eff_no_outliers $ transport_data_system_9th,417628424.83895,single_datapoint,no_comment
14875,2022,19_THA,turnover_rate,ldv,%,road,freight,cng,all,yearly,national,['manually_inputted_data $ guess'],1,0.42,manually_inputted_data $ guess,0.03,manual,no_comment
14876,2022,19_THA,turnover_rate,ldv,%,road,passenger,cng,all,yearly,national,['manually_inputted_data $ guess'],1,0.42,manually_inputted_data $ guess,0.03,manual,no_comment
14877,2010,19_THA,new_vehicle_efficiency,ldv,km_per_pj,road,passenger,fcev,all,yearly,national,['avg_eff_no_outliers $ transport_data_system_9th'],1,1469603353.601357,avg_eff_no_outliers $ transport_data_system_9th,113046411.815489,single_datapoint,no_comment
14878,2010,19_THA,turnover_rate,ldv,%,road,passenger,fcev,all,yearly,national,['manually_inputted_data $ guess'],1,0.42,manually_inputted_data $ guess,0.03,manual,no_comment
14879,2011,19_THA,new_vehicle_efficiency,ldv,km_per_pj,road,passenger,fcev,all,yearly,national,['avg_eff_no_outliers $ transport_data_system_9th'],1,1469603353.601357,avg_eff_no_outliers $ transport_data_system_9th,113046411.815489,single_datapoint,no_comment
14880,2011,19_THA,turnover_rate,ldv,%,road,passenger,fcev,all,yearly,national,['manually_inputted_data $ guess'],1,0.42,manually_inputted_data $ guess,0.03,manual,no_comment
14881,2012,19_THA,new_vehicle_efficiency,ldv,km_per_pj,road,passenger,fcev,all,yearly,national,['avg_eff_no_outliers $ transport_data_system_9th'],1,1469603353.601357,avg_eff_no_outliers $ transport_data_system_9th,113046411.815489,single_datapoint,no_comment
14882,2012,19_THA,turnover_rate,ldv,%,road,passenger,fcev,all,yearly,national,['manually_inputted_data $ guess'],1,0.42,manually_inputted_data $ guess,0.03,manual,no_comment
14883,2013,19_THA,new_vehicle_efficiency,ldv,km_per_pj,road,passenger,fcev,all,yearly,national,['avg_eff_no_outliers $ transport_data_system_9th'],1,1469603353.601357,avg_eff_no_outliers $ transport_data_system_9th,113046411.815489,single_datapoint,no_comment
14884,2013,19_THA,turnover_rate,ldv,%,road,passenger,fcev,all,yearly,national,['manually_inputted_data $ guess'],1,0.42,manually_inputted_data $ guess,0.03,manual,no_comment
14885,2014,19_THA,new_vehicle_efficiency,ldv,km_per_pj,road,passenger,fcev,all,yearly,national,['avg_eff_no_outliers $ transport_data_system_9th'],1,1469603353.601357,avg_eff_no_outliers $ transport_data_system_9th,113046411.815489,single_datapoint,no_comment
14886,2014,19_THA,turnover_rate,ldv,%,road,passenger,fcev,all,yearly,national,['manually_inputted_data $ guess'],1,0.42,manually_inputted_data $ guess,0.03,manual,no_comment
14887,2015,19_THA,new_vehicle_efficiency,ldv,km_per_pj,road,passenger,fcev,all,yearly,national,['avg_eff_no_outliers $ transport_data_system_9th'],1,1469603353.601357,avg_eff_no_outliers $ transport_data_system_9th,113046411.815489,single_datapoint,no_comment
14888,2015,19_THA,turnover_rate,ldv,%,road,passenger,fcev,all,yearly,national,['manually_inputted_data $ guess'],1,0.42,manually_inputted_data $ guess,0.03,manual,no_comment
14889,2016,19_THA,new_vehicle_efficiency,ldv,km_per_pj,road,passenger,fcev,all,yearly,national,['avg_eff_no_outliers $ transport_data_system_9th'],1,1469603353.601357,avg_eff_no_outliers $ transport_data_system_9th,113046411.815489,single_datapoint,no_comment
14890,2016,19_THA,turnover_rate,ldv,%,road,passenger,fcev,all,yearly,national,['manually_inputted_data $ guess'],1,0.42,manually_inputted_data $ guess,0.03,manual,no_comment
14891,2017,19_THA,new_vehicle_efficiency,ldv,km_per_pj,road,passenger,fcev,all,yearly,national,['avg_eff_no_outliers $ transport_data_system_9th'],1,1469603353.601357,avg_eff_no_outliers $ transport_data_system_9th,113046411.815489,single_datapoint,no_comment
14892,2017,19_THA,turnover_rate,ldv,%,road,freight,fcev,all,yearly,national,['turnover_rate_est'],1,0.03,turnover_rate_est,0.03,single_datapoint,no_comment
14893,2017,19_THA,turnover_rate,ldv,%,road,passenger,fcev,all,yearly,national,"['manually_inputted_data $ guess', 'turnover_rate_est']",2,0.42,manually_inputted_data $ guess,0.03,manual,no_comment
14894,2018,19_THA,new_vehicle_efficiency,ldv,km_per_pj,road,passenger,fcev,all,yearly,national,['avg_eff_no_outliers $ transport_data_system_9th'],1,1469603353.601357,avg_eff_no_outliers $ transport_data_system_9th,113046411.815489,single_datapoint,no_comment
14895,2018,19_THA,turnover_rate,ldv,%,road,passenger,fcev,all,yearly,national,['manually_inputted_data $ guess'],1,0.42,manually_inputted_data $ guess,0.03,manual,no_comment
14896,2019,19_THA,new_vehicle_efficiency,ldv,km_per_pj,road,passenger,fcev,all,yearly,national,['avg_eff_no_outliers $ transport_data_system_9th'],1,1469603353.601357,avg_eff_no_outliers $ transport_data_system_9th,113046411.815489,single_datapoint,no_comment
14897,2019,19_THA,turnover_rate,ldv,%,road,passenger,fcev,all,yearly,national,['manually_inputted_data $ guess'],1,0.42,manually_inputted_data $ guess,0.03,manual,no_comment
14898,2020,19_THA,new_vehicle_efficiency,ldv,km_per_pj,road,passenger,fcev,all,yearly,national,['avg_eff_no_outliers $ transport_data_system_9th'],1,1469603353.601357,avg_eff_no_outliers $ transport_data_system_9th,113046411.815489,single_datapoint,no_comment
14899,2020,19_THA,turnover_rate,ldv,%,road,passenger,fcev,all,yearly,national,['manually_inputted_data $ guess'],1,0.42,manually_inputted_data $ guess,0.03,manual,no_comment
14900,2021,19_THA,new_vehicle_efficiency,ldv,km_per_pj,road,passenger,fcev,all,yearly,national,['avg_eff_no_outliers $ transport_data_system_9th'],1,1469603353.601357,avg_eff_no_outliers $ transport_data_system_9th,113046411.815489,single_datapoint,no_comment
14901,2021,19_THA,turnover_rate,ldv,%,road,passenger,fcev,all,yearly,national,['manually_inputted_data $ guess'],1,0.42,manually_inputted_data $ guess,0.03,manual,no_comment
14902,2022,19_THA,new_vehicle_efficiency,ldv,km_per_pj,road,passenger,fcev,all,yearly,national,['avg_eff_no_outliers $ transport_data_system_9th'],1,1469603353.601357,avg_eff_no_outliers $ transport_data_system_9th,113046411.815489,single_datapoint,no_comment
14903,2022,19_THA,turnover_rate,ldv,%,road,passenger,fcev,all,yearly,national,['manually_inputted_data $ guess'],1,0.42,manually_inputted_data $ guess,0.03,manual,no_comment
14904,2010,19_THA,activity,ldv,passenger_km_or_freight_tonne_km,road,passenger,ice,all,yearly,national,['estimated $ calculate_energy_and_activity()'],1,3508601355000.0,estimated $ calculate_energy_and_activity(),222473385000.0,single_datapoint,no_comment
14905,2010,19_THA,energy,ldv,pj,road,passenger,ice,all,yearly,national,['estimated $ calculate_energy_and_activity()'],1,6724.146776055049,estimated $ calculate_energy_and_activity(),426.36468015210113,single_datapoint,no_comment
14906,2010,19_THA,new_vehicle_efficiency,ldv,km_per_pj,road,freight,ice,all,yearly,national,['avg_eff_no_outliers $ transport_data_system_9th'],1,4776513034.843043,avg_eff_no_outliers $ transport_data_system_9th,367424079.603311,single_datapoint,no_comment
14907,2010,19_THA,new_vehicle_efficiency,ldv,km_per_pj,road,passenger,ice,all,yearly,national,['avg_eff_no_outliers $ transport_data_system_9th'],1,3086802010.889935,avg_eff_no_outliers $ transport_data_system_9th,237446308.529995,single_datapoint,no_comment
14908,2010,19_THA,travel_km,ldv,km,road,passenger,ice,all,yearly,national,['estimated $ calculate_energy_and_activity()'],1,2339067570000.0,estimated $ calculate_energy_and_activity(),148315590000.0,single_datapoint,no_comment
14909,2010,19_THA,turnover_rate,ldv,%,road,freight,ice,all,yearly,national,['manually_inputted_data $ guess'],1,0.39,manually_inputted_data $ guess,0.03,single_datapoint,no_comment
14910,2010,19_THA,turnover_rate,ldv,%,road,passenger,ice,all,yearly,national,['manually_inputted_data $ guess'],1,0.39,manually_inputted_data $ guess,0.03,single_datapoint,no_comment
14911,2011,19_THA,activity,ldv,passenger_km_or_freight_tonne_km,road,passenger,ice,all,yearly,national,['estimated $ calculate_energy_and_activity()'],1,3508601355000.0,estimated $ calculate_energy_and_activity(),239665882500.0,single_datapoint,no_comment
14912,2011,19_THA,energy,ldv,pj,road,passenger,ice,all,yearly,national,['estimated $ calculate_energy_and_activity()'],1,6724.146776055049,estimated $ calculate_energy_and_activity(),459.31367177014704,single_datapoint,no_comment
14913,2011,19_THA,new_vehicle_efficiency,ldv,km_per_pj,road,freight,ice,all,yearly,national,['avg_eff_no_outliers $ transport_data_system_9th'],1,4776513034.843043,avg_eff_no_outliers $ transport_data_system_9th,367424079.603311,single_datapoint,no_comment
14914,2011,19_THA,new_vehicle_efficiency,ldv,km_per_pj,road,passenger,ice,all,yearly,national,['avg_eff_no_outliers $ transport_data_system_9th'],1,3086802010.889935,avg_eff_no_outliers $ transport_data_system_9th,237446308.529995,single_datapoint,no_comment
14915,2011,19_THA,travel_km,ldv,km,road,passenger,ice,all,yearly,national,['estimated $ calculate_energy_and_activity()'],1,2339067570000.0,estimated $ calculate_energy_and_activity(),159777255000.0,single_datapoint,no_comment
14916,2011,19_THA,turnover_rate,ldv,%,road,freight,ice,all,yearly,national,['manually_inputted_data $ guess'],1,0.39,manually_inputted_data $ guess,0.03,single_datapoint,no_comment
14917,2011,19_THA,turnover_rate,ldv,%,road,passenger,ice,all,yearly,national,['manually_inputted_data $ guess'],1,0.39,manually_inputted_data $ guess,0.03,single_datapoint,no_comment
14918,2012,19_THA,activity,ldv,passenger_km_or_freight_tonne_km,road,passenger,ice,all,yearly,national,['estimated $ calculate_energy_and_activity()'],1,3508601355000.0,estimated $ calculate_energy_and_activity(),266123475000.0,single_datapoint,no_comment
14919,2012,19_THA,energy,ldv,pj,road,passenger,ice,all,yearly,national,['estimated $ calculate_energy_and_activity()'],1,6724.146776055049,estimated $ calculate_energy_and_activity(),510.01898631308495,single_datapoint,no_comment
14920,2012,19_THA,new_vehicle_efficiency,ldv,km_per_pj,road,freight,ice,all,yearly,national,['avg_eff_no_outliers $ transport_data_system_9th'],1,4776513034.843043,avg_eff_no_outliers $ transport_data_system_9th,367424079.603311,single_datapoint,no_comment
14921,2012,19_THA,new_vehicle_efficiency,ldv,km_per_pj,road,passenger,ice,all,yearly,national,['avg_eff_no_outliers $ transport_data_system_9th'],1,3086802010.889935,avg_eff_no_outliers $ transport_data_system_9th,237446308.529995,single_datapoint,no_comment
14922,2012,19_THA,travel_km,ldv,km,road,passenger,ice,all,yearly,national,['estimated $ calculate_energy_and_activity()'],1,2339067570000.0,estimated $ calculate_energy_and_activity(),177415650000.0,single_datapoint,no_comment
14923,2012,19_THA,turnover_rate,ldv,%,road,freight,ice,all,yearly,national,['manually_inputted_data $ guess'],1,0.39,manually_inputted_data $ guess,0.03,single_datapoint,no_comment
14924,2012,19_THA,turnover_rate,ldv,%,road,passenger,ice,all,yearly,national,['manually_inputted_data $ guess'],1,0.39,manually_inputted_data $ guess,0.03,single_datapoint,no_comment
14925,2013,19_THA,activity,ldv,passenger_km_or_freight_tonne_km,road,passenger,ice,all,yearly,national,['estimated $ calculate_energy_and_activity()'],1,3508601355000.0,estimated $ calculate_energy_and_activity(),293029807500.0,single_datapoint,no_comment
14926,2013,19_THA,energy,ldv,pj,road,passenger,ice,all,yearly,national,['estimated $ calculate_energy_and_activity()'],1,6724.146776055049,estimated $ calculate_energy_and_activity(),561.5842998467851,single_datapoint,no_comment
14927,2013,19_THA,new_vehicle_efficiency,ldv,km_per_pj,road,freight,ice,all,yearly,national,['avg_eff_no_outliers $ transport_data_system_9th'],1,4776513034.843043,avg_eff_no_outliers $ transport_data_system_9th,367424079.603311,single_datapoint,no_comment
14928,2013,19_THA,new_vehicle_efficiency,ldv,km_per_pj,road,passenger,ice,all,yearly,national,['avg_eff_no_outliers $ transport_data_system_9th'],1,3086802010.889935,avg_eff_no_outliers $ transport_data_system_9th,237446308.529995,single_datapoint,no_comment
14929,2013,19_THA,travel_km,ldv,km,road,passenger,ice,all,yearly,national,['estimated $ calculate_energy_and_activity()'],1,2339067570000.0,estimated $ calculate_energy_and_activity(),195353205000.0,single_datapoint,no_comment
14930,2013,19_THA,turnover_rate,ldv,%,road,freight,ice,all,yearly,national,['manually_inputted_data $ guess'],1,0.39,manually_inputted_data $ guess,0.03,single_datapoint,no_comment
14931,2013,19_THA,turnover_rate,ldv,%,road,passenger,ice,all,yearly,national,['manually_inputted_data $ guess'],1,0.39,manually_inputted_data $ guess,0.03,single_datapoint,no_comment
14932,2014,19_THA,activity,ldv,passenger_km_or_freight_tonne_km,road,passenger,ice,all,yearly,national,['estimated $ calculate_energy_and_activity()'],1,3508601355000.0,estimated $ calculate_energy_and_activity(),310360140000.0,single_datapoint,no_comment
14933,2014,19_THA,energy,ldv,pj,road,passenger,ice,all,yearly,national,['estimated $ calculate_energy_and_activity()'],1,6724.146776055049,estimated $ calculate_energy_and_activity(),594.7974487962294,single_datapoint,no_comment
14934,2014,19_THA,new_vehicle_efficiency,ldv,km_per_pj,road,freight,ice,all,yearly,national,['avg_eff_no_outliers $ transport_data_system_9th'],1,4776513034.843043,avg_eff_no_outliers $ transport_data_system_9th,367424079.603311,single_datapoint,no_comment
14935,2014,19_THA,new_vehicle_efficiency,ldv,km_per_pj,road,passenger,ice,all,yearly,national,['avg_eff_no_outliers $ transport_data_system_9th'],1,3086802010.889935,avg_eff_no_outliers $ transport_data_system_9th,237446308.529995,single_datapoint,no_comment
14936,2014,19_THA,travel_km,ldv,km,road,passenger,ice,all,yearly,national,['estimated $ calculate_energy_and_activity()'],1,2339067570000.0,estimated $ calculate_energy_and_activity(),206906760000.0,single_datapoint,no_comment
14937,2014,19_THA,turnover_rate,ldv,%,road,freight,ice,all,yearly,national,['manually_inputted_data $ guess'],1,0.39,manually_inputted_data $ guess,0.03,single_datapoint,no_comment
14938,2014,19_THA,turnover_rate,ldv,%,road,passenger,ice,all,yearly,national,['manually_inputted_data $ guess'],1,0.39,manually_inputted_data $ guess,0.03,single_datapoint,no_comment
14939,2015,19_THA,activity,ldv,passenger_km_or_freight_tonne_km,road,passenger,ice,all,yearly,national,['estimated $ calculate_energy_and_activity()'],1,3508601355000.0,estimated $ calculate_energy_and_activity(),324478507500.0,single_datapoint,no_comment
14940,2015,19_THA,energy,ldv,pj,road,passenger,ice,all,yearly,national,['estimated $ calculate_energy_and_activity()'],1,6724.146776055049,estimated $ calculate_energy_and_activity(),621.8549471275795,single_datapoint,no_comment
14941,2015,19_THA,new_vehicle_efficiency,ldv,km_per_pj,road,freight,ice,all,yearly,national,['avg_eff_no_outliers $ transport_data_system_9th'],1,4776513034.843043,avg_eff_no_outliers $ transport_data_system_9th,367424079.603311,single_datapoint,no_comment
14942,2015,19_THA,new_vehicle_efficiency,ldv,km_per_pj,road,passenger,ice,all,yearly,national,['avg_eff_no_outliers $ transport_data_system_9th'],1,3086802010.889935,avg_eff_no_outliers $ transport_data_system_9th,237446308.529995,single_datapoint,no_comment
14943,2015,19_THA,travel_km,ldv,km,road,passenger,ice,all,yearly,national,['estimated $ calculate_energy_and_activity()'],1,2339067570000.0,estimated $ calculate_energy_and_activity(),216319005000.0,single_datapoint,no_comment
14944,2015,19_THA,turnover_rate,ldv,%,road,freight,ice,all,yearly,national,['manually_inputted_data $ guess'],1,0.39,manually_inputted_data $ guess,0.03,single_datapoint,no_comment
14945,2015,19_THA,turnover_rate,ldv,%,road,passenger,ice,all,yearly,national,['manually_inputted_data $ guess'],1,0.39,manually_inputted_data $ guess,0.03,single_datapoint,no_comment
14946,2016,19_THA,activity,ldv,passenger_km_or_freight_tonne_km,road,passenger,ice,all,yearly,national,['estimated $ calculate_energy_and_activity()'],1,3508601355000.0,estimated $ calculate_energy_and_activity(),337584915000.0,single_datapoint,no_comment
14947,2016,19_THA,energy,ldv,pj,road,passenger,ice,all,yearly,national,['estimated $ calculate_energy_and_activity()'],1,6724.146776055049,estimated $ calculate_energy_and_activity(),646.9730494195935,single_datapoint,no_comment
14948,2016,19_THA,new_vehicle_efficiency,ldv,km_per_pj,road,freight,ice,all,yearly,national,['avg_eff_no_outliers $ transport_data_system_9th'],1,4776513034.843043,avg_eff_no_outliers $ transport_data_system_9th,367424079.603311,single_datapoint,no_comment
14949,2016,19_THA,new_vehicle_efficiency,ldv,km_per_pj,road,passenger,ice,all,yearly,national,['avg_eff_no_outliers $ transport_data_system_9th'],1,3086802010.889935,avg_eff_no_outliers $ transport_data_system_9th,237446308.529995,single_datapoint,no_comment
14950,2016,19_THA,travel_km,ldv,km,road,passenger,ice,all,yearly,national,['estimated $ calculate_energy_and_activity()'],1,2339067570000.0,estimated $ calculate_energy_and_activity(),225056610000.0,single_datapoint,no_comment
14951,2016,19_THA,turnover_rate,ldv,%,road,freight,ice,all,yearly,national,['manually_inputted_data $ guess'],1,0.39,manually_inputted_data $ guess,0.03,single_datapoint,no_comment
14952,2016,19_THA,turnover_rate,ldv,%,road,passenger,ice,all,yearly,national,['manually_inputted_data $ guess'],1,0.39,manually_inputted_data $ guess,0.03,single_datapoint,no_comment
14953,2017,19_THA,activity,ldv,passenger_km_or_freight_tonne_km,road,freight,ice,all,yearly,national,['estimated $ calculate_energy_and_activity()'],1,2518166025.0,estimated $ calculate_energy_and_activity(),2518166025.0,single_datapoint,no_comment
14954,2017,19_THA,activity,ldv,passenger_km_or_freight_tonne_km,road,passenger,ice,all,yearly,national,['estimated $ calculate_energy_and_activity()'],1,3508601355000.0,estimated $ calculate_energy_and_activity(),353192467500.0,single_datapoint,no_comment
14955,2017,19_THA,energy,ldv,pj,road,freight,ice,all,yearly,national,['estimated $ calculate_energy_and_activity()'],1,27.426047890249333,estimated $ calculate_energy_and_activity(),27.426047890249333,single_datapoint,no_comment
14956,2017,19_THA,energy,ldv,pj,road,passenger,ice,all,yearly,national,['estimated $ calculate_energy_and_activity()'],1,6724.146776055049,estimated $ calculate_energy_and_activity(),676.8845335713703,single_datapoint,no_comment
14957,2017,19_THA,new_vehicle_efficiency,ldv,km_per_pj,road,freight,ice,all,yearly,national,['avg_eff_no_outliers $ transport_data_system_9th'],1,4776513034.843043,avg_eff_no_outliers $ transport_data_system_9th,367424079.603311,single_datapoint,no_comment
14958,2017,19_THA,new_vehicle_efficiency,ldv,km_per_pj,road,passenger,ice,all,yearly,national,['avg_eff_no_outliers $ transport_data_system_9th'],1,3086802010.889935,avg_eff_no_outliers $ transport_data_system_9th,237446308.529995,single_datapoint,no_comment
14959,2017,19_THA,travel_km,ldv,km,road,freight,ice,all,yearly,national,['estimated $ calculate_energy_and_activity()'],1,6899085000.0,estimated $ calculate_energy_and_activity(),6899085000.0,single_datapoint,no_comment
14960,2017,19_THA,travel_km,ldv,km,road,passenger,ice,all,yearly,national,['estimated $ calculate_energy_and_activity()'],1,2339067570000.0,estimated $ calculate_energy_and_activity(),235461645000.0,single_datapoint,no_comment
14961,2017,19_THA,turnover_rate,ldv,%,road,freight,ice,all,yearly,national,['manually_inputted_data $ guess'],1,0.39,manually_inputted_data $ guess,0.03,single_datapoint,no_comment
14962,2017,19_THA,turnover_rate,ldv,%,road,passenger,ice,all,yearly,national,['manually_inputted_data $ guess'],1,0.39,manually_inputted_data $ guess,0.03,single_datapoint,no_comment
14963,2018,19_THA,activity,ldv,passenger_km_or_freight_tonne_km,road,passenger,ice,all,yearly,national,['estimated $ calculate_energy_and_activity()'],1,3508601355000.0,estimated $ calculate_energy_and_activity(),371215912500.0,single_datapoint,no_comment
14964,2018,19_THA,energy,ldv,pj,road,passenger,ice,all,yearly,national,['estimated $ calculate_energy_and_activity()'],1,6724.146776055049,estimated $ calculate_energy_and_activity(),711.4260152981125,single_datapoint,no_comment
14965,2018,19_THA,new_vehicle_efficiency,ldv,km_per_pj,road,freight,ice,all,yearly,national,['avg_eff_no_outliers $ transport_data_system_9th'],1,4776513034.843043,avg_eff_no_outliers $ transport_data_system_9th,367424079.603311,single_datapoint,no_comment
14966,2018,19_THA,new_vehicle_efficiency,ldv,km_per_pj,road,passenger,ice,all,yearly,national,['avg_eff_no_outliers $ transport_data_system_9th'],1,3086802010.889935,avg_eff_no_outliers $ transport_data_system_9th,237446308.529995,single_datapoint,no_comment
14967,2018,19_THA,travel_km,ldv,km,road,passenger,ice,all,yearly,national,['estimated $ calculate_energy_and_activity()'],1,2339067570000.0,estimated $ calculate_energy_and_activity(),247477275000.0,single_datapoint,no_comment
14968,2018,19_THA,turnover_rate,ldv,%,road,freight,ice,all,yearly,national,['manually_inputted_data $ guess'],1,0.39,manually_inputted_data $ guess,0.03,single_datapoint,no_comment
14969,2018,19_THA,turnover_rate,ldv,%,road,passenger,ice,all,yearly,national,['manually_inputted_data $ guess'],1,0.39,manually_inputted_data $ guess,0.03,single_datapoint,no_comment
14970,2019,19_THA,activity,ldv,passenger_km_or_freight_tonne_km,road,passenger,ice,all,yearly,national,['estimated $ calculate_energy_and_activity()'],1,3508601355000.0,estimated $ calculate_energy_and_activity(),388832512500.0,single_datapoint,no_comment
14971,2019,19_THA,energy,ldv,pj,road,passenger,ice,all,yearly,national,['estimated $ calculate_energy_and_activity()'],1,6724.146776055049,estimated $ calculate_energy_and_activity(),745.1877887541486,single_datapoint,no_comment
14972,2019,19_THA,new_vehicle_efficiency,ldv,km_per_pj,road,freight,ice,all,yearly,national,['avg_eff_no_outliers $ transport_data_system_9th'],1,4776513034.843043,avg_eff_no_outliers $ transport_data_system_9th,367424079.603311,single_datapoint,no_comment
14973,2019,19_THA,new_vehicle_efficiency,ldv,km_per_pj,road,passenger,ice,all,yearly,national,['avg_eff_no_outliers $ transport_data_system_9th'],1,3086802010.889935,avg_eff_no_outliers $ transport_data_system_9th,237446308.529995,single_datapoint,no_comment
14974,2019,19_THA,travel_km,ldv,km,road,passenger,ice,all,yearly,national,['estimated $ calculate_energy_and_activity()'],1,2339067570000.0,estimated $ calculate_energy_and_activity(),259221675000.0,single_datapoint,no_comment
14975,2019,19_THA,turnover_rate,ldv,%,road,freight,ice,all,yearly,national,['manually_inputted_data $ guess'],1,0.39,manually_inputted_data $ guess,0.03,single_datapoint,no_comment
14976,2019,19_THA,turnover_rate,ldv,%,road,passenger,ice,all,yearly,national,['manually_inputted_data $ guess'],1,0.39,manually_inputted_data $ guess,0.03,single_datapoint,no_comment
14977,2020,19_THA,activity,ldv,passenger_km_or_freight_tonne_km,road,passenger,ice,all,yearly,national,['estimated $ calculate_energy_and_activity()'],1,3508601355000.0,estimated $ calculate_energy_and_activity(),401644350000.0,single_datapoint,no_comment
14978,2020,19_THA,energy,ldv,pj,road,passenger,ice,all,yearly,national,['estimated $ calculate_energy_and_activity()'],1,6724.146776055049,estimated $ calculate_energy_and_activity(),769.7413550058968,single_datapoint,no_comment
14979,2020,19_THA,new_vehicle_efficiency,ldv,km_per_pj,road,freight,ice,all,yearly,national,['avg_eff_no_outliers $ transport_data_system_9th'],1,4776513034.843043,avg_eff_no_outliers $ transport_data_system_9th,367424079.603311,single_datapoint,no_comment
14980,2020,19_THA,new_vehicle_efficiency,ldv,km_per_pj,road,passenger,ice,all,yearly,national,['avg_eff_no_outliers $ transport_data_system_9th'],1,3086802010.889935,avg_eff_no_outliers $ transport_data_system_9th,237446308.529995,single_datapoint,no_comment
14981,2020,19_THA,travel_km,ldv,km,road,passenger,ice,all,yearly,national,['estimated $ calculate_energy_and_activity()'],1,2339067570000.0,estimated $ calculate_energy_and_activity(),267762900000.0,single_datapoint,no_comment
14982,2020,19_THA,turnover_rate,ldv,%,road,freight,ice,all,yearly,national,['manually_inputted_data $ guess'],1,0.39,manually_inputted_data $ guess,0.03,single_datapoint,no_comment
14983,2020,19_THA,turnover_rate,ldv,%,road,passenger,ice,all,yearly,national,['manually_inputted_data $ guess'],1,0.39,manually_inputted_data $ guess,0.03,single_datapoint,no_comment
14984,2021,19_THA,new_vehicle_efficiency,ldv,km_per_pj,road,freight,ice,all,yearly,national,['avg_eff_no_outliers $ transport_data_system_9th'],1,4776513034.843043,avg_eff_no_outliers $ transport_data_system_9th,367424079.603311,single_datapoint,no_comment
14985,2021,19_THA,new_vehicle_efficiency,ldv,km_per_pj,road,passenger,ice,all,yearly,national,['avg_eff_no_outliers $ transport_data_system_9th'],1,3086802010.889935,avg_eff_no_outliers $ transport_data_system_9th,237446308.529995,single_datapoint,no_comment
14986,2021,19_THA,turnover_rate,ldv,%,road,freight,ice,all,yearly,national,['manually_inputted_data $ guess'],1,0.39,manually_inputted_data $ guess,0.03,single_datapoint,no_comment
14987,2021,19_THA,turnover_rate,ldv,%,road,passenger,ice,all,yearly,national,['manually_inputted_data $ guess'],1,0.39,manually_inputted_data $ guess,0.03,single_datapoint,no_comment
14988,2022,19_THA,new_vehicle_efficiency,ldv,km_per_pj,road,freight,ice,all,yearly,national,['avg_eff_no_outliers $ transport_data_system_9th'],1,4776513034.843043,avg_eff_no_outliers $ transport_data_system_9th,367424079.603311,single_datapoint,no_comment
14989,2022,19_THA,new_vehicle_efficiency,ldv,km_per_pj,road,passenger,ice,all,yearly,national,['avg_eff_no_outliers $ transport_data_system_9th'],1,3086802010.889935,avg_eff_no_outliers $ transport_data_system_9th,237446308.529995,single_datapoint,no_comment
14990,2022,19_THA,turnover_rate,ldv,%,road,freight,ice,all,yearly,national,['manually_inputted_data $ guess'],1,0.39,manually_inputted_data $ guess,0.03,single_datapoint,no_comment
14991,2022,19_THA,turnover_rate,ldv,%,road,passenger,ice,all,yearly,national,['manually_inputted_data $ guess'],1,0.39,manually_inputted_data $ guess,0.03,single_datapoint,no_comment
14992,2010,19_THA,new_vehicle_efficiency,ldv,km_per_pj,road,freight,lpg,all,yearly,national,['avg_eff_no_outliers $ transport_data_system_9th'],1,3668778329.1297708,avg_eff_no_outliers $ transport_data_system_9th,282213717.625367,single_datapoint,no_comment
14993,2010,19_THA,new_vehicle_efficiency,ldv,km_per_pj,road,passenger,lpg,all,yearly,national,['avg_eff_no_outliers $ transport_data_system_9th'],1,4713924488.084526,avg_eff_no_outliers $ transport_data_system_9th,362609576.006502,single_datapoint,no_comment
14994,2010,19_THA,turnover_rate,ldv,%,road,freight,lpg,all,yearly,national,['manually_inputted_data $ guess'],1,0.42,manually_inputted_data $ guess,0.03,manual,no_comment
14995,2010,19_THA,turnover_rate,ldv,%,road,passenger,lpg,all,yearly,national,['manually_inputted_data $ guess'],1,0.42,manually_inputted_data $ guess,0.03,manual,no_comment
14996,2011,19_THA,new_vehicle_efficiency,ldv,km_per_pj,road,freight,lpg,all,yearly,national,['avg_eff_no_outliers $ transport_data_system_9th'],1,3668778329.1297708,avg_eff_no_outliers $ transport_data_system_9th,282213717.625367,single_datapoint,no_comment
14997,2011,19_THA,new_vehicle_efficiency,ldv,km_per_pj,road,passenger,lpg,all,yearly,national,['avg_eff_no_outliers $ transport_data_system_9th'],1,4713924488.084526,avg_eff_no_outliers $ transport_data_system_9th,362609576.006502,single_datapoint,no_comment
14998,2011,19_THA,turnover_rate,ldv,%,road,freight,lpg,all,yearly,national,['manually_inputted_data $ guess'],1,0.42,manually_inputted_data $ guess,0.03,manual,no_comment
14999,2011,19_THA,turnover_rate,ldv,%,road,passenger,lpg,all,yearly,national,['manually_inputted_data $ guess'],1,0.42,manually_inputted_data $ guess,0.03,manual,no_comment
15000,2012,19_THA,new_vehicle_efficiency,ldv,km_per_pj,road,freight,lpg,all,yearly,national,['avg_eff_no_outliers $ transport_data_system_9th'],1,3668778329.1297708,avg_eff_no_outliers $ transport_data_system_9th,282213717.625367,single_datapoint,no_comment
15001,2012,19_THA,new_vehicle_efficiency,ldv,km_per_pj,road,passenger,lpg,all,yearly,national,['avg_eff_no_outliers $ transport_data_system_9th'],1,4713924488.084526,avg_eff_no_outliers $ transport_data_system_9th,362609576.006502,single_datapoint,no_comment
15002,2012,19_THA,turnover_rate,ldv,%,road,freight,lpg,all,yearly,national,['manually_inputted_data $ guess'],1,0.42,manually_inputted_data $ guess,0.03,manual,no_comment
15003,2012,19_THA,turnover_rate,ldv,%,road,passenger,lpg,all,yearly,national,['manually_inputted_data $ guess'],1,0.42,manually_inputted_data $ guess,0.03,manual,no_comment
15004,2013,19_THA,new_vehicle_efficiency,ldv,km_per_pj,road,freight,lpg,all,yearly,national,['avg_eff_no_outliers $ transport_data_system_9th'],1,3668778329.1297708,avg_eff_no_outliers $ transport_data_system_9th,282213717.625367,single_datapoint,no_comment
15005,2013,19_THA,new_vehicle_efficiency,ldv,km_per_pj,road,passenger,lpg,all,yearly,national,['avg_eff_no_outliers $ transport_data_system_9th'],1,4713924488.084526,avg_eff_no_outliers $ transport_data_system_9th,362609576.006502,single_datapoint,no_comment
15006,2013,19_THA,turnover_rate,ldv,%,road,freight,lpg,all,yearly,national,['manually_inputted_data $ guess'],1,0.42,manually_inputted_data $ guess,0.03,manual,no_comment
15007,2013,19_THA,turnover_rate,ldv,%,road,passenger,lpg,all,yearly,national,['manually_inputted_data $ guess'],1,0.42,manually_inputted_data $ guess,0.03,manual,no_comment
15008,2014,19_THA,new_vehicle_efficiency,ldv,km_per_pj,road,freight,lpg,all,yearly,national,['avg_eff_no_outliers $ transport_data_system_9th'],1,3668778329.1297708,avg_eff_no_outliers $ transport_data_system_9th,282213717.625367,single_datapoint,no_comment
15009,2014,19_THA,new_vehicle_efficiency,ldv,km_per_pj,road,passenger,lpg,all,yearly,national,['avg_eff_no_outliers $ transport_data_system_9th'],1,4713924488.084526,avg_eff_no_outliers $ transport_data_system_9th,362609576.006502,single_datapoint,no_comment
15010,2014,19_THA,turnover_rate,ldv,%,road,freight,lpg,all,yearly,national,['manually_inputted_data $ guess'],1,0.42,manually_inputted_data $ guess,0.03,manual,no_comment
15011,2014,19_THA,turnover_rate,ldv,%,road,passenger,lpg,all,yearly,national,['manually_inputted_data $ guess'],1,0.42,manually_inputted_data $ guess,0.03,manual,no_comment
15012,2015,19_THA,new_vehicle_efficiency,ldv,km_per_pj,road,freight,lpg,all,yearly,national,['avg_eff_no_outliers $ transport_data_system_9th'],1,3668778329.1297708,avg_eff_no_outliers $ transport_data_system_9th,282213717.625367,single_datapoint,no_comment
15013,2015,19_THA,new_vehicle_efficiency,ldv,km_per_pj,road,passenger,lpg,all,yearly,national,['avg_eff_no_outliers $ transport_data_system_9th'],1,4713924488.084526,avg_eff_no_outliers $ transport_data_system_9th,362609576.006502,single_datapoint,no_comment
15014,2015,19_THA,turnover_rate,ldv,%,road,freight,lpg,all,yearly,national,['manually_inputted_data $ guess'],1,0.42,manually_inputted_data $ guess,0.03,manual,no_comment
15015,2015,19_THA,turnover_rate,ldv,%,road,passenger,lpg,all,yearly,national,['manually_inputted_data $ guess'],1,0.42,manually_inputted_data $ guess,0.03,manual,no_comment
15016,2016,19_THA,new_vehicle_efficiency,ldv,km_per_pj,road,freight,lpg,all,yearly,national,['avg_eff_no_outliers $ transport_data_system_9th'],1,3668778329.1297708,avg_eff_no_outliers $ transport_data_system_9th,282213717.625367,single_datapoint,no_comment
15017,2016,19_THA,new_vehicle_efficiency,ldv,km_per_pj,road,passenger,lpg,all,yearly,national,['avg_eff_no_outliers $ transport_data_system_9th'],1,4713924488.084526,avg_eff_no_outliers $ transport_data_system_9th,362609576.006502,single_datapoint,no_comment
15018,2016,19_THA,turnover_rate,ldv,%,road,freight,lpg,all,yearly,national,['manually_inputted_data $ guess'],1,0.42,manually_inputted_data $ guess,0.03,manual,no_comment
15019,2016,19_THA,turnover_rate,ldv,%,road,passenger,lpg,all,yearly,national,['manually_inputted_data $ guess'],1,0.42,manually_inputted_data $ guess,0.03,manual,no_comment
15020,2017,19_THA,activity,ldv,passenger_km_or_freight_tonne_km,road,freight,lpg,all,yearly,national,"['8th_edition_transport_model $ reference', 'estimated $ calculate_energy_and_activity()']",2,1762095642.55264,8th_edition_transport_model $ reference,1680112992.55264,manual,no_comment
15021,2017,19_THA,activity,ldv,passenger_km_or_freight_tonne_km,road,passenger,lpg,all,yearly,national,"['8th_edition_transport_model $ reference', 'estimated $ calculate_energy_and_activity()']",2,29591229784.715927,estimated $ calculate_energy_and_activity(),9791730000.0,manual,no_comment
15022,2017,19_THA,energy,ldv,pj,road,freight,lpg,all,yearly,national,"['8th_edition_transport_model $ reference', 'estimated $ calculate_energy_and_activity()']",2,15.40016856380203,8th_edition_transport_model $ reference,14.507272677372322,manual,no_comment
15023,2017,19_THA,energy,ldv,pj,road,passenger,lpg,all,yearly,national,"['8th_edition_transport_model $ reference', 'estimated $ calculate_energy_and_activity()']",2,44.38118514447983,estimated $ calculate_energy_and_activity(),18.76560573565118,manual,no_comment
15024,2017,19_THA,new_vehicle_efficiency,ldv,km_per_pj,road,freight,lpg,all,yearly,national,['avg_eff_no_outliers $ transport_data_system_9th'],1,3668778329.1297708,avg_eff_no_outliers $ transport_data_system_9th,282213717.625367,single_datapoint,no_comment
15025,2017,19_THA,new_vehicle_efficiency,ldv,km_per_pj,road,passenger,lpg,all,yearly,national,['avg_eff_no_outliers $ transport_data_system_9th'],1,4713924488.084526,avg_eff_no_outliers $ transport_data_system_9th,362609576.006502,single_datapoint,no_comment
15026,2017,19_THA,travel_km,ldv,km,road,freight,lpg,all,yearly,national,['estimated $ calculate_energy_and_activity()'],1,224610000.0,estimated $ calculate_energy_and_activity(),224610000.0,single_datapoint,no_comment
15027,2017,19_THA,travel_km,ldv,km,road,passenger,lpg,all,yearly,national,['estimated $ calculate_energy_and_activity()'],1,6527820000.0,estimated $ calculate_energy_and_activity(),6527820000.0,single_datapoint,no_comment
15028,2017,19_THA,turnover_rate,ldv,%,road,freight,lpg,all,yearly,national,"['manually_inputted_data $ guess', 'turnover_rate_est']",2,0.42,manually_inputted_data $ guess,0.03,manual,no_comment
15029,2017,19_THA,turnover_rate,ldv,%,road,passenger,lpg,all,yearly,national,"['manually_inputted_data $ guess', 'turnover_rate_est']",2,0.42,manually_inputted_data $ guess,0.03,manual,no_comment
15030,2018,19_THA,new_vehicle_efficiency,ldv,km_per_pj,road,freight,lpg,all,yearly,national,['avg_eff_no_outliers $ transport_data_system_9th'],1,3668778329.1297708,avg_eff_no_outliers $ transport_data_system_9th,282213717.625367,single_datapoint,no_comment
15031,2018,19_THA,new_vehicle_efficiency,ldv,km_per_pj,road,passenger,lpg,all,yearly,national,['avg_eff_no_outliers $ transport_data_system_9th'],1,4713924488.084526,avg_eff_no_outliers $ transport_data_system_9th,362609576.006502,single_datapoint,no_comment
15032,2018,19_THA,turnover_rate,ldv,%,road,freight,lpg,all,yearly,national,['manually_inputted_data $ guess'],1,0.42,manually_inputted_data $ guess,0.03,manual,no_comment
15033,2018,19_THA,turnover_rate,ldv,%,road,passenger,lpg,all,yearly,national,['manually_inputted_data $ guess'],1,0.42,manually_inputted_data $ guess,0.03,manual,no_comment
15034,2019,19_THA,new_vehicle_efficiency,ldv,km_per_pj,road,freight,lpg,all,yearly,national,['avg_eff_no_outliers $ transport_data_system_9th'],1,3668778329.1297708,avg_eff_no_outliers $ transport_data_system_9th,282213717.625367,single_datapoint,no_comment
15035,2019,19_THA,new_vehicle_efficiency,ldv,km_per_pj,road,passenger,lpg,all,yearly,national,['avg_eff_no_outliers $ transport_data_system_9th'],1,4713924488.084526,avg_eff_no_outliers $ transport_data_system_9th,362609576.006502,single_datapoint,no_comment
15036,2019,19_THA,turnover_rate,ldv,%,road,freight,lpg,all,yearly,national,['manually_inputted_data $ guess'],1,0.42,manually_inputted_data $ guess,0.03,manual,no_comment
15037,2019,19_THA,turnover_rate,ldv,%,road,passenger,lpg,all,yearly,national,['manually_inputted_data $ guess'],1,0.42,manually_inputted_data $ guess,0.03,manual,no_comment
15038,2020,19_THA,new_vehicle_efficiency,ldv,km_per_pj,road,freight,lpg,all,yearly,national,['avg_eff_no_outliers $ transport_data_system_9th'],1,3668778329.1297708,avg_eff_no_outliers $ transport_data_system_9th,282213717.625367,single_datapoint,no_comment
15039,2020,19_THA,new_vehicle_efficiency,ldv,km_per_pj,road,passenger,lpg,all,yearly,national,['avg_eff_no_outliers $ transport_data_system_9th'],1,4713924488.084526,avg_eff_no_outliers $ transport_data_system_9th,362609576.006502,single_datapoint,no_comment
15040,2020,19_THA,turnover_rate,ldv,%,road,freight,lpg,all,yearly,national,['manually_inputted_data $ guess'],1,0.42,manually_inputted_data $ guess,0.03,manual,no_comment
15041,2020,19_THA,turnover_rate,ldv,%,road,passenger,lpg,all,yearly,national,['manually_inputted_data $ guess'],1,0.42,manually_inputted_data $ guess,0.03,manual,no_comment
15042,2021,19_THA,new_vehicle_efficiency,ldv,km_per_pj,road,freight,lpg,all,yearly,national,['avg_eff_no_outliers $ transport_data_system_9th'],1,3668778329.1297708,avg_eff_no_outliers $ transport_data_system_9th,282213717.625367,single_datapoint,no_comment
15043,2021,19_THA,new_vehicle_efficiency,ldv,km_per_pj,road,passenger,lpg,all,yearly,national,['avg_eff_no_outliers $ transport_data_system_9th'],1,4713924488.084526,avg_eff_no_outliers $ transport_data_system_9th,362609576.006502,single_datapoint,no_comment
15044,2021,19_THA,turnover_rate,ldv,%,road,freight,lpg,all,yearly,national,['manually_inputted_data $ guess'],1,0.42,manually_inputted_data $ guess,0.03,manual,no_comment
15045,2021,19_THA,turnover_rate,ldv,%,road,passenger,lpg,all,yearly,national,['manually_inputted_data $ guess'],1,0.42,manually_inputted_data $ guess,0.03,manual,no_comment
15046,2022,19_THA,new_vehicle_efficiency,ldv,km_per_pj,road,freight,lpg,all,yearly,national,['avg_eff_no_outliers $ transport_data_system_9th'],1,3668778329.1297708,avg_eff_no_outliers $ transport_data_system_9th,282213717.625367,single_datapoint,no_comment
15047,2022,19_THA,new_vehicle_efficiency,ldv,km_per_pj,road,passenger,lpg,all,yearly,national,['avg_eff_no_outliers $ transport_data_system_9th'],1,4713924488.084526,avg_eff_no_outliers $ transport_data_system_9th,362609576.006502,single_datapoint,no_comment
15048,2022,19_THA,turnover_rate,ldv,%,road,freight,lpg,all,yearly,national,['manually_inputted_data $ guess'],1,0.42,manually_inputted_data $ guess,0.03,manual,no_comment
15049,2022,19_THA,turnover_rate,ldv,%,road,passenger,lpg,all,yearly,national,['manually_inputted_data $ guess'],1,0.42,manually_inputted_data $ guess,0.03,manual,no_comment
15050,2010,19_THA,new_vehicle_efficiency,ldv,km_per_pj,road,freight,phev,all,yearly,national,['avg_eff_no_outliers $ transport_data_system_9th'],1,8979606259.303562,avg_eff_no_outliers $ transport_data_system_9th,690738943.023351,single_datapoint,no_comment
15051,2010,19_THA,new_vehicle_efficiency,ldv,km_per_pj,road,passenger,phev,all,yearly,national,['avg_eff_no_outliers $ transport_data_system_9th'],1,5974718100.659283,avg_eff_no_outliers $ transport_data_system_9th,459593700.050714,single_datapoint,no_comment
15052,2010,19_THA,turnover_rate,ldv,%,road,freight,phev,all,yearly,national,['manually_inputted_data $ guess'],1,0.39,manually_inputted_data $ guess,0.03,single_datapoint,no_comment
15053,2010,19_THA,turnover_rate,ldv,%,road,passenger,phev,all,yearly,national,['manually_inputted_data $ guess'],1,0.39,manually_inputted_data $ guess,0.03,single_datapoint,no_comment
15054,2011,19_THA,new_vehicle_efficiency,ldv,km_per_pj,road,freight,phev,all,yearly,national,['avg_eff_no_outliers $ transport_data_system_9th'],1,8979606259.303562,avg_eff_no_outliers $ transport_data_system_9th,690738943.023351,single_datapoint,no_comment
15055,2011,19_THA,new_vehicle_efficiency,ldv,km_per_pj,road,passenger,phev,all,yearly,national,['avg_eff_no_outliers $ transport_data_system_9th'],1,5974718100.659283,avg_eff_no_outliers $ transport_data_system_9th,459593700.050714,single_datapoint,no_comment
15056,2011,19_THA,turnover_rate,ldv,%,road,freight,phev,all,yearly,national,['manually_inputted_data $ guess'],1,0.39,manually_inputted_data $ guess,0.03,single_datapoint,no_comment
15057,2011,19_THA,turnover_rate,ldv,%,road,passenger,phev,all,yearly,national,['manually_inputted_data $ guess'],1,0.39,manually_inputted_data $ guess,0.03,single_datapoint,no_comment
15058,2012,19_THA,new_vehicle_efficiency,ldv,km_per_pj,road,freight,phev,all,yearly,national,['avg_eff_no_outliers $ transport_data_system_9th'],1,8979606259.303562,avg_eff_no_outliers $ transport_data_system_9th,690738943.023351,single_datapoint,no_comment
15059,2012,19_THA,new_vehicle_efficiency,ldv,km_per_pj,road,passenger,phev,all,yearly,national,['avg_eff_no_outliers $ transport_data_system_9th'],1,5974718100.659283,avg_eff_no_outliers $ transport_data_system_9th,459593700.050714,single_datapoint,no_comment
15060,2012,19_THA,turnover_rate,ldv,%,road,freight,phev,all,yearly,national,['manually_inputted_data $ guess'],1,0.39,manually_inputted_data $ guess,0.03,single_datapoint,no_comment
15061,2012,19_THA,turnover_rate,ldv,%,road,passenger,phev,all,yearly,national,['manually_inputted_data $ guess'],1,0.39,manually_inputted_data $ guess,0.03,single_datapoint,no_comment
15062,2013,19_THA,new_vehicle_efficiency,ldv,km_per_pj,road,freight,phev,all,yearly,national,['avg_eff_no_outliers $ transport_data_system_9th'],1,8979606259.303562,avg_eff_no_outliers $ transport_data_system_9th,690738943.023351,single_datapoint,no_comment
15063,2013,19_THA,new_vehicle_efficiency,ldv,km_per_pj,road,passenger,phev,all,yearly,national,['avg_eff_no_outliers $ transport_data_system_9th'],1,5974718100.659283,avg_eff_no_outliers $ transport_data_system_9th,459593700.050714,single_datapoint,no_comment
15064,2013,19_THA,turnover_rate,ldv,%,road,freight,phev,all,yearly,national,['manually_inputted_data $ guess'],1,0.39,manually_inputted_data $ guess,0.03,single_datapoint,no_comment
15065,2013,19_THA,turnover_rate,ldv,%,road,passenger,phev,all,yearly,national,['manually_inputted_data $ guess'],1,0.39,manually_inputted_data $ guess,0.03,single_datapoint,no_comment
15066,2014,19_THA,new_vehicle_efficiency,ldv,km_per_pj,road,freight,phev,all,yearly,national,['avg_eff_no_outliers $ transport_data_system_9th'],1,8979606259.303562,avg_eff_no_outliers $ transport_data_system_9th,690738943.023351,single_datapoint,no_comment
15067,2014,19_THA,new_vehicle_efficiency,ldv,km_per_pj,road,passenger,phev,all,yearly,national,['avg_eff_no_outliers $ transport_data_system_9th'],1,5974718100.659283,avg_eff_no_outliers $ transport_data_system_9th,459593700.050714,single_datapoint,no_comment
15068,2014,19_THA,turnover_rate,ldv,%,road,freight,phev,all,yearly,national,['manually_inputted_data $ guess'],1,0.39,manually_inputted_data $ guess,0.03,single_datapoint,no_comment
15069,2014,19_THA,turnover_rate,ldv,%,road,passenger,phev,all,yearly,national,['manually_inputted_data $ guess'],1,0.39,manually_inputted_data $ guess,0.03,single_datapoint,no_comment
15070,2015,19_THA,new_vehicle_efficiency,ldv,km_per_pj,road,freight,phev,all,yearly,national,['avg_eff_no_outliers $ transport_data_system_9th'],1,8979606259.303562,avg_eff_no_outliers $ transport_data_system_9th,690738943.023351,single_datapoint,no_comment
15071,2015,19_THA,new_vehicle_efficiency,ldv,km_per_pj,road,passenger,phev,all,yearly,national,['avg_eff_no_outliers $ transport_data_system_9th'],1,5974718100.659283,avg_eff_no_outliers $ transport_data_system_9th,459593700.050714,single_datapoint,no_comment
15072,2015,19_THA,turnover_rate,ldv,%,road,freight,phev,all,yearly,national,['manually_inputted_data $ guess'],1,0.39,manually_inputted_data $ guess,0.03,single_datapoint,no_comment
15073,2015,19_THA,turnover_rate,ldv,%,road,passenger,phev,all,yearly,national,['manually_inputted_data $ guess'],1,0.39,manually_inputted_data $ guess,0.03,single_datapoint,no_comment
15074,2016,19_THA,new_vehicle_efficiency,ldv,km_per_pj,road,freight,phev,all,yearly,national,['avg_eff_no_outliers $ transport_data_system_9th'],1,8979606259.303562,avg_eff_no_outliers $ transport_data_system_9th,690738943.023351,single_datapoint,no_comment
15075,2016,19_THA,new_vehicle_efficiency,ldv,km_per_pj,road,passenger,phev,all,yearly,national,['avg_eff_no_outliers $ transport_data_system_9th'],1,5974718100.659283,avg_eff_no_outliers $ transport_data_system_9th,459593700.050714,single_datapoint,no_comment
15076,2016,19_THA,turnover_rate,ldv,%,road,freight,phev,all,yearly,national,['manually_inputted_data $ guess'],1,0.39,manually_inputted_data $ guess,0.03,single_datapoint,no_comment
15077,2016,19_THA,turnover_rate,ldv,%,road,passenger,phev,all,yearly,national,['manually_inputted_data $ guess'],1,0.39,manually_inputted_data $ guess,0.03,single_datapoint,no_comment
15078,2017,19_THA,new_vehicle_efficiency,ldv,km_per_pj,road,freight,phev,all,yearly,national,['avg_eff_no_outliers $ transport_data_system_9th'],1,8979606259.303562,avg_eff_no_outliers $ transport_data_system_9th,690738943.023351,single_datapoint,no_comment
15079,2017,19_THA,new_vehicle_efficiency,ldv,km_per_pj,road,passenger,phev,all,yearly,national,['avg_eff_no_outliers $ transport_data_system_9th'],1,5974718100.659283,avg_eff_no_outliers $ transport_data_system_9th,459593700.050714,single_datapoint,no_comment
15080,2017,19_THA,turnover_rate,ldv,%,road,freight,phev,all,yearly,national,['manually_inputted_data $ guess'],1,0.39,manually_inputted_data $ guess,0.03,single_datapoint,no_comment
15081,2017,19_THA,turnover_rate,ldv,%,road,passenger,phev,all,yearly,national,['manually_inputted_data $ guess'],1,0.39,manually_inputted_data $ guess,0.03,single_datapoint,no_comment
15082,2018,19_THA,new_vehicle_efficiency,ldv,km_per_pj,road,freight,phev,all,yearly,national,['avg_eff_no_outliers $ transport_data_system_9th'],1,8979606259.303562,avg_eff_no_outliers $ transport_data_system_9th,690738943.023351,single_datapoint,no_comment
15083,2018,19_THA,new_vehicle_efficiency,ldv,km_per_pj,road,passenger,phev,all,yearly,national,['avg_eff_no_outliers $ transport_data_system_9th'],1,5974718100.659283,avg_eff_no_outliers $ transport_data_system_9th,459593700.050714,single_datapoint,no_comment
15084,2018,19_THA,turnover_rate,ldv,%,road,freight,phev,all,yearly,national,['manually_inputted_data $ guess'],1,0.39,manually_inputted_data $ guess,0.03,single_datapoint,no_comment
15085,2018,19_THA,turnover_rate,ldv,%,road,passenger,phev,all,yearly,national,['manually_inputted_data $ guess'],1,0.39,manually_inputted_data $ guess,0.03,single_datapoint,no_comment
15086,2019,19_THA,new_vehicle_efficiency,ldv,km_per_pj,road,freight,phev,all,yearly,national,['avg_eff_no_outliers $ transport_data_system_9th'],1,8979606259.303562,avg_eff_no_outliers $ transport_data_system_9th,690738943.023351,single_datapoint,no_comment
15087,2019,19_THA,new_vehicle_efficiency,ldv,km_per_pj,road,passenger,phev,all,yearly,national,['avg_eff_no_outliers $ transport_data_system_9th'],1,5974718100.659283,avg_eff_no_outliers $ transport_data_system_9th,459593700.050714,single_datapoint,no_comment
15088,2019,19_THA,turnover_rate,ldv,%,road,freight,phev,all,yearly,national,['manually_inputted_data $ guess'],1,0.39,manually_inputted_data $ guess,0.03,single_datapoint,no_comment
15089,2019,19_THA,turnover_rate,ldv,%,road,passenger,phev,all,yearly,national,['manually_inputted_data $ guess'],1,0.39,manually_inputted_data $ guess,0.03,single_datapoint,no_comment
15090,2020,19_THA,new_vehicle_efficiency,ldv,km_per_pj,road,freight,phev,all,yearly,national,['avg_eff_no_outliers $ transport_data_system_9th'],1,8979606259.303562,avg_eff_no_outliers $ transport_data_system_9th,690738943.023351,single_datapoint,no_comment
15091,2020,19_THA,new_vehicle_efficiency,ldv,km_per_pj,road,passenger,phev,all,yearly,national,['avg_eff_no_outliers $ transport_data_system_9th'],1,5974718100.659283,avg_eff_no_outliers $ transport_data_system_9th,459593700.050714,single_datapoint,no_comment
15092,2020,19_THA,turnover_rate,ldv,%,road,freight,phev,all,yearly,national,['manually_inputted_data $ guess'],1,0.39,manually_inputted_data $ guess,0.03,single_datapoint,no_comment
15093,2020,19_THA,turnover_rate,ldv,%,road,passenger,phev,all,yearly,national,['manually_inputted_data $ guess'],1,0.39,manually_inputted_data $ guess,0.03,single_datapoint,no_comment
15094,2021,19_THA,new_vehicle_efficiency,ldv,km_per_pj,road,freight,phev,all,yearly,national,['avg_eff_no_outliers $ transport_data_system_9th'],1,8979606259.303562,avg_eff_no_outliers $ transport_data_system_9th,690738943.023351,single_datapoint,no_comment
15095,2021,19_THA,new_vehicle_efficiency,ldv,km_per_pj,road,passenger,phev,all,yearly,national,['avg_eff_no_outliers $ transport_data_system_9th'],1,5974718100.659283,avg_eff_no_outliers $ transport_data_system_9th,459593700.050714,single_datapoint,no_comment
15096,2021,19_THA,turnover_rate,ldv,%,road,freight,phev,all,yearly,national,['manually_inputted_data $ guess'],1,0.39,manually_inputted_data $ guess,0.03,single_datapoint,no_comment
15097,2021,19_THA,turnover_rate,ldv,%,road,passenger,phev,all,yearly,national,['manually_inputted_data $ guess'],1,0.39,manually_inputted_data $ guess,0.03,single_datapoint,no_comment
15098,2022,19_THA,new_vehicle_efficiency,ldv,km_per_pj,road,freight,phev,all,yearly,national,['avg_eff_no_outliers $ transport_data_system_9th'],1,8979606259.303562,avg_eff_no_outliers $ transport_data_system_9th,690738943.023351,single_datapoint,no_comment
15099,2022,19_THA,new_vehicle_efficiency,ldv,km_per_pj,road,passenger,phev,all,yearly,national,['avg_eff_no_outliers $ transport_data_system_9th'],1,5974718100.659283,avg_eff_no_outliers $ transport_data_system_9th,459593700.050714,single_datapoint,no_comment
15100,2022,19_THA,turnover_rate,ldv,%,road,freight,phev,all,yearly,national,['manually_inputted_data $ guess'],1,0.39,manually_inputted_data $ guess,0.03,single_datapoint,no_comment
15101,2022,19_THA,turnover_rate,ldv,%,road,passenger,phev,all,yearly,national,['manually_inputted_data $ guess'],1,0.39,manually_inputted_data $ guess,0.03,single_datapoint,no_comment
15102,2010,20_USA,new_vehicle_efficiency,2w,km_per_pj,road,passenger,bev,all,yearly,national,['avg_eff_no_outliers $ transport_data_system_9th'],1,33137029391.83156,avg_eff_no_outliers $ transport_data_system_9th,2549002260.91012,single_datapoint,no_comment
15103,2010,20_USA,turnover_rate,2w,%,road,passenger,bev,all,yearly,national,['manually_inputted_data $ guess'],1,0.42,manually_inputted_data $ guess,0.03,manual,no_comment
15104,2011,20_USA,new_vehicle_efficiency,2w,km_per_pj,road,passenger,bev,all,yearly,national,['avg_eff_no_outliers $ transport_data_system_9th'],1,33137029391.83156,avg_eff_no_outliers $ transport_data_system_9th,2549002260.91012,single_datapoint,no_comment
15105,2011,20_USA,turnover_rate,2w,%,road,passenger,bev,all,yearly,national,['manually_inputted_data $ guess'],1,0.42,manually_inputted_data $ guess,0.03,manual,no_comment
15106,2012,20_USA,new_vehicle_efficiency,2w,km_per_pj,road,passenger,bev,all,yearly,national,['avg_eff_no_outliers $ transport_data_system_9th'],1,33137029391.83156,avg_eff_no_outliers $ transport_data_system_9th,2549002260.91012,single_datapoint,no_comment
15107,2012,20_USA,turnover_rate,2w,%,road,passenger,bev,all,yearly,national,['manually_inputted_data $ guess'],1,0.42,manually_inputted_data $ guess,0.03,manual,no_comment
15108,2013,20_USA,new_vehicle_efficiency,2w,km_per_pj,road,passenger,bev,all,yearly,national,['avg_eff_no_outliers $ transport_data_system_9th'],1,33137029391.83156,avg_eff_no_outliers $ transport_data_system_9th,2549002260.91012,single_datapoint,no_comment
15109,2013,20_USA,turnover_rate,2w,%,road,passenger,bev,all,yearly,national,['manually_inputted_data $ guess'],1,0.42,manually_inputted_data $ guess,0.03,manual,no_comment
15110,2014,20_USA,new_vehicle_efficiency,2w,km_per_pj,road,passenger,bev,all,yearly,national,['avg_eff_no_outliers $ transport_data_system_9th'],1,33137029391.83156,avg_eff_no_outliers $ transport_data_system_9th,2549002260.91012,single_datapoint,no_comment
15111,2014,20_USA,turnover_rate,2w,%,road,passenger,bev,all,yearly,national,['manually_inputted_data $ guess'],1,0.42,manually_inputted_data $ guess,0.03,manual,no_comment
15112,2015,20_USA,new_vehicle_efficiency,2w,km_per_pj,road,passenger,bev,all,yearly,national,['avg_eff_no_outliers $ transport_data_system_9th'],1,33137029391.83156,avg_eff_no_outliers $ transport_data_system_9th,2549002260.91012,single_datapoint,no_comment
15113,2015,20_USA,turnover_rate,2w,%,road,passenger,bev,all,yearly,national,['manually_inputted_data $ guess'],1,0.42,manually_inputted_data $ guess,0.03,manual,no_comment
15114,2016,20_USA,new_vehicle_efficiency,2w,km_per_pj,road,passenger,bev,all,yearly,national,['avg_eff_no_outliers $ transport_data_system_9th'],1,33137029391.83156,avg_eff_no_outliers $ transport_data_system_9th,2549002260.91012,single_datapoint,no_comment
15115,2016,20_USA,turnover_rate,2w,%,road,passenger,bev,all,yearly,national,['manually_inputted_data $ guess'],1,0.42,manually_inputted_data $ guess,0.03,manual,no_comment
15116,2017,20_USA,activity,2w,passenger_km_or_freight_tonne_km,road,passenger,bev,all,yearly,national,"['8th_edition_transport_model $ reference', 'estimated $ calculate_energy_and_activity()']",2,273852545.51545054,estimated $ calculate_energy_and_activity(),178480500.0,manual,no_comment
15117,2017,20_USA,energy,2w,pj,road,passenger,bev,all,yearly,national,"['8th_edition_transport_model $ reference', 'estimated $ calculate_energy_and_activity()']",2,0.10530047900941723,estimated $ calculate_energy_and_activity(),0.07329716055944054,manual,no_comment
15118,2017,20_USA,new_vehicle_efficiency,2w,km_per_pj,road,passenger,bev,all,yearly,national,['avg_eff_no_outliers $ transport_data_system_9th'],1,33137029391.83156,avg_eff_no_outliers $ transport_data_system_9th,2549002260.91012,single_datapoint,no_comment
15119,2017,20_USA,travel_km,2w,km,road,passenger,bev,all,yearly,national,['estimated $ calculate_energy_and_activity()'],1,162255000.0,estimated $ calculate_energy_and_activity(),162255000.0,single_datapoint,no_comment
15120,2017,20_USA,turnover_rate,2w,%,road,passenger,bev,all,yearly,national,"['manually_inputted_data $ guess', 'turnover_rate_est']",2,0.42,manually_inputted_data $ guess,0.03,manual,no_comment
15121,2018,20_USA,new_vehicle_efficiency,2w,km_per_pj,road,passenger,bev,all,yearly,national,['avg_eff_no_outliers $ transport_data_system_9th'],1,33137029391.83156,avg_eff_no_outliers $ transport_data_system_9th,2549002260.91012,single_datapoint,no_comment
15122,2018,20_USA,turnover_rate,2w,%,road,passenger,bev,all,yearly,national,['manually_inputted_data $ guess'],1,0.42,manually_inputted_data $ guess,0.03,manual,no_comment
15123,2019,20_USA,new_vehicle_efficiency,2w,km_per_pj,road,passenger,bev,all,yearly,national,['avg_eff_no_outliers $ transport_data_system_9th'],1,33137029391.83156,avg_eff_no_outliers $ transport_data_system_9th,2549002260.91012,single_datapoint,no_comment
15124,2019,20_USA,turnover_rate,2w,%,road,passenger,bev,all,yearly,national,['manually_inputted_data $ guess'],1,0.42,manually_inputted_data $ guess,0.03,manual,no_comment
15125,2020,20_USA,new_vehicle_efficiency,2w,km_per_pj,road,passenger,bev,all,yearly,national,['avg_eff_no_outliers $ transport_data_system_9th'],1,33137029391.83156,avg_eff_no_outliers $ transport_data_system_9th,2549002260.91012,single_datapoint,no_comment
15126,2020,20_USA,turnover_rate,2w,%,road,passenger,bev,all,yearly,national,['manually_inputted_data $ guess'],1,0.42,manually_inputted_data $ guess,0.03,manual,no_comment
15127,2021,20_USA,new_vehicle_efficiency,2w,km_per_pj,road,passenger,bev,all,yearly,national,['avg_eff_no_outliers $ transport_data_system_9th'],1,33137029391.83156,avg_eff_no_outliers $ transport_data_system_9th,2549002260.91012,single_datapoint,no_comment
15128,2021,20_USA,turnover_rate,2w,%,road,passenger,bev,all,yearly,national,['manually_inputted_data $ guess'],1,0.42,manually_inputted_data $ guess,0.03,manual,no_comment
15129,2022,20_USA,new_vehicle_efficiency,2w,km_per_pj,road,passenger,bev,all,yearly,national,['avg_eff_no_outliers $ transport_data_system_9th'],1,33137029391.83156,avg_eff_no_outliers $ transport_data_system_9th,2549002260.91012,single_datapoint,no_comment
15130,2022,20_USA,turnover_rate,2w,%,road,passenger,bev,all,yearly,national,['manually_inputted_data $ guess'],1,0.42,manually_inputted_data $ guess,0.03,manual,no_comment
15131,2010,20_USA,new_vehicle_efficiency,2w,km_per_pj,road,passenger,ice,all,yearly,national,['avg_eff_no_outliers $ transport_data_system_9th'],1,7669072338.574219,avg_eff_no_outliers $ transport_data_system_9th,589928641.428786,single_datapoint,no_comment
15132,2010,20_USA,turnover_rate,2w,%,road,passenger,ice,all,yearly,national,['manually_inputted_data $ guess'],1,0.39,manually_inputted_data $ guess,0.03,single_datapoint,no_comment
15133,2011,20_USA,new_vehicle_efficiency,2w,km_per_pj,road,passenger,ice,all,yearly,national,['avg_eff_no_outliers $ transport_data_system_9th'],1,7669072338.574219,avg_eff_no_outliers $ transport_data_system_9th,589928641.428786,single_datapoint,no_comment
15134,2011,20_USA,turnover_rate,2w,%,road,passenger,ice,all,yearly,national,['manually_inputted_data $ guess'],1,0.39,manually_inputted_data $ guess,0.03,single_datapoint,no_comment
15135,2012,20_USA,new_vehicle_efficiency,2w,km_per_pj,road,passenger,ice,all,yearly,national,['avg_eff_no_outliers $ transport_data_system_9th'],1,7669072338.574219,avg_eff_no_outliers $ transport_data_system_9th,589928641.428786,single_datapoint,no_comment
15136,2012,20_USA,turnover_rate,2w,%,road,passenger,ice,all,yearly,national,['manually_inputted_data $ guess'],1,0.39,manually_inputted_data $ guess,0.03,single_datapoint,no_comment
15137,2013,20_USA,new_vehicle_efficiency,2w,km_per_pj,road,passenger,ice,all,yearly,national,['avg_eff_no_outliers $ transport_data_system_9th'],1,7669072338.574219,avg_eff_no_outliers $ transport_data_system_9th,589928641.428786,single_datapoint,no_comment
15138,2013,20_USA,turnover_rate,2w,%,road,passenger,ice,all,yearly,national,['manually_inputted_data $ guess'],1,0.39,manually_inputted_data $ guess,0.03,single_datapoint,no_comment
15139,2014,20_USA,new_vehicle_efficiency,2w,km_per_pj,road,passenger,ice,all,yearly,national,['avg_eff_no_outliers $ transport_data_system_9th'],1,7669072338.574219,avg_eff_no_outliers $ transport_data_system_9th,589928641.428786,single_datapoint,no_comment
15140,2014,20_USA,turnover_rate,2w,%,road,passenger,ice,all,yearly,national,['manually_inputted_data $ guess'],1,0.39,manually_inputted_data $ guess,0.03,single_datapoint,no_comment
15141,2015,20_USA,new_vehicle_efficiency,2w,km_per_pj,road,passenger,ice,all,yearly,national,['avg_eff_no_outliers $ transport_data_system_9th'],1,7669072338.574219,avg_eff_no_outliers $ transport_data_system_9th,589928641.428786,single_datapoint,no_comment
15142,2015,20_USA,turnover_rate,2w,%,road,passenger,ice,all,yearly,national,['manually_inputted_data $ guess'],1,0.39,manually_inputted_data $ guess,0.03,single_datapoint,no_comment
15143,2016,20_USA,new_vehicle_efficiency,2w,km_per_pj,road,passenger,ice,all,yearly,national,['avg_eff_no_outliers $ transport_data_system_9th'],1,7669072338.574219,avg_eff_no_outliers $ transport_data_system_9th,589928641.428786,single_datapoint,no_comment
15144,2016,20_USA,turnover_rate,2w,%,road,passenger,ice,all,yearly,national,['manually_inputted_data $ guess'],1,0.39,manually_inputted_data $ guess,0.03,single_datapoint,no_comment
15145,2017,20_USA,activity,2w,passenger_km_or_freight_tonne_km,road,passenger,ice,all,yearly,national,['estimated $ calculate_energy_and_activity()'],1,71577189750.0,estimated $ calculate_energy_and_activity(),71577189750.0,single_datapoint,no_comment
15146,2017,20_USA,energy,2w,pj,road,passenger,ice,all,yearly,national,['estimated $ calculate_energy_and_activity()'],1,102.8819209563371,estimated $ calculate_energy_and_activity(),102.8819209563371,single_datapoint,no_comment
15147,2017,20_USA,new_vehicle_efficiency,2w,km_per_pj,road,passenger,ice,all,yearly,national,['avg_eff_no_outliers $ transport_data_system_9th'],1,7669072338.574219,avg_eff_no_outliers $ transport_data_system_9th,589928641.428786,single_datapoint,no_comment
15148,2017,20_USA,travel_km,2w,km,road,passenger,ice,all,yearly,national,['estimated $ calculate_energy_and_activity()'],1,65070172500.0,estimated $ calculate_energy_and_activity(),65070172500.0,single_datapoint,no_comment
15149,2017,20_USA,turnover_rate,2w,%,road,passenger,ice,all,yearly,national,['manually_inputted_data $ guess'],1,0.39,manually_inputted_data $ guess,0.03,single_datapoint,no_comment
15150,2018,20_USA,new_vehicle_efficiency,2w,km_per_pj,road,passenger,ice,all,yearly,national,['avg_eff_no_outliers $ transport_data_system_9th'],1,7669072338.574219,avg_eff_no_outliers $ transport_data_system_9th,589928641.428786,single_datapoint,no_comment
15151,2018,20_USA,turnover_rate,2w,%,road,passenger,ice,all,yearly,national,['manually_inputted_data $ guess'],1,0.39,manually_inputted_data $ guess,0.03,single_datapoint,no_comment
15152,2019,20_USA,new_vehicle_efficiency,2w,km_per_pj,road,passenger,ice,all,yearly,national,['avg_eff_no_outliers $ transport_data_system_9th'],1,7669072338.574219,avg_eff_no_outliers $ transport_data_system_9th,589928641.428786,single_datapoint,no_comment
15153,2019,20_USA,turnover_rate,2w,%,road,passenger,ice,all,yearly,national,['manually_inputted_data $ guess'],1,0.39,manually_inputted_data $ guess,0.03,single_datapoint,no_comment
15154,2020,20_USA,new_vehicle_efficiency,2w,km_per_pj,road,passenger,ice,all,yearly,national,['avg_eff_no_outliers $ transport_data_system_9th'],1,7669072338.574219,avg_eff_no_outliers $ transport_data_system_9th,589928641.428786,single_datapoint,no_comment
15155,2020,20_USA,turnover_rate,2w,%,road,passenger,ice,all,yearly,national,['manually_inputted_data $ guess'],1,0.39,manually_inputted_data $ guess,0.03,single_datapoint,no_comment
15156,2021,20_USA,new_vehicle_efficiency,2w,km_per_pj,road,passenger,ice,all,yearly,national,['avg_eff_no_outliers $ transport_data_system_9th'],1,7669072338.574219,avg_eff_no_outliers $ transport_data_system_9th,589928641.428786,single_datapoint,no_comment
15157,2021,20_USA,turnover_rate,2w,%,road,passenger,ice,all,yearly,national,['manually_inputted_data $ guess'],1,0.39,manually_inputted_data $ guess,0.03,single_datapoint,no_comment
15158,2022,20_USA,new_vehicle_efficiency,2w,km_per_pj,road,passenger,ice,all,yearly,national,['avg_eff_no_outliers $ transport_data_system_9th'],1,7669072338.574219,avg_eff_no_outliers $ transport_data_system_9th,589928641.428786,single_datapoint,no_comment
15159,2022,20_USA,turnover_rate,2w,%,road,passenger,ice,all,yearly,national,['manually_inputted_data $ guess'],1,0.39,manually_inputted_data $ guess,0.03,single_datapoint,no_comment
15160,2010,20_USA,intensity,all,pj_per_passenger_or_freight_tonne_km,air,freight,all,all,yearly,national,['manually_inputted_data $ energy-intensity-of-passenger-transport-modes-2018'],1,4.0300000000000004e-08,manually_inputted_data $ energy-intensity-of-passenger-transport-modes-2018,3.1e-09,single_datapoint,assumed_to_be_same_as_passenger_air_because_of_lack_of_data
15161,2010,20_USA,intensity,all,pj_per_passenger_or_freight_tonne_km,rail,freight,all,all,yearly,national,['manually_inputted_data $ iea_howtocalculatetheindicatorsforthetransportsectors.pdf'],1,2.86e-09,manually_inputted_data $ iea_howtocalculatetheindicatorsforthetransportsectors.pdf,2.2e-10,single_datapoint,from_how_to_calculate_the_indicators_for_the_transport_sector
15162,2010,20_USA,intensity,all,pj_per_passenger_or_freight_tonne_km,ship,freight,all,all,yearly,national,['manually_inputted_data $ iea_howtocalculatetheindicatorsforthetransportsectors.pdf'],1,7.02e-09,manually_inputted_data $ iea_howtocalculatetheindicatorsforthetransportsectors.pdf,5.4e-10,single_datapoint,from_how_to_calculate_the_indicators_for_the_transport_sector
15163,2010,20_USA,intensity,all,pj_per_passenger_or_freight_tonne_km,air,passenger,all,all,yearly,national,['manually_inputted_data $ energy-intensity-of-passenger-transport-modes-2018'],1,4.0300000000000004e-08,manually_inputted_data $ energy-intensity-of-passenger-transport-modes-2018,3.1e-09,single_datapoint,no_comment
15164,2010,20_USA,intensity,all,pj_per_passenger_or_freight_tonne_km,rail,passenger,all,all,yearly,national,['manually_inputted_data $ energy-intensity-of-passenger-transport-modes-2018'],1,2.6e-09,manually_inputted_data $ energy-intensity-of-passenger-transport-modes-2018,2e-10,single_datapoint,no_comment
15165,2010,20_USA,intensity,all,pj_per_passenger_or_freight_tonne_km,ship,passenger,all,all,yearly,national,['manually_inputted_data $ iea_howtocalculatetheindicatorsforthetransportsectors.pdf'],1,7.02e-09,manually_inputted_data $ iea_howtocalculatetheindicatorsforthetransportsectors.pdf,5.4e-10,single_datapoint,assumed_to_be_the_same_as_ship_freight_from_iea_how_to
15166,2011,20_USA,intensity,all,pj_per_passenger_or_freight_tonne_km,air,freight,all,all,yearly,national,['manually_inputted_data $ energy-intensity-of-passenger-transport-modes-2018'],1,4.0300000000000004e-08,manually_inputted_data $ energy-intensity-of-passenger-transport-modes-2018,3.1e-09,single_datapoint,assumed_to_be_same_as_passenger_air_because_of_lack_of_data
15167,2011,20_USA,intensity,all,pj_per_passenger_or_freight_tonne_km,rail,freight,all,all,yearly,national,['manually_inputted_data $ iea_howtocalculatetheindicatorsforthetransportsectors.pdf'],1,2.86e-09,manually_inputted_data $ iea_howtocalculatetheindicatorsforthetransportsectors.pdf,2.2e-10,single_datapoint,from_how_to_calculate_the_indicators_for_the_transport_sector
15168,2011,20_USA,intensity,all,pj_per_passenger_or_freight_tonne_km,ship,freight,all,all,yearly,national,['manually_inputted_data $ iea_howtocalculatetheindicatorsforthetransportsectors.pdf'],1,7.02e-09,manually_inputted_data $ iea_howtocalculatetheindicatorsforthetransportsectors.pdf,5.4e-10,single_datapoint,from_how_to_calculate_the_indicators_for_the_transport_sector
15169,2011,20_USA,intensity,all,pj_per_passenger_or_freight_tonne_km,air,passenger,all,all,yearly,national,['manually_inputted_data $ energy-intensity-of-passenger-transport-modes-2018'],1,4.0300000000000004e-08,manually_inputted_data $ energy-intensity-of-passenger-transport-modes-2018,3.1e-09,single_datapoint,no_comment
15170,2011,20_USA,intensity,all,pj_per_passenger_or_freight_tonne_km,rail,passenger,all,all,yearly,national,['manually_inputted_data $ energy-intensity-of-passenger-transport-modes-2018'],1,2.6e-09,manually_inputted_data $ energy-intensity-of-passenger-transport-modes-2018,2e-10,single_datapoint,no_comment
15171,2011,20_USA,intensity,all,pj_per_passenger_or_freight_tonne_km,ship,passenger,all,all,yearly,national,['manually_inputted_data $ iea_howtocalculatetheindicatorsforthetransportsectors.pdf'],1,7.02e-09,manually_inputted_data $ iea_howtocalculatetheindicatorsforthetransportsectors.pdf,5.4e-10,single_datapoint,assumed_to_be_the_same_as_ship_freight_from_iea_how_to
15172,2012,20_USA,intensity,all,pj_per_passenger_or_freight_tonne_km,air,freight,all,all,yearly,national,['manually_inputted_data $ energy-intensity-of-passenger-transport-modes-2018'],1,4.0300000000000004e-08,manually_inputted_data $ energy-intensity-of-passenger-transport-modes-2018,3.1e-09,single_datapoint,assumed_to_be_same_as_passenger_air_because_of_lack_of_data
15173,2012,20_USA,intensity,all,pj_per_passenger_or_freight_tonne_km,rail,freight,all,all,yearly,national,['manually_inputted_data $ iea_howtocalculatetheindicatorsforthetransportsectors.pdf'],1,2.86e-09,manually_inputted_data $ iea_howtocalculatetheindicatorsforthetransportsectors.pdf,2.2e-10,single_datapoint,from_how_to_calculate_the_indicators_for_the_transport_sector
15174,2012,20_USA,intensity,all,pj_per_passenger_or_freight_tonne_km,ship,freight,all,all,yearly,national,['manually_inputted_data $ iea_howtocalculatetheindicatorsforthetransportsectors.pdf'],1,7.02e-09,manually_inputted_data $ iea_howtocalculatetheindicatorsforthetransportsectors.pdf,5.4e-10,single_datapoint,from_how_to_calculate_the_indicators_for_the_transport_sector
15175,2012,20_USA,intensity,all,pj_per_passenger_or_freight_tonne_km,air,passenger,all,all,yearly,national,['manually_inputted_data $ energy-intensity-of-passenger-transport-modes-2018'],1,4.0300000000000004e-08,manually_inputted_data $ energy-intensity-of-passenger-transport-modes-2018,3.1e-09,single_datapoint,no_comment
15176,2012,20_USA,intensity,all,pj_per_passenger_or_freight_tonne_km,rail,passenger,all,all,yearly,national,['manually_inputted_data $ energy-intensity-of-passenger-transport-modes-2018'],1,2.6e-09,manually_inputted_data $ energy-intensity-of-passenger-transport-modes-2018,2e-10,single_datapoint,no_comment
15177,2012,20_USA,intensity,all,pj_per_passenger_or_freight_tonne_km,ship,passenger,all,all,yearly,national,['manually_inputted_data $ iea_howtocalculatetheindicatorsforthetransportsectors.pdf'],1,7.02e-09,manually_inputted_data $ iea_howtocalculatetheindicatorsforthetransportsectors.pdf,5.4e-10,single_datapoint,assumed_to_be_the_same_as_ship_freight_from_iea_how_to
15178,2013,20_USA,intensity,all,pj_per_passenger_or_freight_tonne_km,air,freight,all,all,yearly,national,['manually_inputted_data $ energy-intensity-of-passenger-transport-modes-2018'],1,4.0300000000000004e-08,manually_inputted_data $ energy-intensity-of-passenger-transport-modes-2018,3.1e-09,single_datapoint,assumed_to_be_same_as_passenger_air_because_of_lack_of_data
15179,2013,20_USA,intensity,all,pj_per_passenger_or_freight_tonne_km,rail,freight,all,all,yearly,national,['manually_inputted_data $ iea_howtocalculatetheindicatorsforthetransportsectors.pdf'],1,2.86e-09,manually_inputted_data $ iea_howtocalculatetheindicatorsforthetransportsectors.pdf,2.2e-10,single_datapoint,from_how_to_calculate_the_indicators_for_the_transport_sector
15180,2013,20_USA,intensity,all,pj_per_passenger_or_freight_tonne_km,ship,freight,all,all,yearly,national,['manually_inputted_data $ iea_howtocalculatetheindicatorsforthetransportsectors.pdf'],1,7.02e-09,manually_inputted_data $ iea_howtocalculatetheindicatorsforthetransportsectors.pdf,5.4e-10,single_datapoint,from_how_to_calculate_the_indicators_for_the_transport_sector
15181,2013,20_USA,intensity,all,pj_per_passenger_or_freight_tonne_km,air,passenger,all,all,yearly,national,['manually_inputted_data $ energy-intensity-of-passenger-transport-modes-2018'],1,4.0300000000000004e-08,manually_inputted_data $ energy-intensity-of-passenger-transport-modes-2018,3.1e-09,single_datapoint,no_comment
15182,2013,20_USA,intensity,all,pj_per_passenger_or_freight_tonne_km,rail,passenger,all,all,yearly,national,['manually_inputted_data $ energy-intensity-of-passenger-transport-modes-2018'],1,2.6e-09,manually_inputted_data $ energy-intensity-of-passenger-transport-modes-2018,2e-10,single_datapoint,no_comment
15183,2013,20_USA,intensity,all,pj_per_passenger_or_freight_tonne_km,ship,passenger,all,all,yearly,national,['manually_inputted_data $ iea_howtocalculatetheindicatorsforthetransportsectors.pdf'],1,7.02e-09,manually_inputted_data $ iea_howtocalculatetheindicatorsforthetransportsectors.pdf,5.4e-10,single_datapoint,assumed_to_be_the_same_as_ship_freight_from_iea_how_to
15184,2014,20_USA,intensity,all,pj_per_passenger_or_freight_tonne_km,air,freight,all,all,yearly,national,['manually_inputted_data $ energy-intensity-of-passenger-transport-modes-2018'],1,4.0300000000000004e-08,manually_inputted_data $ energy-intensity-of-passenger-transport-modes-2018,3.1e-09,single_datapoint,assumed_to_be_same_as_passenger_air_because_of_lack_of_data
15185,2014,20_USA,intensity,all,pj_per_passenger_or_freight_tonne_km,rail,freight,all,all,yearly,national,['manually_inputted_data $ iea_howtocalculatetheindicatorsforthetransportsectors.pdf'],1,2.86e-09,manually_inputted_data $ iea_howtocalculatetheindicatorsforthetransportsectors.pdf,2.2e-10,single_datapoint,from_how_to_calculate_the_indicators_for_the_transport_sector
15186,2014,20_USA,intensity,all,pj_per_passenger_or_freight_tonne_km,ship,freight,all,all,yearly,national,['manually_inputted_data $ iea_howtocalculatetheindicatorsforthetransportsectors.pdf'],1,7.02e-09,manually_inputted_data $ iea_howtocalculatetheindicatorsforthetransportsectors.pdf,5.4e-10,single_datapoint,from_how_to_calculate_the_indicators_for_the_transport_sector
15187,2014,20_USA,intensity,all,pj_per_passenger_or_freight_tonne_km,air,passenger,all,all,yearly,national,['manually_inputted_data $ energy-intensity-of-passenger-transport-modes-2018'],1,4.0300000000000004e-08,manually_inputted_data $ energy-intensity-of-passenger-transport-modes-2018,3.1e-09,single_datapoint,no_comment
15188,2014,20_USA,intensity,all,pj_per_passenger_or_freight_tonne_km,rail,passenger,all,all,yearly,national,['manually_inputted_data $ energy-intensity-of-passenger-transport-modes-2018'],1,2.6e-09,manually_inputted_data $ energy-intensity-of-passenger-transport-modes-2018,2e-10,single_datapoint,no_comment
15189,2014,20_USA,intensity,all,pj_per_passenger_or_freight_tonne_km,ship,passenger,all,all,yearly,national,['manually_inputted_data $ iea_howtocalculatetheindicatorsforthetransportsectors.pdf'],1,7.02e-09,manually_inputted_data $ iea_howtocalculatetheindicatorsforthetransportsectors.pdf,5.4e-10,single_datapoint,assumed_to_be_the_same_as_ship_freight_from_iea_how_to
15190,2015,20_USA,intensity,all,pj_per_passenger_or_freight_tonne_km,air,freight,all,all,yearly,national,['manually_inputted_data $ energy-intensity-of-passenger-transport-modes-2018'],1,4.0300000000000004e-08,manually_inputted_data $ energy-intensity-of-passenger-transport-modes-2018,3.1e-09,single_datapoint,assumed_to_be_same_as_passenger_air_because_of_lack_of_data
15191,2015,20_USA,intensity,all,pj_per_passenger_or_freight_tonne_km,rail,freight,all,all,yearly,national,['manually_inputted_data $ iea_howtocalculatetheindicatorsforthetransportsectors.pdf'],1,2.86e-09,manually_inputted_data $ iea_howtocalculatetheindicatorsforthetransportsectors.pdf,2.2e-10,single_datapoint,from_how_to_calculate_the_indicators_for_the_transport_sector
15192,2015,20_USA,intensity,all,pj_per_passenger_or_freight_tonne_km,ship,freight,all,all,yearly,national,['manually_inputted_data $ iea_howtocalculatetheindicatorsforthetransportsectors.pdf'],1,7.02e-09,manually_inputted_data $ iea_howtocalculatetheindicatorsforthetransportsectors.pdf,5.4e-10,single_datapoint,from_how_to_calculate_the_indicators_for_the_transport_sector
15193,2015,20_USA,intensity,all,pj_per_passenger_or_freight_tonne_km,air,passenger,all,all,yearly,national,['manually_inputted_data $ energy-intensity-of-passenger-transport-modes-2018'],1,4.0300000000000004e-08,manually_inputted_data $ energy-intensity-of-passenger-transport-modes-2018,3.1e-09,single_datapoint,no_comment
15194,2015,20_USA,intensity,all,pj_per_passenger_or_freight_tonne_km,rail,passenger,all,all,yearly,national,['manually_inputted_data $ energy-intensity-of-passenger-transport-modes-2018'],1,2.6e-09,manually_inputted_data $ energy-intensity-of-passenger-transport-modes-2018,2e-10,single_datapoint,no_comment
15195,2015,20_USA,intensity,all,pj_per_passenger_or_freight_tonne_km,ship,passenger,all,all,yearly,national,['manually_inputted_data $ iea_howtocalculatetheindicatorsforthetransportsectors.pdf'],1,7.02e-09,manually_inputted_data $ iea_howtocalculatetheindicatorsforthetransportsectors.pdf,5.4e-10,single_datapoint,assumed_to_be_the_same_as_ship_freight_from_iea_how_to
15196,2016,20_USA,intensity,all,pj_per_passenger_or_freight_tonne_km,air,freight,all,all,yearly,national,['manually_inputted_data $ energy-intensity-of-passenger-transport-modes-2018'],1,4.0300000000000004e-08,manually_inputted_data $ energy-intensity-of-passenger-transport-modes-2018,3.1e-09,single_datapoint,assumed_to_be_same_as_passenger_air_because_of_lack_of_data
15197,2016,20_USA,intensity,all,pj_per_passenger_or_freight_tonne_km,rail,freight,all,all,yearly,national,['manually_inputted_data $ iea_howtocalculatetheindicatorsforthetransportsectors.pdf'],1,2.86e-09,manually_inputted_data $ iea_howtocalculatetheindicatorsforthetransportsectors.pdf,2.2e-10,single_datapoint,from_how_to_calculate_the_indicators_for_the_transport_sector
15198,2016,20_USA,intensity,all,pj_per_passenger_or_freight_tonne_km,ship,freight,all,all,yearly,national,['manually_inputted_data $ iea_howtocalculatetheindicatorsforthetransportsectors.pdf'],1,7.02e-09,manually_inputted_data $ iea_howtocalculatetheindicatorsforthetransportsectors.pdf,5.4e-10,single_datapoint,from_how_to_calculate_the_indicators_for_the_transport_sector
15199,2016,20_USA,intensity,all,pj_per_passenger_or_freight_tonne_km,air,passenger,all,all,yearly,national,['manually_inputted_data $ energy-intensity-of-passenger-transport-modes-2018'],1,4.0300000000000004e-08,manually_inputted_data $ energy-intensity-of-passenger-transport-modes-2018,3.1e-09,single_datapoint,no_comment
15200,2016,20_USA,intensity,all,pj_per_passenger_or_freight_tonne_km,rail,passenger,all,all,yearly,national,['manually_inputted_data $ energy-intensity-of-passenger-transport-modes-2018'],1,2.6e-09,manually_inputted_data $ energy-intensity-of-passenger-transport-modes-2018,2e-10,single_datapoint,no_comment
15201,2016,20_USA,intensity,all,pj_per_passenger_or_freight_tonne_km,ship,passenger,all,all,yearly,national,['manually_inputted_data $ iea_howtocalculatetheindicatorsforthetransportsectors.pdf'],1,7.02e-09,manually_inputted_data $ iea_howtocalculatetheindicatorsforthetransportsectors.pdf,5.4e-10,single_datapoint,assumed_to_be_the_same_as_ship_freight_from_iea_how_to
15202,2017,20_USA,intensity,all,pj_per_passenger_or_freight_tonne_km,air,freight,all,all,yearly,national,['manually_inputted_data $ energy-intensity-of-passenger-transport-modes-2018'],1,4.0300000000000004e-08,manually_inputted_data $ energy-intensity-of-passenger-transport-modes-2018,3.1e-09,single_datapoint,assumed_to_be_same_as_passenger_air_because_of_lack_of_data
15203,2017,20_USA,intensity,all,pj_per_passenger_or_freight_tonne_km,rail,freight,all,all,yearly,national,['manually_inputted_data $ iea_howtocalculatetheindicatorsforthetransportsectors.pdf'],1,2.86e-09,manually_inputted_data $ iea_howtocalculatetheindicatorsforthetransportsectors.pdf,2.2e-10,single_datapoint,from_how_to_calculate_the_indicators_for_the_transport_sector
15204,2017,20_USA,intensity,all,pj_per_passenger_or_freight_tonne_km,ship,freight,all,all,yearly,national,['manually_inputted_data $ iea_howtocalculatetheindicatorsforthetransportsectors.pdf'],1,7.02e-09,manually_inputted_data $ iea_howtocalculatetheindicatorsforthetransportsectors.pdf,5.4e-10,single_datapoint,from_how_to_calculate_the_indicators_for_the_transport_sector
15205,2017,20_USA,intensity,all,pj_per_passenger_or_freight_tonne_km,air,passenger,all,all,yearly,national,['manually_inputted_data $ energy-intensity-of-passenger-transport-modes-2018'],1,4.0300000000000004e-08,manually_inputted_data $ energy-intensity-of-passenger-transport-modes-2018,3.1e-09,single_datapoint,no_comment
15206,2017,20_USA,intensity,all,pj_per_passenger_or_freight_tonne_km,rail,passenger,all,all,yearly,national,['manually_inputted_data $ energy-intensity-of-passenger-transport-modes-2018'],1,2.6e-09,manually_inputted_data $ energy-intensity-of-passenger-transport-modes-2018,2e-10,single_datapoint,no_comment
15207,2017,20_USA,intensity,all,pj_per_passenger_or_freight_tonne_km,ship,passenger,all,all,yearly,national,['manually_inputted_data $ iea_howtocalculatetheindicatorsforthetransportsectors.pdf'],1,7.02e-09,manually_inputted_data $ iea_howtocalculatetheindicatorsforthetransportsectors.pdf,5.4e-10,single_datapoint,assumed_to_be_the_same_as_ship_freight_from_iea_how_to
15208,2018,20_USA,intensity,all,pj_per_passenger_or_freight_tonne_km,air,freight,all,all,yearly,national,['manually_inputted_data $ energy-intensity-of-passenger-transport-modes-2018'],1,4.0300000000000004e-08,manually_inputted_data $ energy-intensity-of-passenger-transport-modes-2018,3.1e-09,single_datapoint,assumed_to_be_same_as_passenger_air_because_of_lack_of_data
15209,2018,20_USA,intensity,all,pj_per_passenger_or_freight_tonne_km,rail,freight,all,all,yearly,national,['manually_inputted_data $ iea_howtocalculatetheindicatorsforthetransportsectors.pdf'],1,2.86e-09,manually_inputted_data $ iea_howtocalculatetheindicatorsforthetransportsectors.pdf,2.2e-10,single_datapoint,from_how_to_calculate_the_indicators_for_the_transport_sector
15210,2018,20_USA,intensity,all,pj_per_passenger_or_freight_tonne_km,ship,freight,all,all,yearly,national,['manually_inputted_data $ iea_howtocalculatetheindicatorsforthetransportsectors.pdf'],1,7.02e-09,manually_inputted_data $ iea_howtocalculatetheindicatorsforthetransportsectors.pdf,5.4e-10,single_datapoint,from_how_to_calculate_the_indicators_for_the_transport_sector
15211,2018,20_USA,intensity,all,pj_per_passenger_or_freight_tonne_km,air,passenger,all,all,yearly,national,['manually_inputted_data $ energy-intensity-of-passenger-transport-modes-2018'],1,4.0300000000000004e-08,manually_inputted_data $ energy-intensity-of-passenger-transport-modes-2018,3.1e-09,single_datapoint,no_comment
15212,2018,20_USA,intensity,all,pj_per_passenger_or_freight_tonne_km,rail,passenger,all,all,yearly,national,['manually_inputted_data $ energy-intensity-of-passenger-transport-modes-2018'],1,2.6e-09,manually_inputted_data $ energy-intensity-of-passenger-transport-modes-2018,2e-10,single_datapoint,no_comment
15213,2018,20_USA,intensity,all,pj_per_passenger_or_freight_tonne_km,ship,passenger,all,all,yearly,national,['manually_inputted_data $ iea_howtocalculatetheindicatorsforthetransportsectors.pdf'],1,7.02e-09,manually_inputted_data $ iea_howtocalculatetheindicatorsforthetransportsectors.pdf,5.4e-10,single_datapoint,assumed_to_be_the_same_as_ship_freight_from_iea_how_to
15214,2019,20_USA,intensity,all,pj_per_passenger_or_freight_tonne_km,air,freight,all,all,yearly,national,['manually_inputted_data $ energy-intensity-of-passenger-transport-modes-2018'],1,4.0300000000000004e-08,manually_inputted_data $ energy-intensity-of-passenger-transport-modes-2018,3.1e-09,single_datapoint,assumed_to_be_same_as_passenger_air_because_of_lack_of_data
15215,2019,20_USA,intensity,all,pj_per_passenger_or_freight_tonne_km,rail,freight,all,all,yearly,national,['manually_inputted_data $ iea_howtocalculatetheindicatorsforthetransportsectors.pdf'],1,2.86e-09,manually_inputted_data $ iea_howtocalculatetheindicatorsforthetransportsectors.pdf,2.2e-10,single_datapoint,from_how_to_calculate_the_indicators_for_the_transport_sector
15216,2019,20_USA,intensity,all,pj_per_passenger_or_freight_tonne_km,ship,freight,all,all,yearly,national,['manually_inputted_data $ iea_howtocalculatetheindicatorsforthetransportsectors.pdf'],1,7.02e-09,manually_inputted_data $ iea_howtocalculatetheindicatorsforthetransportsectors.pdf,5.4e-10,single_datapoint,from_how_to_calculate_the_indicators_for_the_transport_sector
15217,2019,20_USA,intensity,all,pj_per_passenger_or_freight_tonne_km,air,passenger,all,all,yearly,national,['manually_inputted_data $ energy-intensity-of-passenger-transport-modes-2018'],1,4.0300000000000004e-08,manually_inputted_data $ energy-intensity-of-passenger-transport-modes-2018,3.1e-09,single_datapoint,no_comment
15218,2019,20_USA,intensity,all,pj_per_passenger_or_freight_tonne_km,rail,passenger,all,all,yearly,national,['manually_inputted_data $ energy-intensity-of-passenger-transport-modes-2018'],1,2.6e-09,manually_inputted_data $ energy-intensity-of-passenger-transport-modes-2018,2e-10,single_datapoint,no_comment
15219,2019,20_USA,intensity,all,pj_per_passenger_or_freight_tonne_km,ship,passenger,all,all,yearly,national,['manually_inputted_data $ iea_howtocalculatetheindicatorsforthetransportsectors.pdf'],1,7.02e-09,manually_inputted_data $ iea_howtocalculatetheindicatorsforthetransportsectors.pdf,5.4e-10,single_datapoint,assumed_to_be_the_same_as_ship_freight_from_iea_how_to
15220,2020,20_USA,intensity,all,pj_per_passenger_or_freight_tonne_km,air,freight,all,all,yearly,national,['manually_inputted_data $ energy-intensity-of-passenger-transport-modes-2018'],1,4.0300000000000004e-08,manually_inputted_data $ energy-intensity-of-passenger-transport-modes-2018,3.1e-09,single_datapoint,assumed_to_be_same_as_passenger_air_because_of_lack_of_data
15221,2020,20_USA,intensity,all,pj_per_passenger_or_freight_tonne_km,rail,freight,all,all,yearly,national,['manually_inputted_data $ iea_howtocalculatetheindicatorsforthetransportsectors.pdf'],1,2.86e-09,manually_inputted_data $ iea_howtocalculatetheindicatorsforthetransportsectors.pdf,2.2e-10,single_datapoint,from_how_to_calculate_the_indicators_for_the_transport_sector
15222,2020,20_USA,intensity,all,pj_per_passenger_or_freight_tonne_km,ship,freight,all,all,yearly,national,['manually_inputted_data $ iea_howtocalculatetheindicatorsforthetransportsectors.pdf'],1,7.02e-09,manually_inputted_data $ iea_howtocalculatetheindicatorsforthetransportsectors.pdf,5.4e-10,single_datapoint,from_how_to_calculate_the_indicators_for_the_transport_sector
15223,2020,20_USA,intensity,all,pj_per_passenger_or_freight_tonne_km,air,passenger,all,all,yearly,national,['manually_inputted_data $ energy-intensity-of-passenger-transport-modes-2018'],1,4.0300000000000004e-08,manually_inputted_data $ energy-intensity-of-passenger-transport-modes-2018,3.1e-09,single_datapoint,no_comment
15224,2020,20_USA,intensity,all,pj_per_passenger_or_freight_tonne_km,rail,passenger,all,all,yearly,national,['manually_inputted_data $ energy-intensity-of-passenger-transport-modes-2018'],1,2.6e-09,manually_inputted_data $ energy-intensity-of-passenger-transport-modes-2018,2e-10,single_datapoint,no_comment
15225,2020,20_USA,intensity,all,pj_per_passenger_or_freight_tonne_km,ship,passenger,all,all,yearly,national,['manually_inputted_data $ iea_howtocalculatetheindicatorsforthetransportsectors.pdf'],1,7.02e-09,manually_inputted_data $ iea_howtocalculatetheindicatorsforthetransportsectors.pdf,5.4e-10,single_datapoint,assumed_to_be_the_same_as_ship_freight_from_iea_how_to
15226,2021,20_USA,intensity,all,pj_per_passenger_or_freight_tonne_km,air,freight,all,all,yearly,national,['manually_inputted_data $ energy-intensity-of-passenger-transport-modes-2018'],1,4.0300000000000004e-08,manually_inputted_data $ energy-intensity-of-passenger-transport-modes-2018,3.1e-09,single_datapoint,assumed_to_be_same_as_passenger_air_because_of_lack_of_data
15227,2021,20_USA,intensity,all,pj_per_passenger_or_freight_tonne_km,rail,freight,all,all,yearly,national,['manually_inputted_data $ iea_howtocalculatetheindicatorsforthetransportsectors.pdf'],1,2.86e-09,manually_inputted_data $ iea_howtocalculatetheindicatorsforthetransportsectors.pdf,2.2e-10,single_datapoint,from_how_to_calculate_the_indicators_for_the_transport_sector
15228,2021,20_USA,intensity,all,pj_per_passenger_or_freight_tonne_km,ship,freight,all,all,yearly,national,['manually_inputted_data $ iea_howtocalculatetheindicatorsforthetransportsectors.pdf'],1,7.02e-09,manually_inputted_data $ iea_howtocalculatetheindicatorsforthetransportsectors.pdf,5.4e-10,single_datapoint,from_how_to_calculate_the_indicators_for_the_transport_sector
15229,2021,20_USA,intensity,all,pj_per_passenger_or_freight_tonne_km,air,passenger,all,all,yearly,national,['manually_inputted_data $ energy-intensity-of-passenger-transport-modes-2018'],1,4.0300000000000004e-08,manually_inputted_data $ energy-intensity-of-passenger-transport-modes-2018,3.1e-09,single_datapoint,no_comment
15230,2021,20_USA,intensity,all,pj_per_passenger_or_freight_tonne_km,rail,passenger,all,all,yearly,national,['manually_inputted_data $ energy-intensity-of-passenger-transport-modes-2018'],1,2.6e-09,manually_inputted_data $ energy-intensity-of-passenger-transport-modes-2018,2e-10,single_datapoint,no_comment
15231,2021,20_USA,intensity,all,pj_per_passenger_or_freight_tonne_km,ship,passenger,all,all,yearly,national,['manually_inputted_data $ iea_howtocalculatetheindicatorsforthetransportsectors.pdf'],1,7.02e-09,manually_inputted_data $ iea_howtocalculatetheindicatorsforthetransportsectors.pdf,5.4e-10,single_datapoint,assumed_to_be_the_same_as_ship_freight_from_iea_how_to
15232,2022,20_USA,intensity,all,pj_per_passenger_or_freight_tonne_km,air,freight,all,all,yearly,national,['manually_inputted_data $ energy-intensity-of-passenger-transport-modes-2018'],1,4.0300000000000004e-08,manually_inputted_data $ energy-intensity-of-passenger-transport-modes-2018,3.1e-09,single_datapoint,assumed_to_be_same_as_passenger_air_because_of_lack_of_data
15233,2022,20_USA,intensity,all,pj_per_passenger_or_freight_tonne_km,rail,freight,all,all,yearly,national,['manually_inputted_data $ iea_howtocalculatetheindicatorsforthetransportsectors.pdf'],1,2.86e-09,manually_inputted_data $ iea_howtocalculatetheindicatorsforthetransportsectors.pdf,2.2e-10,single_datapoint,from_how_to_calculate_the_indicators_for_the_transport_sector
15234,2022,20_USA,intensity,all,pj_per_passenger_or_freight_tonne_km,ship,freight,all,all,yearly,national,['manually_inputted_data $ iea_howtocalculatetheindicatorsforthetransportsectors.pdf'],1,7.02e-09,manually_inputted_data $ iea_howtocalculatetheindicatorsforthetransportsectors.pdf,5.4e-10,single_datapoint,from_how_to_calculate_the_indicators_for_the_transport_sector
15235,2022,20_USA,intensity,all,pj_per_passenger_or_freight_tonne_km,air,passenger,all,all,yearly,national,['manually_inputted_data $ energy-intensity-of-passenger-transport-modes-2018'],1,4.0300000000000004e-08,manually_inputted_data $ energy-intensity-of-passenger-transport-modes-2018,3.1e-09,single_datapoint,no_comment
15236,2022,20_USA,intensity,all,pj_per_passenger_or_freight_tonne_km,rail,passenger,all,all,yearly,national,['manually_inputted_data $ energy-intensity-of-passenger-transport-modes-2018'],1,2.6e-09,manually_inputted_data $ energy-intensity-of-passenger-transport-modes-2018,2e-10,single_datapoint,no_comment
15237,2022,20_USA,intensity,all,pj_per_passenger_or_freight_tonne_km,ship,passenger,all,all,yearly,national,['manually_inputted_data $ iea_howtocalculatetheindicatorsforthetransportsectors.pdf'],1,7.02e-09,manually_inputted_data $ iea_howtocalculatetheindicatorsforthetransportsectors.pdf,5.4e-10,single_datapoint,assumed_to_be_the_same_as_ship_freight_from_iea_how_to
15238,2010,20_USA,new_vehicle_efficiency,bus,km_per_pj,road,passenger,bev,all,yearly,national,['avg_eff_no_outliers $ transport_data_system_9th'],1,1058314235.1561403,avg_eff_no_outliers $ transport_data_system_9th,81408787.3197031,single_datapoint,no_comment
15239,2010,20_USA,turnover_rate,bus,%,road,passenger,bev,all,yearly,national,['manually_inputted_data $ guess'],1,0.42,manually_inputted_data $ guess,0.03,manual,no_comment
15240,2011,20_USA,new_vehicle_efficiency,bus,km_per_pj,road,passenger,bev,all,yearly,national,['avg_eff_no_outliers $ transport_data_system_9th'],1,1058314235.1561403,avg_eff_no_outliers $ transport_data_system_9th,81408787.3197031,single_datapoint,no_comment
15241,2011,20_USA,turnover_rate,bus,%,road,passenger,bev,all,yearly,national,['manually_inputted_data $ guess'],1,0.42,manually_inputted_data $ guess,0.03,manual,no_comment
15242,2012,20_USA,new_vehicle_efficiency,bus,km_per_pj,road,passenger,bev,all,yearly,national,['avg_eff_no_outliers $ transport_data_system_9th'],1,1058314235.1561403,avg_eff_no_outliers $ transport_data_system_9th,81408787.3197031,single_datapoint,no_comment
15243,2012,20_USA,turnover_rate,bus,%,road,passenger,bev,all,yearly,national,['manually_inputted_data $ guess'],1,0.42,manually_inputted_data $ guess,0.03,manual,no_comment
15244,2013,20_USA,new_vehicle_efficiency,bus,km_per_pj,road,passenger,bev,all,yearly,national,['avg_eff_no_outliers $ transport_data_system_9th'],1,1058314235.1561403,avg_eff_no_outliers $ transport_data_system_9th,81408787.3197031,single_datapoint,no_comment
15245,2013,20_USA,turnover_rate,bus,%,road,passenger,bev,all,yearly,national,['manually_inputted_data $ guess'],1,0.42,manually_inputted_data $ guess,0.03,manual,no_comment
15246,2014,20_USA,new_vehicle_efficiency,bus,km_per_pj,road,passenger,bev,all,yearly,national,['avg_eff_no_outliers $ transport_data_system_9th'],1,1058314235.1561403,avg_eff_no_outliers $ transport_data_system_9th,81408787.3197031,single_datapoint,no_comment
15247,2014,20_USA,turnover_rate,bus,%,road,passenger,bev,all,yearly,national,['manually_inputted_data $ guess'],1,0.42,manually_inputted_data $ guess,0.03,manual,no_comment
15248,2015,20_USA,new_vehicle_efficiency,bus,km_per_pj,road,passenger,bev,all,yearly,national,['avg_eff_no_outliers $ transport_data_system_9th'],1,1058314235.1561403,avg_eff_no_outliers $ transport_data_system_9th,81408787.3197031,single_datapoint,no_comment
15249,2015,20_USA,turnover_rate,bus,%,road,passenger,bev,all,yearly,national,['manually_inputted_data $ guess'],1,0.42,manually_inputted_data $ guess,0.03,manual,no_comment
15250,2016,20_USA,new_vehicle_efficiency,bus,km_per_pj,road,passenger,bev,all,yearly,national,['avg_eff_no_outliers $ transport_data_system_9th'],1,1058314235.1561403,avg_eff_no_outliers $ transport_data_system_9th,81408787.3197031,single_datapoint,no_comment
15251,2016,20_USA,turnover_rate,bus,%,road,passenger,bev,all,yearly,national,['manually_inputted_data $ guess'],1,0.42,manually_inputted_data $ guess,0.03,manual,no_comment
15252,2017,20_USA,activity,bus,passenger_km_or_freight_tonne_km,road,passenger,bev,all,yearly,national,"['8th_edition_transport_model $ reference', 'estimated $ calculate_energy_and_activity()']",2,979677014.0259509,estimated $ calculate_energy_and_activity(),459000000.0,manual,no_comment
15253,2017,20_USA,energy,bus,pj,road,passenger,bev,all,yearly,national,"['8th_edition_transport_model $ reference', 'estimated $ calculate_energy_and_activity()']",2,0.2015147000249999,estimated $ calculate_energy_and_activity(),0.11748002448479901,manual,no_comment
15254,2017,20_USA,new_vehicle_efficiency,bus,km_per_pj,road,passenger,bev,all,yearly,national,['avg_eff_no_outliers $ transport_data_system_9th'],1,1058314235.1561403,avg_eff_no_outliers $ transport_data_system_9th,81408787.3197031,single_datapoint,no_comment
15255,2017,20_USA,travel_km,bus,km,road,passenger,bev,all,yearly,national,['estimated $ calculate_energy_and_activity()'],1,30600000.0,estimated $ calculate_energy_and_activity(),30600000.0,single_datapoint,no_comment
15256,2017,20_USA,turnover_rate,bus,%,road,passenger,bev,all,yearly,national,"['manually_inputted_data $ guess', 'turnover_rate_est']",2,0.42,manually_inputted_data $ guess,0.03,manual,no_comment
15257,2018,20_USA,new_vehicle_efficiency,bus,km_per_pj,road,passenger,bev,all,yearly,national,['avg_eff_no_outliers $ transport_data_system_9th'],1,1058314235.1561403,avg_eff_no_outliers $ transport_data_system_9th,81408787.3197031,single_datapoint,no_comment
15258,2018,20_USA,turnover_rate,bus,%,road,passenger,bev,all,yearly,national,['manually_inputted_data $ guess'],1,0.42,manually_inputted_data $ guess,0.03,manual,no_comment
15259,2019,20_USA,new_vehicle_efficiency,bus,km_per_pj,road,passenger,bev,all,yearly,national,['avg_eff_no_outliers $ transport_data_system_9th'],1,1058314235.1561403,avg_eff_no_outliers $ transport_data_system_9th,81408787.3197031,single_datapoint,no_comment
15260,2019,20_USA,turnover_rate,bus,%,road,passenger,bev,all,yearly,national,['manually_inputted_data $ guess'],1,0.42,manually_inputted_data $ guess,0.03,manual,no_comment
15261,2020,20_USA,new_vehicle_efficiency,bus,km_per_pj,road,passenger,bev,all,yearly,national,['avg_eff_no_outliers $ transport_data_system_9th'],1,1058314235.1561403,avg_eff_no_outliers $ transport_data_system_9th,81408787.3197031,single_datapoint,no_comment
15262,2020,20_USA,turnover_rate,bus,%,road,passenger,bev,all,yearly,national,['manually_inputted_data $ guess'],1,0.42,manually_inputted_data $ guess,0.03,manual,no_comment
15263,2021,20_USA,new_vehicle_efficiency,bus,km_per_pj,road,passenger,bev,all,yearly,national,['avg_eff_no_outliers $ transport_data_system_9th'],1,1058314235.1561403,avg_eff_no_outliers $ transport_data_system_9th,81408787.3197031,single_datapoint,no_comment
15264,2021,20_USA,turnover_rate,bus,%,road,passenger,bev,all,yearly,national,['manually_inputted_data $ guess'],1,0.42,manually_inputted_data $ guess,0.03,manual,no_comment
15265,2022,20_USA,new_vehicle_efficiency,bus,km_per_pj,road,passenger,bev,all,yearly,national,['avg_eff_no_outliers $ transport_data_system_9th'],1,1058314235.1561403,avg_eff_no_outliers $ transport_data_system_9th,81408787.3197031,single_datapoint,no_comment
15266,2022,20_USA,turnover_rate,bus,%,road,passenger,bev,all,yearly,national,['manually_inputted_data $ guess'],1,0.42,manually_inputted_data $ guess,0.03,manual,no_comment
15267,2010,20_USA,new_vehicle_efficiency,bus,km_per_pj,road,passenger,cng,all,yearly,national,['avg_eff_no_outliers $ transport_data_system_9th'],1,1813839119.6717222,avg_eff_no_outliers $ transport_data_system_9th,139526086.128594,single_datapoint,no_comment
15268,2010,20_USA,turnover_rate,bus,%,road,passenger,cng,all,yearly,national,['manually_inputted_data $ guess'],1,0.42,manually_inputted_data $ guess,0.03,manual,no_comment
15269,2011,20_USA,new_vehicle_efficiency,bus,km_per_pj,road,passenger,cng,all,yearly,national,['avg_eff_no_outliers $ transport_data_system_9th'],1,1813839119.6717222,avg_eff_no_outliers $ transport_data_system_9th,139526086.128594,single_datapoint,no_comment
15270,2011,20_USA,turnover_rate,bus,%,road,passenger,cng,all,yearly,national,['manually_inputted_data $ guess'],1,0.42,manually_inputted_data $ guess,0.03,manual,no_comment
15271,2012,20_USA,new_vehicle_efficiency,bus,km_per_pj,road,passenger,cng,all,yearly,national,['avg_eff_no_outliers $ transport_data_system_9th'],1,1813839119.6717222,avg_eff_no_outliers $ transport_data_system_9th,139526086.128594,single_datapoint,no_comment
15272,2012,20_USA,turnover_rate,bus,%,road,passenger,cng,all,yearly,national,['manually_inputted_data $ guess'],1,0.42,manually_inputted_data $ guess,0.03,manual,no_comment
15273,2013,20_USA,new_vehicle_efficiency,bus,km_per_pj,road,passenger,cng,all,yearly,national,['avg_eff_no_outliers $ transport_data_system_9th'],1,1813839119.6717222,avg_eff_no_outliers $ transport_data_system_9th,139526086.128594,single_datapoint,no_comment
15274,2013,20_USA,turnover_rate,bus,%,road,passenger,cng,all,yearly,national,['manually_inputted_data $ guess'],1,0.42,manually_inputted_data $ guess,0.03,manual,no_comment
15275,2014,20_USA,new_vehicle_efficiency,bus,km_per_pj,road,passenger,cng,all,yearly,national,['avg_eff_no_outliers $ transport_data_system_9th'],1,1813839119.6717222,avg_eff_no_outliers $ transport_data_system_9th,139526086.128594,single_datapoint,no_comment
15276,2014,20_USA,turnover_rate,bus,%,road,passenger,cng,all,yearly,national,['manually_inputted_data $ guess'],1,0.42,manually_inputted_data $ guess,0.03,manual,no_comment
15277,2015,20_USA,new_vehicle_efficiency,bus,km_per_pj,road,passenger,cng,all,yearly,national,['avg_eff_no_outliers $ transport_data_system_9th'],1,1813839119.6717222,avg_eff_no_outliers $ transport_data_system_9th,139526086.128594,single_datapoint,no_comment
15278,2015,20_USA,turnover_rate,bus,%,road,passenger,cng,all,yearly,national,['manually_inputted_data $ guess'],1,0.42,manually_inputted_data $ guess,0.03,manual,no_comment
15279,2016,20_USA,new_vehicle_efficiency,bus,km_per_pj,road,passenger,cng,all,yearly,national,['avg_eff_no_outliers $ transport_data_system_9th'],1,1813839119.6717222,avg_eff_no_outliers $ transport_data_system_9th,139526086.128594,single_datapoint,no_comment
15280,2016,20_USA,turnover_rate,bus,%,road,passenger,cng,all,yearly,national,['manually_inputted_data $ guess'],1,0.42,manually_inputted_data $ guess,0.03,manual,no_comment
15281,2017,20_USA,activity,bus,passenger_km_or_freight_tonne_km,road,passenger,cng,all,yearly,national,"['8th_edition_transport_model $ reference', 'estimated $ calculate_energy_and_activity()']",2,103323942134.93253,estimated $ calculate_energy_and_activity(),45994500000.0,manual,no_comment
15282,2017,20_USA,energy,bus,pj,road,passenger,cng,all,yearly,national,"['8th_edition_transport_model $ reference', 'estimated $ calculate_energy_and_activity()']",2,62.00986550666495,estimated $ calculate_energy_and_activity(),41.20266329320546,manual,no_comment
15283,2017,20_USA,new_vehicle_efficiency,bus,km_per_pj,road,passenger,cng,all,yearly,national,['avg_eff_no_outliers $ transport_data_system_9th'],1,1813839119.6717222,avg_eff_no_outliers $ transport_data_system_9th,139526086.128594,single_datapoint,no_comment
15284,2017,20_USA,travel_km,bus,km,road,passenger,cng,all,yearly,national,['estimated $ calculate_energy_and_activity()'],1,3066300000.0,estimated $ calculate_energy_and_activity(),3066300000.0,single_datapoint,no_comment
15285,2017,20_USA,turnover_rate,bus,%,road,passenger,cng,all,yearly,national,"['manually_inputted_data $ guess', 'turnover_rate_est']",2,0.42,manually_inputted_data $ guess,0.03,manual,no_comment
15286,2018,20_USA,new_vehicle_efficiency,bus,km_per_pj,road,passenger,cng,all,yearly,national,['avg_eff_no_outliers $ transport_data_system_9th'],1,1813839119.6717222,avg_eff_no_outliers $ transport_data_system_9th,139526086.128594,single_datapoint,no_comment
15287,2018,20_USA,turnover_rate,bus,%,road,passenger,cng,all,yearly,national,['manually_inputted_data $ guess'],1,0.42,manually_inputted_data $ guess,0.03,manual,no_comment
15288,2019,20_USA,new_vehicle_efficiency,bus,km_per_pj,road,passenger,cng,all,yearly,national,['avg_eff_no_outliers $ transport_data_system_9th'],1,1813839119.6717222,avg_eff_no_outliers $ transport_data_system_9th,139526086.128594,single_datapoint,no_comment
15289,2019,20_USA,turnover_rate,bus,%,road,passenger,cng,all,yearly,national,['manually_inputted_data $ guess'],1,0.42,manually_inputted_data $ guess,0.03,manual,no_comment
15290,2020,20_USA,new_vehicle_efficiency,bus,km_per_pj,road,passenger,cng,all,yearly,national,['avg_eff_no_outliers $ transport_data_system_9th'],1,1813839119.6717222,avg_eff_no_outliers $ transport_data_system_9th,139526086.128594,single_datapoint,no_comment
15291,2020,20_USA,turnover_rate,bus,%,road,passenger,cng,all,yearly,national,['manually_inputted_data $ guess'],1,0.42,manually_inputted_data $ guess,0.03,manual,no_comment
15292,2021,20_USA,new_vehicle_efficiency,bus,km_per_pj,road,passenger,cng,all,yearly,national,['avg_eff_no_outliers $ transport_data_system_9th'],1,1813839119.6717222,avg_eff_no_outliers $ transport_data_system_9th,139526086.128594,single_datapoint,no_comment
15293,2021,20_USA,turnover_rate,bus,%,road,passenger,cng,all,yearly,national,['manually_inputted_data $ guess'],1,0.42,manually_inputted_data $ guess,0.03,manual,no_comment
15294,2022,20_USA,new_vehicle_efficiency,bus,km_per_pj,road,passenger,cng,all,yearly,national,['avg_eff_no_outliers $ transport_data_system_9th'],1,1813839119.6717222,avg_eff_no_outliers $ transport_data_system_9th,139526086.128594,single_datapoint,no_comment
15295,2022,20_USA,turnover_rate,bus,%,road,passenger,cng,all,yearly,national,['manually_inputted_data $ guess'],1,0.42,manually_inputted_data $ guess,0.03,manual,no_comment
15296,2017,20_USA,turnover_rate,bus,%,road,passenger,fcev,all,yearly,national,['turnover_rate_est'],1,0.03,turnover_rate_est,0.03,single_datapoint,no_comment
15297,2010,20_USA,new_vehicle_efficiency,bus,km_per_pj,road,passenger,ice,all,yearly,national,['avg_eff_no_outliers $ transport_data_system_9th'],1,910941040.8338033,avg_eff_no_outliers $ transport_data_system_9th,70072387.7564464,single_datapoint,no_comment
15298,2010,20_USA,turnover_rate,bus,%,road,passenger,ice,all,yearly,national,['manually_inputted_data $ guess'],1,0.39,manually_inputted_data $ guess,0.03,single_datapoint,no_comment
15299,2011,20_USA,new_vehicle_efficiency,bus,km_per_pj,road,passenger,ice,all,yearly,national,['avg_eff_no_outliers $ transport_data_system_9th'],1,910941040.8338033,avg_eff_no_outliers $ transport_data_system_9th,70072387.7564464,single_datapoint,no_comment
15300,2011,20_USA,turnover_rate,bus,%,road,passenger,ice,all,yearly,national,['manually_inputted_data $ guess'],1,0.39,manually_inputted_data $ guess,0.03,single_datapoint,no_comment
15301,2012,20_USA,new_vehicle_efficiency,bus,km_per_pj,road,passenger,ice,all,yearly,national,['avg_eff_no_outliers $ transport_data_system_9th'],1,910941040.8338033,avg_eff_no_outliers $ transport_data_system_9th,70072387.7564464,single_datapoint,no_comment
15302,2012,20_USA,turnover_rate,bus,%,road,passenger,ice,all,yearly,national,['manually_inputted_data $ guess'],1,0.39,manually_inputted_data $ guess,0.03,single_datapoint,no_comment
15303,2013,20_USA,new_vehicle_efficiency,bus,km_per_pj,road,passenger,ice,all,yearly,national,['avg_eff_no_outliers $ transport_data_system_9th'],1,910941040.8338033,avg_eff_no_outliers $ transport_data_system_9th,70072387.7564464,single_datapoint,no_comment
15304,2013,20_USA,turnover_rate,bus,%,road,passenger,ice,all,yearly,national,['manually_inputted_data $ guess'],1,0.39,manually_inputted_data $ guess,0.03,single_datapoint,no_comment
15305,2014,20_USA,new_vehicle_efficiency,bus,km_per_pj,road,passenger,ice,all,yearly,national,['avg_eff_no_outliers $ transport_data_system_9th'],1,910941040.8338033,avg_eff_no_outliers $ transport_data_system_9th,70072387.7564464,single_datapoint,no_comment
15306,2014,20_USA,turnover_rate,bus,%,road,passenger,ice,all,yearly,national,['manually_inputted_data $ guess'],1,0.39,manually_inputted_data $ guess,0.03,single_datapoint,no_comment
15307,2015,20_USA,new_vehicle_efficiency,bus,km_per_pj,road,passenger,ice,all,yearly,national,['avg_eff_no_outliers $ transport_data_system_9th'],1,910941040.8338033,avg_eff_no_outliers $ transport_data_system_9th,70072387.7564464,single_datapoint,no_comment
15308,2015,20_USA,turnover_rate,bus,%,road,passenger,ice,all,yearly,national,['manually_inputted_data $ guess'],1,0.39,manually_inputted_data $ guess,0.03,single_datapoint,no_comment
15309,2016,20_USA,new_vehicle_efficiency,bus,km_per_pj,road,passenger,ice,all,yearly,national,['avg_eff_no_outliers $ transport_data_system_9th'],1,910941040.8338033,avg_eff_no_outliers $ transport_data_system_9th,70072387.7564464,single_datapoint,no_comment
15310,2016,20_USA,turnover_rate,bus,%,road,passenger,ice,all,yearly,national,['manually_inputted_data $ guess'],1,0.39,manually_inputted_data $ guess,0.03,single_datapoint,no_comment
15311,2017,20_USA,activity,bus,passenger_km_or_freight_tonne_km,road,passenger,ice,all,yearly,national,['estimated $ calculate_energy_and_activity()'],1,507296250000.0,estimated $ calculate_energy_and_activity(),507296250000.0,single_datapoint,no_comment
15312,2017,20_USA,energy,bus,pj,road,passenger,ice,all,yearly,national,['estimated $ calculate_energy_and_activity()'],1,454.4446961844521,estimated $ calculate_energy_and_activity(),454.4446961844521,single_datapoint,no_comment
15313,2017,20_USA,new_vehicle_efficiency,bus,km_per_pj,road,passenger,ice,all,yearly,national,['avg_eff_no_outliers $ transport_data_system_9th'],1,910941040.8338033,avg_eff_no_outliers $ transport_data_system_9th,70072387.7564464,single_datapoint,no_comment
15314,2017,20_USA,travel_km,bus,km,road,passenger,ice,all,yearly,national,['estimated $ calculate_energy_and_activity()'],1,33819750000.0,estimated $ calculate_energy_and_activity(),33819750000.0,single_datapoint,no_comment
15315,2017,20_USA,turnover_rate,bus,%,road,passenger,ice,all,yearly,national,['manually_inputted_data $ guess'],1,0.39,manually_inputted_data $ guess,0.03,single_datapoint,no_comment
15316,2018,20_USA,new_vehicle_efficiency,bus,km_per_pj,road,passenger,ice,all,yearly,national,['avg_eff_no_outliers $ transport_data_system_9th'],1,910941040.8338033,avg_eff_no_outliers $ transport_data_system_9th,70072387.7564464,single_datapoint,no_comment
15317,2018,20_USA,turnover_rate,bus,%,road,passenger,ice,all,yearly,national,['manually_inputted_data $ guess'],1,0.39,manually_inputted_data $ guess,0.03,single_datapoint,no_comment
15318,2019,20_USA,new_vehicle_efficiency,bus,km_per_pj,road,passenger,ice,all,yearly,national,['avg_eff_no_outliers $ transport_data_system_9th'],1,910941040.8338033,avg_eff_no_outliers $ transport_data_system_9th,70072387.7564464,single_datapoint,no_comment
15319,2019,20_USA,turnover_rate,bus,%,road,passenger,ice,all,yearly,national,['manually_inputted_data $ guess'],1,0.39,manually_inputted_data $ guess,0.03,single_datapoint,no_comment
15320,2020,20_USA,new_vehicle_efficiency,bus,km_per_pj,road,passenger,ice,all,yearly,national,['avg_eff_no_outliers $ transport_data_system_9th'],1,910941040.8338033,avg_eff_no_outliers $ transport_data_system_9th,70072387.7564464,single_datapoint,no_comment
15321,2020,20_USA,turnover_rate,bus,%,road,passenger,ice,all,yearly,national,['manually_inputted_data $ guess'],1,0.39,manually_inputted_data $ guess,0.03,single_datapoint,no_comment
15322,2021,20_USA,new_vehicle_efficiency,bus,km_per_pj,road,passenger,ice,all,yearly,national,['avg_eff_no_outliers $ transport_data_system_9th'],1,910941040.8338033,avg_eff_no_outliers $ transport_data_system_9th,70072387.7564464,single_datapoint,no_comment
15323,2021,20_USA,turnover_rate,bus,%,road,passenger,ice,all,yearly,national,['manually_inputted_data $ guess'],1,0.39,manually_inputted_data $ guess,0.03,single_datapoint,no_comment
15324,2022,20_USA,new_vehicle_efficiency,bus,km_per_pj,road,passenger,ice,all,yearly,national,['avg_eff_no_outliers $ transport_data_system_9th'],1,910941040.8338033,avg_eff_no_outliers $ transport_data_system_9th,70072387.7564464,single_datapoint,no_comment
15325,2022,20_USA,turnover_rate,bus,%,road,passenger,ice,all,yearly,national,['manually_inputted_data $ guess'],1,0.39,manually_inputted_data $ guess,0.03,single_datapoint,no_comment
15326,2010,20_USA,new_vehicle_efficiency,bus,km_per_pj,road,passenger,lpg,all,yearly,national,['avg_eff_no_outliers $ transport_data_system_9th'],1,1295830676.4857378,avg_eff_no_outliers $ transport_data_system_9th,99679282.8065952,single_datapoint,no_comment
15327,2010,20_USA,turnover_rate,bus,%,road,passenger,lpg,all,yearly,national,['manually_inputted_data $ guess'],1,0.42,manually_inputted_data $ guess,0.03,manual,no_comment
15328,2011,20_USA,new_vehicle_efficiency,bus,km_per_pj,road,passenger,lpg,all,yearly,national,['avg_eff_no_outliers $ transport_data_system_9th'],1,1295830676.4857378,avg_eff_no_outliers $ transport_data_system_9th,99679282.8065952,single_datapoint,no_comment
15329,2011,20_USA,turnover_rate,bus,%,road,passenger,lpg,all,yearly,national,['manually_inputted_data $ guess'],1,0.42,manually_inputted_data $ guess,0.03,manual,no_comment
15330,2012,20_USA,new_vehicle_efficiency,bus,km_per_pj,road,passenger,lpg,all,yearly,national,['avg_eff_no_outliers $ transport_data_system_9th'],1,1295830676.4857378,avg_eff_no_outliers $ transport_data_system_9th,99679282.8065952,single_datapoint,no_comment
15331,2012,20_USA,turnover_rate,bus,%,road,passenger,lpg,all,yearly,national,['manually_inputted_data $ guess'],1,0.42,manually_inputted_data $ guess,0.03,manual,no_comment
15332,2013,20_USA,new_vehicle_efficiency,bus,km_per_pj,road,passenger,lpg,all,yearly,national,['avg_eff_no_outliers $ transport_data_system_9th'],1,1295830676.4857378,avg_eff_no_outliers $ transport_data_system_9th,99679282.8065952,single_datapoint,no_comment
15333,2013,20_USA,turnover_rate,bus,%,road,passenger,lpg,all,yearly,national,['manually_inputted_data $ guess'],1,0.42,manually_inputted_data $ guess,0.03,manual,no_comment
15334,2014,20_USA,new_vehicle_efficiency,bus,km_per_pj,road,passenger,lpg,all,yearly,national,['avg_eff_no_outliers $ transport_data_system_9th'],1,1295830676.4857378,avg_eff_no_outliers $ transport_data_system_9th,99679282.8065952,single_datapoint,no_comment
15335,2014,20_USA,turnover_rate,bus,%,road,passenger,lpg,all,yearly,national,['manually_inputted_data $ guess'],1,0.42,manually_inputted_data $ guess,0.03,manual,no_comment
15336,2015,20_USA,new_vehicle_efficiency,bus,km_per_pj,road,passenger,lpg,all,yearly,national,['avg_eff_no_outliers $ transport_data_system_9th'],1,1295830676.4857378,avg_eff_no_outliers $ transport_data_system_9th,99679282.8065952,single_datapoint,no_comment
15337,2015,20_USA,turnover_rate,bus,%,road,passenger,lpg,all,yearly,national,['manually_inputted_data $ guess'],1,0.42,manually_inputted_data $ guess,0.03,manual,no_comment
15338,2016,20_USA,new_vehicle_efficiency,bus,km_per_pj,road,passenger,lpg,all,yearly,national,['avg_eff_no_outliers $ transport_data_system_9th'],1,1295830676.4857378,avg_eff_no_outliers $ transport_data_system_9th,99679282.8065952,single_datapoint,no_comment
15339,2016,20_USA,turnover_rate,bus,%,road,passenger,lpg,all,yearly,national,['manually_inputted_data $ guess'],1,0.42,manually_inputted_data $ guess,0.03,manual,no_comment
15340,2017,20_USA,activity,bus,passenger_km_or_freight_tonne_km,road,passenger,lpg,all,yearly,national,"['8th_edition_transport_model $ reference', 'estimated $ calculate_energy_and_activity()']",2,981301721.1859412,8th_edition_transport_model $ reference,521176721.1859413,manual,no_comment
15341,2017,20_USA,energy,bus,pj,road,passenger,lpg,all,yearly,national,"['8th_edition_transport_model $ reference', 'estimated $ calculate_energy_and_activity()']",2,0.6003386957617353,estimated $ calculate_energy_and_activity(),0.4121878800244847,manual,no_comment
15342,2017,20_USA,new_vehicle_efficiency,bus,km_per_pj,road,passenger,lpg,all,yearly,national,['avg_eff_no_outliers $ transport_data_system_9th'],1,1295830676.4857378,avg_eff_no_outliers $ transport_data_system_9th,99679282.8065952,single_datapoint,no_comment
15343,2017,20_USA,travel_km,bus,km,road,passenger,lpg,all,yearly,national,['estimated $ calculate_energy_and_activity()'],1,30675000.0,estimated $ calculate_energy_and_activity(),30675000.0,single_datapoint,no_comment
15344,2017,20_USA,turnover_rate,bus,%,road,passenger,lpg,all,yearly,national,"['manually_inputted_data $ guess', 'turnover_rate_est']",2,0.42,manually_inputted_data $ guess,0.03,manual,no_comment
15345,2018,20_USA,new_vehicle_efficiency,bus,km_per_pj,road,passenger,lpg,all,yearly,national,['avg_eff_no_outliers $ transport_data_system_9th'],1,1295830676.4857378,avg_eff_no_outliers $ transport_data_system_9th,99679282.8065952,single_datapoint,no_comment
15346,2018,20_USA,turnover_rate,bus,%,road,passenger,lpg,all,yearly,national,['manually_inputted_data $ guess'],1,0.42,manually_inputted_data $ guess,0.03,manual,no_comment
15347,2019,20_USA,new_vehicle_efficiency,bus,km_per_pj,road,passenger,lpg,all,yearly,national,['avg_eff_no_outliers $ transport_data_system_9th'],1,1295830676.4857378,avg_eff_no_outliers $ transport_data_system_9th,99679282.8065952,single_datapoint,no_comment
15348,2019,20_USA,turnover_rate,bus,%,road,passenger,lpg,all,yearly,national,['manually_inputted_data $ guess'],1,0.42,manually_inputted_data $ guess,0.03,manual,no_comment
15349,2020,20_USA,new_vehicle_efficiency,bus,km_per_pj,road,passenger,lpg,all,yearly,national,['avg_eff_no_outliers $ transport_data_system_9th'],1,1295830676.4857378,avg_eff_no_outliers $ transport_data_system_9th,99679282.8065952,single_datapoint,no_comment
15350,2020,20_USA,turnover_rate,bus,%,road,passenger,lpg,all,yearly,national,['manually_inputted_data $ guess'],1,0.42,manually_inputted_data $ guess,0.03,manual,no_comment
15351,2021,20_USA,new_vehicle_efficiency,bus,km_per_pj,road,passenger,lpg,all,yearly,national,['avg_eff_no_outliers $ transport_data_system_9th'],1,1295830676.4857378,avg_eff_no_outliers $ transport_data_system_9th,99679282.8065952,single_datapoint,no_comment
15352,2021,20_USA,turnover_rate,bus,%,road,passenger,lpg,all,yearly,national,['manually_inputted_data $ guess'],1,0.42,manually_inputted_data $ guess,0.03,manual,no_comment
15353,2022,20_USA,new_vehicle_efficiency,bus,km_per_pj,road,passenger,lpg,all,yearly,national,['avg_eff_no_outliers $ transport_data_system_9th'],1,1295830676.4857378,avg_eff_no_outliers $ transport_data_system_9th,99679282.8065952,single_datapoint,no_comment
15354,2022,20_USA,turnover_rate,bus,%,road,passenger,lpg,all,yearly,national,['manually_inputted_data $ guess'],1,0.42,manually_inputted_data $ guess,0.03,manual,no_comment
15355,2010,20_USA,new_vehicle_efficiency,bus,km_per_pj,road,passenger,phev,all,yearly,national,['avg_eff_no_outliers $ transport_data_system_9th'],1,1472018422.278209,avg_eff_no_outliers $ transport_data_system_9th,113232186.329093,single_datapoint,no_comment
15356,2010,20_USA,turnover_rate,bus,%,road,passenger,phev,all,yearly,national,['manually_inputted_data $ guess'],1,0.39,manually_inputted_data $ guess,0.03,single_datapoint,no_comment
15357,2011,20_USA,new_vehicle_efficiency,bus,km_per_pj,road,passenger,phev,all,yearly,national,['avg_eff_no_outliers $ transport_data_system_9th'],1,1472018422.278209,avg_eff_no_outliers $ transport_data_system_9th,113232186.329093,single_datapoint,no_comment
15358,2011,20_USA,turnover_rate,bus,%,road,passenger,phev,all,yearly,national,['manually_inputted_data $ guess'],1,0.39,manually_inputted_data $ guess,0.03,single_datapoint,no_comment
15359,2012,20_USA,new_vehicle_efficiency,bus,km_per_pj,road,passenger,phev,all,yearly,national,['avg_eff_no_outliers $ transport_data_system_9th'],1,1472018422.278209,avg_eff_no_outliers $ transport_data_system_9th,113232186.329093,single_datapoint,no_comment
15360,2012,20_USA,turnover_rate,bus,%,road,passenger,phev,all,yearly,national,['manually_inputted_data $ guess'],1,0.39,manually_inputted_data $ guess,0.03,single_datapoint,no_comment
15361,2013,20_USA,new_vehicle_efficiency,bus,km_per_pj,road,passenger,phev,all,yearly,national,['avg_eff_no_outliers $ transport_data_system_9th'],1,1472018422.278209,avg_eff_no_outliers $ transport_data_system_9th,113232186.329093,single_datapoint,no_comment
15362,2013,20_USA,turnover_rate,bus,%,road,passenger,phev,all,yearly,national,['manually_inputted_data $ guess'],1,0.39,manually_inputted_data $ guess,0.03,single_datapoint,no_comment
15363,2014,20_USA,new_vehicle_efficiency,bus,km_per_pj,road,passenger,phev,all,yearly,national,['avg_eff_no_outliers $ transport_data_system_9th'],1,1472018422.278209,avg_eff_no_outliers $ transport_data_system_9th,113232186.329093,single_datapoint,no_comment
15364,2014,20_USA,turnover_rate,bus,%,road,passenger,phev,all,yearly,national,['manually_inputted_data $ guess'],1,0.39,manually_inputted_data $ guess,0.03,single_datapoint,no_comment
15365,2015,20_USA,new_vehicle_efficiency,bus,km_per_pj,road,passenger,phev,all,yearly,national,['avg_eff_no_outliers $ transport_data_system_9th'],1,1472018422.278209,avg_eff_no_outliers $ transport_data_system_9th,113232186.329093,single_datapoint,no_comment
15366,2015,20_USA,turnover_rate,bus,%,road,passenger,phev,all,yearly,national,['manually_inputted_data $ guess'],1,0.39,manually_inputted_data $ guess,0.03,single_datapoint,no_comment
15367,2016,20_USA,new_vehicle_efficiency,bus,km_per_pj,road,passenger,phev,all,yearly,national,['avg_eff_no_outliers $ transport_data_system_9th'],1,1472018422.278209,avg_eff_no_outliers $ transport_data_system_9th,113232186.329093,single_datapoint,no_comment
15368,2016,20_USA,turnover_rate,bus,%,road,passenger,phev,all,yearly,national,['manually_inputted_data $ guess'],1,0.39,manually_inputted_data $ guess,0.03,single_datapoint,no_comment
15369,2017,20_USA,new_vehicle_efficiency,bus,km_per_pj,road,passenger,phev,all,yearly,national,['avg_eff_no_outliers $ transport_data_system_9th'],1,1472018422.278209,avg_eff_no_outliers $ transport_data_system_9th,113232186.329093,single_datapoint,no_comment
15370,2017,20_USA,turnover_rate,bus,%,road,passenger,phev,all,yearly,national,['manually_inputted_data $ guess'],1,0.39,manually_inputted_data $ guess,0.03,single_datapoint,no_comment
15371,2018,20_USA,new_vehicle_efficiency,bus,km_per_pj,road,passenger,phev,all,yearly,national,['avg_eff_no_outliers $ transport_data_system_9th'],1,1472018422.278209,avg_eff_no_outliers $ transport_data_system_9th,113232186.329093,single_datapoint,no_comment
15372,2018,20_USA,turnover_rate,bus,%,road,passenger,phev,all,yearly,national,['manually_inputted_data $ guess'],1,0.39,manually_inputted_data $ guess,0.03,single_datapoint,no_comment
15373,2019,20_USA,new_vehicle_efficiency,bus,km_per_pj,road,passenger,phev,all,yearly,national,['avg_eff_no_outliers $ transport_data_system_9th'],1,1472018422.278209,avg_eff_no_outliers $ transport_data_system_9th,113232186.329093,single_datapoint,no_comment
15374,2019,20_USA,turnover_rate,bus,%,road,passenger,phev,all,yearly,national,['manually_inputted_data $ guess'],1,0.39,manually_inputted_data $ guess,0.03,single_datapoint,no_comment
15375,2020,20_USA,new_vehicle_efficiency,bus,km_per_pj,road,passenger,phev,all,yearly,national,['avg_eff_no_outliers $ transport_data_system_9th'],1,1472018422.278209,avg_eff_no_outliers $ transport_data_system_9th,113232186.329093,single_datapoint,no_comment
15376,2020,20_USA,turnover_rate,bus,%,road,passenger,phev,all,yearly,national,['manually_inputted_data $ guess'],1,0.39,manually_inputted_data $ guess,0.03,single_datapoint,no_comment
15377,2021,20_USA,new_vehicle_efficiency,bus,km_per_pj,road,passenger,phev,all,yearly,national,['avg_eff_no_outliers $ transport_data_system_9th'],1,1472018422.278209,avg_eff_no_outliers $ transport_data_system_9th,113232186.329093,single_datapoint,no_comment
15378,2021,20_USA,turnover_rate,bus,%,road,passenger,phev,all,yearly,national,['manually_inputted_data $ guess'],1,0.39,manually_inputted_data $ guess,0.03,single_datapoint,no_comment
15379,2022,20_USA,new_vehicle_efficiency,bus,km_per_pj,road,passenger,phev,all,yearly,national,['avg_eff_no_outliers $ transport_data_system_9th'],1,1472018422.278209,avg_eff_no_outliers $ transport_data_system_9th,113232186.329093,single_datapoint,no_comment
15380,2022,20_USA,turnover_rate,bus,%,road,passenger,phev,all,yearly,national,['manually_inputted_data $ guess'],1,0.39,manually_inputted_data $ guess,0.03,single_datapoint,no_comment
15381,2010,20_USA,new_vehicle_efficiency,ht,km_per_pj,road,freight,bev,all,yearly,national,['avg_eff_no_outliers $ transport_data_system_9th'],1,3249486640.872147,avg_eff_no_outliers $ transport_data_system_9th,249960510.836319,single_datapoint,no_comment
15382,2010,20_USA,turnover_rate,ht,%,road,freight,bev,all,yearly,national,['manually_inputted_data $ guess'],1,0.42,manually_inputted_data $ guess,0.03,manual,no_comment
15383,2011,20_USA,new_vehicle_efficiency,ht,km_per_pj,road,freight,bev,all,yearly,national,['avg_eff_no_outliers $ transport_data_system_9th'],1,3249486640.872147,avg_eff_no_outliers $ transport_data_system_9th,249960510.836319,single_datapoint,no_comment
15384,2011,20_USA,turnover_rate,ht,%,road,freight,bev,all,yearly,national,['manually_inputted_data $ guess'],1,0.42,manually_inputted_data $ guess,0.03,manual,no_comment
15385,2012,20_USA,new_vehicle_efficiency,ht,km_per_pj,road,freight,bev,all,yearly,national,['avg_eff_no_outliers $ transport_data_system_9th'],1,3249486640.872147,avg_eff_no_outliers $ transport_data_system_9th,249960510.836319,single_datapoint,no_comment
15386,2012,20_USA,turnover_rate,ht,%,road,freight,bev,all,yearly,national,['manually_inputted_data $ guess'],1,0.42,manually_inputted_data $ guess,0.03,manual,no_comment
15387,2013,20_USA,new_vehicle_efficiency,ht,km_per_pj,road,freight,bev,all,yearly,national,['avg_eff_no_outliers $ transport_data_system_9th'],1,3249486640.872147,avg_eff_no_outliers $ transport_data_system_9th,249960510.836319,single_datapoint,no_comment
15388,2013,20_USA,turnover_rate,ht,%,road,freight,bev,all,yearly,national,['manually_inputted_data $ guess'],1,0.42,manually_inputted_data $ guess,0.03,manual,no_comment
15389,2014,20_USA,new_vehicle_efficiency,ht,km_per_pj,road,freight,bev,all,yearly,national,['avg_eff_no_outliers $ transport_data_system_9th'],1,3249486640.872147,avg_eff_no_outliers $ transport_data_system_9th,249960510.836319,single_datapoint,no_comment
15390,2014,20_USA,turnover_rate,ht,%,road,freight,bev,all,yearly,national,['manually_inputted_data $ guess'],1,0.42,manually_inputted_data $ guess,0.03,manual,no_comment
15391,2015,20_USA,new_vehicle_efficiency,ht,km_per_pj,road,freight,bev,all,yearly,national,['avg_eff_no_outliers $ transport_data_system_9th'],1,3249486640.872147,avg_eff_no_outliers $ transport_data_system_9th,249960510.836319,single_datapoint,no_comment
15392,2015,20_USA,turnover_rate,ht,%,road,freight,bev,all,yearly,national,['manually_inputted_data $ guess'],1,0.42,manually_inputted_data $ guess,0.03,manual,no_comment
15393,2016,20_USA,new_vehicle_efficiency,ht,km_per_pj,road,freight,bev,all,yearly,national,['avg_eff_no_outliers $ transport_data_system_9th'],1,3249486640.872147,avg_eff_no_outliers $ transport_data_system_9th,249960510.836319,single_datapoint,no_comment
15394,2016,20_USA,turnover_rate,ht,%,road,freight,bev,all,yearly,national,['manually_inputted_data $ guess'],1,0.42,manually_inputted_data $ guess,0.03,manual,no_comment
15395,2017,20_USA,activity,ht,passenger_km_or_freight_tonne_km,road,freight,bev,all,yearly,national,"['8th_edition_transport_model $ reference', 'estimated $ calculate_energy_and_activity()']",2,79212531.52699691,estimated $ calculate_energy_and_activity(),57656250.0,manual,no_comment
15396,2017,20_USA,energy,ht,pj,road,freight,bev,all,yearly,national,"['8th_edition_transport_model $ reference', 'estimated $ calculate_energy_and_activity()']",2,0.05845658893507951,estimated $ calculate_energy_and_activity(),0.04149779514513551,manual,no_comment
15397,2017,20_USA,new_vehicle_efficiency,ht,km_per_pj,road,freight,bev,all,yearly,national,['avg_eff_no_outliers $ transport_data_system_9th'],1,3249486640.872147,avg_eff_no_outliers $ transport_data_system_9th,249960510.836319,single_datapoint,no_comment
15398,2017,20_USA,travel_km,ht,km,road,freight,bev,all,yearly,national,['estimated $ calculate_energy_and_activity()'],1,10250000.0,estimated $ calculate_energy_and_activity(),10250000.0,single_datapoint,no_comment
15399,2017,20_USA,turnover_rate,ht,%,road,freight,bev,all,yearly,national,"['manually_inputted_data $ guess', 'turnover_rate_est']",2,0.42,manually_inputted_data $ guess,0.03,manual,no_comment
15400,2018,20_USA,new_vehicle_efficiency,ht,km_per_pj,road,freight,bev,all,yearly,national,['avg_eff_no_outliers $ transport_data_system_9th'],1,3249486640.872147,avg_eff_no_outliers $ transport_data_system_9th,249960510.836319,single_datapoint,no_comment
15401,2018,20_USA,turnover_rate,ht,%,road,freight,bev,all,yearly,national,['manually_inputted_data $ guess'],1,0.42,manually_inputted_data $ guess,0.03,manual,no_comment
15402,2019,20_USA,new_vehicle_efficiency,ht,km_per_pj,road,freight,bev,all,yearly,national,['avg_eff_no_outliers $ transport_data_system_9th'],1,3249486640.872147,avg_eff_no_outliers $ transport_data_system_9th,249960510.836319,single_datapoint,no_comment
15403,2019,20_USA,turnover_rate,ht,%,road,freight,bev,all,yearly,national,['manually_inputted_data $ guess'],1,0.42,manually_inputted_data $ guess,0.03,manual,no_comment
15404,2020,20_USA,new_vehicle_efficiency,ht,km_per_pj,road,freight,bev,all,yearly,national,['avg_eff_no_outliers $ transport_data_system_9th'],1,3249486640.872147,avg_eff_no_outliers $ transport_data_system_9th,249960510.836319,single_datapoint,no_comment
15405,2020,20_USA,turnover_rate,ht,%,road,freight,bev,all,yearly,national,['manually_inputted_data $ guess'],1,0.42,manually_inputted_data $ guess,0.03,manual,no_comment
15406,2021,20_USA,new_vehicle_efficiency,ht,km_per_pj,road,freight,bev,all,yearly,national,['avg_eff_no_outliers $ transport_data_system_9th'],1,3249486640.872147,avg_eff_no_outliers $ transport_data_system_9th,249960510.836319,single_datapoint,no_comment
15407,2021,20_USA,turnover_rate,ht,%,road,freight,bev,all,yearly,national,['manually_inputted_data $ guess'],1,0.42,manually_inputted_data $ guess,0.03,manual,no_comment
15408,2022,20_USA,new_vehicle_efficiency,ht,km_per_pj,road,freight,bev,all,yearly,national,['avg_eff_no_outliers $ transport_data_system_9th'],1,3249486640.872147,avg_eff_no_outliers $ transport_data_system_9th,249960510.836319,single_datapoint,no_comment
15409,2022,20_USA,turnover_rate,ht,%,road,freight,bev,all,yearly,national,['manually_inputted_data $ guess'],1,0.42,manually_inputted_data $ guess,0.03,manual,no_comment
15410,2010,20_USA,new_vehicle_efficiency,ht,km_per_pj,road,freight,cng,all,yearly,national,['avg_eff_no_outliers $ transport_data_system_9th'],1,1775178058.548531,avg_eff_no_outliers $ transport_data_system_9th,136552158.349887,single_datapoint,no_comment
15411,2010,20_USA,turnover_rate,ht,%,road,freight,cng,all,yearly,national,['manually_inputted_data $ guess'],1,0.42,manually_inputted_data $ guess,0.03,manual,no_comment
15412,2011,20_USA,new_vehicle_efficiency,ht,km_per_pj,road,freight,cng,all,yearly,national,['avg_eff_no_outliers $ transport_data_system_9th'],1,1775178058.548531,avg_eff_no_outliers $ transport_data_system_9th,136552158.349887,single_datapoint,no_comment
15413,2011,20_USA,turnover_rate,ht,%,road,freight,cng,all,yearly,national,['manually_inputted_data $ guess'],1,0.42,manually_inputted_data $ guess,0.03,manual,no_comment
15414,2012,20_USA,new_vehicle_efficiency,ht,km_per_pj,road,freight,cng,all,yearly,national,['avg_eff_no_outliers $ transport_data_system_9th'],1,1775178058.548531,avg_eff_no_outliers $ transport_data_system_9th,136552158.349887,single_datapoint,no_comment
15415,2012,20_USA,turnover_rate,ht,%,road,freight,cng,all,yearly,national,['manually_inputted_data $ guess'],1,0.42,manually_inputted_data $ guess,0.03,manual,no_comment
15416,2013,20_USA,new_vehicle_efficiency,ht,km_per_pj,road,freight,cng,all,yearly,national,['avg_eff_no_outliers $ transport_data_system_9th'],1,1775178058.548531,avg_eff_no_outliers $ transport_data_system_9th,136552158.349887,single_datapoint,no_comment
15417,2013,20_USA,turnover_rate,ht,%,road,freight,cng,all,yearly,national,['manually_inputted_data $ guess'],1,0.42,manually_inputted_data $ guess,0.03,manual,no_comment
15418,2014,20_USA,new_vehicle_efficiency,ht,km_per_pj,road,freight,cng,all,yearly,national,['avg_eff_no_outliers $ transport_data_system_9th'],1,1775178058.548531,avg_eff_no_outliers $ transport_data_system_9th,136552158.349887,single_datapoint,no_comment
15419,2014,20_USA,turnover_rate,ht,%,road,freight,cng,all,yearly,national,['manually_inputted_data $ guess'],1,0.42,manually_inputted_data $ guess,0.03,manual,no_comment
15420,2015,20_USA,new_vehicle_efficiency,ht,km_per_pj,road,freight,cng,all,yearly,national,['avg_eff_no_outliers $ transport_data_system_9th'],1,1775178058.548531,avg_eff_no_outliers $ transport_data_system_9th,136552158.349887,single_datapoint,no_comment
15421,2015,20_USA,turnover_rate,ht,%,road,freight,cng,all,yearly,national,['manually_inputted_data $ guess'],1,0.42,manually_inputted_data $ guess,0.03,manual,no_comment
15422,2016,20_USA,new_vehicle_efficiency,ht,km_per_pj,road,freight,cng,all,yearly,national,['avg_eff_no_outliers $ transport_data_system_9th'],1,1775178058.548531,avg_eff_no_outliers $ transport_data_system_9th,136552158.349887,single_datapoint,no_comment
15423,2016,20_USA,turnover_rate,ht,%,road,freight,cng,all,yearly,national,['manually_inputted_data $ guess'],1,0.42,manually_inputted_data $ guess,0.03,manual,no_comment
15424,2017,20_USA,activity,ht,passenger_km_or_freight_tonne_km,road,freight,cng,all,yearly,national,"['8th_edition_transport_model $ reference', 'estimated $ calculate_energy_and_activity()']",2,29648065125.481575,estimated $ calculate_energy_and_activity(),20970703125.0,manual,no_comment
15425,2017,20_USA,energy,ht,pj,road,freight,cng,all,yearly,national,"['8th_edition_transport_model $ reference', 'estimated $ calculate_energy_and_activity()']",2,68.01321883041363,estimated $ calculate_energy_and_activity(),52.82745232576625,manual,no_comment
15426,2017,20_USA,new_vehicle_efficiency,ht,km_per_pj,road,freight,cng,all,yearly,national,['avg_eff_no_outliers $ transport_data_system_9th'],1,1775178058.548531,avg_eff_no_outliers $ transport_data_system_9th,136552158.349887,single_datapoint,no_comment
15427,2017,20_USA,travel_km,ht,km,road,freight,cng,all,yearly,national,['estimated $ calculate_energy_and_activity()'],1,3728125000.0,estimated $ calculate_energy_and_activity(),3728125000.0,single_datapoint,no_comment
15428,2017,20_USA,turnover_rate,ht,%,road,freight,cng,all,yearly,national,"['manually_inputted_data $ guess', 'turnover_rate_est']",2,0.42,manually_inputted_data $ guess,0.03,manual,no_comment
15429,2018,20_USA,new_vehicle_efficiency,ht,km_per_pj,road,freight,cng,all,yearly,national,['avg_eff_no_outliers $ transport_data_system_9th'],1,1775178058.548531,avg_eff_no_outliers $ transport_data_system_9th,136552158.349887,single_datapoint,no_comment
15430,2018,20_USA,turnover_rate,ht,%,road,freight,cng,all,yearly,national,['manually_inputted_data $ guess'],1,0.42,manually_inputted_data $ guess,0.03,manual,no_comment
15431,2019,20_USA,new_vehicle_efficiency,ht,km_per_pj,road,freight,cng,all,yearly,national,['avg_eff_no_outliers $ transport_data_system_9th'],1,1775178058.548531,avg_eff_no_outliers $ transport_data_system_9th,136552158.349887,single_datapoint,no_comment
15432,2019,20_USA,turnover_rate,ht,%,road,freight,cng,all,yearly,national,['manually_inputted_data $ guess'],1,0.42,manually_inputted_data $ guess,0.03,manual,no_comment
15433,2020,20_USA,new_vehicle_efficiency,ht,km_per_pj,road,freight,cng,all,yearly,national,['avg_eff_no_outliers $ transport_data_system_9th'],1,1775178058.548531,avg_eff_no_outliers $ transport_data_system_9th,136552158.349887,single_datapoint,no_comment
15434,2020,20_USA,turnover_rate,ht,%,road,freight,cng,all,yearly,national,['manually_inputted_data $ guess'],1,0.42,manually_inputted_data $ guess,0.03,manual,no_comment
15435,2021,20_USA,new_vehicle_efficiency,ht,km_per_pj,road,freight,cng,all,yearly,national,['avg_eff_no_outliers $ transport_data_system_9th'],1,1775178058.548531,avg_eff_no_outliers $ transport_data_system_9th,136552158.349887,single_datapoint,no_comment
15436,2021,20_USA,turnover_rate,ht,%,road,freight,cng,all,yearly,national,['manually_inputted_data $ guess'],1,0.42,manually_inputted_data $ guess,0.03,manual,no_comment
15437,2022,20_USA,new_vehicle_efficiency,ht,km_per_pj,road,freight,cng,all,yearly,national,['avg_eff_no_outliers $ transport_data_system_9th'],1,1775178058.548531,avg_eff_no_outliers $ transport_data_system_9th,136552158.349887,single_datapoint,no_comment
15438,2022,20_USA,turnover_rate,ht,%,road,freight,cng,all,yearly,national,['manually_inputted_data $ guess'],1,0.42,manually_inputted_data $ guess,0.03,manual,no_comment
15439,2017,20_USA,turnover_rate,ht,%,road,freight,fcev,all,yearly,national,['turnover_rate_est'],1,0.03,turnover_rate_est,0.03,single_datapoint,no_comment
15440,2010,20_USA,new_vehicle_efficiency,ht,km_per_pj,road,freight,ice,all,yearly,national,['avg_eff_no_outliers $ transport_data_system_9th'],1,1058551713.3301452,avg_eff_no_outliers $ transport_data_system_9th,81427054.87154964,single_datapoint,no_comment
15441,2010,20_USA,turnover_rate,ht,%,road,freight,ice,all,yearly,national,['manually_inputted_data $ guess'],1,0.39,manually_inputted_data $ guess,0.03,single_datapoint,no_comment
15442,2011,20_USA,new_vehicle_efficiency,ht,km_per_pj,road,freight,ice,all,yearly,national,['avg_eff_no_outliers $ transport_data_system_9th'],1,1058551713.3301452,avg_eff_no_outliers $ transport_data_system_9th,81427054.87154964,single_datapoint,no_comment
15443,2011,20_USA,turnover_rate,ht,%,road,freight,ice,all,yearly,national,['manually_inputted_data $ guess'],1,0.39,manually_inputted_data $ guess,0.03,single_datapoint,no_comment
15444,2012,20_USA,new_vehicle_efficiency,ht,km_per_pj,road,freight,ice,all,yearly,national,['avg_eff_no_outliers $ transport_data_system_9th'],1,1058551713.3301452,avg_eff_no_outliers $ transport_data_system_9th,81427054.87154964,single_datapoint,no_comment
15445,2012,20_USA,turnover_rate,ht,%,road,freight,ice,all,yearly,national,['manually_inputted_data $ guess'],1,0.39,manually_inputted_data $ guess,0.03,single_datapoint,no_comment
15446,2013,20_USA,new_vehicle_efficiency,ht,km_per_pj,road,freight,ice,all,yearly,national,['avg_eff_no_outliers $ transport_data_system_9th'],1,1058551713.3301452,avg_eff_no_outliers $ transport_data_system_9th,81427054.87154964,single_datapoint,no_comment
15447,2013,20_USA,turnover_rate,ht,%,road,freight,ice,all,yearly,national,['manually_inputted_data $ guess'],1,0.39,manually_inputted_data $ guess,0.03,single_datapoint,no_comment
15448,2014,20_USA,new_vehicle_efficiency,ht,km_per_pj,road,freight,ice,all,yearly,national,['avg_eff_no_outliers $ transport_data_system_9th'],1,1058551713.3301452,avg_eff_no_outliers $ transport_data_system_9th,81427054.87154964,single_datapoint,no_comment
15449,2014,20_USA,turnover_rate,ht,%,road,freight,ice,all,yearly,national,['manually_inputted_data $ guess'],1,0.39,manually_inputted_data $ guess,0.03,single_datapoint,no_comment
15450,2015,20_USA,new_vehicle_efficiency,ht,km_per_pj,road,freight,ice,all,yearly,national,['avg_eff_no_outliers $ transport_data_system_9th'],1,1058551713.3301452,avg_eff_no_outliers $ transport_data_system_9th,81427054.87154964,single_datapoint,no_comment
15451,2015,20_USA,turnover_rate,ht,%,road,freight,ice,all,yearly,national,['manually_inputted_data $ guess'],1,0.39,manually_inputted_data $ guess,0.03,single_datapoint,no_comment
15452,2016,20_USA,new_vehicle_efficiency,ht,km_per_pj,road,freight,ice,all,yearly,national,['avg_eff_no_outliers $ transport_data_system_9th'],1,1058551713.3301452,avg_eff_no_outliers $ transport_data_system_9th,81427054.87154964,single_datapoint,no_comment
15453,2016,20_USA,turnover_rate,ht,%,road,freight,ice,all,yearly,national,['manually_inputted_data $ guess'],1,0.39,manually_inputted_data $ guess,0.03,single_datapoint,no_comment
15454,2017,20_USA,activity,ht,passenger_km_or_freight_tonne_km,road,freight,ice,all,yearly,national,['estimated $ calculate_energy_and_activity()'],1,7840160156250.0,estimated $ calculate_energy_and_activity(),7840160156250.0,single_datapoint,no_comment
15455,2017,20_USA,energy,ht,pj,road,freight,ice,all,yearly,national,['estimated $ calculate_energy_and_activity()'],1,19750.20505568618,estimated $ calculate_energy_and_activity(),19750.20505568618,single_datapoint,no_comment
15456,2017,20_USA,new_vehicle_efficiency,ht,km_per_pj,road,freight,ice,all,yearly,national,['avg_eff_no_outliers $ transport_data_system_9th'],1,1058551713.3301452,avg_eff_no_outliers $ transport_data_system_9th,81427054.87154964,single_datapoint,no_comment
15457,2017,20_USA,travel_km,ht,km,road,freight,ice,all,yearly,national,['estimated $ calculate_energy_and_activity()'],1,1393806250000.0,estimated $ calculate_energy_and_activity(),1393806250000.0,single_datapoint,no_comment
15458,2017,20_USA,turnover_rate,ht,%,road,freight,ice,all,yearly,national,['manually_inputted_data $ guess'],1,0.39,manually_inputted_data $ guess,0.03,single_datapoint,no_comment
15459,2018,20_USA,new_vehicle_efficiency,ht,km_per_pj,road,freight,ice,all,yearly,national,['avg_eff_no_outliers $ transport_data_system_9th'],1,1058551713.3301452,avg_eff_no_outliers $ transport_data_system_9th,81427054.87154964,single_datapoint,no_comment
15460,2018,20_USA,turnover_rate,ht,%,road,freight,ice,all,yearly,national,['manually_inputted_data $ guess'],1,0.39,manually_inputted_data $ guess,0.03,single_datapoint,no_comment
15461,2019,20_USA,new_vehicle_efficiency,ht,km_per_pj,road,freight,ice,all,yearly,national,['avg_eff_no_outliers $ transport_data_system_9th'],1,1058551713.3301452,avg_eff_no_outliers $ transport_data_system_9th,81427054.87154964,single_datapoint,no_comment
15462,2019,20_USA,turnover_rate,ht,%,road,freight,ice,all,yearly,national,['manually_inputted_data $ guess'],1,0.39,manually_inputted_data $ guess,0.03,single_datapoint,no_comment
15463,2020,20_USA,new_vehicle_efficiency,ht,km_per_pj,road,freight,ice,all,yearly,national,['avg_eff_no_outliers $ transport_data_system_9th'],1,1058551713.3301452,avg_eff_no_outliers $ transport_data_system_9th,81427054.87154964,single_datapoint,no_comment
15464,2020,20_USA,turnover_rate,ht,%,road,freight,ice,all,yearly,national,['manually_inputted_data $ guess'],1,0.39,manually_inputted_data $ guess,0.03,single_datapoint,no_comment
15465,2021,20_USA,new_vehicle_efficiency,ht,km_per_pj,road,freight,ice,all,yearly,national,['avg_eff_no_outliers $ transport_data_system_9th'],1,1058551713.3301452,avg_eff_no_outliers $ transport_data_system_9th,81427054.87154964,single_datapoint,no_comment
15466,2021,20_USA,turnover_rate,ht,%,road,freight,ice,all,yearly,national,['manually_inputted_data $ guess'],1,0.39,manually_inputted_data $ guess,0.03,single_datapoint,no_comment
15467,2022,20_USA,new_vehicle_efficiency,ht,km_per_pj,road,freight,ice,all,yearly,national,['avg_eff_no_outliers $ transport_data_system_9th'],1,1058551713.3301452,avg_eff_no_outliers $ transport_data_system_9th,81427054.87154964,single_datapoint,no_comment
15468,2022,20_USA,turnover_rate,ht,%,road,freight,ice,all,yearly,national,['manually_inputted_data $ guess'],1,0.39,manually_inputted_data $ guess,0.03,single_datapoint,no_comment
15469,2010,20_USA,new_vehicle_efficiency,ht,km_per_pj,road,freight,lpg,all,yearly,national,['avg_eff_no_outliers $ transport_data_system_9th'],1,1405649677.815799,avg_eff_no_outliers $ transport_data_system_9th,108126898.293523,single_datapoint,no_comment
15470,2010,20_USA,turnover_rate,ht,%,road,freight,lpg,all,yearly,national,['manually_inputted_data $ guess'],1,0.42,manually_inputted_data $ guess,0.03,manual,no_comment
15471,2011,20_USA,new_vehicle_efficiency,ht,km_per_pj,road,freight,lpg,all,yearly,national,['avg_eff_no_outliers $ transport_data_system_9th'],1,1405649677.815799,avg_eff_no_outliers $ transport_data_system_9th,108126898.293523,single_datapoint,no_comment
15472,2011,20_USA,turnover_rate,ht,%,road,freight,lpg,all,yearly,national,['manually_inputted_data $ guess'],1,0.42,manually_inputted_data $ guess,0.03,manual,no_comment
15473,2012,20_USA,new_vehicle_efficiency,ht,km_per_pj,road,freight,lpg,all,yearly,national,['avg_eff_no_outliers $ transport_data_system_9th'],1,1405649677.815799,avg_eff_no_outliers $ transport_data_system_9th,108126898.293523,single_datapoint,no_comment
15474,2012,20_USA,turnover_rate,ht,%,road,freight,lpg,all,yearly,national,['manually_inputted_data $ guess'],1,0.42,manually_inputted_data $ guess,0.03,manual,no_comment
15475,2013,20_USA,new_vehicle_efficiency,ht,km_per_pj,road,freight,lpg,all,yearly,national,['avg_eff_no_outliers $ transport_data_system_9th'],1,1405649677.815799,avg_eff_no_outliers $ transport_data_system_9th,108126898.293523,single_datapoint,no_comment
15476,2013,20_USA,turnover_rate,ht,%,road,freight,lpg,all,yearly,national,['manually_inputted_data $ guess'],1,0.42,manually_inputted_data $ guess,0.03,manual,no_comment
15477,2014,20_USA,new_vehicle_efficiency,ht,km_per_pj,road,freight,lpg,all,yearly,national,['avg_eff_no_outliers $ transport_data_system_9th'],1,1405649677.815799,avg_eff_no_outliers $ transport_data_system_9th,108126898.293523,single_datapoint,no_comment
15478,2014,20_USA,turnover_rate,ht,%,road,freight,lpg,all,yearly,national,['manually_inputted_data $ guess'],1,0.42,manually_inputted_data $ guess,0.03,manual,no_comment
15479,2015,20_USA,new_vehicle_efficiency,ht,km_per_pj,road,freight,lpg,all,yearly,national,['avg_eff_no_outliers $ transport_data_system_9th'],1,1405649677.815799,avg_eff_no_outliers $ transport_data_system_9th,108126898.293523,single_datapoint,no_comment
15480,2015,20_USA,turnover_rate,ht,%,road,freight,lpg,all,yearly,national,['manually_inputted_data $ guess'],1,0.42,manually_inputted_data $ guess,0.03,manual,no_comment
15481,2016,20_USA,new_vehicle_efficiency,ht,km_per_pj,road,freight,lpg,all,yearly,national,['avg_eff_no_outliers $ transport_data_system_9th'],1,1405649677.815799,avg_eff_no_outliers $ transport_data_system_9th,108126898.293523,single_datapoint,no_comment
15482,2016,20_USA,turnover_rate,ht,%,road,freight,lpg,all,yearly,national,['manually_inputted_data $ guess'],1,0.42,manually_inputted_data $ guess,0.03,manual,no_comment
15483,2017,20_USA,activity,ht,passenger_km_or_freight_tonne_km,road,freight,lpg,all,yearly,national,"['8th_edition_transport_model $ reference', 'estimated $ calculate_energy_and_activity()']",2,5195110469.573634,8th_edition_transport_model $ reference,1420032344.573634,manual,no_comment
15484,2017,20_USA,energy,ht,pj,road,freight,lpg,all,yearly,national,"['8th_edition_transport_model $ reference', 'estimated $ calculate_energy_and_activity()']",2,12.445355505055993,estimated $ calculate_energy_and_activity(),9.509827042314804,manual,no_comment
15485,2017,20_USA,new_vehicle_efficiency,ht,km_per_pj,road,freight,lpg,all,yearly,national,['avg_eff_no_outliers $ transport_data_system_9th'],1,1405649677.815799,avg_eff_no_outliers $ transport_data_system_9th,108126898.293523,single_datapoint,no_comment
15486,2017,20_USA,travel_km,ht,km,road,freight,lpg,all,yearly,national,['estimated $ calculate_energy_and_activity()'],1,671125000.0,estimated $ calculate_energy_and_activity(),671125000.0,single_datapoint,no_comment
15487,2017,20_USA,turnover_rate,ht,%,road,freight,lpg,all,yearly,national,"['manually_inputted_data $ guess', 'turnover_rate_est']",2,0.42,manually_inputted_data $ guess,0.03,manual,no_comment
15488,2018,20_USA,new_vehicle_efficiency,ht,km_per_pj,road,freight,lpg,all,yearly,national,['avg_eff_no_outliers $ transport_data_system_9th'],1,1405649677.815799,avg_eff_no_outliers $ transport_data_system_9th,108126898.293523,single_datapoint,no_comment
15489,2018,20_USA,turnover_rate,ht,%,road,freight,lpg,all,yearly,national,['manually_inputted_data $ guess'],1,0.42,manually_inputted_data $ guess,0.03,manual,no_comment
15490,2019,20_USA,new_vehicle_efficiency,ht,km_per_pj,road,freight,lpg,all,yearly,national,['avg_eff_no_outliers $ transport_data_system_9th'],1,1405649677.815799,avg_eff_no_outliers $ transport_data_system_9th,108126898.293523,single_datapoint,no_comment
15491,2019,20_USA,turnover_rate,ht,%,road,freight,lpg,all,yearly,national,['manually_inputted_data $ guess'],1,0.42,manually_inputted_data $ guess,0.03,manual,no_comment
15492,2020,20_USA,new_vehicle_efficiency,ht,km_per_pj,road,freight,lpg,all,yearly,national,['avg_eff_no_outliers $ transport_data_system_9th'],1,1405649677.815799,avg_eff_no_outliers $ transport_data_system_9th,108126898.293523,single_datapoint,no_comment
15493,2020,20_USA,turnover_rate,ht,%,road,freight,lpg,all,yearly,national,['manually_inputted_data $ guess'],1,0.42,manually_inputted_data $ guess,0.03,manual,no_comment
15494,2021,20_USA,new_vehicle_efficiency,ht,km_per_pj,road,freight,lpg,all,yearly,national,['avg_eff_no_outliers $ transport_data_system_9th'],1,1405649677.815799,avg_eff_no_outliers $ transport_data_system_9th,108126898.293523,single_datapoint,no_comment
15495,2021,20_USA,turnover_rate,ht,%,road,freight,lpg,all,yearly,national,['manually_inputted_data $ guess'],1,0.42,manually_inputted_data $ guess,0.03,manual,no_comment
15496,2022,20_USA,new_vehicle_efficiency,ht,km_per_pj,road,freight,lpg,all,yearly,national,['avg_eff_no_outliers $ transport_data_system_9th'],1,1405649677.815799,avg_eff_no_outliers $ transport_data_system_9th,108126898.293523,single_datapoint,no_comment
15497,2022,20_USA,turnover_rate,ht,%,road,freight,lpg,all,yearly,national,['manually_inputted_data $ guess'],1,0.42,manually_inputted_data $ guess,0.03,manual,no_comment
15498,2010,20_USA,activity,ldv,passenger_km_or_freight_tonne_km,road,passenger,bev,all,yearly,national,['estimated $ calculate_energy_and_activity()'],1,181069532975.97467,estimated $ calculate_energy_and_activity(),85500000.0,manual,no_comment
15499,2010,20_USA,energy,ldv,pj,road,passenger,bev,all,yearly,national,['estimated $ calculate_energy_and_activity()'],1,96.57103475249647,estimated $ calculate_energy_and_activity(),0.046816746388407826,manual,no_comment
15500,2010,20_USA,new_vehicle_efficiency,ldv,km_per_pj,road,freight,bev,all,yearly,national,['avg_eff_no_outliers $ transport_data_system_9th'],1,7200566335.010296,avg_eff_no_outliers $ transport_data_system_9th,553889718.077715,single_datapoint,no_comment
15501,2010,20_USA,new_vehicle_efficiency,ldv,km_per_pj,road,passenger,bev,all,yearly,national,['avg_eff_no_outliers $ transport_data_system_9th'],1,9901716082.423439,avg_eff_no_outliers $ transport_data_system_9th,761670467.878726,single_datapoint,no_comment
15502,2010,20_USA,travel_km,ldv,km,road,passenger,bev,all,yearly,national,['estimated $ calculate_energy_and_activity()'],1,110877000000.0,estimated $ calculate_energy_and_activity(),57000000.0,single_datapoint,no_comment
15503,2010,20_USA,turnover_rate,ldv,%,road,freight,bev,all,yearly,national,['manually_inputted_data $ guess'],1,0.42,manually_inputted_data $ guess,0.03,manual,no_comment
15504,2010,20_USA,turnover_rate,ldv,%,road,passenger,bev,all,yearly,national,['manually_inputted_data $ guess'],1,0.42,manually_inputted_data $ guess,0.03,manual,no_comment
15505,2011,20_USA,activity,ldv,passenger_km_or_freight_tonne_km,road,passenger,bev,all,yearly,national,['estimated $ calculate_energy_and_activity()'],1,181069532975.97467,estimated $ calculate_energy_and_activity(),315000000.0,manual,no_comment
15506,2011,20_USA,energy,ldv,pj,road,passenger,bev,all,yearly,national,['estimated $ calculate_energy_and_activity()'],1,96.57103475249647,estimated $ calculate_energy_and_activity(),0.17248274985202883,manual,no_comment
15507,2011,20_USA,new_vehicle_efficiency,ldv,km_per_pj,road,freight,bev,all,yearly,national,['avg_eff_no_outliers $ transport_data_system_9th'],1,7200566335.010296,avg_eff_no_outliers $ transport_data_system_9th,553889718.077715,single_datapoint,no_comment
15508,2011,20_USA,new_vehicle_efficiency,ldv,km_per_pj,road,passenger,bev,all,yearly,national,['avg_eff_no_outliers $ transport_data_system_9th'],1,9901716082.423439,avg_eff_no_outliers $ transport_data_system_9th,761670467.878726,single_datapoint,no_comment
15509,2011,20_USA,travel_km,ldv,km,road,passenger,bev,all,yearly,national,['estimated $ calculate_energy_and_activity()'],1,110877000000.0,estimated $ calculate_energy_and_activity(),210000000.0,single_datapoint,no_comment
15510,2011,20_USA,turnover_rate,ldv,%,road,freight,bev,all,yearly,national,['manually_inputted_data $ guess'],1,0.42,manually_inputted_data $ guess,0.03,manual,no_comment
15511,2011,20_USA,turnover_rate,ldv,%,road,passenger,bev,all,yearly,national,['manually_inputted_data $ guess'],1,0.42,manually_inputted_data $ guess,0.03,manual,no_comment
15512,2012,20_USA,activity,ldv,passenger_km_or_freight_tonne_km,road,passenger,bev,all,yearly,national,['estimated $ calculate_energy_and_activity()'],1,181069532975.97467,estimated $ calculate_energy_and_activity(),630000000.0,manual,no_comment
15513,2012,20_USA,energy,ldv,pj,road,passenger,bev,all,yearly,national,['estimated $ calculate_energy_and_activity()'],1,96.57103475249647,estimated $ calculate_energy_and_activity(),0.34496549970405765,manual,no_comment
15514,2012,20_USA,new_vehicle_efficiency,ldv,km_per_pj,road,freight,bev,all,yearly,national,['avg_eff_no_outliers $ transport_data_system_9th'],1,7200566335.010296,avg_eff_no_outliers $ transport_data_system_9th,553889718.077715,single_datapoint,no_comment
15515,2012,20_USA,new_vehicle_efficiency,ldv,km_per_pj,road,passenger,bev,all,yearly,national,['avg_eff_no_outliers $ transport_data_system_9th'],1,9901716082.423439,avg_eff_no_outliers $ transport_data_system_9th,761670467.878726,single_datapoint,no_comment
15516,2012,20_USA,travel_km,ldv,km,road,passenger,bev,all,yearly,national,['estimated $ calculate_energy_and_activity()'],1,110877000000.0,estimated $ calculate_energy_and_activity(),420000000.0,single_datapoint,no_comment
15517,2012,20_USA,turnover_rate,ldv,%,road,freight,bev,all,yearly,national,['manually_inputted_data $ guess'],1,0.42,manually_inputted_data $ guess,0.03,manual,no_comment
15518,2012,20_USA,turnover_rate,ldv,%,road,passenger,bev,all,yearly,national,['manually_inputted_data $ guess'],1,0.42,manually_inputted_data $ guess,0.03,manual,no_comment
15519,2013,20_USA,activity,ldv,passenger_km_or_freight_tonne_km,road,passenger,bev,all,yearly,national,['estimated $ calculate_energy_and_activity()'],1,181069532975.97467,estimated $ calculate_energy_and_activity(),1710000000.0,manual,no_comment
15520,2013,20_USA,energy,ldv,pj,road,passenger,bev,all,yearly,national,['estimated $ calculate_energy_and_activity()'],1,96.57103475249647,estimated $ calculate_energy_and_activity(),0.9363349277681564,manual,no_comment
15521,2013,20_USA,new_vehicle_efficiency,ldv,km_per_pj,road,freight,bev,all,yearly,national,['avg_eff_no_outliers $ transport_data_system_9th'],1,7200566335.010296,avg_eff_no_outliers $ transport_data_system_9th,553889718.077715,single_datapoint,no_comment
15522,2013,20_USA,new_vehicle_efficiency,ldv,km_per_pj,road,passenger,bev,all,yearly,national,['avg_eff_no_outliers $ transport_data_system_9th'],1,9901716082.423439,avg_eff_no_outliers $ transport_data_system_9th,761670467.878726,single_datapoint,no_comment
15523,2013,20_USA,travel_km,ldv,km,road,passenger,bev,all,yearly,national,['estimated $ calculate_energy_and_activity()'],1,110877000000.0,estimated $ calculate_energy_and_activity(),1140000000.0,single_datapoint,no_comment
15524,2013,20_USA,turnover_rate,ldv,%,road,freight,bev,all,yearly,national,['manually_inputted_data $ guess'],1,0.42,manually_inputted_data $ guess,0.03,manual,no_comment
15525,2013,20_USA,turnover_rate,ldv,%,road,passenger,bev,all,yearly,national,['manually_inputted_data $ guess'],1,0.42,manually_inputted_data $ guess,0.03,manual,no_comment
15526,2014,20_USA,activity,ldv,passenger_km_or_freight_tonne_km,road,passenger,bev,all,yearly,national,['estimated $ calculate_energy_and_activity()'],1,181069532975.97467,estimated $ calculate_energy_and_activity(),3150000000.0,manual,no_comment
15527,2014,20_USA,energy,ldv,pj,road,passenger,bev,all,yearly,national,['estimated $ calculate_energy_and_activity()'],1,96.57103475249647,estimated $ calculate_energy_and_activity(),1.7248274985202883,manual,no_comment
15528,2014,20_USA,new_vehicle_efficiency,ldv,km_per_pj,road,freight,bev,all,yearly,national,['avg_eff_no_outliers $ transport_data_system_9th'],1,7200566335.010296,avg_eff_no_outliers $ transport_data_system_9th,553889718.077715,single_datapoint,no_comment
15529,2014,20_USA,new_vehicle_efficiency,ldv,km_per_pj,road,passenger,bev,all,yearly,national,['avg_eff_no_outliers $ transport_data_system_9th'],1,9901716082.423439,avg_eff_no_outliers $ transport_data_system_9th,761670467.878726,single_datapoint,no_comment
15530,2014,20_USA,travel_km,ldv,km,road,passenger,bev,all,yearly,national,['estimated $ calculate_energy_and_activity()'],1,110877000000.0,estimated $ calculate_energy_and_activity(),2100000000.0,single_datapoint,no_comment
15531,2014,20_USA,turnover_rate,ldv,%,road,freight,bev,all,yearly,national,['manually_inputted_data $ guess'],1,0.42,manually_inputted_data $ guess,0.03,manual,no_comment
15532,2014,20_USA,turnover_rate,ldv,%,road,passenger,bev,all,yearly,national,['manually_inputted_data $ guess'],1,0.42,manually_inputted_data $ guess,0.03,manual,no_comment
15533,2015,20_USA,activity,ldv,passenger_km_or_freight_tonne_km,road,passenger,bev,all,yearly,national,['estimated $ calculate_energy_and_activity()'],1,181069532975.97467,estimated $ calculate_energy_and_activity(),4725000000.0,manual,no_comment
15534,2015,20_USA,energy,ldv,pj,road,passenger,bev,all,yearly,national,['estimated $ calculate_energy_and_activity()'],1,96.57103475249647,estimated $ calculate_energy_and_activity(),2.5872412477804323,manual,no_comment
15535,2015,20_USA,new_vehicle_efficiency,ldv,km_per_pj,road,freight,bev,all,yearly,national,['avg_eff_no_outliers $ transport_data_system_9th'],1,7200566335.010296,avg_eff_no_outliers $ transport_data_system_9th,553889718.077715,single_datapoint,no_comment
15536,2015,20_USA,new_vehicle_efficiency,ldv,km_per_pj,road,passenger,bev,all,yearly,national,['avg_eff_no_outliers $ transport_data_system_9th'],1,9901716082.423439,avg_eff_no_outliers $ transport_data_system_9th,761670467.878726,single_datapoint,no_comment
15537,2015,20_USA,travel_km,ldv,km,road,passenger,bev,all,yearly,national,['estimated $ calculate_energy_and_activity()'],1,110877000000.0,estimated $ calculate_energy_and_activity(),3150000000.0,single_datapoint,no_comment
15538,2015,20_USA,turnover_rate,ldv,%,road,freight,bev,all,yearly,national,['manually_inputted_data $ guess'],1,0.42,manually_inputted_data $ guess,0.03,manual,no_comment
15539,2015,20_USA,turnover_rate,ldv,%,road,passenger,bev,all,yearly,national,['manually_inputted_data $ guess'],1,0.42,manually_inputted_data $ guess,0.03,manual,no_comment
15540,2016,20_USA,activity,ldv,passenger_km_or_freight_tonne_km,road,passenger,bev,all,yearly,national,['estimated $ calculate_energy_and_activity()'],1,181069532975.97467,estimated $ calculate_energy_and_activity(),6750000000.0,manual,no_comment
15541,2016,20_USA,energy,ldv,pj,road,passenger,bev,all,yearly,national,['estimated $ calculate_energy_and_activity()'],1,96.57103475249647,estimated $ calculate_energy_and_activity(),3.6960589254006178,manual,no_comment
15542,2016,20_USA,new_vehicle_efficiency,ldv,km_per_pj,road,freight,bev,all,yearly,national,['avg_eff_no_outliers $ transport_data_system_9th'],1,7200566335.010296,avg_eff_no_outliers $ transport_data_system_9th,553889718.077715,single_datapoint,no_comment
15543,2016,20_USA,new_vehicle_efficiency,ldv,km_per_pj,road,passenger,bev,all,yearly,national,['avg_eff_no_outliers $ transport_data_system_9th'],1,9901716082.423439,avg_eff_no_outliers $ transport_data_system_9th,761670467.878726,single_datapoint,no_comment
15544,2016,20_USA,travel_km,ldv,km,road,passenger,bev,all,yearly,national,['estimated $ calculate_energy_and_activity()'],1,110877000000.0,estimated $ calculate_energy_and_activity(),4500000000.0,single_datapoint,no_comment
15545,2016,20_USA,turnover_rate,ldv,%,road,freight,bev,all,yearly,national,['manually_inputted_data $ guess'],1,0.42,manually_inputted_data $ guess,0.03,manual,no_comment
15546,2016,20_USA,turnover_rate,ldv,%,road,passenger,bev,all,yearly,national,['manually_inputted_data $ guess'],1,0.42,manually_inputted_data $ guess,0.03,manual,no_comment
15547,2017,20_USA,activity,ldv,passenger_km_or_freight_tonne_km,road,freight,bev,all,yearly,national,"['8th_edition_transport_model $ reference', 'estimated $ calculate_energy_and_activity()']",2,21779058.4164446,estimated $ calculate_energy_and_activity(),18445275.0,manual,no_comment
15548,2017,20_USA,activity,ldv,passenger_km_or_freight_tonne_km,road,passenger,bev,all,yearly,national,"['8th_edition_transport_model $ reference', 'estimated $ calculate_energy_and_activity()']",2,181069532975.97467,estimated $ calculate_energy_and_activity(),9000000000.0,manual,no_comment
15549,2017,20_USA,energy,ldv,pj,road,freight,bev,all,yearly,national,"['8th_edition_transport_model $ reference', 'estimated $ calculate_energy_and_activity()']",2,0.3899213403884309,estimated $ calculate_energy_and_activity(),0.0573978942811671,manual,no_comment
15550,2017,20_USA,energy,ldv,pj,road,passenger,bev,all,yearly,national,"['8th_edition_transport_model $ reference', 'estimated $ calculate_energy_and_activity()']",2,96.57103475249647,estimated $ calculate_energy_and_activity(),4.928078567200823,manual,no_comment
15551,2017,20_USA,new_vehicle_efficiency,ldv,km_per_pj,road,freight,bev,all,yearly,national,['avg_eff_no_outliers $ transport_data_system_9th'],1,7200566335.010296,avg_eff_no_outliers $ transport_data_system_9th,553889718.077715,single_datapoint,no_comment
15552,2017,20_USA,new_vehicle_efficiency,ldv,km_per_pj,road,passenger,bev,all,yearly,national,['avg_eff_no_outliers $ transport_data_system_9th'],1,9901716082.423439,avg_eff_no_outliers $ transport_data_system_9th,761670467.878726,single_datapoint,no_comment
15553,2017,20_USA,travel_km,ldv,km,road,freight,bev,all,yearly,national,['estimated $ calculate_energy_and_activity()'],1,50535000.0,estimated $ calculate_energy_and_activity(),50535000.0,single_datapoint,no_comment
15554,2017,20_USA,travel_km,ldv,km,road,passenger,bev,all,yearly,national,['estimated $ calculate_energy_and_activity()'],1,110877000000.0,estimated $ calculate_energy_and_activity(),6000000000.0,single_datapoint,no_comment
15555,2017,20_USA,turnover_rate,ldv,%,road,freight,bev,all,yearly,national,"['manually_inputted_data $ guess', 'turnover_rate_est']",2,0.42,manually_inputted_data $ guess,0.03,manual,no_comment
15556,2017,20_USA,turnover_rate,ldv,%,road,passenger,bev,all,yearly,national,"['manually_inputted_data $ guess', 'turnover_rate_est']",2,0.42,manually_inputted_data $ guess,0.03,manual,no_comment
15557,2018,20_USA,activity,ldv,passenger_km_or_freight_tonne_km,road,passenger,bev,all,yearly,national,['estimated $ calculate_energy_and_activity()'],1,181069532975.97467,estimated $ calculate_energy_and_activity(),14400000000.0,manual,no_comment
15558,2018,20_USA,energy,ldv,pj,road,passenger,bev,all,yearly,national,['estimated $ calculate_energy_and_activity()'],1,96.57103475249647,estimated $ calculate_energy_and_activity(),7.884925707521318,manual,no_comment
15559,2018,20_USA,new_vehicle_efficiency,ldv,km_per_pj,road,freight,bev,all,yearly,national,['avg_eff_no_outliers $ transport_data_system_9th'],1,7200566335.010296,avg_eff_no_outliers $ transport_data_system_9th,553889718.077715,single_datapoint,no_comment
15560,2018,20_USA,new_vehicle_efficiency,ldv,km_per_pj,road,passenger,bev,all,yearly,national,['avg_eff_no_outliers $ transport_data_system_9th'],1,9901716082.423439,avg_eff_no_outliers $ transport_data_system_9th,761670467.878726,single_datapoint,no_comment
15561,2018,20_USA,travel_km,ldv,km,road,passenger,bev,all,yearly,national,['estimated $ calculate_energy_and_activity()'],1,110877000000.0,estimated $ calculate_energy_and_activity(),9600000000.0,single_datapoint,no_comment
15562,2018,20_USA,turnover_rate,ldv,%,road,freight,bev,all,yearly,national,['manually_inputted_data $ guess'],1,0.42,manually_inputted_data $ guess,0.03,manual,no_comment
15563,2018,20_USA,turnover_rate,ldv,%,road,passenger,bev,all,yearly,national,['manually_inputted_data $ guess'],1,0.42,manually_inputted_data $ guess,0.03,manual,no_comment
15564,2019,20_USA,activity,ldv,passenger_km_or_freight_tonne_km,road,passenger,bev,all,yearly,national,['estimated $ calculate_energy_and_activity()'],1,181069532975.97467,estimated $ calculate_energy_and_activity(),19800000000.0,manual,no_comment
15565,2019,20_USA,energy,ldv,pj,road,passenger,bev,all,yearly,national,['estimated $ calculate_energy_and_activity()'],1,96.57103475249647,estimated $ calculate_energy_and_activity(),10.841772847841812,manual,no_comment
15566,2019,20_USA,new_vehicle_efficiency,ldv,km_per_pj,road,freight,bev,all,yearly,national,['avg_eff_no_outliers $ transport_data_system_9th'],1,7200566335.010296,avg_eff_no_outliers $ transport_data_system_9th,553889718.077715,single_datapoint,no_comment
15567,2019,20_USA,new_vehicle_efficiency,ldv,km_per_pj,road,passenger,bev,all,yearly,national,['avg_eff_no_outliers $ transport_data_system_9th'],1,9901716082.423439,avg_eff_no_outliers $ transport_data_system_9th,761670467.878726,single_datapoint,no_comment
15568,2019,20_USA,travel_km,ldv,km,road,passenger,bev,all,yearly,national,['estimated $ calculate_energy_and_activity()'],1,110877000000.0,estimated $ calculate_energy_and_activity(),13200000000.0,single_datapoint,no_comment
15569,2019,20_USA,turnover_rate,ldv,%,road,freight,bev,all,yearly,national,['manually_inputted_data $ guess'],1,0.42,manually_inputted_data $ guess,0.03,manual,no_comment
15570,2019,20_USA,turnover_rate,ldv,%,road,passenger,bev,all,yearly,national,['manually_inputted_data $ guess'],1,0.42,manually_inputted_data $ guess,0.03,manual,no_comment
15571,2020,20_USA,activity,ldv,passenger_km_or_freight_tonne_km,road,passenger,bev,all,yearly,national,['estimated $ calculate_energy_and_activity()'],1,181069532975.97467,estimated $ calculate_energy_and_activity(),24750000000.0,manual,no_comment
15572,2020,20_USA,energy,ldv,pj,road,passenger,bev,all,yearly,national,['estimated $ calculate_energy_and_activity()'],1,96.57103475249647,estimated $ calculate_energy_and_activity(),13.552216059802264,manual,no_comment
15573,2020,20_USA,new_vehicle_efficiency,ldv,km_per_pj,road,freight,bev,all,yearly,national,['avg_eff_no_outliers $ transport_data_system_9th'],1,7200566335.010296,avg_eff_no_outliers $ transport_data_system_9th,553889718.077715,single_datapoint,no_comment
15574,2020,20_USA,new_vehicle_efficiency,ldv,km_per_pj,road,passenger,bev,all,yearly,national,['avg_eff_no_outliers $ transport_data_system_9th'],1,9901716082.423439,avg_eff_no_outliers $ transport_data_system_9th,761670467.878726,single_datapoint,no_comment
15575,2020,20_USA,travel_km,ldv,km,road,passenger,bev,all,yearly,national,['estimated $ calculate_energy_and_activity()'],1,110877000000.0,estimated $ calculate_energy_and_activity(),16500000000.0,single_datapoint,no_comment
15576,2020,20_USA,turnover_rate,ldv,%,road,freight,bev,all,yearly,national,['manually_inputted_data $ guess'],1,0.42,manually_inputted_data $ guess,0.03,manual,no_comment
15577,2020,20_USA,turnover_rate,ldv,%,road,passenger,bev,all,yearly,national,['manually_inputted_data $ guess'],1,0.42,manually_inputted_data $ guess,0.03,manual,no_comment
15578,2021,20_USA,activity,ldv,passenger_km_or_freight_tonne_km,road,passenger,bev,all,yearly,national,['estimated $ calculate_energy_and_activity()'],1,181069532975.97467,estimated $ calculate_energy_and_activity(),33750000000.0,manual,no_comment
15579,2021,20_USA,energy,ldv,pj,road,passenger,bev,all,yearly,national,['estimated $ calculate_energy_and_activity()'],1,96.57103475249647,estimated $ calculate_energy_and_activity(),18.480294627003087,manual,no_comment
15580,2021,20_USA,new_vehicle_efficiency,ldv,km_per_pj,road,freight,bev,all,yearly,national,['avg_eff_no_outliers $ transport_data_system_9th'],1,7200566335.010296,avg_eff_no_outliers $ transport_data_system_9th,553889718.077715,single_datapoint,no_comment
15581,2021,20_USA,new_vehicle_efficiency,ldv,km_per_pj,road,passenger,bev,all,yearly,national,['avg_eff_no_outliers $ transport_data_system_9th'],1,9901716082.423439,avg_eff_no_outliers $ transport_data_system_9th,761670467.878726,single_datapoint,no_comment
15582,2021,20_USA,travel_km,ldv,km,road,passenger,bev,all,yearly,national,['estimated $ calculate_energy_and_activity()'],1,110877000000.0,estimated $ calculate_energy_and_activity(),22500000000.0,single_datapoint,no_comment
15583,2021,20_USA,turnover_rate,ldv,%,road,freight,bev,all,yearly,national,['manually_inputted_data $ guess'],1,0.42,manually_inputted_data $ guess,0.03,manual,no_comment
15584,2021,20_USA,turnover_rate,ldv,%,road,passenger,bev,all,yearly,national,['manually_inputted_data $ guess'],1,0.42,manually_inputted_data $ guess,0.03,manual,no_comment
15585,2022,20_USA,activity,ldv,passenger_km_or_freight_tonne_km,road,passenger,bev,all,yearly,national,['estimated $ calculate_energy_and_activity()'],1,181069532975.97467,estimated $ calculate_energy_and_activity(),47250000000.0,manual,no_comment
15586,2022,20_USA,energy,ldv,pj,road,passenger,bev,all,yearly,national,['estimated $ calculate_energy_and_activity()'],1,96.57103475249647,estimated $ calculate_energy_and_activity(),25.872412477804325,manual,no_comment
15587,2022,20_USA,new_vehicle_efficiency,ldv,km_per_pj,road,freight,bev,all,yearly,national,['avg_eff_no_outliers $ transport_data_system_9th'],1,7200566335.010296,avg_eff_no_outliers $ transport_data_system_9th,553889718.077715,single_datapoint,no_comment
15588,2022,20_USA,new_vehicle_efficiency,ldv,km_per_pj,road,passenger,bev,all,yearly,national,['avg_eff_no_outliers $ transport_data_system_9th'],1,9901716082.423439,avg_eff_no_outliers $ transport_data_system_9th,761670467.878726,single_datapoint,no_comment
15589,2022,20_USA,travel_km,ldv,km,road,passenger,bev,all,yearly,national,['estimated $ calculate_energy_and_activity()'],1,110877000000.0,estimated $ calculate_energy_and_activity(),31500000000.0,single_datapoint,no_comment
15590,2022,20_USA,turnover_rate,ldv,%,road,freight,bev,all,yearly,national,['manually_inputted_data $ guess'],1,0.42,manually_inputted_data $ guess,0.03,manual,no_comment
15591,2022,20_USA,turnover_rate,ldv,%,road,passenger,bev,all,yearly,national,['manually_inputted_data $ guess'],1,0.42,manually_inputted_data $ guess,0.03,manual,no_comment
15592,2010,20_USA,new_vehicle_efficiency,ldv,km_per_pj,road,freight,cng,all,yearly,national,['avg_eff_no_outliers $ transport_data_system_9th'],1,7214767129.708009,avg_eff_no_outliers $ transport_data_system_9th,554982086.900616,single_datapoint,no_comment
15593,2010,20_USA,new_vehicle_efficiency,ldv,km_per_pj,road,passenger,cng,all,yearly,national,['avg_eff_no_outliers $ transport_data_system_9th'],1,5429169522.90635,avg_eff_no_outliers $ transport_data_system_9th,417628424.83895,single_datapoint,no_comment
15594,2010,20_USA,turnover_rate,ldv,%,road,freight,cng,all,yearly,national,['manually_inputted_data $ guess'],1,0.42,manually_inputted_data $ guess,0.03,manual,no_comment
15595,2010,20_USA,turnover_rate,ldv,%,road,passenger,cng,all,yearly,national,['manually_inputted_data $ guess'],1,0.42,manually_inputted_data $ guess,0.03,manual,no_comment
15596,2011,20_USA,new_vehicle_efficiency,ldv,km_per_pj,road,freight,cng,all,yearly,national,['avg_eff_no_outliers $ transport_data_system_9th'],1,7214767129.708009,avg_eff_no_outliers $ transport_data_system_9th,554982086.900616,single_datapoint,no_comment
15597,2011,20_USA,new_vehicle_efficiency,ldv,km_per_pj,road,passenger,cng,all,yearly,national,['avg_eff_no_outliers $ transport_data_system_9th'],1,5429169522.90635,avg_eff_no_outliers $ transport_data_system_9th,417628424.83895,single_datapoint,no_comment
15598,2011,20_USA,turnover_rate,ldv,%,road,freight,cng,all,yearly,national,['manually_inputted_data $ guess'],1,0.42,manually_inputted_data $ guess,0.03,manual,no_comment
15599,2011,20_USA,turnover_rate,ldv,%,road,passenger,cng,all,yearly,national,['manually_inputted_data $ guess'],1,0.42,manually_inputted_data $ guess,0.03,manual,no_comment
15600,2012,20_USA,new_vehicle_efficiency,ldv,km_per_pj,road,freight,cng,all,yearly,national,['avg_eff_no_outliers $ transport_data_system_9th'],1,7214767129.708009,avg_eff_no_outliers $ transport_data_system_9th,554982086.900616,single_datapoint,no_comment
15601,2012,20_USA,new_vehicle_efficiency,ldv,km_per_pj,road,passenger,cng,all,yearly,national,['avg_eff_no_outliers $ transport_data_system_9th'],1,5429169522.90635,avg_eff_no_outliers $ transport_data_system_9th,417628424.83895,single_datapoint,no_comment
15602,2012,20_USA,turnover_rate,ldv,%,road,freight,cng,all,yearly,national,['manually_inputted_data $ guess'],1,0.42,manually_inputted_data $ guess,0.03,manual,no_comment
15603,2012,20_USA,turnover_rate,ldv,%,road,passenger,cng,all,yearly,national,['manually_inputted_data $ guess'],1,0.42,manually_inputted_data $ guess,0.03,manual,no_comment
15604,2013,20_USA,new_vehicle_efficiency,ldv,km_per_pj,road,freight,cng,all,yearly,national,['avg_eff_no_outliers $ transport_data_system_9th'],1,7214767129.708009,avg_eff_no_outliers $ transport_data_system_9th,554982086.900616,single_datapoint,no_comment
15605,2013,20_USA,new_vehicle_efficiency,ldv,km_per_pj,road,passenger,cng,all,yearly,national,['avg_eff_no_outliers $ transport_data_system_9th'],1,5429169522.90635,avg_eff_no_outliers $ transport_data_system_9th,417628424.83895,single_datapoint,no_comment
15606,2013,20_USA,turnover_rate,ldv,%,road,freight,cng,all,yearly,national,['manually_inputted_data $ guess'],1,0.42,manually_inputted_data $ guess,0.03,manual,no_comment
15607,2013,20_USA,turnover_rate,ldv,%,road,passenger,cng,all,yearly,national,['manually_inputted_data $ guess'],1,0.42,manually_inputted_data $ guess,0.03,manual,no_comment
15608,2014,20_USA,new_vehicle_efficiency,ldv,km_per_pj,road,freight,cng,all,yearly,national,['avg_eff_no_outliers $ transport_data_system_9th'],1,7214767129.708009,avg_eff_no_outliers $ transport_data_system_9th,554982086.900616,single_datapoint,no_comment
15609,2014,20_USA,new_vehicle_efficiency,ldv,km_per_pj,road,passenger,cng,all,yearly,national,['avg_eff_no_outliers $ transport_data_system_9th'],1,5429169522.90635,avg_eff_no_outliers $ transport_data_system_9th,417628424.83895,single_datapoint,no_comment
15610,2014,20_USA,turnover_rate,ldv,%,road,freight,cng,all,yearly,national,['manually_inputted_data $ guess'],1,0.42,manually_inputted_data $ guess,0.03,manual,no_comment
15611,2014,20_USA,turnover_rate,ldv,%,road,passenger,cng,all,yearly,national,['manually_inputted_data $ guess'],1,0.42,manually_inputted_data $ guess,0.03,manual,no_comment
15612,2015,20_USA,new_vehicle_efficiency,ldv,km_per_pj,road,freight,cng,all,yearly,national,['avg_eff_no_outliers $ transport_data_system_9th'],1,7214767129.708009,avg_eff_no_outliers $ transport_data_system_9th,554982086.900616,single_datapoint,no_comment
15613,2015,20_USA,new_vehicle_efficiency,ldv,km_per_pj,road,passenger,cng,all,yearly,national,['avg_eff_no_outliers $ transport_data_system_9th'],1,5429169522.90635,avg_eff_no_outliers $ transport_data_system_9th,417628424.83895,single_datapoint,no_comment
15614,2015,20_USA,turnover_rate,ldv,%,road,freight,cng,all,yearly,national,['manually_inputted_data $ guess'],1,0.42,manually_inputted_data $ guess,0.03,manual,no_comment
15615,2015,20_USA,turnover_rate,ldv,%,road,passenger,cng,all,yearly,national,['manually_inputted_data $ guess'],1,0.42,manually_inputted_data $ guess,0.03,manual,no_comment
15616,2016,20_USA,new_vehicle_efficiency,ldv,km_per_pj,road,freight,cng,all,yearly,national,['avg_eff_no_outliers $ transport_data_system_9th'],1,7214767129.708009,avg_eff_no_outliers $ transport_data_system_9th,554982086.900616,single_datapoint,no_comment
15617,2016,20_USA,new_vehicle_efficiency,ldv,km_per_pj,road,passenger,cng,all,yearly,national,['avg_eff_no_outliers $ transport_data_system_9th'],1,5429169522.90635,avg_eff_no_outliers $ transport_data_system_9th,417628424.83895,single_datapoint,no_comment
15618,2016,20_USA,turnover_rate,ldv,%,road,freight,cng,all,yearly,national,['manually_inputted_data $ guess'],1,0.42,manually_inputted_data $ guess,0.03,manual,no_comment
15619,2016,20_USA,turnover_rate,ldv,%,road,passenger,cng,all,yearly,national,['manually_inputted_data $ guess'],1,0.42,manually_inputted_data $ guess,0.03,manual,no_comment
15620,2017,20_USA,activity,ldv,passenger_km_or_freight_tonne_km,road,freight,cng,all,yearly,national,"['8th_edition_transport_model $ reference', 'estimated $ calculate_energy_and_activity()']",2,219341742.49810427,8th_edition_transport_model $ reference,156225942.49810427,manual,no_comment
15621,2017,20_USA,activity,ldv,passenger_km_or_freight_tonne_km,road,passenger,cng,all,yearly,national,"['8th_edition_transport_model $ reference', 'estimated $ calculate_energy_and_activity()']",2,11773321966.162392,estimated $ calculate_energy_and_activity(),5045580000.0,manual,no_comment
15622,2017,20_USA,energy,ldv,pj,road,freight,cng,all,yearly,national,"['8th_edition_transport_model $ reference', 'estimated $ calculate_energy_and_activity()']",2,2.0421651339294997,8th_edition_transport_model $ reference,1.3547533682849375,manual,no_comment
15623,2017,20_USA,energy,ldv,pj,road,passenger,cng,all,yearly,national,"['8th_edition_transport_model $ reference', 'estimated $ calculate_energy_and_activity()']",2,20.187568934532727,8th_edition_transport_model $ reference,10.517841012328288,manual,no_comment
15624,2017,20_USA,new_vehicle_efficiency,ldv,km_per_pj,road,freight,cng,all,yearly,national,['avg_eff_no_outliers $ transport_data_system_9th'],1,7214767129.708009,avg_eff_no_outliers $ transport_data_system_9th,554982086.900616,single_datapoint,no_comment
15625,2017,20_USA,new_vehicle_efficiency,ldv,km_per_pj,road,passenger,cng,all,yearly,national,['avg_eff_no_outliers $ transport_data_system_9th'],1,5429169522.90635,avg_eff_no_outliers $ transport_data_system_9th,417628424.83895,single_datapoint,no_comment
15626,2017,20_USA,travel_km,ldv,km,road,freight,cng,all,yearly,national,['estimated $ calculate_energy_and_activity()'],1,172920000.0,estimated $ calculate_energy_and_activity(),172920000.0,single_datapoint,no_comment
15627,2017,20_USA,travel_km,ldv,km,road,passenger,cng,all,yearly,national,['estimated $ calculate_energy_and_activity()'],1,3363720000.0,estimated $ calculate_energy_and_activity(),3363720000.0,single_datapoint,no_comment
15628,2017,20_USA,turnover_rate,ldv,%,road,freight,cng,all,yearly,national,"['manually_inputted_data $ guess', 'turnover_rate_est']",2,0.42,manually_inputted_data $ guess,0.03,manual,no_comment
15629,2017,20_USA,turnover_rate,ldv,%,road,passenger,cng,all,yearly,national,"['manually_inputted_data $ guess', 'turnover_rate_est']",2,0.42,manually_inputted_data $ guess,0.03,manual,no_comment
15630,2018,20_USA,new_vehicle_efficiency,ldv,km_per_pj,road,freight,cng,all,yearly,national,['avg_eff_no_outliers $ transport_data_system_9th'],1,7214767129.708009,avg_eff_no_outliers $ transport_data_system_9th,554982086.900616,single_datapoint,no_comment
15631,2018,20_USA,new_vehicle_efficiency,ldv,km_per_pj,road,passenger,cng,all,yearly,national,['avg_eff_no_outliers $ transport_data_system_9th'],1,5429169522.90635,avg_eff_no_outliers $ transport_data_system_9th,417628424.83895,single_datapoint,no_comment
15632,2018,20_USA,turnover_rate,ldv,%,road,freight,cng,all,yearly,national,['manually_inputted_data $ guess'],1,0.42,manually_inputted_data $ guess,0.03,manual,no_comment
15633,2018,20_USA,turnover_rate,ldv,%,road,passenger,cng,all,yearly,national,['manually_inputted_data $ guess'],1,0.42,manually_inputted_data $ guess,0.03,manual,no_comment
15634,2019,20_USA,new_vehicle_efficiency,ldv,km_per_pj,road,freight,cng,all,yearly,national,['avg_eff_no_outliers $ transport_data_system_9th'],1,7214767129.708009,avg_eff_no_outliers $ transport_data_system_9th,554982086.900616,single_datapoint,no_comment
15635,2019,20_USA,new_vehicle_efficiency,ldv,km_per_pj,road,passenger,cng,all,yearly,national,['avg_eff_no_outliers $ transport_data_system_9th'],1,5429169522.90635,avg_eff_no_outliers $ transport_data_system_9th,417628424.83895,single_datapoint,no_comment
15636,2019,20_USA,turnover_rate,ldv,%,road,freight,cng,all,yearly,national,['manually_inputted_data $ guess'],1,0.42,manually_inputted_data $ guess,0.03,manual,no_comment
15637,2019,20_USA,turnover_rate,ldv,%,road,passenger,cng,all,yearly,national,['manually_inputted_data $ guess'],1,0.42,manually_inputted_data $ guess,0.03,manual,no_comment
15638,2020,20_USA,new_vehicle_efficiency,ldv,km_per_pj,road,freight,cng,all,yearly,national,['avg_eff_no_outliers $ transport_data_system_9th'],1,7214767129.708009,avg_eff_no_outliers $ transport_data_system_9th,554982086.900616,single_datapoint,no_comment
15639,2020,20_USA,new_vehicle_efficiency,ldv,km_per_pj,road,passenger,cng,all,yearly,national,['avg_eff_no_outliers $ transport_data_system_9th'],1,5429169522.90635,avg_eff_no_outliers $ transport_data_system_9th,417628424.83895,single_datapoint,no_comment
15640,2020,20_USA,turnover_rate,ldv,%,road,freight,cng,all,yearly,national,['manually_inputted_data $ guess'],1,0.42,manually_inputted_data $ guess,0.03,manual,no_comment
15641,2020,20_USA,turnover_rate,ldv,%,road,passenger,cng,all,yearly,national,['manually_inputted_data $ guess'],1,0.42,manually_inputted_data $ guess,0.03,manual,no_comment
15642,2021,20_USA,new_vehicle_efficiency,ldv,km_per_pj,road,freight,cng,all,yearly,national,['avg_eff_no_outliers $ transport_data_system_9th'],1,7214767129.708009,avg_eff_no_outliers $ transport_data_system_9th,554982086.900616,single_datapoint,no_comment
15643,2021,20_USA,new_vehicle_efficiency,ldv,km_per_pj,road,passenger,cng,all,yearly,national,['avg_eff_no_outliers $ transport_data_system_9th'],1,5429169522.90635,avg_eff_no_outliers $ transport_data_system_9th,417628424.83895,single_datapoint,no_comment
15644,2021,20_USA,turnover_rate,ldv,%,road,freight,cng,all,yearly,national,['manually_inputted_data $ guess'],1,0.42,manually_inputted_data $ guess,0.03,manual,no_comment
15645,2021,20_USA,turnover_rate,ldv,%,road,passenger,cng,all,yearly,national,['manually_inputted_data $ guess'],1,0.42,manually_inputted_data $ guess,0.03,manual,no_comment
15646,2022,20_USA,new_vehicle_efficiency,ldv,km_per_pj,road,freight,cng,all,yearly,national,['avg_eff_no_outliers $ transport_data_system_9th'],1,7214767129.708009,avg_eff_no_outliers $ transport_data_system_9th,554982086.900616,single_datapoint,no_comment
15647,2022,20_USA,new_vehicle_efficiency,ldv,km_per_pj,road,passenger,cng,all,yearly,national,['avg_eff_no_outliers $ transport_data_system_9th'],1,5429169522.90635,avg_eff_no_outliers $ transport_data_system_9th,417628424.83895,single_datapoint,no_comment
15648,2022,20_USA,turnover_rate,ldv,%,road,freight,cng,all,yearly,national,['manually_inputted_data $ guess'],1,0.42,manually_inputted_data $ guess,0.03,manual,no_comment
15649,2022,20_USA,turnover_rate,ldv,%,road,passenger,cng,all,yearly,national,['manually_inputted_data $ guess'],1,0.42,manually_inputted_data $ guess,0.03,manual,no_comment
15650,2010,20_USA,new_vehicle_efficiency,ldv,km_per_pj,road,passenger,fcev,all,yearly,national,['avg_eff_no_outliers $ transport_data_system_9th'],1,1469603353.601357,avg_eff_no_outliers $ transport_data_system_9th,113046411.815489,single_datapoint,no_comment
15651,2010,20_USA,turnover_rate,ldv,%,road,passenger,fcev,all,yearly,national,['manually_inputted_data $ guess'],1,0.42,manually_inputted_data $ guess,0.03,manual,no_comment
15652,2011,20_USA,new_vehicle_efficiency,ldv,km_per_pj,road,passenger,fcev,all,yearly,national,['avg_eff_no_outliers $ transport_data_system_9th'],1,1469603353.601357,avg_eff_no_outliers $ transport_data_system_9th,113046411.815489,single_datapoint,no_comment
15653,2011,20_USA,turnover_rate,ldv,%,road,passenger,fcev,all,yearly,national,['manually_inputted_data $ guess'],1,0.42,manually_inputted_data $ guess,0.03,manual,no_comment
15654,2012,20_USA,new_vehicle_efficiency,ldv,km_per_pj,road,passenger,fcev,all,yearly,national,['avg_eff_no_outliers $ transport_data_system_9th'],1,1469603353.601357,avg_eff_no_outliers $ transport_data_system_9th,113046411.815489,single_datapoint,no_comment
15655,2012,20_USA,turnover_rate,ldv,%,road,passenger,fcev,all,yearly,national,['manually_inputted_data $ guess'],1,0.42,manually_inputted_data $ guess,0.03,manual,no_comment
15656,2013,20_USA,new_vehicle_efficiency,ldv,km_per_pj,road,passenger,fcev,all,yearly,national,['avg_eff_no_outliers $ transport_data_system_9th'],1,1469603353.601357,avg_eff_no_outliers $ transport_data_system_9th,113046411.815489,single_datapoint,no_comment
15657,2013,20_USA,turnover_rate,ldv,%,road,passenger,fcev,all,yearly,national,['manually_inputted_data $ guess'],1,0.42,manually_inputted_data $ guess,0.03,manual,no_comment
15658,2014,20_USA,new_vehicle_efficiency,ldv,km_per_pj,road,passenger,fcev,all,yearly,national,['avg_eff_no_outliers $ transport_data_system_9th'],1,1469603353.601357,avg_eff_no_outliers $ transport_data_system_9th,113046411.815489,single_datapoint,no_comment
15659,2014,20_USA,turnover_rate,ldv,%,road,passenger,fcev,all,yearly,national,['manually_inputted_data $ guess'],1,0.42,manually_inputted_data $ guess,0.03,manual,no_comment
15660,2015,20_USA,new_vehicle_efficiency,ldv,km_per_pj,road,passenger,fcev,all,yearly,national,['avg_eff_no_outliers $ transport_data_system_9th'],1,1469603353.601357,avg_eff_no_outliers $ transport_data_system_9th,113046411.815489,single_datapoint,no_comment
15661,2015,20_USA,turnover_rate,ldv,%,road,passenger,fcev,all,yearly,national,['manually_inputted_data $ guess'],1,0.42,manually_inputted_data $ guess,0.03,manual,no_comment
15662,2016,20_USA,new_vehicle_efficiency,ldv,km_per_pj,road,passenger,fcev,all,yearly,national,['avg_eff_no_outliers $ transport_data_system_9th'],1,1469603353.601357,avg_eff_no_outliers $ transport_data_system_9th,113046411.815489,single_datapoint,no_comment
15663,2016,20_USA,turnover_rate,ldv,%,road,passenger,fcev,all,yearly,national,['manually_inputted_data $ guess'],1,0.42,manually_inputted_data $ guess,0.03,manual,no_comment
15664,2017,20_USA,activity,ldv,passenger_km_or_freight_tonne_km,road,freight,fcev,all,yearly,national,"['8th_edition_transport_model $ reference', 'estimated $ calculate_energy_and_activity()']",2,7799171.9709244,estimated $ calculate_energy_and_activity(),2244750.0,manual,no_comment
15665,2017,20_USA,activity,ldv,passenger_km_or_freight_tonne_km,road,passenger,fcev,all,yearly,national,"['8th_edition_transport_model $ reference', 'estimated $ calculate_energy_and_activity()']",2,398121221.8660865,8th_edition_transport_model $ reference,225928721.86608648,manual,no_comment
15666,2017,20_USA,energy,ldv,pj,road,freight,fcev,all,yearly,national,"['8th_edition_transport_model $ reference', 'estimated $ calculate_energy_and_activity()']",2,0.09117337187163763,estimated $ calculate_energy_and_activity(),0.006985199363395225,manual,no_comment
15667,2017,20_USA,energy,ldv,pj,road,passenger,fcev,all,yearly,national,"['8th_edition_transport_model $ reference', 'estimated $ calculate_energy_and_activity()']",2,0.3269928547764186,8th_edition_transport_model $ reference,0.2327063915894488,manual,no_comment
15668,2017,20_USA,new_vehicle_efficiency,ldv,km_per_pj,road,passenger,fcev,all,yearly,national,['avg_eff_no_outliers $ transport_data_system_9th'],1,1469603353.601357,avg_eff_no_outliers $ transport_data_system_9th,113046411.815489,single_datapoint,no_comment
15669,2017,20_USA,travel_km,ldv,km,road,freight,fcev,all,yearly,national,['estimated $ calculate_energy_and_activity()'],1,6150000.0,estimated $ calculate_energy_and_activity(),6150000.0,single_datapoint,no_comment
15670,2017,20_USA,travel_km,ldv,km,road,passenger,fcev,all,yearly,national,['estimated $ calculate_energy_and_activity()'],1,114795000.0,estimated $ calculate_energy_and_activity(),114795000.0,single_datapoint,no_comment
15671,2017,20_USA,turnover_rate,ldv,%,road,freight,fcev,all,yearly,national,['turnover_rate_est'],1,0.03,turnover_rate_est,0.03,single_datapoint,no_comment
15672,2017,20_USA,turnover_rate,ldv,%,road,passenger,fcev,all,yearly,national,"['manually_inputted_data $ guess', 'turnover_rate_est']",2,0.42,manually_inputted_data $ guess,0.03,manual,no_comment
15673,2018,20_USA,new_vehicle_efficiency,ldv,km_per_pj,road,passenger,fcev,all,yearly,national,['avg_eff_no_outliers $ transport_data_system_9th'],1,1469603353.601357,avg_eff_no_outliers $ transport_data_system_9th,113046411.815489,single_datapoint,no_comment
15674,2018,20_USA,turnover_rate,ldv,%,road,passenger,fcev,all,yearly,national,['manually_inputted_data $ guess'],1,0.42,manually_inputted_data $ guess,0.03,manual,no_comment
15675,2019,20_USA,new_vehicle_efficiency,ldv,km_per_pj,road,passenger,fcev,all,yearly,national,['avg_eff_no_outliers $ transport_data_system_9th'],1,1469603353.601357,avg_eff_no_outliers $ transport_data_system_9th,113046411.815489,single_datapoint,no_comment
15676,2019,20_USA,turnover_rate,ldv,%,road,passenger,fcev,all,yearly,national,['manually_inputted_data $ guess'],1,0.42,manually_inputted_data $ guess,0.03,manual,no_comment
15677,2020,20_USA,new_vehicle_efficiency,ldv,km_per_pj,road,passenger,fcev,all,yearly,national,['avg_eff_no_outliers $ transport_data_system_9th'],1,1469603353.601357,avg_eff_no_outliers $ transport_data_system_9th,113046411.815489,single_datapoint,no_comment
15678,2020,20_USA,turnover_rate,ldv,%,road,passenger,fcev,all,yearly,national,['manually_inputted_data $ guess'],1,0.42,manually_inputted_data $ guess,0.03,manual,no_comment
15679,2021,20_USA,new_vehicle_efficiency,ldv,km_per_pj,road,passenger,fcev,all,yearly,national,['avg_eff_no_outliers $ transport_data_system_9th'],1,1469603353.601357,avg_eff_no_outliers $ transport_data_system_9th,113046411.815489,single_datapoint,no_comment
15680,2021,20_USA,turnover_rate,ldv,%,road,passenger,fcev,all,yearly,national,['manually_inputted_data $ guess'],1,0.42,manually_inputted_data $ guess,0.03,manual,no_comment
15681,2022,20_USA,new_vehicle_efficiency,ldv,km_per_pj,road,passenger,fcev,all,yearly,national,['avg_eff_no_outliers $ transport_data_system_9th'],1,1469603353.601357,avg_eff_no_outliers $ transport_data_system_9th,113046411.815489,single_datapoint,no_comment
15682,2022,20_USA,turnover_rate,ldv,%,road,passenger,fcev,all,yearly,national,['manually_inputted_data $ guess'],1,0.42,manually_inputted_data $ guess,0.03,manual,no_comment
15683,2010,20_USA,new_vehicle_efficiency,ldv,km_per_pj,road,freight,ice,all,yearly,national,['avg_eff_no_outliers $ transport_data_system_9th'],1,4776513034.843043,avg_eff_no_outliers $ transport_data_system_9th,367424079.603311,single_datapoint,no_comment
15684,2010,20_USA,new_vehicle_efficiency,ldv,km_per_pj,road,passenger,ice,all,yearly,national,['avg_eff_no_outliers $ transport_data_system_9th'],1,3086802010.889935,avg_eff_no_outliers $ transport_data_system_9th,237446308.529995,single_datapoint,no_comment
15685,2010,20_USA,turnover_rate,ldv,%,road,freight,ice,all,yearly,national,['manually_inputted_data $ guess'],1,0.39,manually_inputted_data $ guess,0.03,single_datapoint,no_comment
15686,2010,20_USA,turnover_rate,ldv,%,road,passenger,ice,all,yearly,national,['manually_inputted_data $ guess'],1,0.39,manually_inputted_data $ guess,0.03,single_datapoint,no_comment
15687,2011,20_USA,new_vehicle_efficiency,ldv,km_per_pj,road,freight,ice,all,yearly,national,['avg_eff_no_outliers $ transport_data_system_9th'],1,4776513034.843043,avg_eff_no_outliers $ transport_data_system_9th,367424079.603311,single_datapoint,no_comment
15688,2011,20_USA,new_vehicle_efficiency,ldv,km_per_pj,road,passenger,ice,all,yearly,national,['avg_eff_no_outliers $ transport_data_system_9th'],1,3086802010.889935,avg_eff_no_outliers $ transport_data_system_9th,237446308.529995,single_datapoint,no_comment
15689,2011,20_USA,turnover_rate,ldv,%,road,freight,ice,all,yearly,national,['manually_inputted_data $ guess'],1,0.39,manually_inputted_data $ guess,0.03,single_datapoint,no_comment
15690,2011,20_USA,turnover_rate,ldv,%,road,passenger,ice,all,yearly,national,['manually_inputted_data $ guess'],1,0.39,manually_inputted_data $ guess,0.03,single_datapoint,no_comment
15691,2012,20_USA,new_vehicle_efficiency,ldv,km_per_pj,road,freight,ice,all,yearly,national,['avg_eff_no_outliers $ transport_data_system_9th'],1,4776513034.843043,avg_eff_no_outliers $ transport_data_system_9th,367424079.603311,single_datapoint,no_comment
15692,2012,20_USA,new_vehicle_efficiency,ldv,km_per_pj,road,passenger,ice,all,yearly,national,['avg_eff_no_outliers $ transport_data_system_9th'],1,3086802010.889935,avg_eff_no_outliers $ transport_data_system_9th,237446308.529995,single_datapoint,no_comment
15693,2012,20_USA,turnover_rate,ldv,%,road,freight,ice,all,yearly,national,['manually_inputted_data $ guess'],1,0.39,manually_inputted_data $ guess,0.03,single_datapoint,no_comment
15694,2012,20_USA,turnover_rate,ldv,%,road,passenger,ice,all,yearly,national,['manually_inputted_data $ guess'],1,0.39,manually_inputted_data $ guess,0.03,single_datapoint,no_comment
15695,2013,20_USA,new_vehicle_efficiency,ldv,km_per_pj,road,freight,ice,all,yearly,national,['avg_eff_no_outliers $ transport_data_system_9th'],1,4776513034.843043,avg_eff_no_outliers $ transport_data_system_9th,367424079.603311,single_datapoint,no_comment
15696,2013,20_USA,new_vehicle_efficiency,ldv,km_per_pj,road,passenger,ice,all,yearly,national,['avg_eff_no_outliers $ transport_data_system_9th'],1,3086802010.889935,avg_eff_no_outliers $ transport_data_system_9th,237446308.529995,single_datapoint,no_comment
15697,2013,20_USA,turnover_rate,ldv,%,road,freight,ice,all,yearly,national,['manually_inputted_data $ guess'],1,0.39,manually_inputted_data $ guess,0.03,single_datapoint,no_comment
15698,2013,20_USA,turnover_rate,ldv,%,road,passenger,ice,all,yearly,national,['manually_inputted_data $ guess'],1,0.39,manually_inputted_data $ guess,0.03,single_datapoint,no_comment
15699,2014,20_USA,new_vehicle_efficiency,ldv,km_per_pj,road,freight,ice,all,yearly,national,['avg_eff_no_outliers $ transport_data_system_9th'],1,4776513034.843043,avg_eff_no_outliers $ transport_data_system_9th,367424079.603311,single_datapoint,no_comment
15700,2014,20_USA,new_vehicle_efficiency,ldv,km_per_pj,road,passenger,ice,all,yearly,national,['avg_eff_no_outliers $ transport_data_system_9th'],1,3086802010.889935,avg_eff_no_outliers $ transport_data_system_9th,237446308.529995,single_datapoint,no_comment
15701,2014,20_USA,turnover_rate,ldv,%,road,freight,ice,all,yearly,national,['manually_inputted_data $ guess'],1,0.39,manually_inputted_data $ guess,0.03,single_datapoint,no_comment
15702,2014,20_USA,turnover_rate,ldv,%,road,passenger,ice,all,yearly,national,['manually_inputted_data $ guess'],1,0.39,manually_inputted_data $ guess,0.03,single_datapoint,no_comment
15703,2015,20_USA,new_vehicle_efficiency,ldv,km_per_pj,road,freight,ice,all,yearly,national,['avg_eff_no_outliers $ transport_data_system_9th'],1,4776513034.843043,avg_eff_no_outliers $ transport_data_system_9th,367424079.603311,single_datapoint,no_comment
15704,2015,20_USA,new_vehicle_efficiency,ldv,km_per_pj,road,passenger,ice,all,yearly,national,['avg_eff_no_outliers $ transport_data_system_9th'],1,3086802010.889935,avg_eff_no_outliers $ transport_data_system_9th,237446308.529995,single_datapoint,no_comment
15705,2015,20_USA,turnover_rate,ldv,%,road,freight,ice,all,yearly,national,['manually_inputted_data $ guess'],1,0.39,manually_inputted_data $ guess,0.03,single_datapoint,no_comment
15706,2015,20_USA,turnover_rate,ldv,%,road,passenger,ice,all,yearly,national,['manually_inputted_data $ guess'],1,0.39,manually_inputted_data $ guess,0.03,single_datapoint,no_comment
15707,2016,20_USA,new_vehicle_efficiency,ldv,km_per_pj,road,freight,ice,all,yearly,national,['avg_eff_no_outliers $ transport_data_system_9th'],1,4776513034.843043,avg_eff_no_outliers $ transport_data_system_9th,367424079.603311,single_datapoint,no_comment
15708,2016,20_USA,new_vehicle_efficiency,ldv,km_per_pj,road,passenger,ice,all,yearly,national,['avg_eff_no_outliers $ transport_data_system_9th'],1,3086802010.889935,avg_eff_no_outliers $ transport_data_system_9th,237446308.529995,single_datapoint,no_comment
15709,2016,20_USA,turnover_rate,ldv,%,road,freight,ice,all,yearly,national,['manually_inputted_data $ guess'],1,0.39,manually_inputted_data $ guess,0.03,single_datapoint,no_comment
15710,2016,20_USA,turnover_rate,ldv,%,road,passenger,ice,all,yearly,national,['manually_inputted_data $ guess'],1,0.39,manually_inputted_data $ guess,0.03,single_datapoint,no_comment
15711,2017,20_USA,activity,ldv,passenger_km_or_freight_tonne_km,road,freight,ice,all,yearly,national,['estimated $ calculate_energy_and_activity()'],1,62748077100.0,estimated $ calculate_energy_and_activity(),62748077100.0,single_datapoint,no_comment
15712,2017,20_USA,activity,ldv,passenger_km_or_freight_tonne_km,road,passenger,ice,all,yearly,national,['estimated $ calculate_energy_and_activity()'],1,4920760998545.104,estimated $ calculate_energy_and_activity(),4920760998545.104,single_datapoint,no_comment
15713,2017,20_USA,energy,ldv,pj,road,freight,ice,all,yearly,national,['estimated $ calculate_energy_and_activity()'],1,683.4067930710238,estimated $ calculate_energy_and_activity(),683.4067930710238,single_datapoint,no_comment
15714,2017,20_USA,energy,ldv,pj,road,passenger,ice,all,yearly,national,['estimated $ calculate_energy_and_activity()'],1,9430.515426596385,estimated $ calculate_energy_and_activity(),9430.515426596385,single_datapoint,no_comment
15715,2017,20_USA,new_vehicle_efficiency,ldv,km_per_pj,road,freight,ice,all,yearly,national,['avg_eff_no_outliers $ transport_data_system_9th'],1,4776513034.843043,avg_eff_no_outliers $ transport_data_system_9th,367424079.603311,single_datapoint,no_comment
15716,2017,20_USA,new_vehicle_efficiency,ldv,km_per_pj,road,passenger,ice,all,yearly,national,['avg_eff_no_outliers $ transport_data_system_9th'],1,3086802010.889935,avg_eff_no_outliers $ transport_data_system_9th,237446308.529995,single_datapoint,no_comment
15717,2017,20_USA,travel_km,ldv,km,road,freight,ice,all,yearly,national,['estimated $ calculate_energy_and_activity()'],1,171912540000.0,estimated $ calculate_energy_and_activity(),171912540000.0,single_datapoint,no_comment
15718,2017,20_USA,travel_km,ldv,km,road,passenger,ice,all,yearly,national,['estimated $ calculate_energy_and_activity()'],1,3280507332363.4023,estimated $ calculate_energy_and_activity(),3280507332363.4023,single_datapoint,no_comment
15719,2017,20_USA,turnover_rate,ldv,%,road,freight,ice,all,yearly,national,['manually_inputted_data $ guess'],1,0.39,manually_inputted_data $ guess,0.03,single_datapoint,no_comment
15720,2017,20_USA,turnover_rate,ldv,%,road,passenger,ice,all,yearly,national,['manually_inputted_data $ guess'],1,0.39,manually_inputted_data $ guess,0.03,single_datapoint,no_comment
15721,2018,20_USA,new_vehicle_efficiency,ldv,km_per_pj,road,freight,ice,all,yearly,national,['avg_eff_no_outliers $ transport_data_system_9th'],1,4776513034.843043,avg_eff_no_outliers $ transport_data_system_9th,367424079.603311,single_datapoint,no_comment
15722,2018,20_USA,new_vehicle_efficiency,ldv,km_per_pj,road,passenger,ice,all,yearly,national,['avg_eff_no_outliers $ transport_data_system_9th'],1,3086802010.889935,avg_eff_no_outliers $ transport_data_system_9th,237446308.529995,single_datapoint,no_comment
15723,2018,20_USA,turnover_rate,ldv,%,road,freight,ice,all,yearly,national,['manually_inputted_data $ guess'],1,0.39,manually_inputted_data $ guess,0.03,single_datapoint,no_comment
15724,2018,20_USA,turnover_rate,ldv,%,road,passenger,ice,all,yearly,national,['manually_inputted_data $ guess'],1,0.39,manually_inputted_data $ guess,0.03,single_datapoint,no_comment
15725,2019,20_USA,new_vehicle_efficiency,ldv,km_per_pj,road,freight,ice,all,yearly,national,['avg_eff_no_outliers $ transport_data_system_9th'],1,4776513034.843043,avg_eff_no_outliers $ transport_data_system_9th,367424079.603311,single_datapoint,no_comment
15726,2019,20_USA,new_vehicle_efficiency,ldv,km_per_pj,road,passenger,ice,all,yearly,national,['avg_eff_no_outliers $ transport_data_system_9th'],1,3086802010.889935,avg_eff_no_outliers $ transport_data_system_9th,237446308.529995,single_datapoint,no_comment
15727,2019,20_USA,turnover_rate,ldv,%,road,freight,ice,all,yearly,national,['manually_inputted_data $ guess'],1,0.39,manually_inputted_data $ guess,0.03,single_datapoint,no_comment
15728,2019,20_USA,turnover_rate,ldv,%,road,passenger,ice,all,yearly,national,['manually_inputted_data $ guess'],1,0.39,manually_inputted_data $ guess,0.03,single_datapoint,no_comment
15729,2020,20_USA,new_vehicle_efficiency,ldv,km_per_pj,road,freight,ice,all,yearly,national,['avg_eff_no_outliers $ transport_data_system_9th'],1,4776513034.843043,avg_eff_no_outliers $ transport_data_system_9th,367424079.603311,single_datapoint,no_comment
15730,2020,20_USA,new_vehicle_efficiency,ldv,km_per_pj,road,passenger,ice,all,yearly,national,['avg_eff_no_outliers $ transport_data_system_9th'],1,3086802010.889935,avg_eff_no_outliers $ transport_data_system_9th,237446308.529995,single_datapoint,no_comment
15731,2020,20_USA,turnover_rate,ldv,%,road,freight,ice,all,yearly,national,['manually_inputted_data $ guess'],1,0.39,manually_inputted_data $ guess,0.03,single_datapoint,no_comment
15732,2020,20_USA,turnover_rate,ldv,%,road,passenger,ice,all,yearly,national,['manually_inputted_data $ guess'],1,0.39,manually_inputted_data $ guess,0.03,single_datapoint,no_comment
15733,2021,20_USA,new_vehicle_efficiency,ldv,km_per_pj,road,freight,ice,all,yearly,national,['avg_eff_no_outliers $ transport_data_system_9th'],1,4776513034.843043,avg_eff_no_outliers $ transport_data_system_9th,367424079.603311,single_datapoint,no_comment
15734,2021,20_USA,new_vehicle_efficiency,ldv,km_per_pj,road,passenger,ice,all,yearly,national,['avg_eff_no_outliers $ transport_data_system_9th'],1,3086802010.889935,avg_eff_no_outliers $ transport_data_system_9th,237446308.529995,single_datapoint,no_comment
15735,2021,20_USA,turnover_rate,ldv,%,road,freight,ice,all,yearly,national,['manually_inputted_data $ guess'],1,0.39,manually_inputted_data $ guess,0.03,single_datapoint,no_comment
15736,2021,20_USA,turnover_rate,ldv,%,road,passenger,ice,all,yearly,national,['manually_inputted_data $ guess'],1,0.39,manually_inputted_data $ guess,0.03,single_datapoint,no_comment
15737,2022,20_USA,new_vehicle_efficiency,ldv,km_per_pj,road,freight,ice,all,yearly,national,['avg_eff_no_outliers $ transport_data_system_9th'],1,4776513034.843043,avg_eff_no_outliers $ transport_data_system_9th,367424079.603311,single_datapoint,no_comment
15738,2022,20_USA,new_vehicle_efficiency,ldv,km_per_pj,road,passenger,ice,all,yearly,national,['avg_eff_no_outliers $ transport_data_system_9th'],1,3086802010.889935,avg_eff_no_outliers $ transport_data_system_9th,237446308.529995,single_datapoint,no_comment
15739,2022,20_USA,turnover_rate,ldv,%,road,freight,ice,all,yearly,national,['manually_inputted_data $ guess'],1,0.39,manually_inputted_data $ guess,0.03,single_datapoint,no_comment
15740,2022,20_USA,turnover_rate,ldv,%,road,passenger,ice,all,yearly,national,['manually_inputted_data $ guess'],1,0.39,manually_inputted_data $ guess,0.03,single_datapoint,no_comment
15741,2010,20_USA,new_vehicle_efficiency,ldv,km_per_pj,road,freight,lpg,all,yearly,national,['avg_eff_no_outliers $ transport_data_system_9th'],1,3668778329.1297708,avg_eff_no_outliers $ transport_data_system_9th,282213717.625367,single_datapoint,no_comment
15742,2010,20_USA,new_vehicle_efficiency,ldv,km_per_pj,road,passenger,lpg,all,yearly,national,['avg_eff_no_outliers $ transport_data_system_9th'],1,4713924488.084526,avg_eff_no_outliers $ transport_data_system_9th,362609576.006502,single_datapoint,no_comment
15743,2010,20_USA,turnover_rate,ldv,%,road,freight,lpg,all,yearly,national,['manually_inputted_data $ guess'],1,0.42,manually_inputted_data $ guess,0.03,manual,no_comment
15744,2010,20_USA,turnover_rate,ldv,%,road,passenger,lpg,all,yearly,national,['manually_inputted_data $ guess'],1,0.42,manually_inputted_data $ guess,0.03,manual,no_comment
15745,2011,20_USA,new_vehicle_efficiency,ldv,km_per_pj,road,freight,lpg,all,yearly,national,['avg_eff_no_outliers $ transport_data_system_9th'],1,3668778329.1297708,avg_eff_no_outliers $ transport_data_system_9th,282213717.625367,single_datapoint,no_comment
15746,2011,20_USA,new_vehicle_efficiency,ldv,km_per_pj,road,passenger,lpg,all,yearly,national,['avg_eff_no_outliers $ transport_data_system_9th'],1,4713924488.084526,avg_eff_no_outliers $ transport_data_system_9th,362609576.006502,single_datapoint,no_comment
15747,2011,20_USA,turnover_rate,ldv,%,road,freight,lpg,all,yearly,national,['manually_inputted_data $ guess'],1,0.42,manually_inputted_data $ guess,0.03,manual,no_comment
15748,2011,20_USA,turnover_rate,ldv,%,road,passenger,lpg,all,yearly,national,['manually_inputted_data $ guess'],1,0.42,manually_inputted_data $ guess,0.03,manual,no_comment
15749,2012,20_USA,new_vehicle_efficiency,ldv,km_per_pj,road,freight,lpg,all,yearly,national,['avg_eff_no_outliers $ transport_data_system_9th'],1,3668778329.1297708,avg_eff_no_outliers $ transport_data_system_9th,282213717.625367,single_datapoint,no_comment
15750,2012,20_USA,new_vehicle_efficiency,ldv,km_per_pj,road,passenger,lpg,all,yearly,national,['avg_eff_no_outliers $ transport_data_system_9th'],1,4713924488.084526,avg_eff_no_outliers $ transport_data_system_9th,362609576.006502,single_datapoint,no_comment
15751,2012,20_USA,turnover_rate,ldv,%,road,freight,lpg,all,yearly,national,['manually_inputted_data $ guess'],1,0.42,manually_inputted_data $ guess,0.03,manual,no_comment
15752,2012,20_USA,turnover_rate,ldv,%,road,passenger,lpg,all,yearly,national,['manually_inputted_data $ guess'],1,0.42,manually_inputted_data $ guess,0.03,manual,no_comment
15753,2013,20_USA,new_vehicle_efficiency,ldv,km_per_pj,road,freight,lpg,all,yearly,national,['avg_eff_no_outliers $ transport_data_system_9th'],1,3668778329.1297708,avg_eff_no_outliers $ transport_data_system_9th,282213717.625367,single_datapoint,no_comment
15754,2013,20_USA,new_vehicle_efficiency,ldv,km_per_pj,road,passenger,lpg,all,yearly,national,['avg_eff_no_outliers $ transport_data_system_9th'],1,4713924488.084526,avg_eff_no_outliers $ transport_data_system_9th,362609576.006502,single_datapoint,no_comment
15755,2013,20_USA,turnover_rate,ldv,%,road,freight,lpg,all,yearly,national,['manually_inputted_data $ guess'],1,0.42,manually_inputted_data $ guess,0.03,manual,no_comment
15756,2013,20_USA,turnover_rate,ldv,%,road,passenger,lpg,all,yearly,national,['manually_inputted_data $ guess'],1,0.42,manually_inputted_data $ guess,0.03,manual,no_comment
15757,2014,20_USA,new_vehicle_efficiency,ldv,km_per_pj,road,freight,lpg,all,yearly,national,['avg_eff_no_outliers $ transport_data_system_9th'],1,3668778329.1297708,avg_eff_no_outliers $ transport_data_system_9th,282213717.625367,single_datapoint,no_comment
15758,2014,20_USA,new_vehicle_efficiency,ldv,km_per_pj,road,passenger,lpg,all,yearly,national,['avg_eff_no_outliers $ transport_data_system_9th'],1,4713924488.084526,avg_eff_no_outliers $ transport_data_system_9th,362609576.006502,single_datapoint,no_comment
15759,2014,20_USA,turnover_rate,ldv,%,road,freight,lpg,all,yearly,national,['manually_inputted_data $ guess'],1,0.42,manually_inputted_data $ guess,0.03,manual,no_comment
15760,2014,20_USA,turnover_rate,ldv,%,road,passenger,lpg,all,yearly,national,['manually_inputted_data $ guess'],1,0.42,manually_inputted_data $ guess,0.03,manual,no_comment
15761,2015,20_USA,new_vehicle_efficiency,ldv,km_per_pj,road,freight,lpg,all,yearly,national,['avg_eff_no_outliers $ transport_data_system_9th'],1,3668778329.1297708,avg_eff_no_outliers $ transport_data_system_9th,282213717.625367,single_datapoint,no_comment
15762,2015,20_USA,new_vehicle_efficiency,ldv,km_per_pj,road,passenger,lpg,all,yearly,national,['avg_eff_no_outliers $ transport_data_system_9th'],1,4713924488.084526,avg_eff_no_outliers $ transport_data_system_9th,362609576.006502,single_datapoint,no_comment
15763,2015,20_USA,turnover_rate,ldv,%,road,freight,lpg,all,yearly,national,['manually_inputted_data $ guess'],1,0.42,manually_inputted_data $ guess,0.03,manual,no_comment
15764,2015,20_USA,turnover_rate,ldv,%,road,passenger,lpg,all,yearly,national,['manually_inputted_data $ guess'],1,0.42,manually_inputted_data $ guess,0.03,manual,no_comment
15765,2016,20_USA,new_vehicle_efficiency,ldv,km_per_pj,road,freight,lpg,all,yearly,national,['avg_eff_no_outliers $ transport_data_system_9th'],1,3668778329.1297708,avg_eff_no_outliers $ transport_data_system_9th,282213717.625367,single_datapoint,no_comment
15766,2016,20_USA,new_vehicle_efficiency,ldv,km_per_pj,road,passenger,lpg,all,yearly,national,['avg_eff_no_outliers $ transport_data_system_9th'],1,4713924488.084526,avg_eff_no_outliers $ transport_data_system_9th,362609576.006502,single_datapoint,no_comment
15767,2016,20_USA,turnover_rate,ldv,%,road,freight,lpg,all,yearly,national,['manually_inputted_data $ guess'],1,0.42,manually_inputted_data $ guess,0.03,manual,no_comment
15768,2016,20_USA,turnover_rate,ldv,%,road,passenger,lpg,all,yearly,national,['manually_inputted_data $ guess'],1,0.42,manually_inputted_data $ guess,0.03,manual,no_comment
15769,2017,20_USA,activity,ldv,passenger_km_or_freight_tonne_km,road,freight,lpg,all,yearly,national,"['8th_edition_transport_model $ reference', 'estimated $ calculate_energy_and_activity()']",2,284564661.0665173,estimated $ calculate_energy_and_activity(),81884100.0,manual,no_comment
15770,2017,20_USA,activity,ldv,passenger_km_or_freight_tonne_km,road,passenger,lpg,all,yearly,national,"['8th_edition_transport_model $ reference', 'estimated $ calculate_energy_and_activity()']",2,6171169452.902983,estimated $ calculate_energy_and_activity(),3342352500.0,manual,no_comment
15771,2017,20_USA,energy,ldv,pj,road,freight,lpg,all,yearly,national,"['8th_edition_transport_model $ reference', 'estimated $ calculate_energy_and_activity()']",2,3.329678191007564,estimated $ calculate_energy_and_activity(),0.8918225509177717,manual,no_comment
15772,2017,20_USA,energy,ldv,pj,road,passenger,lpg,all,yearly,national,"['8th_edition_transport_model $ reference', 'estimated $ calculate_energy_and_activity()']",2,11.525661859199804,estimated $ calculate_energy_and_activity(),6.4055350019422574,manual,no_comment
15773,2017,20_USA,new_vehicle_efficiency,ldv,km_per_pj,road,freight,lpg,all,yearly,national,['avg_eff_no_outliers $ transport_data_system_9th'],1,3668778329.1297708,avg_eff_no_outliers $ transport_data_system_9th,282213717.625367,single_datapoint,no_comment
15774,2017,20_USA,new_vehicle_efficiency,ldv,km_per_pj,road,passenger,lpg,all,yearly,national,['avg_eff_no_outliers $ transport_data_system_9th'],1,4713924488.084526,avg_eff_no_outliers $ transport_data_system_9th,362609576.006502,single_datapoint,no_comment
15775,2017,20_USA,travel_km,ldv,km,road,freight,lpg,all,yearly,national,['estimated $ calculate_energy_and_activity()'],1,224340000.0,estimated $ calculate_energy_and_activity(),224340000.0,single_datapoint,no_comment
15776,2017,20_USA,travel_km,ldv,km,road,passenger,lpg,all,yearly,national,['estimated $ calculate_energy_and_activity()'],1,2228235000.0,estimated $ calculate_energy_and_activity(),2228235000.0,single_datapoint,no_comment
15777,2017,20_USA,turnover_rate,ldv,%,road,freight,lpg,all,yearly,national,"['manually_inputted_data $ guess', 'turnover_rate_est']",2,0.42,manually_inputted_data $ guess,0.03,manual,no_comment
15778,2017,20_USA,turnover_rate,ldv,%,road,passenger,lpg,all,yearly,national,"['manually_inputted_data $ guess', 'turnover_rate_est']",2,0.42,manually_inputted_data $ guess,0.03,manual,no_comment
15779,2018,20_USA,new_vehicle_efficiency,ldv,km_per_pj,road,freight,lpg,all,yearly,national,['avg_eff_no_outliers $ transport_data_system_9th'],1,3668778329.1297708,avg_eff_no_outliers $ transport_data_system_9th,282213717.625367,single_datapoint,no_comment
15780,2018,20_USA,new_vehicle_efficiency,ldv,km_per_pj,road,passenger,lpg,all,yearly,national,['avg_eff_no_outliers $ transport_data_system_9th'],1,4713924488.084526,avg_eff_no_outliers $ transport_data_system_9th,362609576.006502,single_datapoint,no_comment
15781,2018,20_USA,turnover_rate,ldv,%,road,freight,lpg,all,yearly,national,['manually_inputted_data $ guess'],1,0.42,manually_inputted_data $ guess,0.03,manual,no_comment
15782,2018,20_USA,turnover_rate,ldv,%,road,passenger,lpg,all,yearly,national,['manually_inputted_data $ guess'],1,0.42,manually_inputted_data $ guess,0.03,manual,no_comment
15783,2019,20_USA,new_vehicle_efficiency,ldv,km_per_pj,road,freight,lpg,all,yearly,national,['avg_eff_no_outliers $ transport_data_system_9th'],1,3668778329.1297708,avg_eff_no_outliers $ transport_data_system_9th,282213717.625367,single_datapoint,no_comment
15784,2019,20_USA,new_vehicle_efficiency,ldv,km_per_pj,road,passenger,lpg,all,yearly,national,['avg_eff_no_outliers $ transport_data_system_9th'],1,4713924488.084526,avg_eff_no_outliers $ transport_data_system_9th,362609576.006502,single_datapoint,no_comment
15785,2019,20_USA,turnover_rate,ldv,%,road,freight,lpg,all,yearly,national,['manually_inputted_data $ guess'],1,0.42,manually_inputted_data $ guess,0.03,manual,no_comment
15786,2019,20_USA,turnover_rate,ldv,%,road,passenger,lpg,all,yearly,national,['manually_inputted_data $ guess'],1,0.42,manually_inputted_data $ guess,0.03,manual,no_comment
15787,2020,20_USA,new_vehicle_efficiency,ldv,km_per_pj,road,freight,lpg,all,yearly,national,['avg_eff_no_outliers $ transport_data_system_9th'],1,3668778329.1297708,avg_eff_no_outliers $ transport_data_system_9th,282213717.625367,single_datapoint,no_comment
15788,2020,20_USA,new_vehicle_efficiency,ldv,km_per_pj,road,passenger,lpg,all,yearly,national,['avg_eff_no_outliers $ transport_data_system_9th'],1,4713924488.084526,avg_eff_no_outliers $ transport_data_system_9th,362609576.006502,single_datapoint,no_comment
15789,2020,20_USA,turnover_rate,ldv,%,road,freight,lpg,all,yearly,national,['manually_inputted_data $ guess'],1,0.42,manually_inputted_data $ guess,0.03,manual,no_comment
15790,2020,20_USA,turnover_rate,ldv,%,road,passenger,lpg,all,yearly,national,['manually_inputted_data $ guess'],1,0.42,manually_inputted_data $ guess,0.03,manual,no_comment
15791,2021,20_USA,new_vehicle_efficiency,ldv,km_per_pj,road,freight,lpg,all,yearly,national,['avg_eff_no_outliers $ transport_data_system_9th'],1,3668778329.1297708,avg_eff_no_outliers $ transport_data_system_9th,282213717.625367,single_datapoint,no_comment
15792,2021,20_USA,new_vehicle_efficiency,ldv,km_per_pj,road,passenger,lpg,all,yearly,national,['avg_eff_no_outliers $ transport_data_system_9th'],1,4713924488.084526,avg_eff_no_outliers $ transport_data_system_9th,362609576.006502,single_datapoint,no_comment
15793,2021,20_USA,turnover_rate,ldv,%,road,freight,lpg,all,yearly,national,['manually_inputted_data $ guess'],1,0.42,manually_inputted_data $ guess,0.03,manual,no_comment
15794,2021,20_USA,turnover_rate,ldv,%,road,passenger,lpg,all,yearly,national,['manually_inputted_data $ guess'],1,0.42,manually_inputted_data $ guess,0.03,manual,no_comment
15795,2022,20_USA,new_vehicle_efficiency,ldv,km_per_pj,road,freight,lpg,all,yearly,national,['avg_eff_no_outliers $ transport_data_system_9th'],1,3668778329.1297708,avg_eff_no_outliers $ transport_data_system_9th,282213717.625367,single_datapoint,no_comment
15796,2022,20_USA,new_vehicle_efficiency,ldv,km_per_pj,road,passenger,lpg,all,yearly,national,['avg_eff_no_outliers $ transport_data_system_9th'],1,4713924488.084526,avg_eff_no_outliers $ transport_data_system_9th,362609576.006502,single_datapoint,no_comment
15797,2022,20_USA,turnover_rate,ldv,%,road,freight,lpg,all,yearly,national,['manually_inputted_data $ guess'],1,0.42,manually_inputted_data $ guess,0.03,manual,no_comment
15798,2022,20_USA,turnover_rate,ldv,%,road,passenger,lpg,all,yearly,national,['manually_inputted_data $ guess'],1,0.42,manually_inputted_data $ guess,0.03,manual,no_comment
15799,2010,20_USA,new_vehicle_efficiency,ldv,km_per_pj,road,freight,phev,all,yearly,national,['avg_eff_no_outliers $ transport_data_system_9th'],1,8979606259.303562,avg_eff_no_outliers $ transport_data_system_9th,690738943.023351,single_datapoint,no_comment
15800,2010,20_USA,new_vehicle_efficiency,ldv,km_per_pj,road,passenger,phev,all,yearly,national,['avg_eff_no_outliers $ transport_data_system_9th'],1,5974718100.659283,avg_eff_no_outliers $ transport_data_system_9th,459593700.050714,single_datapoint,no_comment
15801,2010,20_USA,turnover_rate,ldv,%,road,freight,phev,all,yearly,national,['manually_inputted_data $ guess'],1,0.39,manually_inputted_data $ guess,0.03,single_datapoint,no_comment
15802,2010,20_USA,turnover_rate,ldv,%,road,passenger,phev,all,yearly,national,['manually_inputted_data $ guess'],1,0.39,manually_inputted_data $ guess,0.03,single_datapoint,no_comment
15803,2011,20_USA,activity,ldv,passenger_km_or_freight_tonne_km,road,passenger,phev,all,yearly,national,['estimated $ calculate_energy_and_activity()'],1,98797500000.0,estimated $ calculate_energy_and_activity(),180000000.0,single_datapoint,no_comment
15804,2011,20_USA,energy,ldv,pj,road,passenger,phev,all,yearly,national,['estimated $ calculate_energy_and_activity()'],1,108.19596494289408,estimated $ calculate_energy_and_activity(),0.19712314268803294,single_datapoint,no_comment
15805,2011,20_USA,new_vehicle_efficiency,ldv,km_per_pj,road,freight,phev,all,yearly,national,['avg_eff_no_outliers $ transport_data_system_9th'],1,8979606259.303562,avg_eff_no_outliers $ transport_data_system_9th,690738943.023351,single_datapoint,no_comment
15806,2011,20_USA,new_vehicle_efficiency,ldv,km_per_pj,road,passenger,phev,all,yearly,national,['avg_eff_no_outliers $ transport_data_system_9th'],1,5974718100.659283,avg_eff_no_outliers $ transport_data_system_9th,459593700.050714,single_datapoint,no_comment
15807,2011,20_USA,travel_km,ldv,km,road,passenger,phev,all,yearly,national,['estimated $ calculate_energy_and_activity()'],1,65865000000.0,estimated $ calculate_energy_and_activity(),120000000.0,single_datapoint,no_comment
15808,2011,20_USA,turnover_rate,ldv,%,road,freight,phev,all,yearly,national,['manually_inputted_data $ guess'],1,0.39,manually_inputted_data $ guess,0.03,single_datapoint,no_comment
15809,2011,20_USA,turnover_rate,ldv,%,road,passenger,phev,all,yearly,national,['manually_inputted_data $ guess'],1,0.39,manually_inputted_data $ guess,0.03,single_datapoint,no_comment
15810,2012,20_USA,activity,ldv,passenger_km_or_freight_tonne_km,road,passenger,phev,all,yearly,national,['estimated $ calculate_energy_and_activity()'],1,98797500000.0,estimated $ calculate_energy_and_activity(),1057500000.0,single_datapoint,no_comment
15811,2012,20_USA,energy,ldv,pj,road,passenger,phev,all,yearly,national,['estimated $ calculate_energy_and_activity()'],1,108.19596494289408,estimated $ calculate_energy_and_activity(),1.1580984632921936,single_datapoint,no_comment
15812,2012,20_USA,new_vehicle_efficiency,ldv,km_per_pj,road,freight,phev,all,yearly,national,['avg_eff_no_outliers $ transport_data_system_9th'],1,8979606259.303562,avg_eff_no_outliers $ transport_data_system_9th,690738943.023351,single_datapoint,no_comment
15813,2012,20_USA,new_vehicle_efficiency,ldv,km_per_pj,road,passenger,phev,all,yearly,national,['avg_eff_no_outliers $ transport_data_system_9th'],1,5974718100.659283,avg_eff_no_outliers $ transport_data_system_9th,459593700.050714,single_datapoint,no_comment
15814,2012,20_USA,travel_km,ldv,km,road,passenger,phev,all,yearly,national,['estimated $ calculate_energy_and_activity()'],1,65865000000.0,estimated $ calculate_energy_and_activity(),705000000.0,single_datapoint,no_comment
15815,2012,20_USA,turnover_rate,ldv,%,road,freight,phev,all,yearly,national,['manually_inputted_data $ guess'],1,0.39,manually_inputted_data $ guess,0.03,single_datapoint,no_comment
15816,2012,20_USA,turnover_rate,ldv,%,road,passenger,phev,all,yearly,national,['manually_inputted_data $ guess'],1,0.39,manually_inputted_data $ guess,0.03,single_datapoint,no_comment
15817,2013,20_USA,activity,ldv,passenger_km_or_freight_tonne_km,road,passenger,phev,all,yearly,national,['estimated $ calculate_energy_and_activity()'],1,98797500000.0,estimated $ calculate_energy_and_activity(),2160000000.0,single_datapoint,no_comment
15818,2013,20_USA,energy,ldv,pj,road,passenger,phev,all,yearly,national,['estimated $ calculate_energy_and_activity()'],1,108.19596494289408,estimated $ calculate_energy_and_activity(),2.3654777122563955,single_datapoint,no_comment
15819,2013,20_USA,new_vehicle_efficiency,ldv,km_per_pj,road,freight,phev,all,yearly,national,['avg_eff_no_outliers $ transport_data_system_9th'],1,8979606259.303562,avg_eff_no_outliers $ transport_data_system_9th,690738943.023351,single_datapoint,no_comment
15820,2013,20_USA,new_vehicle_efficiency,ldv,km_per_pj,road,passenger,phev,all,yearly,national,['avg_eff_no_outliers $ transport_data_system_9th'],1,5974718100.659283,avg_eff_no_outliers $ transport_data_system_9th,459593700.050714,single_datapoint,no_comment
15821,2013,20_USA,travel_km,ldv,km,road,passenger,phev,all,yearly,national,['estimated $ calculate_energy_and_activity()'],1,65865000000.0,estimated $ calculate_energy_and_activity(),1440000000.0,single_datapoint,no_comment
15822,2013,20_USA,turnover_rate,ldv,%,road,freight,phev,all,yearly,national,['manually_inputted_data $ guess'],1,0.39,manually_inputted_data $ guess,0.03,single_datapoint,no_comment
15823,2013,20_USA,turnover_rate,ldv,%,road,passenger,phev,all,yearly,national,['manually_inputted_data $ guess'],1,0.39,manually_inputted_data $ guess,0.03,single_datapoint,no_comment
15824,2014,20_USA,activity,ldv,passenger_km_or_freight_tonne_km,road,passenger,phev,all,yearly,national,['estimated $ calculate_energy_and_activity()'],1,98797500000.0,estimated $ calculate_energy_and_activity(),3375000000.0,single_datapoint,no_comment
15825,2014,20_USA,energy,ldv,pj,road,passenger,phev,all,yearly,national,['estimated $ calculate_energy_and_activity()'],1,108.19596494289408,estimated $ calculate_energy_and_activity(),3.6960589254006178,single_datapoint,no_comment
15826,2014,20_USA,new_vehicle_efficiency,ldv,km_per_pj,road,freight,phev,all,yearly,national,['avg_eff_no_outliers $ transport_data_system_9th'],1,8979606259.303562,avg_eff_no_outliers $ transport_data_system_9th,690738943.023351,single_datapoint,no_comment
15827,2014,20_USA,new_vehicle_efficiency,ldv,km_per_pj,road,passenger,phev,all,yearly,national,['avg_eff_no_outliers $ transport_data_system_9th'],1,5974718100.659283,avg_eff_no_outliers $ transport_data_system_9th,459593700.050714,single_datapoint,no_comment
15828,2014,20_USA,travel_km,ldv,km,road,passenger,phev,all,yearly,national,['estimated $ calculate_energy_and_activity()'],1,65865000000.0,estimated $ calculate_energy_and_activity(),2250000000.0,single_datapoint,no_comment
15829,2014,20_USA,turnover_rate,ldv,%,road,freight,phev,all,yearly,national,['manually_inputted_data $ guess'],1,0.39,manually_inputted_data $ guess,0.03,single_datapoint,no_comment
15830,2014,20_USA,turnover_rate,ldv,%,road,passenger,phev,all,yearly,national,['manually_inputted_data $ guess'],1,0.39,manually_inputted_data $ guess,0.03,single_datapoint,no_comment
15831,2015,20_USA,activity,ldv,passenger_km_or_freight_tonne_km,road,passenger,phev,all,yearly,national,['estimated $ calculate_energy_and_activity()'],1,98797500000.0,estimated $ calculate_energy_and_activity(),4275000000.0,single_datapoint,no_comment
15832,2015,20_USA,energy,ldv,pj,road,passenger,phev,all,yearly,national,['estimated $ calculate_energy_and_activity()'],1,108.19596494289408,estimated $ calculate_energy_and_activity(),4.681674638840782,single_datapoint,no_comment
15833,2015,20_USA,new_vehicle_efficiency,ldv,km_per_pj,road,freight,phev,all,yearly,national,['avg_eff_no_outliers $ transport_data_system_9th'],1,8979606259.303562,avg_eff_no_outliers $ transport_data_system_9th,690738943.023351,single_datapoint,no_comment
15834,2015,20_USA,new_vehicle_efficiency,ldv,km_per_pj,road,passenger,phev,all,yearly,national,['avg_eff_no_outliers $ transport_data_system_9th'],1,5974718100.659283,avg_eff_no_outliers $ transport_data_system_9th,459593700.050714,single_datapoint,no_comment
15835,2015,20_USA,travel_km,ldv,km,road,passenger,phev,all,yearly,national,['estimated $ calculate_energy_and_activity()'],1,65865000000.0,estimated $ calculate_energy_and_activity(),2850000000.0,single_datapoint,no_comment
15836,2015,20_USA,turnover_rate,ldv,%,road,freight,phev,all,yearly,national,['manually_inputted_data $ guess'],1,0.39,manually_inputted_data $ guess,0.03,single_datapoint,no_comment
15837,2015,20_USA,turnover_rate,ldv,%,road,passenger,phev,all,yearly,national,['manually_inputted_data $ guess'],1,0.39,manually_inputted_data $ guess,0.03,single_datapoint,no_comment
15838,2016,20_USA,activity,ldv,passenger_km_or_freight_tonne_km,road,passenger,phev,all,yearly,national,['estimated $ calculate_energy_and_activity()'],1,98797500000.0,estimated $ calculate_energy_and_activity(),6075000000.0,single_datapoint,no_comment
15839,2016,20_USA,energy,ldv,pj,road,passenger,phev,all,yearly,national,['estimated $ calculate_energy_and_activity()'],1,108.19596494289408,estimated $ calculate_energy_and_activity(),6.652906065721112,single_datapoint,no_comment
15840,2016,20_USA,new_vehicle_efficiency,ldv,km_per_pj,road,freight,phev,all,yearly,national,['avg_eff_no_outliers $ transport_data_system_9th'],1,8979606259.303562,avg_eff_no_outliers $ transport_data_system_9th,690738943.023351,single_datapoint,no_comment
15841,2016,20_USA,new_vehicle_efficiency,ldv,km_per_pj,road,passenger,phev,all,yearly,national,['avg_eff_no_outliers $ transport_data_system_9th'],1,5974718100.659283,avg_eff_no_outliers $ transport_data_system_9th,459593700.050714,single_datapoint,no_comment
15842,2016,20_USA,travel_km,ldv,km,road,passenger,phev,all,yearly,national,['estimated $ calculate_energy_and_activity()'],1,65865000000.0,estimated $ calculate_energy_and_activity(),4050000000.0,single_datapoint,no_comment
15843,2016,20_USA,turnover_rate,ldv,%,road,freight,phev,all,yearly,national,['manually_inputted_data $ guess'],1,0.39,manually_inputted_data $ guess,0.03,single_datapoint,no_comment
15844,2016,20_USA,turnover_rate,ldv,%,road,passenger,phev,all,yearly,national,['manually_inputted_data $ guess'],1,0.39,manually_inputted_data $ guess,0.03,single_datapoint,no_comment
15845,2017,20_USA,activity,ldv,passenger_km_or_freight_tonne_km,road,passenger,phev,all,yearly,national,['estimated $ calculate_energy_and_activity()'],1,98797500000.0,estimated $ calculate_energy_and_activity(),8100000000.0,single_datapoint,no_comment
15846,2017,20_USA,energy,ldv,pj,road,passenger,phev,all,yearly,national,['estimated $ calculate_energy_and_activity()'],1,108.19596494289408,estimated $ calculate_energy_and_activity(),8.870541420961482,single_datapoint,no_comment
15847,2017,20_USA,new_vehicle_efficiency,ldv,km_per_pj,road,freight,phev,all,yearly,national,['avg_eff_no_outliers $ transport_data_system_9th'],1,8979606259.303562,avg_eff_no_outliers $ transport_data_system_9th,690738943.023351,single_datapoint,no_comment
15848,2017,20_USA,new_vehicle_efficiency,ldv,km_per_pj,road,passenger,phev,all,yearly,national,['avg_eff_no_outliers $ transport_data_system_9th'],1,5974718100.659283,avg_eff_no_outliers $ transport_data_system_9th,459593700.050714,single_datapoint,no_comment
15849,2017,20_USA,travel_km,ldv,km,road,passenger,phev,all,yearly,national,['estimated $ calculate_energy_and_activity()'],1,65865000000.0,estimated $ calculate_energy_and_activity(),5400000000.0,single_datapoint,no_comment
15850,2017,20_USA,turnover_rate,ldv,%,road,freight,phev,all,yearly,national,['manually_inputted_data $ guess'],1,0.39,manually_inputted_data $ guess,0.03,single_datapoint,no_comment
15851,2017,20_USA,turnover_rate,ldv,%,road,passenger,phev,all,yearly,national,['manually_inputted_data $ guess'],1,0.39,manually_inputted_data $ guess,0.03,single_datapoint,no_comment
15852,2018,20_USA,activity,ldv,passenger_km_or_freight_tonne_km,road,passenger,phev,all,yearly,national,['estimated $ calculate_energy_and_activity()'],1,98797500000.0,estimated $ calculate_energy_and_activity(),10800000000.0,single_datapoint,no_comment
15853,2018,20_USA,energy,ldv,pj,road,passenger,phev,all,yearly,national,['estimated $ calculate_energy_and_activity()'],1,108.19596494289408,estimated $ calculate_energy_and_activity(),11.827388561281976,single_datapoint,no_comment
15854,2018,20_USA,new_vehicle_efficiency,ldv,km_per_pj,road,freight,phev,all,yearly,national,['avg_eff_no_outliers $ transport_data_system_9th'],1,8979606259.303562,avg_eff_no_outliers $ transport_data_system_9th,690738943.023351,single_datapoint,no_comment
15855,2018,20_USA,new_vehicle_efficiency,ldv,km_per_pj,road,passenger,phev,all,yearly,national,['avg_eff_no_outliers $ transport_data_system_9th'],1,5974718100.659283,avg_eff_no_outliers $ transport_data_system_9th,459593700.050714,single_datapoint,no_comment
15856,2018,20_USA,travel_km,ldv,km,road,passenger,phev,all,yearly,national,['estimated $ calculate_energy_and_activity()'],1,65865000000.0,estimated $ calculate_energy_and_activity(),7200000000.0,single_datapoint,no_comment
15857,2018,20_USA,turnover_rate,ldv,%,road,freight,phev,all,yearly,national,['manually_inputted_data $ guess'],1,0.39,manually_inputted_data $ guess,0.03,single_datapoint,no_comment
15858,2018,20_USA,turnover_rate,ldv,%,road,passenger,phev,all,yearly,national,['manually_inputted_data $ guess'],1,0.39,manually_inputted_data $ guess,0.03,single_datapoint,no_comment
15859,2019,20_USA,activity,ldv,passenger_km_or_freight_tonne_km,road,passenger,phev,all,yearly,national,['estimated $ calculate_energy_and_activity()'],1,98797500000.0,estimated $ calculate_energy_and_activity(),12825000000.0,single_datapoint,no_comment
15860,2019,20_USA,energy,ldv,pj,road,passenger,phev,all,yearly,national,['estimated $ calculate_energy_and_activity()'],1,108.19596494289408,estimated $ calculate_energy_and_activity(),14.045023916522346,single_datapoint,no_comment
15861,2019,20_USA,new_vehicle_efficiency,ldv,km_per_pj,road,freight,phev,all,yearly,national,['avg_eff_no_outliers $ transport_data_system_9th'],1,8979606259.303562,avg_eff_no_outliers $ transport_data_system_9th,690738943.023351,single_datapoint,no_comment
15862,2019,20_USA,new_vehicle_efficiency,ldv,km_per_pj,road,passenger,phev,all,yearly,national,['avg_eff_no_outliers $ transport_data_system_9th'],1,5974718100.659283,avg_eff_no_outliers $ transport_data_system_9th,459593700.050714,single_datapoint,no_comment
15863,2019,20_USA,travel_km,ldv,km,road,passenger,phev,all,yearly,national,['estimated $ calculate_energy_and_activity()'],1,65865000000.0,estimated $ calculate_energy_and_activity(),8550000000.0,single_datapoint,no_comment
15864,2019,20_USA,turnover_rate,ldv,%,road,freight,phev,all,yearly,national,['manually_inputted_data $ guess'],1,0.39,manually_inputted_data $ guess,0.03,single_datapoint,no_comment
15865,2019,20_USA,turnover_rate,ldv,%,road,passenger,phev,all,yearly,national,['manually_inputted_data $ guess'],1,0.39,manually_inputted_data $ guess,0.03,single_datapoint,no_comment
15866,2020,20_USA,activity,ldv,passenger_km_or_freight_tonne_km,road,passenger,phev,all,yearly,national,['estimated $ calculate_energy_and_activity()'],1,98797500000.0,estimated $ calculate_energy_and_activity(),14400000000.0,single_datapoint,no_comment
15867,2020,20_USA,energy,ldv,pj,road,passenger,phev,all,yearly,national,['estimated $ calculate_energy_and_activity()'],1,108.19596494289408,estimated $ calculate_energy_and_activity(),15.769851415042636,single_datapoint,no_comment
15868,2020,20_USA,new_vehicle_efficiency,ldv,km_per_pj,road,freight,phev,all,yearly,national,['avg_eff_no_outliers $ transport_data_system_9th'],1,8979606259.303562,avg_eff_no_outliers $ transport_data_system_9th,690738943.023351,single_datapoint,no_comment
15869,2020,20_USA,new_vehicle_efficiency,ldv,km_per_pj,road,passenger,phev,all,yearly,national,['avg_eff_no_outliers $ transport_data_system_9th'],1,5974718100.659283,avg_eff_no_outliers $ transport_data_system_9th,459593700.050714,single_datapoint,no_comment
15870,2020,20_USA,travel_km,ldv,km,road,passenger,phev,all,yearly,national,['estimated $ calculate_energy_and_activity()'],1,65865000000.0,estimated $ calculate_energy_and_activity(),9600000000.0,single_datapoint,no_comment
15871,2020,20_USA,turnover_rate,ldv,%,road,freight,phev,all,yearly,national,['manually_inputted_data $ guess'],1,0.39,manually_inputted_data $ guess,0.03,single_datapoint,no_comment
15872,2020,20_USA,turnover_rate,ldv,%,road,passenger,phev,all,yearly,national,['manually_inputted_data $ guess'],1,0.39,manually_inputted_data $ guess,0.03,single_datapoint,no_comment
15873,2021,20_USA,activity,ldv,passenger_km_or_freight_tonne_km,road,passenger,phev,all,yearly,national,['estimated $ calculate_energy_and_activity()'],1,98797500000.0,estimated $ calculate_energy_and_activity(),16200000000.0,single_datapoint,no_comment
15874,2021,20_USA,energy,ldv,pj,road,passenger,phev,all,yearly,national,['estimated $ calculate_energy_and_activity()'],1,108.19596494289408,estimated $ calculate_energy_and_activity(),17.741082841922964,single_datapoint,no_comment
15875,2021,20_USA,new_vehicle_efficiency,ldv,km_per_pj,road,freight,phev,all,yearly,national,['avg_eff_no_outliers $ transport_data_system_9th'],1,8979606259.303562,avg_eff_no_outliers $ transport_data_system_9th,690738943.023351,single_datapoint,no_comment
15876,2021,20_USA,new_vehicle_efficiency,ldv,km_per_pj,road,passenger,phev,all,yearly,national,['avg_eff_no_outliers $ transport_data_system_9th'],1,5974718100.659283,avg_eff_no_outliers $ transport_data_system_9th,459593700.050714,single_datapoint,no_comment
15877,2021,20_USA,travel_km,ldv,km,road,passenger,phev,all,yearly,national,['estimated $ calculate_energy_and_activity()'],1,65865000000.0,estimated $ calculate_energy_and_activity(),10800000000.0,single_datapoint,no_comment
15878,2021,20_USA,turnover_rate,ldv,%,road,freight,phev,all,yearly,national,['manually_inputted_data $ guess'],1,0.39,manually_inputted_data $ guess,0.03,single_datapoint,no_comment
15879,2021,20_USA,turnover_rate,ldv,%,road,passenger,phev,all,yearly,national,['manually_inputted_data $ guess'],1,0.39,manually_inputted_data $ guess,0.03,single_datapoint,no_comment
15880,2022,20_USA,activity,ldv,passenger_km_or_freight_tonne_km,road,passenger,phev,all,yearly,national,['estimated $ calculate_energy_and_activity()'],1,98797500000.0,estimated $ calculate_energy_and_activity(),19350000000.0,single_datapoint,no_comment
15881,2022,20_USA,energy,ldv,pj,road,passenger,phev,all,yearly,national,['estimated $ calculate_energy_and_activity()'],1,108.19596494289408,estimated $ calculate_energy_and_activity(),21.190737838963543,single_datapoint,no_comment
15882,2022,20_USA,new_vehicle_efficiency,ldv,km_per_pj,road,freight,phev,all,yearly,national,['avg_eff_no_outliers $ transport_data_system_9th'],1,8979606259.303562,avg_eff_no_outliers $ transport_data_system_9th,690738943.023351,single_datapoint,no_comment
15883,2022,20_USA,new_vehicle_efficiency,ldv,km_per_pj,road,passenger,phev,all,yearly,national,['avg_eff_no_outliers $ transport_data_system_9th'],1,5974718100.659283,avg_eff_no_outliers $ transport_data_system_9th,459593700.050714,single_datapoint,no_comment
15884,2022,20_USA,travel_km,ldv,km,road,passenger,phev,all,yearly,national,['estimated $ calculate_energy_and_activity()'],1,65865000000.0,estimated $ calculate_energy_and_activity(),12900000000.0,single_datapoint,no_comment
15885,2022,20_USA,turnover_rate,ldv,%,road,freight,phev,all,yearly,national,['manually_inputted_data $ guess'],1,0.39,manually_inputted_data $ guess,0.03,single_datapoint,no_comment
15886,2022,20_USA,turnover_rate,ldv,%,road,passenger,phev,all,yearly,national,['manually_inputted_data $ guess'],1,0.39,manually_inputted_data $ guess,0.03,single_datapoint,no_comment
15887,2010,21_VN,new_vehicle_efficiency,2w,km_per_pj,road,passenger,bev,all,yearly,national,['avg_eff_no_outliers $ transport_data_system_9th'],1,33137029391.83156,avg_eff_no_outliers $ transport_data_system_9th,2549002260.91012,single_datapoint,no_comment
15888,2010,21_VN,turnover_rate,2w,%,road,passenger,bev,all,yearly,national,['manually_inputted_data $ guess'],1,0.42,manually_inputted_data $ guess,0.03,manual,no_comment
15889,2011,21_VN,new_vehicle_efficiency,2w,km_per_pj,road,passenger,bev,all,yearly,national,['avg_eff_no_outliers $ transport_data_system_9th'],1,33137029391.83156,avg_eff_no_outliers $ transport_data_system_9th,2549002260.91012,single_datapoint,no_comment
15890,2011,21_VN,turnover_rate,2w,%,road,passenger,bev,all,yearly,national,['manually_inputted_data $ guess'],1,0.42,manually_inputted_data $ guess,0.03,manual,no_comment
15891,2012,21_VN,new_vehicle_efficiency,2w,km_per_pj,road,passenger,bev,all,yearly,national,['avg_eff_no_outliers $ transport_data_system_9th'],1,33137029391.83156,avg_eff_no_outliers $ transport_data_system_9th,2549002260.91012,single_datapoint,no_comment
15892,2012,21_VN,turnover_rate,2w,%,road,passenger,bev,all,yearly,national,['manually_inputted_data $ guess'],1,0.42,manually_inputted_data $ guess,0.03,manual,no_comment
15893,2013,21_VN,new_vehicle_efficiency,2w,km_per_pj,road,passenger,bev,all,yearly,national,['avg_eff_no_outliers $ transport_data_system_9th'],1,33137029391.83156,avg_eff_no_outliers $ transport_data_system_9th,2549002260.91012,single_datapoint,no_comment
15894,2013,21_VN,turnover_rate,2w,%,road,passenger,bev,all,yearly,national,['manually_inputted_data $ guess'],1,0.42,manually_inputted_data $ guess,0.03,manual,no_comment
15895,2014,21_VN,new_vehicle_efficiency,2w,km_per_pj,road,passenger,bev,all,yearly,national,['avg_eff_no_outliers $ transport_data_system_9th'],1,33137029391.83156,avg_eff_no_outliers $ transport_data_system_9th,2549002260.91012,single_datapoint,no_comment
15896,2014,21_VN,turnover_rate,2w,%,road,passenger,bev,all,yearly,national,['manually_inputted_data $ guess'],1,0.42,manually_inputted_data $ guess,0.03,manual,no_comment
15897,2015,21_VN,new_vehicle_efficiency,2w,km_per_pj,road,passenger,bev,all,yearly,national,['avg_eff_no_outliers $ transport_data_system_9th'],1,33137029391.83156,avg_eff_no_outliers $ transport_data_system_9th,2549002260.91012,single_datapoint,no_comment
15898,2015,21_VN,turnover_rate,2w,%,road,passenger,bev,all,yearly,national,['manually_inputted_data $ guess'],1,0.42,manually_inputted_data $ guess,0.03,manual,no_comment
15899,2016,21_VN,new_vehicle_efficiency,2w,km_per_pj,road,passenger,bev,all,yearly,national,['avg_eff_no_outliers $ transport_data_system_9th'],1,33137029391.83156,avg_eff_no_outliers $ transport_data_system_9th,2549002260.91012,single_datapoint,no_comment
15900,2016,21_VN,turnover_rate,2w,%,road,passenger,bev,all,yearly,national,['manually_inputted_data $ guess'],1,0.42,manually_inputted_data $ guess,0.03,manual,no_comment
15901,2017,21_VN,activity,2w,passenger_km_or_freight_tonne_km,road,passenger,bev,all,yearly,national,"['8th_edition_transport_model $ reference', 'estimated $ calculate_energy_and_activity()']",2,315343308.0,estimated $ calculate_energy_and_activity(),233706000.00000003,manual,no_comment
15902,2017,21_VN,energy,2w,pj,road,passenger,bev,all,yearly,national,"['8th_edition_transport_model $ reference', 'estimated $ calculate_energy_and_activity()']",2,0.11643829080409852,estimated $ calculate_energy_and_activity(),0.09597679413551963,manual,no_comment
15903,2017,21_VN,new_vehicle_efficiency,2w,km_per_pj,road,passenger,bev,all,yearly,national,['avg_eff_no_outliers $ transport_data_system_9th'],1,33137029391.83156,avg_eff_no_outliers $ transport_data_system_9th,2549002260.91012,single_datapoint,no_comment
15904,2017,21_VN,travel_km,2w,km,road,passenger,bev,all,yearly,national,['estimated $ calculate_energy_and_activity()'],1,212460000.0,estimated $ calculate_energy_and_activity(),212460000.0,single_datapoint,no_comment
15905,2017,21_VN,turnover_rate,2w,%,road,passenger,bev,all,yearly,national,"['manually_inputted_data $ guess', 'turnover_rate_est']",2,0.42,manually_inputted_data $ guess,0.03,manual,no_comment
15906,2018,21_VN,new_vehicle_efficiency,2w,km_per_pj,road,passenger,bev,all,yearly,national,['avg_eff_no_outliers $ transport_data_system_9th'],1,33137029391.83156,avg_eff_no_outliers $ transport_data_system_9th,2549002260.91012,single_datapoint,no_comment
15907,2018,21_VN,turnover_rate,2w,%,road,passenger,bev,all,yearly,national,['manually_inputted_data $ guess'],1,0.42,manually_inputted_data $ guess,0.03,manual,no_comment
15908,2019,21_VN,new_vehicle_efficiency,2w,km_per_pj,road,passenger,bev,all,yearly,national,['avg_eff_no_outliers $ transport_data_system_9th'],1,33137029391.83156,avg_eff_no_outliers $ transport_data_system_9th,2549002260.91012,single_datapoint,no_comment
15909,2019,21_VN,turnover_rate,2w,%,road,passenger,bev,all,yearly,national,['manually_inputted_data $ guess'],1,0.42,manually_inputted_data $ guess,0.03,manual,no_comment
15910,2020,21_VN,new_vehicle_efficiency,2w,km_per_pj,road,passenger,bev,all,yearly,national,['avg_eff_no_outliers $ transport_data_system_9th'],1,33137029391.83156,avg_eff_no_outliers $ transport_data_system_9th,2549002260.91012,single_datapoint,no_comment
15911,2020,21_VN,turnover_rate,2w,%,road,passenger,bev,all,yearly,national,['manually_inputted_data $ guess'],1,0.42,manually_inputted_data $ guess,0.03,manual,no_comment
15912,2021,21_VN,new_vehicle_efficiency,2w,km_per_pj,road,passenger,bev,all,yearly,national,['avg_eff_no_outliers $ transport_data_system_9th'],1,33137029391.83156,avg_eff_no_outliers $ transport_data_system_9th,2549002260.91012,single_datapoint,no_comment
15913,2021,21_VN,turnover_rate,2w,%,road,passenger,bev,all,yearly,national,['manually_inputted_data $ guess'],1,0.42,manually_inputted_data $ guess,0.03,manual,no_comment
15914,2022,21_VN,new_vehicle_efficiency,2w,km_per_pj,road,passenger,bev,all,yearly,national,['avg_eff_no_outliers $ transport_data_system_9th'],1,33137029391.83156,avg_eff_no_outliers $ transport_data_system_9th,2549002260.91012,single_datapoint,no_comment
15915,2022,21_VN,turnover_rate,2w,%,road,passenger,bev,all,yearly,national,['manually_inputted_data $ guess'],1,0.42,manually_inputted_data $ guess,0.03,manual,no_comment
15916,2010,21_VN,activity,2w,passenger_km_or_freight_tonne_km,road,passenger,ice,all,yearly,national,['estimated $ calculate_energy_and_activity()'],1,3689309250000.0,estimated $ calculate_energy_and_activity(),257028750000.00003,single_datapoint,no_comment
15917,2010,21_VN,energy,2w,pj,road,passenger,ice,all,yearly,national,['estimated $ calculate_energy_and_activity()'],1,5302.851704121051,estimated $ calculate_energy_and_activity(),369.4418799252471,single_datapoint,no_comment
15918,2010,21_VN,new_vehicle_efficiency,2w,km_per_pj,road,passenger,ice,all,yearly,national,['avg_eff_no_outliers $ transport_data_system_9th'],1,7669072338.574219,avg_eff_no_outliers $ transport_data_system_9th,589928641.428786,single_datapoint,no_comment
15919,2010,21_VN,travel_km,2w,km,road,passenger,ice,all,yearly,national,['estimated $ calculate_energy_and_activity()'],1,3353917500000.0,estimated $ calculate_energy_and_activity(),233662500000.0,single_datapoint,no_comment
15920,2010,21_VN,turnover_rate,2w,%,road,passenger,ice,all,yearly,national,['manually_inputted_data $ guess'],1,0.39,manually_inputted_data $ guess,0.03,single_datapoint,no_comment
15921,2011,21_VN,activity,2w,passenger_km_or_freight_tonne_km,road,passenger,ice,all,yearly,national,['estimated $ calculate_energy_and_activity()'],1,3689309250000.0,estimated $ calculate_energy_and_activity(),278635500000.0,single_datapoint,no_comment
15922,2011,21_VN,energy,2w,pj,road,passenger,ice,all,yearly,national,['estimated $ calculate_energy_and_activity()'],1,5302.851704121051,estimated $ calculate_energy_and_activity(),400.4984770532915,single_datapoint,no_comment
15923,2011,21_VN,new_vehicle_efficiency,2w,km_per_pj,road,passenger,ice,all,yearly,national,['avg_eff_no_outliers $ transport_data_system_9th'],1,7669072338.574219,avg_eff_no_outliers $ transport_data_system_9th,589928641.428786,single_datapoint,no_comment
15924,2011,21_VN,travel_km,2w,km,road,passenger,ice,all,yearly,national,['estimated $ calculate_energy_and_activity()'],1,3353917500000.0,estimated $ calculate_energy_and_activity(),253305000000.0,single_datapoint,no_comment
15925,2011,21_VN,turnover_rate,2w,%,road,passenger,ice,all,yearly,national,['manually_inputted_data $ guess'],1,0.39,manually_inputted_data $ guess,0.03,single_datapoint,no_comment
15926,2012,21_VN,activity,2w,passenger_km_or_freight_tonne_km,road,passenger,ice,all,yearly,national,['estimated $ calculate_energy_and_activity()'],1,3689309250000.0,estimated $ calculate_energy_and_activity(),304375500000.0,single_datapoint,no_comment
15927,2012,21_VN,energy,2w,pj,road,passenger,ice,all,yearly,national,['estimated $ calculate_energy_and_activity()'],1,5302.851704121051,estimated $ calculate_energy_and_activity(),437.49602689655165,single_datapoint,no_comment
15928,2012,21_VN,new_vehicle_efficiency,2w,km_per_pj,road,passenger,ice,all,yearly,national,['avg_eff_no_outliers $ transport_data_system_9th'],1,7669072338.574219,avg_eff_no_outliers $ transport_data_system_9th,589928641.428786,single_datapoint,no_comment
15929,2012,21_VN,travel_km,2w,km,road,passenger,ice,all,yearly,national,['estimated $ calculate_energy_and_activity()'],1,3353917500000.0,estimated $ calculate_energy_and_activity(),276705000000.0,single_datapoint,no_comment
15930,2012,21_VN,turnover_rate,2w,%,road,passenger,ice,all,yearly,national,['manually_inputted_data $ guess'],1,0.39,manually_inputted_data $ guess,0.03,single_datapoint,no_comment
15931,2013,21_VN,activity,2w,passenger_km_or_freight_tonne_km,road,passenger,ice,all,yearly,national,['estimated $ calculate_energy_and_activity()'],1,3689309250000.0,estimated $ calculate_energy_and_activity(),318804750000.0,single_datapoint,no_comment
15932,2013,21_VN,energy,2w,pj,road,passenger,ice,all,yearly,national,['estimated $ calculate_energy_and_activity()'],1,5302.851704121051,estimated $ calculate_energy_and_activity(),458.23599954907155,single_datapoint,no_comment
15933,2013,21_VN,new_vehicle_efficiency,2w,km_per_pj,road,passenger,ice,all,yearly,national,['avg_eff_no_outliers $ transport_data_system_9th'],1,7669072338.574219,avg_eff_no_outliers $ transport_data_system_9th,589928641.428786,single_datapoint,no_comment
15934,2013,21_VN,travel_km,2w,km,road,passenger,ice,all,yearly,national,['estimated $ calculate_energy_and_activity()'],1,3353917500000.0,estimated $ calculate_energy_and_activity(),289822500000.0,single_datapoint,no_comment
15935,2013,21_VN,turnover_rate,2w,%,road,passenger,ice,all,yearly,national,['manually_inputted_data $ guess'],1,0.39,manually_inputted_data $ guess,0.03,single_datapoint,no_comment
15936,2014,21_VN,activity,2w,passenger_km_or_freight_tonne_km,road,passenger,ice,all,yearly,national,['estimated $ calculate_energy_and_activity()'],1,3689309250000.0,estimated $ calculate_energy_and_activity(),339875250000.0,single_datapoint,no_comment
15937,2014,21_VN,energy,2w,pj,road,passenger,ice,all,yearly,national,['estimated $ calculate_energy_and_activity()'],1,5302.851704121051,estimated $ calculate_energy_and_activity(),488.52181438871463,single_datapoint,no_comment
15938,2014,21_VN,new_vehicle_efficiency,2w,km_per_pj,road,passenger,ice,all,yearly,national,['avg_eff_no_outliers $ transport_data_system_9th'],1,7669072338.574219,avg_eff_no_outliers $ transport_data_system_9th,589928641.428786,single_datapoint,no_comment
15939,2014,21_VN,travel_km,2w,km,road,passenger,ice,all,yearly,national,['estimated $ calculate_energy_and_activity()'],1,3353917500000.0,estimated $ calculate_energy_and_activity(),308977500000.0,single_datapoint,no_comment
15940,2014,21_VN,turnover_rate,2w,%,road,passenger,ice,all,yearly,national,['manually_inputted_data $ guess'],1,0.39,manually_inputted_data $ guess,0.03,single_datapoint,no_comment
15941,2015,21_VN,activity,2w,passenger_km_or_freight_tonne_km,road,passenger,ice,all,yearly,national,['estimated $ calculate_energy_and_activity()'],1,3689309250000.0,estimated $ calculate_energy_and_activity(),364056000000.0,single_datapoint,no_comment
15942,2015,21_VN,energy,2w,pj,road,passenger,ice,all,yearly,national,['estimated $ calculate_energy_and_activity()'],1,5302.851704121051,estimated $ calculate_energy_and_activity(),523.278166501085,single_datapoint,no_comment
15943,2015,21_VN,new_vehicle_efficiency,2w,km_per_pj,road,passenger,ice,all,yearly,national,['avg_eff_no_outliers $ transport_data_system_9th'],1,7669072338.574219,avg_eff_no_outliers $ transport_data_system_9th,589928641.428786,single_datapoint,no_comment
15944,2015,21_VN,travel_km,2w,km,road,passenger,ice,all,yearly,national,['estimated $ calculate_energy_and_activity()'],1,3353917500000.0,estimated $ calculate_energy_and_activity(),330960000000.0,single_datapoint,no_comment
15945,2015,21_VN,turnover_rate,2w,%,road,passenger,ice,all,yearly,national,['manually_inputted_data $ guess'],1,0.39,manually_inputted_data $ guess,0.03,single_datapoint,no_comment
15946,2016,21_VN,activity,2w,passenger_km_or_freight_tonne_km,road,passenger,ice,all,yearly,national,['estimated $ calculate_energy_and_activity()'],1,3689309250000.0,estimated $ calculate_energy_and_activity(),388830750000.00006,single_datapoint,no_comment
15947,2016,21_VN,energy,2w,pj,road,passenger,ice,all,yearly,national,['estimated $ calculate_energy_and_activity()'],1,5302.851704121051,estimated $ calculate_energy_and_activity(),558.8883082252229,single_datapoint,no_comment
15948,2016,21_VN,new_vehicle_efficiency,2w,km_per_pj,road,passenger,ice,all,yearly,national,['avg_eff_no_outliers $ transport_data_system_9th'],1,7669072338.574219,avg_eff_no_outliers $ transport_data_system_9th,589928641.428786,single_datapoint,no_comment
15949,2016,21_VN,travel_km,2w,km,road,passenger,ice,all,yearly,national,['estimated $ calculate_energy_and_activity()'],1,3353917500000.0,estimated $ calculate_energy_and_activity(),353482500000.0,single_datapoint,no_comment
15950,2016,21_VN,turnover_rate,2w,%,road,passenger,ice,all,yearly,national,['manually_inputted_data $ guess'],1,0.39,manually_inputted_data $ guess,0.03,single_datapoint,no_comment
15951,2017,21_VN,activity,2w,passenger_km_or_freight_tonne_km,road,passenger,ice,all,yearly,national,['estimated $ calculate_energy_and_activity()'],1,3689309250000.0,estimated $ calculate_energy_and_activity(),446019750000.00006,single_datapoint,no_comment
15952,2017,21_VN,energy,2w,pj,road,passenger,ice,all,yearly,national,['estimated $ calculate_energy_and_activity()'],1,5302.851704121051,estimated $ calculate_energy_and_activity(),641.0892747359536,single_datapoint,no_comment
15953,2017,21_VN,new_vehicle_efficiency,2w,km_per_pj,road,passenger,ice,all,yearly,national,['avg_eff_no_outliers $ transport_data_system_9th'],1,7669072338.574219,avg_eff_no_outliers $ transport_data_system_9th,589928641.428786,single_datapoint,no_comment
15954,2017,21_VN,travel_km,2w,km,road,passenger,ice,all,yearly,national,['estimated $ calculate_energy_and_activity()'],1,3353917500000.0,estimated $ calculate_energy_and_activity(),405472500000.0,single_datapoint,no_comment
15955,2017,21_VN,turnover_rate,2w,%,road,passenger,ice,all,yearly,national,['manually_inputted_data $ guess'],1,0.39,manually_inputted_data $ guess,0.03,single_datapoint,no_comment
15956,2018,21_VN,activity,2w,passenger_km_or_freight_tonne_km,road,passenger,ice,all,yearly,national,['estimated $ calculate_energy_and_activity()'],1,3689309250000.0,estimated $ calculate_energy_and_activity(),479894250000.00006,single_datapoint,no_comment
15957,2018,21_VN,energy,2w,pj,road,passenger,ice,all,yearly,national,['estimated $ calculate_energy_and_activity()'],1,5302.851704121051,estimated $ calculate_energy_and_activity(),689.7789989848081,single_datapoint,no_comment
15958,2018,21_VN,new_vehicle_efficiency,2w,km_per_pj,road,passenger,ice,all,yearly,national,['avg_eff_no_outliers $ transport_data_system_9th'],1,7669072338.574219,avg_eff_no_outliers $ transport_data_system_9th,589928641.428786,single_datapoint,no_comment
15959,2018,21_VN,travel_km,2w,km,road,passenger,ice,all,yearly,national,['estimated $ calculate_energy_and_activity()'],1,3353917500000.0,estimated $ calculate_energy_and_activity(),436267500000.0,single_datapoint,no_comment
15960,2018,21_VN,turnover_rate,2w,%,road,passenger,ice,all,yearly,national,['manually_inputted_data $ guess'],1,0.39,manually_inputted_data $ guess,0.03,single_datapoint,no_comment
15961,2019,21_VN,activity,2w,passenger_km_or_freight_tonne_km,road,passenger,ice,all,yearly,national,['estimated $ calculate_energy_and_activity()'],1,3689309250000.0,estimated $ calculate_energy_and_activity(),511788750000.00006,single_datapoint,no_comment
15962,2019,21_VN,energy,2w,pj,road,passenger,ice,all,yearly,national,['estimated $ calculate_energy_and_activity()'],1,5302.851704121051,estimated $ calculate_energy_and_activity(),735.6227578611042,single_datapoint,no_comment
15963,2019,21_VN,new_vehicle_efficiency,2w,km_per_pj,road,passenger,ice,all,yearly,national,['avg_eff_no_outliers $ transport_data_system_9th'],1,7669072338.574219,avg_eff_no_outliers $ transport_data_system_9th,589928641.428786,single_datapoint,no_comment
15964,2019,21_VN,travel_km,2w,km,road,passenger,ice,all,yearly,national,['estimated $ calculate_energy_and_activity()'],1,3353917500000.0,estimated $ calculate_energy_and_activity(),465262500000.0,single_datapoint,no_comment
15965,2019,21_VN,turnover_rate,2w,%,road,passenger,ice,all,yearly,national,['manually_inputted_data $ guess'],1,0.39,manually_inputted_data $ guess,0.03,single_datapoint,no_comment
15966,2020,21_VN,new_vehicle_efficiency,2w,km_per_pj,road,passenger,ice,all,yearly,national,['avg_eff_no_outliers $ transport_data_system_9th'],1,7669072338.574219,avg_eff_no_outliers $ transport_data_system_9th,589928641.428786,single_datapoint,no_comment
15967,2020,21_VN,turnover_rate,2w,%,road,passenger,ice,all,yearly,national,['manually_inputted_data $ guess'],1,0.39,manually_inputted_data $ guess,0.03,single_datapoint,no_comment
15968,2021,21_VN,new_vehicle_efficiency,2w,km_per_pj,road,passenger,ice,all,yearly,national,['avg_eff_no_outliers $ transport_data_system_9th'],1,7669072338.574219,avg_eff_no_outliers $ transport_data_system_9th,589928641.428786,single_datapoint,no_comment
15969,2021,21_VN,turnover_rate,2w,%,road,passenger,ice,all,yearly,national,['manually_inputted_data $ guess'],1,0.39,manually_inputted_data $ guess,0.03,single_datapoint,no_comment
15970,2022,21_VN,new_vehicle_efficiency,2w,km_per_pj,road,passenger,ice,all,yearly,national,['avg_eff_no_outliers $ transport_data_system_9th'],1,7669072338.574219,avg_eff_no_outliers $ transport_data_system_9th,589928641.428786,single_datapoint,no_comment
15971,2022,21_VN,turnover_rate,2w,%,road,passenger,ice,all,yearly,national,['manually_inputted_data $ guess'],1,0.39,manually_inputted_data $ guess,0.03,single_datapoint,no_comment
15972,2010,21_VN,intensity,all,pj_per_passenger_or_freight_tonne_km,air,freight,all,all,yearly,national,['manually_inputted_data $ energy-intensity-of-passenger-transport-modes-2018'],1,4.0300000000000004e-08,manually_inputted_data $ energy-intensity-of-passenger-transport-modes-2018,3.1e-09,single_datapoint,assumed_to_be_same_as_passenger_air_because_of_lack_of_data
15973,2010,21_VN,intensity,all,pj_per_passenger_or_freight_tonne_km,rail,freight,all,all,yearly,national,['manually_inputted_data $ iea_howtocalculatetheindicatorsforthetransportsectors.pdf'],1,2.86e-09,manually_inputted_data $ iea_howtocalculatetheindicatorsforthetransportsectors.pdf,2.2e-10,single_datapoint,from_how_to_calculate_the_indicators_for_the_transport_sector
15974,2010,21_VN,intensity,all,pj_per_passenger_or_freight_tonne_km,ship,freight,all,all,yearly,national,['manually_inputted_data $ iea_howtocalculatetheindicatorsforthetransportsectors.pdf'],1,7.02e-09,manually_inputted_data $ iea_howtocalculatetheindicatorsforthetransportsectors.pdf,5.4e-10,single_datapoint,from_how_to_calculate_the_indicators_for_the_transport_sector
15975,2010,21_VN,intensity,all,pj_per_passenger_or_freight_tonne_km,air,passenger,all,all,yearly,national,['manually_inputted_data $ energy-intensity-of-passenger-transport-modes-2018'],1,4.0300000000000004e-08,manually_inputted_data $ energy-intensity-of-passenger-transport-modes-2018,3.1e-09,single_datapoint,no_comment
15976,2010,21_VN,intensity,all,pj_per_passenger_or_freight_tonne_km,rail,passenger,all,all,yearly,national,['manually_inputted_data $ energy-intensity-of-passenger-transport-modes-2018'],1,2.6e-09,manually_inputted_data $ energy-intensity-of-passenger-transport-modes-2018,2e-10,single_datapoint,no_comment
15977,2010,21_VN,intensity,all,pj_per_passenger_or_freight_tonne_km,ship,passenger,all,all,yearly,national,['manually_inputted_data $ iea_howtocalculatetheindicatorsforthetransportsectors.pdf'],1,7.02e-09,manually_inputted_data $ iea_howtocalculatetheindicatorsforthetransportsectors.pdf,5.4e-10,single_datapoint,assumed_to_be_the_same_as_ship_freight_from_iea_how_to
15978,2011,21_VN,intensity,all,pj_per_passenger_or_freight_tonne_km,air,freight,all,all,yearly,national,['manually_inputted_data $ energy-intensity-of-passenger-transport-modes-2018'],1,4.0300000000000004e-08,manually_inputted_data $ energy-intensity-of-passenger-transport-modes-2018,3.1e-09,single_datapoint,assumed_to_be_same_as_passenger_air_because_of_lack_of_data
15979,2011,21_VN,intensity,all,pj_per_passenger_or_freight_tonne_km,rail,freight,all,all,yearly,national,['manually_inputted_data $ iea_howtocalculatetheindicatorsforthetransportsectors.pdf'],1,2.86e-09,manually_inputted_data $ iea_howtocalculatetheindicatorsforthetransportsectors.pdf,2.2e-10,single_datapoint,from_how_to_calculate_the_indicators_for_the_transport_sector
15980,2011,21_VN,intensity,all,pj_per_passenger_or_freight_tonne_km,ship,freight,all,all,yearly,national,['manually_inputted_data $ iea_howtocalculatetheindicatorsforthetransportsectors.pdf'],1,7.02e-09,manually_inputted_data $ iea_howtocalculatetheindicatorsforthetransportsectors.pdf,5.4e-10,single_datapoint,from_how_to_calculate_the_indicators_for_the_transport_sector
15981,2011,21_VN,intensity,all,pj_per_passenger_or_freight_tonne_km,air,passenger,all,all,yearly,national,['manually_inputted_data $ energy-intensity-of-passenger-transport-modes-2018'],1,4.0300000000000004e-08,manually_inputted_data $ energy-intensity-of-passenger-transport-modes-2018,3.1e-09,single_datapoint,no_comment
15982,2011,21_VN,intensity,all,pj_per_passenger_or_freight_tonne_km,rail,passenger,all,all,yearly,national,['manually_inputted_data $ energy-intensity-of-passenger-transport-modes-2018'],1,2.6e-09,manually_inputted_data $ energy-intensity-of-passenger-transport-modes-2018,2e-10,single_datapoint,no_comment
15983,2011,21_VN,intensity,all,pj_per_passenger_or_freight_tonne_km,ship,passenger,all,all,yearly,national,['manually_inputted_data $ iea_howtocalculatetheindicatorsforthetransportsectors.pdf'],1,7.02e-09,manually_inputted_data $ iea_howtocalculatetheindicatorsforthetransportsectors.pdf,5.4e-10,single_datapoint,assumed_to_be_the_same_as_ship_freight_from_iea_how_to
15984,2012,21_VN,intensity,all,pj_per_passenger_or_freight_tonne_km,air,freight,all,all,yearly,national,['manually_inputted_data $ energy-intensity-of-passenger-transport-modes-2018'],1,4.0300000000000004e-08,manually_inputted_data $ energy-intensity-of-passenger-transport-modes-2018,3.1e-09,single_datapoint,assumed_to_be_same_as_passenger_air_because_of_lack_of_data
15985,2012,21_VN,intensity,all,pj_per_passenger_or_freight_tonne_km,rail,freight,all,all,yearly,national,['manually_inputted_data $ iea_howtocalculatetheindicatorsforthetransportsectors.pdf'],1,2.86e-09,manually_inputted_data $ iea_howtocalculatetheindicatorsforthetransportsectors.pdf,2.2e-10,single_datapoint,from_how_to_calculate_the_indicators_for_the_transport_sector
15986,2012,21_VN,intensity,all,pj_per_passenger_or_freight_tonne_km,ship,freight,all,all,yearly,national,['manually_inputted_data $ iea_howtocalculatetheindicatorsforthetransportsectors.pdf'],1,7.02e-09,manually_inputted_data $ iea_howtocalculatetheindicatorsforthetransportsectors.pdf,5.4e-10,single_datapoint,from_how_to_calculate_the_indicators_for_the_transport_sector
15987,2012,21_VN,intensity,all,pj_per_passenger_or_freight_tonne_km,air,passenger,all,all,yearly,national,['manually_inputted_data $ energy-intensity-of-passenger-transport-modes-2018'],1,4.0300000000000004e-08,manually_inputted_data $ energy-intensity-of-passenger-transport-modes-2018,3.1e-09,single_datapoint,no_comment
15988,2012,21_VN,intensity,all,pj_per_passenger_or_freight_tonne_km,rail,passenger,all,all,yearly,national,['manually_inputted_data $ energy-intensity-of-passenger-transport-modes-2018'],1,2.6e-09,manually_inputted_data $ energy-intensity-of-passenger-transport-modes-2018,2e-10,single_datapoint,no_comment
15989,2012,21_VN,intensity,all,pj_per_passenger_or_freight_tonne_km,ship,passenger,all,all,yearly,national,['manually_inputted_data $ iea_howtocalculatetheindicatorsforthetransportsectors.pdf'],1,7.02e-09,manually_inputted_data $ iea_howtocalculatetheindicatorsforthetransportsectors.pdf,5.4e-10,single_datapoint,assumed_to_be_the_same_as_ship_freight_from_iea_how_to
15990,2013,21_VN,intensity,all,pj_per_passenger_or_freight_tonne_km,air,freight,all,all,yearly,national,['manually_inputted_data $ energy-intensity-of-passenger-transport-modes-2018'],1,4.0300000000000004e-08,manually_inputted_data $ energy-intensity-of-passenger-transport-modes-2018,3.1e-09,single_datapoint,assumed_to_be_same_as_passenger_air_because_of_lack_of_data
15991,2013,21_VN,intensity,all,pj_per_passenger_or_freight_tonne_km,rail,freight,all,all,yearly,national,['manually_inputted_data $ iea_howtocalculatetheindicatorsforthetransportsectors.pdf'],1,2.86e-09,manually_inputted_data $ iea_howtocalculatetheindicatorsforthetransportsectors.pdf,2.2e-10,single_datapoint,from_how_to_calculate_the_indicators_for_the_transport_sector
15992,2013,21_VN,intensity,all,pj_per_passenger_or_freight_tonne_km,ship,freight,all,all,yearly,national,['manually_inputted_data $ iea_howtocalculatetheindicatorsforthetransportsectors.pdf'],1,7.02e-09,manually_inputted_data $ iea_howtocalculatetheindicatorsforthetransportsectors.pdf,5.4e-10,single_datapoint,from_how_to_calculate_the_indicators_for_the_transport_sector
15993,2013,21_VN,intensity,all,pj_per_passenger_or_freight_tonne_km,air,passenger,all,all,yearly,national,['manually_inputted_data $ energy-intensity-of-passenger-transport-modes-2018'],1,4.0300000000000004e-08,manually_inputted_data $ energy-intensity-of-passenger-transport-modes-2018,3.1e-09,single_datapoint,no_comment
15994,2013,21_VN,intensity,all,pj_per_passenger_or_freight_tonne_km,rail,passenger,all,all,yearly,national,['manually_inputted_data $ energy-intensity-of-passenger-transport-modes-2018'],1,2.6e-09,manually_inputted_data $ energy-intensity-of-passenger-transport-modes-2018,2e-10,single_datapoint,no_comment
15995,2013,21_VN,intensity,all,pj_per_passenger_or_freight_tonne_km,ship,passenger,all,all,yearly,national,['manually_inputted_data $ iea_howtocalculatetheindicatorsforthetransportsectors.pdf'],1,7.02e-09,manually_inputted_data $ iea_howtocalculatetheindicatorsforthetransportsectors.pdf,5.4e-10,single_datapoint,assumed_to_be_the_same_as_ship_freight_from_iea_how_to
15996,2014,21_VN,intensity,all,pj_per_passenger_or_freight_tonne_km,air,freight,all,all,yearly,national,['manually_inputted_data $ energy-intensity-of-passenger-transport-modes-2018'],1,4.0300000000000004e-08,manually_inputted_data $ energy-intensity-of-passenger-transport-modes-2018,3.1e-09,single_datapoint,assumed_to_be_same_as_passenger_air_because_of_lack_of_data
15997,2014,21_VN,intensity,all,pj_per_passenger_or_freight_tonne_km,rail,freight,all,all,yearly,national,['manually_inputted_data $ iea_howtocalculatetheindicatorsforthetransportsectors.pdf'],1,2.86e-09,manually_inputted_data $ iea_howtocalculatetheindicatorsforthetransportsectors.pdf,2.2e-10,single_datapoint,from_how_to_calculate_the_indicators_for_the_transport_sector
15998,2014,21_VN,intensity,all,pj_per_passenger_or_freight_tonne_km,ship,freight,all,all,yearly,national,['manually_inputted_data $ iea_howtocalculatetheindicatorsforthetransportsectors.pdf'],1,7.02e-09,manually_inputted_data $ iea_howtocalculatetheindicatorsforthetransportsectors.pdf,5.4e-10,single_datapoint,from_how_to_calculate_the_indicators_for_the_transport_sector
15999,2014,21_VN,intensity,all,pj_per_passenger_or_freight_tonne_km,air,passenger,all,all,yearly,national,['manually_inputted_data $ energy-intensity-of-passenger-transport-modes-2018'],1,4.0300000000000004e-08,manually_inputted_data $ energy-intensity-of-passenger-transport-modes-2018,3.1e-09,single_datapoint,no_comment
16000,2014,21_VN,intensity,all,pj_per_passenger_or_freight_tonne_km,rail,passenger,all,all,yearly,national,['manually_inputted_data $ energy-intensity-of-passenger-transport-modes-2018'],1,2.6e-09,manually_inputted_data $ energy-intensity-of-passenger-transport-modes-2018,2e-10,single_datapoint,no_comment
16001,2014,21_VN,intensity,all,pj_per_passenger_or_freight_tonne_km,ship,passenger,all,all,yearly,national,['manually_inputted_data $ iea_howtocalculatetheindicatorsforthetransportsectors.pdf'],1,7.02e-09,manually_inputted_data $ iea_howtocalculatetheindicatorsforthetransportsectors.pdf,5.4e-10,single_datapoint,assumed_to_be_the_same_as_ship_freight_from_iea_how_to
16002,2015,21_VN,intensity,all,pj_per_passenger_or_freight_tonne_km,air,freight,all,all,yearly,national,['manually_inputted_data $ energy-intensity-of-passenger-transport-modes-2018'],1,4.0300000000000004e-08,manually_inputted_data $ energy-intensity-of-passenger-transport-modes-2018,3.1e-09,single_datapoint,assumed_to_be_same_as_passenger_air_because_of_lack_of_data
16003,2015,21_VN,intensity,all,pj_per_passenger_or_freight_tonne_km,rail,freight,all,all,yearly,national,['manually_inputted_data $ iea_howtocalculatetheindicatorsforthetransportsectors.pdf'],1,2.86e-09,manually_inputted_data $ iea_howtocalculatetheindicatorsforthetransportsectors.pdf,2.2e-10,single_datapoint,from_how_to_calculate_the_indicators_for_the_transport_sector
16004,2015,21_VN,intensity,all,pj_per_passenger_or_freight_tonne_km,ship,freight,all,all,yearly,national,['manually_inputted_data $ iea_howtocalculatetheindicatorsforthetransportsectors.pdf'],1,7.02e-09,manually_inputted_data $ iea_howtocalculatetheindicatorsforthetransportsectors.pdf,5.4e-10,single_datapoint,from_how_to_calculate_the_indicators_for_the_transport_sector
16005,2015,21_VN,intensity,all,pj_per_passenger_or_freight_tonne_km,air,passenger,all,all,yearly,national,['manually_inputted_data $ energy-intensity-of-passenger-transport-modes-2018'],1,4.0300000000000004e-08,manually_inputted_data $ energy-intensity-of-passenger-transport-modes-2018,3.1e-09,single_datapoint,no_comment
16006,2015,21_VN,intensity,all,pj_per_passenger_or_freight_tonne_km,rail,passenger,all,all,yearly,national,['manually_inputted_data $ energy-intensity-of-passenger-transport-modes-2018'],1,2.6e-09,manually_inputted_data $ energy-intensity-of-passenger-transport-modes-2018,2e-10,single_datapoint,no_comment
16007,2015,21_VN,intensity,all,pj_per_passenger_or_freight_tonne_km,ship,passenger,all,all,yearly,national,['manually_inputted_data $ iea_howtocalculatetheindicatorsforthetransportsectors.pdf'],1,7.02e-09,manually_inputted_data $ iea_howtocalculatetheindicatorsforthetransportsectors.pdf,5.4e-10,single_datapoint,assumed_to_be_the_same_as_ship_freight_from_iea_how_to
16008,2016,21_VN,intensity,all,pj_per_passenger_or_freight_tonne_km,air,freight,all,all,yearly,national,['manually_inputted_data $ energy-intensity-of-passenger-transport-modes-2018'],1,4.0300000000000004e-08,manually_inputted_data $ energy-intensity-of-passenger-transport-modes-2018,3.1e-09,single_datapoint,assumed_to_be_same_as_passenger_air_because_of_lack_of_data
16009,2016,21_VN,intensity,all,pj_per_passenger_or_freight_tonne_km,rail,freight,all,all,yearly,national,['manually_inputted_data $ iea_howtocalculatetheindicatorsforthetransportsectors.pdf'],1,2.86e-09,manually_inputted_data $ iea_howtocalculatetheindicatorsforthetransportsectors.pdf,2.2e-10,single_datapoint,from_how_to_calculate_the_indicators_for_the_transport_sector
16010,2016,21_VN,intensity,all,pj_per_passenger_or_freight_tonne_km,ship,freight,all,all,yearly,national,['manually_inputted_data $ iea_howtocalculatetheindicatorsforthetransportsectors.pdf'],1,7.02e-09,manually_inputted_data $ iea_howtocalculatetheindicatorsforthetransportsectors.pdf,5.4e-10,single_datapoint,from_how_to_calculate_the_indicators_for_the_transport_sector
16011,2016,21_VN,intensity,all,pj_per_passenger_or_freight_tonne_km,air,passenger,all,all,yearly,national,['manually_inputted_data $ energy-intensity-of-passenger-transport-modes-2018'],1,4.0300000000000004e-08,manually_inputted_data $ energy-intensity-of-passenger-transport-modes-2018,3.1e-09,single_datapoint,no_comment
16012,2016,21_VN,intensity,all,pj_per_passenger_or_freight_tonne_km,rail,passenger,all,all,yearly,national,['manually_inputted_data $ energy-intensity-of-passenger-transport-modes-2018'],1,2.6e-09,manually_inputted_data $ energy-intensity-of-passenger-transport-modes-2018,2e-10,single_datapoint,no_comment
16013,2016,21_VN,intensity,all,pj_per_passenger_or_freight_tonne_km,ship,passenger,all,all,yearly,national,['manually_inputted_data $ iea_howtocalculatetheindicatorsforthetransportsectors.pdf'],1,7.02e-09,manually_inputted_data $ iea_howtocalculatetheindicatorsforthetransportsectors.pdf,5.4e-10,single_datapoint,assumed_to_be_the_same_as_ship_freight_from_iea_how_to
16014,2017,21_VN,intensity,all,pj_per_passenger_or_freight_tonne_km,air,freight,all,all,yearly,national,['manually_inputted_data $ energy-intensity-of-passenger-transport-modes-2018'],1,4.0300000000000004e-08,manually_inputted_data $ energy-intensity-of-passenger-transport-modes-2018,3.1e-09,single_datapoint,assumed_to_be_same_as_passenger_air_because_of_lack_of_data
16015,2017,21_VN,intensity,all,pj_per_passenger_or_freight_tonne_km,rail,freight,all,all,yearly,national,['manually_inputted_data $ iea_howtocalculatetheindicatorsforthetransportsectors.pdf'],1,2.86e-09,manually_inputted_data $ iea_howtocalculatetheindicatorsforthetransportsectors.pdf,2.2e-10,single_datapoint,from_how_to_calculate_the_indicators_for_the_transport_sector
16016,2017,21_VN,intensity,all,pj_per_passenger_or_freight_tonne_km,ship,freight,all,all,yearly,national,['manually_inputted_data $ iea_howtocalculatetheindicatorsforthetransportsectors.pdf'],1,7.02e-09,manually_inputted_data $ iea_howtocalculatetheindicatorsforthetransportsectors.pdf,5.4e-10,single_datapoint,from_how_to_calculate_the_indicators_for_the_transport_sector
16017,2017,21_VN,intensity,all,pj_per_passenger_or_freight_tonne_km,air,passenger,all,all,yearly,national,['manually_inputted_data $ energy-intensity-of-passenger-transport-modes-2018'],1,4.0300000000000004e-08,manually_inputted_data $ energy-intensity-of-passenger-transport-modes-2018,3.1e-09,single_datapoint,no_comment
16018,2017,21_VN,intensity,all,pj_per_passenger_or_freight_tonne_km,rail,passenger,all,all,yearly,national,['manually_inputted_data $ energy-intensity-of-passenger-transport-modes-2018'],1,2.6e-09,manually_inputted_data $ energy-intensity-of-passenger-transport-modes-2018,2e-10,single_datapoint,no_comment
16019,2017,21_VN,intensity,all,pj_per_passenger_or_freight_tonne_km,ship,passenger,all,all,yearly,national,['manually_inputted_data $ iea_howtocalculatetheindicatorsforthetransportsectors.pdf'],1,7.02e-09,manually_inputted_data $ iea_howtocalculatetheindicatorsforthetransportsectors.pdf,5.4e-10,single_datapoint,assumed_to_be_the_same_as_ship_freight_from_iea_how_to
16020,2018,21_VN,intensity,all,pj_per_passenger_or_freight_tonne_km,air,freight,all,all,yearly,national,['manually_inputted_data $ energy-intensity-of-passenger-transport-modes-2018'],1,4.0300000000000004e-08,manually_inputted_data $ energy-intensity-of-passenger-transport-modes-2018,3.1e-09,single_datapoint,assumed_to_be_same_as_passenger_air_because_of_lack_of_data
16021,2018,21_VN,intensity,all,pj_per_passenger_or_freight_tonne_km,rail,freight,all,all,yearly,national,['manually_inputted_data $ iea_howtocalculatetheindicatorsforthetransportsectors.pdf'],1,2.86e-09,manually_inputted_data $ iea_howtocalculatetheindicatorsforthetransportsectors.pdf,2.2e-10,single_datapoint,from_how_to_calculate_the_indicators_for_the_transport_sector
16022,2018,21_VN,intensity,all,pj_per_passenger_or_freight_tonne_km,ship,freight,all,all,yearly,national,['manually_inputted_data $ iea_howtocalculatetheindicatorsforthetransportsectors.pdf'],1,7.02e-09,manually_inputted_data $ iea_howtocalculatetheindicatorsforthetransportsectors.pdf,5.4e-10,single_datapoint,from_how_to_calculate_the_indicators_for_the_transport_sector
16023,2018,21_VN,intensity,all,pj_per_passenger_or_freight_tonne_km,air,passenger,all,all,yearly,national,['manually_inputted_data $ energy-intensity-of-passenger-transport-modes-2018'],1,4.0300000000000004e-08,manually_inputted_data $ energy-intensity-of-passenger-transport-modes-2018,3.1e-09,single_datapoint,no_comment
16024,2018,21_VN,intensity,all,pj_per_passenger_or_freight_tonne_km,rail,passenger,all,all,yearly,national,['manually_inputted_data $ energy-intensity-of-passenger-transport-modes-2018'],1,2.6e-09,manually_inputted_data $ energy-intensity-of-passenger-transport-modes-2018,2e-10,single_datapoint,no_comment
16025,2018,21_VN,intensity,all,pj_per_passenger_or_freight_tonne_km,ship,passenger,all,all,yearly,national,['manually_inputted_data $ iea_howtocalculatetheindicatorsforthetransportsectors.pdf'],1,7.02e-09,manually_inputted_data $ iea_howtocalculatetheindicatorsforthetransportsectors.pdf,5.4e-10,single_datapoint,assumed_to_be_the_same_as_ship_freight_from_iea_how_to
16026,2019,21_VN,intensity,all,pj_per_passenger_or_freight_tonne_km,air,freight,all,all,yearly,national,['manually_inputted_data $ energy-intensity-of-passenger-transport-modes-2018'],1,4.0300000000000004e-08,manually_inputted_data $ energy-intensity-of-passenger-transport-modes-2018,3.1e-09,single_datapoint,assumed_to_be_same_as_passenger_air_because_of_lack_of_data
16027,2019,21_VN,intensity,all,pj_per_passenger_or_freight_tonne_km,rail,freight,all,all,yearly,national,['manually_inputted_data $ iea_howtocalculatetheindicatorsforthetransportsectors.pdf'],1,2.86e-09,manually_inputted_data $ iea_howtocalculatetheindicatorsforthetransportsectors.pdf,2.2e-10,single_datapoint,from_how_to_calculate_the_indicators_for_the_transport_sector
16028,2019,21_VN,intensity,all,pj_per_passenger_or_freight_tonne_km,ship,freight,all,all,yearly,national,['manually_inputted_data $ iea_howtocalculatetheindicatorsforthetransportsectors.pdf'],1,7.02e-09,manually_inputted_data $ iea_howtocalculatetheindicatorsforthetransportsectors.pdf,5.4e-10,single_datapoint,from_how_to_calculate_the_indicators_for_the_transport_sector
16029,2019,21_VN,intensity,all,pj_per_passenger_or_freight_tonne_km,air,passenger,all,all,yearly,national,['manually_inputted_data $ energy-intensity-of-passenger-transport-modes-2018'],1,4.0300000000000004e-08,manually_inputted_data $ energy-intensity-of-passenger-transport-modes-2018,3.1e-09,single_datapoint,no_comment
16030,2019,21_VN,intensity,all,pj_per_passenger_or_freight_tonne_km,rail,passenger,all,all,yearly,national,['manually_inputted_data $ energy-intensity-of-passenger-transport-modes-2018'],1,2.6e-09,manually_inputted_data $ energy-intensity-of-passenger-transport-modes-2018,2e-10,single_datapoint,no_comment
16031,2019,21_VN,intensity,all,pj_per_passenger_or_freight_tonne_km,ship,passenger,all,all,yearly,national,['manually_inputted_data $ iea_howtocalculatetheindicatorsforthetransportsectors.pdf'],1,7.02e-09,manually_inputted_data $ iea_howtocalculatetheindicatorsforthetransportsectors.pdf,5.4e-10,single_datapoint,assumed_to_be_the_same_as_ship_freight_from_iea_how_to
16032,2020,21_VN,intensity,all,pj_per_passenger_or_freight_tonne_km,air,freight,all,all,yearly,national,['manually_inputted_data $ energy-intensity-of-passenger-transport-modes-2018'],1,4.0300000000000004e-08,manually_inputted_data $ energy-intensity-of-passenger-transport-modes-2018,3.1e-09,single_datapoint,assumed_to_be_same_as_passenger_air_because_of_lack_of_data
16033,2020,21_VN,intensity,all,pj_per_passenger_or_freight_tonne_km,rail,freight,all,all,yearly,national,['manually_inputted_data $ iea_howtocalculatetheindicatorsforthetransportsectors.pdf'],1,2.86e-09,manually_inputted_data $ iea_howtocalculatetheindicatorsforthetransportsectors.pdf,2.2e-10,single_datapoint,from_how_to_calculate_the_indicators_for_the_transport_sector
16034,2020,21_VN,intensity,all,pj_per_passenger_or_freight_tonne_km,ship,freight,all,all,yearly,national,['manually_inputted_data $ iea_howtocalculatetheindicatorsforthetransportsectors.pdf'],1,7.02e-09,manually_inputted_data $ iea_howtocalculatetheindicatorsforthetransportsectors.pdf,5.4e-10,single_datapoint,from_how_to_calculate_the_indicators_for_the_transport_sector
16035,2020,21_VN,intensity,all,pj_per_passenger_or_freight_tonne_km,air,passenger,all,all,yearly,national,['manually_inputted_data $ energy-intensity-of-passenger-transport-modes-2018'],1,4.0300000000000004e-08,manually_inputted_data $ energy-intensity-of-passenger-transport-modes-2018,3.1e-09,single_datapoint,no_comment
16036,2020,21_VN,intensity,all,pj_per_passenger_or_freight_tonne_km,rail,passenger,all,all,yearly,national,['manually_inputted_data $ energy-intensity-of-passenger-transport-modes-2018'],1,2.6e-09,manually_inputted_data $ energy-intensity-of-passenger-transport-modes-2018,2e-10,single_datapoint,no_comment
16037,2020,21_VN,intensity,all,pj_per_passenger_or_freight_tonne_km,ship,passenger,all,all,yearly,national,['manually_inputted_data $ iea_howtocalculatetheindicatorsforthetransportsectors.pdf'],1,7.02e-09,manually_inputted_data $ iea_howtocalculatetheindicatorsforthetransportsectors.pdf,5.4e-10,single_datapoint,assumed_to_be_the_same_as_ship_freight_from_iea_how_to
16038,2021,21_VN,intensity,all,pj_per_passenger_or_freight_tonne_km,air,freight,all,all,yearly,national,['manually_inputted_data $ energy-intensity-of-passenger-transport-modes-2018'],1,4.0300000000000004e-08,manually_inputted_data $ energy-intensity-of-passenger-transport-modes-2018,3.1e-09,single_datapoint,assumed_to_be_same_as_passenger_air_because_of_lack_of_data
16039,2021,21_VN,intensity,all,pj_per_passenger_or_freight_tonne_km,rail,freight,all,all,yearly,national,['manually_inputted_data $ iea_howtocalculatetheindicatorsforthetransportsectors.pdf'],1,2.86e-09,manually_inputted_data $ iea_howtocalculatetheindicatorsforthetransportsectors.pdf,2.2e-10,single_datapoint,from_how_to_calculate_the_indicators_for_the_transport_sector
16040,2021,21_VN,intensity,all,pj_per_passenger_or_freight_tonne_km,ship,freight,all,all,yearly,national,['manually_inputted_data $ iea_howtocalculatetheindicatorsforthetransportsectors.pdf'],1,7.02e-09,manually_inputted_data $ iea_howtocalculatetheindicatorsforthetransportsectors.pdf,5.4e-10,single_datapoint,from_how_to_calculate_the_indicators_for_the_transport_sector
16041,2021,21_VN,intensity,all,pj_per_passenger_or_freight_tonne_km,air,passenger,all,all,yearly,national,['manually_inputted_data $ energy-intensity-of-passenger-transport-modes-2018'],1,4.0300000000000004e-08,manually_inputted_data $ energy-intensity-of-passenger-transport-modes-2018,3.1e-09,single_datapoint,no_comment
16042,2021,21_VN,intensity,all,pj_per_passenger_or_freight_tonne_km,rail,passenger,all,all,yearly,national,['manually_inputted_data $ energy-intensity-of-passenger-transport-modes-2018'],1,2.6e-09,manually_inputted_data $ energy-intensity-of-passenger-transport-modes-2018,2e-10,single_datapoint,no_comment
16043,2021,21_VN,intensity,all,pj_per_passenger_or_freight_tonne_km,ship,passenger,all,all,yearly,national,['manually_inputted_data $ iea_howtocalculatetheindicatorsforthetransportsectors.pdf'],1,7.02e-09,manually_inputted_data $ iea_howtocalculatetheindicatorsforthetransportsectors.pdf,5.4e-10,single_datapoint,assumed_to_be_the_same_as_ship_freight_from_iea_how_to
16044,2022,21_VN,intensity,all,pj_per_passenger_or_freight_tonne_km,air,freight,all,all,yearly,national,['manually_inputted_data $ energy-intensity-of-passenger-transport-modes-2018'],1,4.0300000000000004e-08,manually_inputted_data $ energy-intensity-of-passenger-transport-modes-2018,3.1e-09,single_datapoint,assumed_to_be_same_as_passenger_air_because_of_lack_of_data
16045,2022,21_VN,intensity,all,pj_per_passenger_or_freight_tonne_km,rail,freight,all,all,yearly,national,['manually_inputted_data $ iea_howtocalculatetheindicatorsforthetransportsectors.pdf'],1,2.86e-09,manually_inputted_data $ iea_howtocalculatetheindicatorsforthetransportsectors.pdf,2.2e-10,single_datapoint,from_how_to_calculate_the_indicators_for_the_transport_sector
16046,2022,21_VN,intensity,all,pj_per_passenger_or_freight_tonne_km,ship,freight,all,all,yearly,national,['manually_inputted_data $ iea_howtocalculatetheindicatorsforthetransportsectors.pdf'],1,7.02e-09,manually_inputted_data $ iea_howtocalculatetheindicatorsforthetransportsectors.pdf,5.4e-10,single_datapoint,from_how_to_calculate_the_indicators_for_the_transport_sector
16047,2022,21_VN,intensity,all,pj_per_passenger_or_freight_tonne_km,air,passenger,all,all,yearly,national,['manually_inputted_data $ energy-intensity-of-passenger-transport-modes-2018'],1,4.0300000000000004e-08,manually_inputted_data $ energy-intensity-of-passenger-transport-modes-2018,3.1e-09,single_datapoint,no_comment
16048,2022,21_VN,intensity,all,pj_per_passenger_or_freight_tonne_km,rail,passenger,all,all,yearly,national,['manually_inputted_data $ energy-intensity-of-passenger-transport-modes-2018'],1,2.6e-09,manually_inputted_data $ energy-intensity-of-passenger-transport-modes-2018,2e-10,single_datapoint,no_comment
16049,2022,21_VN,intensity,all,pj_per_passenger_or_freight_tonne_km,ship,passenger,all,all,yearly,national,['manually_inputted_data $ iea_howtocalculatetheindicatorsforthetransportsectors.pdf'],1,7.02e-09,manually_inputted_data $ iea_howtocalculatetheindicatorsforthetransportsectors.pdf,5.4e-10,single_datapoint,assumed_to_be_the_same_as_ship_freight_from_iea_how_to
16050,2010,21_VN,new_vehicle_efficiency,bus,km_per_pj,road,passenger,bev,all,yearly,national,['avg_eff_no_outliers $ transport_data_system_9th'],1,1058314235.1561403,avg_eff_no_outliers $ transport_data_system_9th,81408787.3197031,single_datapoint,no_comment
16051,2010,21_VN,turnover_rate,bus,%,road,passenger,bev,all,yearly,national,['manually_inputted_data $ guess'],1,0.42,manually_inputted_data $ guess,0.03,manual,no_comment
16052,2011,21_VN,new_vehicle_efficiency,bus,km_per_pj,road,passenger,bev,all,yearly,national,['avg_eff_no_outliers $ transport_data_system_9th'],1,1058314235.1561403,avg_eff_no_outliers $ transport_data_system_9th,81408787.3197031,single_datapoint,no_comment
16053,2011,21_VN,turnover_rate,bus,%,road,passenger,bev,all,yearly,national,['manually_inputted_data $ guess'],1,0.42,manually_inputted_data $ guess,0.03,manual,no_comment
16054,2012,21_VN,new_vehicle_efficiency,bus,km_per_pj,road,passenger,bev,all,yearly,national,['avg_eff_no_outliers $ transport_data_system_9th'],1,1058314235.1561403,avg_eff_no_outliers $ transport_data_system_9th,81408787.3197031,single_datapoint,no_comment
16055,2012,21_VN,turnover_rate,bus,%,road,passenger,bev,all,yearly,national,['manually_inputted_data $ guess'],1,0.42,manually_inputted_data $ guess,0.03,manual,no_comment
16056,2013,21_VN,new_vehicle_efficiency,bus,km_per_pj,road,passenger,bev,all,yearly,national,['avg_eff_no_outliers $ transport_data_system_9th'],1,1058314235.1561403,avg_eff_no_outliers $ transport_data_system_9th,81408787.3197031,single_datapoint,no_comment
16057,2013,21_VN,turnover_rate,bus,%,road,passenger,bev,all,yearly,national,['manually_inputted_data $ guess'],1,0.42,manually_inputted_data $ guess,0.03,manual,no_comment
16058,2014,21_VN,new_vehicle_efficiency,bus,km_per_pj,road,passenger,bev,all,yearly,national,['avg_eff_no_outliers $ transport_data_system_9th'],1,1058314235.1561403,avg_eff_no_outliers $ transport_data_system_9th,81408787.3197031,single_datapoint,no_comment
16059,2014,21_VN,turnover_rate,bus,%,road,passenger,bev,all,yearly,national,['manually_inputted_data $ guess'],1,0.42,manually_inputted_data $ guess,0.03,manual,no_comment
16060,2015,21_VN,new_vehicle_efficiency,bus,km_per_pj,road,passenger,bev,all,yearly,national,['avg_eff_no_outliers $ transport_data_system_9th'],1,1058314235.1561403,avg_eff_no_outliers $ transport_data_system_9th,81408787.3197031,single_datapoint,no_comment
16061,2015,21_VN,turnover_rate,bus,%,road,passenger,bev,all,yearly,national,['manually_inputted_data $ guess'],1,0.42,manually_inputted_data $ guess,0.03,manual,no_comment
16062,2016,21_VN,new_vehicle_efficiency,bus,km_per_pj,road,passenger,bev,all,yearly,national,['avg_eff_no_outliers $ transport_data_system_9th'],1,1058314235.1561403,avg_eff_no_outliers $ transport_data_system_9th,81408787.3197031,single_datapoint,no_comment
16063,2016,21_VN,turnover_rate,bus,%,road,passenger,bev,all,yearly,national,['manually_inputted_data $ guess'],1,0.42,manually_inputted_data $ guess,0.03,manual,no_comment
16064,2017,21_VN,new_vehicle_efficiency,bus,km_per_pj,road,passenger,bev,all,yearly,national,['avg_eff_no_outliers $ transport_data_system_9th'],1,1058314235.1561403,avg_eff_no_outliers $ transport_data_system_9th,81408787.3197031,single_datapoint,no_comment
16065,2017,21_VN,turnover_rate,bus,%,road,passenger,bev,all,yearly,national,"['manually_inputted_data $ guess', 'turnover_rate_est']",2,0.42,manually_inputted_data $ guess,0.03,manual,no_comment
16066,2018,21_VN,new_vehicle_efficiency,bus,km_per_pj,road,passenger,bev,all,yearly,national,['avg_eff_no_outliers $ transport_data_system_9th'],1,1058314235.1561403,avg_eff_no_outliers $ transport_data_system_9th,81408787.3197031,single_datapoint,no_comment
16067,2018,21_VN,turnover_rate,bus,%,road,passenger,bev,all,yearly,national,['manually_inputted_data $ guess'],1,0.42,manually_inputted_data $ guess,0.03,manual,no_comment
16068,2019,21_VN,new_vehicle_efficiency,bus,km_per_pj,road,passenger,bev,all,yearly,national,['avg_eff_no_outliers $ transport_data_system_9th'],1,1058314235.1561403,avg_eff_no_outliers $ transport_data_system_9th,81408787.3197031,single_datapoint,no_comment
16069,2019,21_VN,turnover_rate,bus,%,road,passenger,bev,all,yearly,national,['manually_inputted_data $ guess'],1,0.42,manually_inputted_data $ guess,0.03,manual,no_comment
16070,2020,21_VN,new_vehicle_efficiency,bus,km_per_pj,road,passenger,bev,all,yearly,national,['avg_eff_no_outliers $ transport_data_system_9th'],1,1058314235.1561403,avg_eff_no_outliers $ transport_data_system_9th,81408787.3197031,single_datapoint,no_comment
16071,2020,21_VN,turnover_rate,bus,%,road,passenger,bev,all,yearly,national,['manually_inputted_data $ guess'],1,0.42,manually_inputted_data $ guess,0.03,manual,no_comment
16072,2021,21_VN,new_vehicle_efficiency,bus,km_per_pj,road,passenger,bev,all,yearly,national,['avg_eff_no_outliers $ transport_data_system_9th'],1,1058314235.1561403,avg_eff_no_outliers $ transport_data_system_9th,81408787.3197031,single_datapoint,no_comment
16073,2021,21_VN,turnover_rate,bus,%,road,passenger,bev,all,yearly,national,['manually_inputted_data $ guess'],1,0.42,manually_inputted_data $ guess,0.03,manual,no_comment
16074,2022,21_VN,new_vehicle_efficiency,bus,km_per_pj,road,passenger,bev,all,yearly,national,['avg_eff_no_outliers $ transport_data_system_9th'],1,1058314235.1561403,avg_eff_no_outliers $ transport_data_system_9th,81408787.3197031,single_datapoint,no_comment
16075,2022,21_VN,turnover_rate,bus,%,road,passenger,bev,all,yearly,national,['manually_inputted_data $ guess'],1,0.42,manually_inputted_data $ guess,0.03,manual,no_comment
16076,2010,21_VN,new_vehicle_efficiency,bus,km_per_pj,road,passenger,cng,all,yearly,national,['avg_eff_no_outliers $ transport_data_system_9th'],1,1813839119.6717222,avg_eff_no_outliers $ transport_data_system_9th,139526086.128594,single_datapoint,no_comment
16077,2010,21_VN,turnover_rate,bus,%,road,passenger,cng,all,yearly,national,['manually_inputted_data $ guess'],1,0.42,manually_inputted_data $ guess,0.03,manual,no_comment
16078,2011,21_VN,new_vehicle_efficiency,bus,km_per_pj,road,passenger,cng,all,yearly,national,['avg_eff_no_outliers $ transport_data_system_9th'],1,1813839119.6717222,avg_eff_no_outliers $ transport_data_system_9th,139526086.128594,single_datapoint,no_comment
16079,2011,21_VN,turnover_rate,bus,%,road,passenger,cng,all,yearly,national,['manually_inputted_data $ guess'],1,0.42,manually_inputted_data $ guess,0.03,manual,no_comment
16080,2012,21_VN,new_vehicle_efficiency,bus,km_per_pj,road,passenger,cng,all,yearly,national,['avg_eff_no_outliers $ transport_data_system_9th'],1,1813839119.6717222,avg_eff_no_outliers $ transport_data_system_9th,139526086.128594,single_datapoint,no_comment
16081,2012,21_VN,turnover_rate,bus,%,road,passenger,cng,all,yearly,national,['manually_inputted_data $ guess'],1,0.42,manually_inputted_data $ guess,0.03,manual,no_comment
16082,2013,21_VN,new_vehicle_efficiency,bus,km_per_pj,road,passenger,cng,all,yearly,national,['avg_eff_no_outliers $ transport_data_system_9th'],1,1813839119.6717222,avg_eff_no_outliers $ transport_data_system_9th,139526086.128594,single_datapoint,no_comment
16083,2013,21_VN,turnover_rate,bus,%,road,passenger,cng,all,yearly,national,['manually_inputted_data $ guess'],1,0.42,manually_inputted_data $ guess,0.03,manual,no_comment
16084,2014,21_VN,new_vehicle_efficiency,bus,km_per_pj,road,passenger,cng,all,yearly,national,['avg_eff_no_outliers $ transport_data_system_9th'],1,1813839119.6717222,avg_eff_no_outliers $ transport_data_system_9th,139526086.128594,single_datapoint,no_comment
16085,2014,21_VN,turnover_rate,bus,%,road,passenger,cng,all,yearly,national,['manually_inputted_data $ guess'],1,0.42,manually_inputted_data $ guess,0.03,manual,no_comment
16086,2015,21_VN,new_vehicle_efficiency,bus,km_per_pj,road,passenger,cng,all,yearly,national,['avg_eff_no_outliers $ transport_data_system_9th'],1,1813839119.6717222,avg_eff_no_outliers $ transport_data_system_9th,139526086.128594,single_datapoint,no_comment
16087,2015,21_VN,turnover_rate,bus,%,road,passenger,cng,all,yearly,national,['manually_inputted_data $ guess'],1,0.42,manually_inputted_data $ guess,0.03,manual,no_comment
16088,2016,21_VN,new_vehicle_efficiency,bus,km_per_pj,road,passenger,cng,all,yearly,national,['avg_eff_no_outliers $ transport_data_system_9th'],1,1813839119.6717222,avg_eff_no_outliers $ transport_data_system_9th,139526086.128594,single_datapoint,no_comment
16089,2016,21_VN,turnover_rate,bus,%,road,passenger,cng,all,yearly,national,['manually_inputted_data $ guess'],1,0.42,manually_inputted_data $ guess,0.03,manual,no_comment
16090,2017,21_VN,activity,bus,passenger_km_or_freight_tonne_km,road,passenger,cng,all,yearly,national,"['8th_edition_transport_model $ reference', 'estimated $ calculate_energy_and_activity()']",2,398454065.00000006,estimated $ calculate_energy_and_activity(),284625000.00000006,manual,no_comment
16091,2017,21_VN,energy,bus,pj,road,passenger,cng,all,yearly,national,"['8th_edition_transport_model $ reference', 'estimated $ calculate_energy_and_activity()']",2,2.1401480272258584,estimated $ calculate_energy_and_activity(),0.2549719649051214,manual,no_comment
16092,2017,21_VN,new_vehicle_efficiency,bus,km_per_pj,road,passenger,cng,all,yearly,national,['avg_eff_no_outliers $ transport_data_system_9th'],1,1813839119.6717222,avg_eff_no_outliers $ transport_data_system_9th,139526086.128594,single_datapoint,no_comment
16093,2017,21_VN,travel_km,bus,km,road,passenger,cng,all,yearly,national,['estimated $ calculate_energy_and_activity()'],1,18975000.000000004,estimated $ calculate_energy_and_activity(),18975000.000000004,single_datapoint,no_comment
16094,2017,21_VN,turnover_rate,bus,%,road,passenger,cng,all,yearly,national,"['manually_inputted_data $ guess', 'turnover_rate_est']",2,0.42,manually_inputted_data $ guess,0.03,manual,no_comment
16095,2018,21_VN,new_vehicle_efficiency,bus,km_per_pj,road,passenger,cng,all,yearly,national,['avg_eff_no_outliers $ transport_data_system_9th'],1,1813839119.6717222,avg_eff_no_outliers $ transport_data_system_9th,139526086.128594,single_datapoint,no_comment
16096,2018,21_VN,turnover_rate,bus,%,road,passenger,cng,all,yearly,national,['manually_inputted_data $ guess'],1,0.42,manually_inputted_data $ guess,0.03,manual,no_comment
16097,2019,21_VN,new_vehicle_efficiency,bus,km_per_pj,road,passenger,cng,all,yearly,national,['avg_eff_no_outliers $ transport_data_system_9th'],1,1813839119.6717222,avg_eff_no_outliers $ transport_data_system_9th,139526086.128594,single_datapoint,no_comment
16098,2019,21_VN,turnover_rate,bus,%,road,passenger,cng,all,yearly,national,['manually_inputted_data $ guess'],1,0.42,manually_inputted_data $ guess,0.03,manual,no_comment
16099,2020,21_VN,new_vehicle_efficiency,bus,km_per_pj,road,passenger,cng,all,yearly,national,['avg_eff_no_outliers $ transport_data_system_9th'],1,1813839119.6717222,avg_eff_no_outliers $ transport_data_system_9th,139526086.128594,single_datapoint,no_comment
16100,2020,21_VN,turnover_rate,bus,%,road,passenger,cng,all,yearly,national,['manually_inputted_data $ guess'],1,0.42,manually_inputted_data $ guess,0.03,manual,no_comment
16101,2021,21_VN,new_vehicle_efficiency,bus,km_per_pj,road,passenger,cng,all,yearly,national,['avg_eff_no_outliers $ transport_data_system_9th'],1,1813839119.6717222,avg_eff_no_outliers $ transport_data_system_9th,139526086.128594,single_datapoint,no_comment
16102,2021,21_VN,turnover_rate,bus,%,road,passenger,cng,all,yearly,national,['manually_inputted_data $ guess'],1,0.42,manually_inputted_data $ guess,0.03,manual,no_comment
16103,2022,21_VN,new_vehicle_efficiency,bus,km_per_pj,road,passenger,cng,all,yearly,national,['avg_eff_no_outliers $ transport_data_system_9th'],1,1813839119.6717222,avg_eff_no_outliers $ transport_data_system_9th,139526086.128594,single_datapoint,no_comment
16104,2022,21_VN,turnover_rate,bus,%,road,passenger,cng,all,yearly,national,['manually_inputted_data $ guess'],1,0.42,manually_inputted_data $ guess,0.03,manual,no_comment
16105,2017,21_VN,turnover_rate,bus,%,road,passenger,fcev,all,yearly,national,['turnover_rate_est'],1,0.03,turnover_rate_est,0.03,single_datapoint,no_comment
16106,2010,21_VN,activity,bus,passenger_km_or_freight_tonne_km,road,passenger,ice,all,yearly,national,['estimated $ calculate_energy_and_activity()'],1,1430887500000.0,estimated $ calculate_energy_and_activity(),110250000000.0,single_datapoint,no_comment
16107,2010,21_VN,energy,bus,pj,road,passenger,ice,all,yearly,national,['estimated $ calculate_energy_and_activity()'],1,1281.8136053866556,estimated $ calculate_energy_and_activity(),98.76384411344621,single_datapoint,no_comment
16108,2010,21_VN,new_vehicle_efficiency,bus,km_per_pj,road,passenger,ice,all,yearly,national,['avg_eff_no_outliers $ transport_data_system_9th'],1,910941040.8338033,avg_eff_no_outliers $ transport_data_system_9th,70072387.7564464,single_datapoint,no_comment
16109,2010,21_VN,travel_km,bus,km,road,passenger,ice,all,yearly,national,['estimated $ calculate_energy_and_activity()'],1,95392500000.0,estimated $ calculate_energy_and_activity(),7350000000.0,single_datapoint,no_comment
16110,2010,21_VN,turnover_rate,bus,%,road,passenger,ice,all,yearly,national,['manually_inputted_data $ guess'],1,0.39,manually_inputted_data $ guess,0.03,single_datapoint,no_comment
16111,2011,21_VN,activity,bus,passenger_km_or_freight_tonne_km,road,passenger,ice,all,yearly,national,['estimated $ calculate_energy_and_activity()'],1,1430887500000.0,estimated $ calculate_energy_and_activity(),115312500000.0,single_datapoint,no_comment
16112,2011,21_VN,energy,bus,pj,road,passenger,ice,all,yearly,national,['estimated $ calculate_energy_and_activity()'],1,1281.8136053866556,estimated $ calculate_energy_and_activity(),103.29891858804324,single_datapoint,no_comment
16113,2011,21_VN,new_vehicle_efficiency,bus,km_per_pj,road,passenger,ice,all,yearly,national,['avg_eff_no_outliers $ transport_data_system_9th'],1,910941040.8338033,avg_eff_no_outliers $ transport_data_system_9th,70072387.7564464,single_datapoint,no_comment
16114,2011,21_VN,travel_km,bus,km,road,passenger,ice,all,yearly,national,['estimated $ calculate_energy_and_activity()'],1,95392500000.0,estimated $ calculate_energy_and_activity(),7687500000.0,single_datapoint,no_comment
16115,2011,21_VN,turnover_rate,bus,%,road,passenger,ice,all,yearly,national,['manually_inputted_data $ guess'],1,0.39,manually_inputted_data $ guess,0.03,single_datapoint,no_comment
16116,2012,21_VN,activity,bus,passenger_km_or_freight_tonne_km,road,passenger,ice,all,yearly,national,['estimated $ calculate_energy_and_activity()'],1,1430887500000.0,estimated $ calculate_energy_and_activity(),120262500000.0,single_datapoint,no_comment
16117,2012,21_VN,energy,bus,pj,road,passenger,ice,all,yearly,national,['estimated $ calculate_energy_and_activity()'],1,1281.8136053866556,estimated $ calculate_energy_and_activity(),107.73321362987143,single_datapoint,no_comment
16118,2012,21_VN,new_vehicle_efficiency,bus,km_per_pj,road,passenger,ice,all,yearly,national,['avg_eff_no_outliers $ transport_data_system_9th'],1,910941040.8338033,avg_eff_no_outliers $ transport_data_system_9th,70072387.7564464,single_datapoint,no_comment
16119,2012,21_VN,travel_km,bus,km,road,passenger,ice,all,yearly,national,['estimated $ calculate_energy_and_activity()'],1,95392500000.0,estimated $ calculate_energy_and_activity(),8017500000.0,single_datapoint,no_comment
16120,2012,21_VN,turnover_rate,bus,%,road,passenger,ice,all,yearly,national,['manually_inputted_data $ guess'],1,0.39,manually_inputted_data $ guess,0.03,single_datapoint,no_comment
16121,2013,21_VN,activity,bus,passenger_km_or_freight_tonne_km,road,passenger,ice,all,yearly,national,['estimated $ calculate_energy_and_activity()'],1,1430887500000.0,estimated $ calculate_energy_and_activity(),124875000000.0,single_datapoint,no_comment
16122,2013,21_VN,energy,bus,pj,road,passenger,ice,all,yearly,national,['estimated $ calculate_energy_and_activity()'],1,1281.8136053866556,estimated $ calculate_energy_and_activity(),111.86517037339317,single_datapoint,no_comment
16123,2013,21_VN,new_vehicle_efficiency,bus,km_per_pj,road,passenger,ice,all,yearly,national,['avg_eff_no_outliers $ transport_data_system_9th'],1,910941040.8338033,avg_eff_no_outliers $ transport_data_system_9th,70072387.7564464,single_datapoint,no_comment
16124,2013,21_VN,travel_km,bus,km,road,passenger,ice,all,yearly,national,['estimated $ calculate_energy_and_activity()'],1,95392500000.0,estimated $ calculate_energy_and_activity(),8325000000.0,single_datapoint,no_comment
16125,2013,21_VN,turnover_rate,bus,%,road,passenger,ice,all,yearly,national,['manually_inputted_data $ guess'],1,0.39,manually_inputted_data $ guess,0.03,single_datapoint,no_comment
16126,2014,21_VN,activity,bus,passenger_km_or_freight_tonne_km,road,passenger,ice,all,yearly,national,['estimated $ calculate_energy_and_activity()'],1,1430887500000.0,estimated $ calculate_energy_and_activity(),126562500000.0,single_datapoint,no_comment
16127,2014,21_VN,energy,bus,pj,road,passenger,ice,all,yearly,national,['estimated $ calculate_energy_and_activity()'],1,1281.8136053866556,estimated $ calculate_energy_and_activity(),113.3768618649255,single_datapoint,no_comment
16128,2014,21_VN,new_vehicle_efficiency,bus,km_per_pj,road,passenger,ice,all,yearly,national,['avg_eff_no_outliers $ transport_data_system_9th'],1,910941040.8338033,avg_eff_no_outliers $ transport_data_system_9th,70072387.7564464,single_datapoint,no_comment
16129,2014,21_VN,travel_km,bus,km,road,passenger,ice,all,yearly,national,['estimated $ calculate_energy_and_activity()'],1,95392500000.0,estimated $ calculate_energy_and_activity(),8437500000.0,single_datapoint,no_comment
16130,2014,21_VN,turnover_rate,bus,%,road,passenger,ice,all,yearly,national,['manually_inputted_data $ guess'],1,0.39,manually_inputted_data $ guess,0.03,single_datapoint,no_comment
16131,2015,21_VN,activity,bus,passenger_km_or_freight_tonne_km,road,passenger,ice,all,yearly,national,['estimated $ calculate_energy_and_activity()'],1,1430887500000.0,estimated $ calculate_energy_and_activity(),133200000000.0,single_datapoint,no_comment
16132,2015,21_VN,energy,bus,pj,road,passenger,ice,all,yearly,national,['estimated $ calculate_energy_and_activity()'],1,1281.8136053866556,estimated $ calculate_energy_and_activity(),119.32284839828604,single_datapoint,no_comment
16133,2015,21_VN,new_vehicle_efficiency,bus,km_per_pj,road,passenger,ice,all,yearly,national,['avg_eff_no_outliers $ transport_data_system_9th'],1,910941040.8338033,avg_eff_no_outliers $ transport_data_system_9th,70072387.7564464,single_datapoint,no_comment
16134,2015,21_VN,travel_km,bus,km,road,passenger,ice,all,yearly,national,['estimated $ calculate_energy_and_activity()'],1,95392500000.0,estimated $ calculate_energy_and_activity(),8880000000.0,single_datapoint,no_comment
16135,2015,21_VN,turnover_rate,bus,%,road,passenger,ice,all,yearly,national,['manually_inputted_data $ guess'],1,0.39,manually_inputted_data $ guess,0.03,single_datapoint,no_comment
16136,2016,21_VN,activity,bus,passenger_km_or_freight_tonne_km,road,passenger,ice,all,yearly,national,['estimated $ calculate_energy_and_activity()'],1,1430887500000.0,estimated $ calculate_energy_and_activity(),153787500000.0,single_datapoint,no_comment
16137,2016,21_VN,energy,bus,pj,road,passenger,ice,all,yearly,national,['estimated $ calculate_energy_and_activity()'],1,1281.8136053866556,estimated $ calculate_energy_and_activity(),137.7654845949806,single_datapoint,no_comment
16138,2016,21_VN,new_vehicle_efficiency,bus,km_per_pj,road,passenger,ice,all,yearly,national,['avg_eff_no_outliers $ transport_data_system_9th'],1,910941040.8338033,avg_eff_no_outliers $ transport_data_system_9th,70072387.7564464,single_datapoint,no_comment
16139,2016,21_VN,travel_km,bus,km,road,passenger,ice,all,yearly,national,['estimated $ calculate_energy_and_activity()'],1,95392500000.0,estimated $ calculate_energy_and_activity(),10252500000.0,single_datapoint,no_comment
16140,2016,21_VN,turnover_rate,bus,%,road,passenger,ice,all,yearly,national,['manually_inputted_data $ guess'],1,0.39,manually_inputted_data $ guess,0.03,single_datapoint,no_comment
16141,2017,21_VN,activity,bus,passenger_km_or_freight_tonne_km,road,passenger,ice,all,yearly,national,['estimated $ calculate_energy_and_activity()'],1,1430887500000.0,estimated $ calculate_energy_and_activity(),173250000000.0,single_datapoint,no_comment
16142,2017,21_VN,energy,bus,pj,road,passenger,ice,all,yearly,national,['estimated $ calculate_energy_and_activity()'],1,1281.8136053866556,estimated $ calculate_energy_and_activity(),155.20032646398693,single_datapoint,no_comment
16143,2017,21_VN,new_vehicle_efficiency,bus,km_per_pj,road,passenger,ice,all,yearly,national,['avg_eff_no_outliers $ transport_data_system_9th'],1,910941040.8338033,avg_eff_no_outliers $ transport_data_system_9th,70072387.7564464,single_datapoint,no_comment
16144,2017,21_VN,travel_km,bus,km,road,passenger,ice,all,yearly,national,['estimated $ calculate_energy_and_activity()'],1,95392500000.0,estimated $ calculate_energy_and_activity(),11550000000.0,single_datapoint,no_comment
16145,2017,21_VN,turnover_rate,bus,%,road,passenger,ice,all,yearly,national,['manually_inputted_data $ guess'],1,0.39,manually_inputted_data $ guess,0.03,single_datapoint,no_comment
16146,2018,21_VN,activity,bus,passenger_km_or_freight_tonne_km,road,passenger,ice,all,yearly,national,['estimated $ calculate_energy_and_activity()'],1,1430887500000.0,estimated $ calculate_energy_and_activity(),181575000000.0,single_datapoint,no_comment
16147,2018,21_VN,energy,bus,pj,road,passenger,ice,all,yearly,national,['estimated $ calculate_energy_and_activity()'],1,1281.8136053866556,estimated $ calculate_energy_and_activity(),162.65800448887978,single_datapoint,no_comment
16148,2018,21_VN,new_vehicle_efficiency,bus,km_per_pj,road,passenger,ice,all,yearly,national,['avg_eff_no_outliers $ transport_data_system_9th'],1,910941040.8338033,avg_eff_no_outliers $ transport_data_system_9th,70072387.7564464,single_datapoint,no_comment
16149,2018,21_VN,travel_km,bus,km,road,passenger,ice,all,yearly,national,['estimated $ calculate_energy_and_activity()'],1,95392500000.0,estimated $ calculate_energy_and_activity(),12105000000.0,single_datapoint,no_comment
16150,2018,21_VN,turnover_rate,bus,%,road,passenger,ice,all,yearly,national,['manually_inputted_data $ guess'],1,0.39,manually_inputted_data $ guess,0.03,single_datapoint,no_comment
16151,2019,21_VN,activity,bus,passenger_km_or_freight_tonne_km,road,passenger,ice,all,yearly,national,['estimated $ calculate_energy_and_activity()'],1,1430887500000.0,estimated $ calculate_energy_and_activity(),191812500000.0,single_datapoint,no_comment
16152,2019,21_VN,energy,bus,pj,road,passenger,ice,all,yearly,national,['estimated $ calculate_energy_and_activity()'],1,1281.8136053866556,estimated $ calculate_energy_and_activity(),171.82893287084266,single_datapoint,no_comment
16153,2019,21_VN,new_vehicle_efficiency,bus,km_per_pj,road,passenger,ice,all,yearly,national,['avg_eff_no_outliers $ transport_data_system_9th'],1,910941040.8338033,avg_eff_no_outliers $ transport_data_system_9th,70072387.7564464,single_datapoint,no_comment
16154,2019,21_VN,travel_km,bus,km,road,passenger,ice,all,yearly,national,['estimated $ calculate_energy_and_activity()'],1,95392500000.0,estimated $ calculate_energy_and_activity(),12787500000.0,single_datapoint,no_comment
16155,2019,21_VN,turnover_rate,bus,%,road,passenger,ice,all,yearly,national,['manually_inputted_data $ guess'],1,0.39,manually_inputted_data $ guess,0.03,single_datapoint,no_comment
16156,2020,21_VN,new_vehicle_efficiency,bus,km_per_pj,road,passenger,ice,all,yearly,national,['avg_eff_no_outliers $ transport_data_system_9th'],1,910941040.8338033,avg_eff_no_outliers $ transport_data_system_9th,70072387.7564464,single_datapoint,no_comment
16157,2020,21_VN,turnover_rate,bus,%,road,passenger,ice,all,yearly,national,['manually_inputted_data $ guess'],1,0.39,manually_inputted_data $ guess,0.03,single_datapoint,no_comment
16158,2021,21_VN,new_vehicle_efficiency,bus,km_per_pj,road,passenger,ice,all,yearly,national,['avg_eff_no_outliers $ transport_data_system_9th'],1,910941040.8338033,avg_eff_no_outliers $ transport_data_system_9th,70072387.7564464,single_datapoint,no_comment
16159,2021,21_VN,turnover_rate,bus,%,road,passenger,ice,all,yearly,national,['manually_inputted_data $ guess'],1,0.39,manually_inputted_data $ guess,0.03,single_datapoint,no_comment
16160,2022,21_VN,new_vehicle_efficiency,bus,km_per_pj,road,passenger,ice,all,yearly,national,['avg_eff_no_outliers $ transport_data_system_9th'],1,910941040.8338033,avg_eff_no_outliers $ transport_data_system_9th,70072387.7564464,single_datapoint,no_comment
16161,2022,21_VN,turnover_rate,bus,%,road,passenger,ice,all,yearly,national,['manually_inputted_data $ guess'],1,0.39,manually_inputted_data $ guess,0.03,single_datapoint,no_comment
16162,2010,21_VN,new_vehicle_efficiency,bus,km_per_pj,road,passenger,lpg,all,yearly,national,['avg_eff_no_outliers $ transport_data_system_9th'],1,1295830676.4857378,avg_eff_no_outliers $ transport_data_system_9th,99679282.8065952,single_datapoint,no_comment
16163,2010,21_VN,turnover_rate,bus,%,road,passenger,lpg,all,yearly,national,['manually_inputted_data $ guess'],1,0.42,manually_inputted_data $ guess,0.03,manual,no_comment
16164,2011,21_VN,new_vehicle_efficiency,bus,km_per_pj,road,passenger,lpg,all,yearly,national,['avg_eff_no_outliers $ transport_data_system_9th'],1,1295830676.4857378,avg_eff_no_outliers $ transport_data_system_9th,99679282.8065952,single_datapoint,no_comment
16165,2011,21_VN,turnover_rate,bus,%,road,passenger,lpg,all,yearly,national,['manually_inputted_data $ guess'],1,0.42,manually_inputted_data $ guess,0.03,manual,no_comment
16166,2012,21_VN,new_vehicle_efficiency,bus,km_per_pj,road,passenger,lpg,all,yearly,national,['avg_eff_no_outliers $ transport_data_system_9th'],1,1295830676.4857378,avg_eff_no_outliers $ transport_data_system_9th,99679282.8065952,single_datapoint,no_comment
16167,2012,21_VN,turnover_rate,bus,%,road,passenger,lpg,all,yearly,national,['manually_inputted_data $ guess'],1,0.42,manually_inputted_data $ guess,0.03,manual,no_comment
16168,2013,21_VN,new_vehicle_efficiency,bus,km_per_pj,road,passenger,lpg,all,yearly,national,['avg_eff_no_outliers $ transport_data_system_9th'],1,1295830676.4857378,avg_eff_no_outliers $ transport_data_system_9th,99679282.8065952,single_datapoint,no_comment
16169,2013,21_VN,turnover_rate,bus,%,road,passenger,lpg,all,yearly,national,['manually_inputted_data $ guess'],1,0.42,manually_inputted_data $ guess,0.03,manual,no_comment
16170,2014,21_VN,new_vehicle_efficiency,bus,km_per_pj,road,passenger,lpg,all,yearly,national,['avg_eff_no_outliers $ transport_data_system_9th'],1,1295830676.4857378,avg_eff_no_outliers $ transport_data_system_9th,99679282.8065952,single_datapoint,no_comment
16171,2014,21_VN,turnover_rate,bus,%,road,passenger,lpg,all,yearly,national,['manually_inputted_data $ guess'],1,0.42,manually_inputted_data $ guess,0.03,manual,no_comment
16172,2015,21_VN,new_vehicle_efficiency,bus,km_per_pj,road,passenger,lpg,all,yearly,national,['avg_eff_no_outliers $ transport_data_system_9th'],1,1295830676.4857378,avg_eff_no_outliers $ transport_data_system_9th,99679282.8065952,single_datapoint,no_comment
16173,2015,21_VN,turnover_rate,bus,%,road,passenger,lpg,all,yearly,national,['manually_inputted_data $ guess'],1,0.42,manually_inputted_data $ guess,0.03,manual,no_comment
16174,2016,21_VN,new_vehicle_efficiency,bus,km_per_pj,road,passenger,lpg,all,yearly,national,['avg_eff_no_outliers $ transport_data_system_9th'],1,1295830676.4857378,avg_eff_no_outliers $ transport_data_system_9th,99679282.8065952,single_datapoint,no_comment
16175,2016,21_VN,turnover_rate,bus,%,road,passenger,lpg,all,yearly,national,['manually_inputted_data $ guess'],1,0.42,manually_inputted_data $ guess,0.03,manual,no_comment
16176,2017,21_VN,activity,bus,passenger_km_or_freight_tonne_km,road,passenger,lpg,all,yearly,national,"['8th_edition_transport_model $ reference', 'estimated $ calculate_energy_and_activity()']",2,398454065.00000006,estimated $ calculate_energy_and_activity(),284625000.00000006,manual,no_comment
16177,2017,21_VN,energy,bus,pj,road,passenger,lpg,all,yearly,national,"['8th_edition_transport_model $ reference', 'estimated $ calculate_energy_and_activity()']",2,0.3492079496191302,8th_edition_transport_model $ reference,0.0942359847140088,manual,no_comment
16178,2017,21_VN,new_vehicle_efficiency,bus,km_per_pj,road,passenger,lpg,all,yearly,national,['avg_eff_no_outliers $ transport_data_system_9th'],1,1295830676.4857378,avg_eff_no_outliers $ transport_data_system_9th,99679282.8065952,single_datapoint,no_comment
16179,2017,21_VN,travel_km,bus,km,road,passenger,lpg,all,yearly,national,['estimated $ calculate_energy_and_activity()'],1,18975000.000000004,estimated $ calculate_energy_and_activity(),18975000.000000004,single_datapoint,no_comment
16180,2017,21_VN,turnover_rate,bus,%,road,passenger,lpg,all,yearly,national,"['manually_inputted_data $ guess', 'turnover_rate_est']",2,0.42,manually_inputted_data $ guess,0.03,manual,no_comment
16181,2018,21_VN,new_vehicle_efficiency,bus,km_per_pj,road,passenger,lpg,all,yearly,national,['avg_eff_no_outliers $ transport_data_system_9th'],1,1295830676.4857378,avg_eff_no_outliers $ transport_data_system_9th,99679282.8065952,single_datapoint,no_comment
16182,2018,21_VN,turnover_rate,bus,%,road,passenger,lpg,all,yearly,national,['manually_inputted_data $ guess'],1,0.42,manually_inputted_data $ guess,0.03,manual,no_comment
16183,2019,21_VN,new_vehicle_efficiency,bus,km_per_pj,road,passenger,lpg,all,yearly,national,['avg_eff_no_outliers $ transport_data_system_9th'],1,1295830676.4857378,avg_eff_no_outliers $ transport_data_system_9th,99679282.8065952,single_datapoint,no_comment
16184,2019,21_VN,turnover_rate,bus,%,road,passenger,lpg,all,yearly,national,['manually_inputted_data $ guess'],1,0.42,manually_inputted_data $ guess,0.03,manual,no_comment
16185,2020,21_VN,new_vehicle_efficiency,bus,km_per_pj,road,passenger,lpg,all,yearly,national,['avg_eff_no_outliers $ transport_data_system_9th'],1,1295830676.4857378,avg_eff_no_outliers $ transport_data_system_9th,99679282.8065952,single_datapoint,no_comment
16186,2020,21_VN,turnover_rate,bus,%,road,passenger,lpg,all,yearly,national,['manually_inputted_data $ guess'],1,0.42,manually_inputted_data $ guess,0.03,manual,no_comment
16187,2021,21_VN,new_vehicle_efficiency,bus,km_per_pj,road,passenger,lpg,all,yearly,national,['avg_eff_no_outliers $ transport_data_system_9th'],1,1295830676.4857378,avg_eff_no_outliers $ transport_data_system_9th,99679282.8065952,single_datapoint,no_comment
16188,2021,21_VN,turnover_rate,bus,%,road,passenger,lpg,all,yearly,national,['manually_inputted_data $ guess'],1,0.42,manually_inputted_data $ guess,0.03,manual,no_comment
16189,2022,21_VN,new_vehicle_efficiency,bus,km_per_pj,road,passenger,lpg,all,yearly,national,['avg_eff_no_outliers $ transport_data_system_9th'],1,1295830676.4857378,avg_eff_no_outliers $ transport_data_system_9th,99679282.8065952,single_datapoint,no_comment
16190,2022,21_VN,turnover_rate,bus,%,road,passenger,lpg,all,yearly,national,['manually_inputted_data $ guess'],1,0.42,manually_inputted_data $ guess,0.03,manual,no_comment
16191,2010,21_VN,new_vehicle_efficiency,bus,km_per_pj,road,passenger,phev,all,yearly,national,['avg_eff_no_outliers $ transport_data_system_9th'],1,1472018422.278209,avg_eff_no_outliers $ transport_data_system_9th,113232186.329093,single_datapoint,no_comment
16192,2010,21_VN,turnover_rate,bus,%,road,passenger,phev,all,yearly,national,['manually_inputted_data $ guess'],1,0.39,manually_inputted_data $ guess,0.03,single_datapoint,no_comment
16193,2011,21_VN,new_vehicle_efficiency,bus,km_per_pj,road,passenger,phev,all,yearly,national,['avg_eff_no_outliers $ transport_data_system_9th'],1,1472018422.278209,avg_eff_no_outliers $ transport_data_system_9th,113232186.329093,single_datapoint,no_comment
16194,2011,21_VN,turnover_rate,bus,%,road,passenger,phev,all,yearly,national,['manually_inputted_data $ guess'],1,0.39,manually_inputted_data $ guess,0.03,single_datapoint,no_comment
16195,2012,21_VN,new_vehicle_efficiency,bus,km_per_pj,road,passenger,phev,all,yearly,national,['avg_eff_no_outliers $ transport_data_system_9th'],1,1472018422.278209,avg_eff_no_outliers $ transport_data_system_9th,113232186.329093,single_datapoint,no_comment
16196,2012,21_VN,turnover_rate,bus,%,road,passenger,phev,all,yearly,national,['manually_inputted_data $ guess'],1,0.39,manually_inputted_data $ guess,0.03,single_datapoint,no_comment
16197,2013,21_VN,new_vehicle_efficiency,bus,km_per_pj,road,passenger,phev,all,yearly,national,['avg_eff_no_outliers $ transport_data_system_9th'],1,1472018422.278209,avg_eff_no_outliers $ transport_data_system_9th,113232186.329093,single_datapoint,no_comment
16198,2013,21_VN,turnover_rate,bus,%,road,passenger,phev,all,yearly,national,['manually_inputted_data $ guess'],1,0.39,manually_inputted_data $ guess,0.03,single_datapoint,no_comment
16199,2014,21_VN,new_vehicle_efficiency,bus,km_per_pj,road,passenger,phev,all,yearly,national,['avg_eff_no_outliers $ transport_data_system_9th'],1,1472018422.278209,avg_eff_no_outliers $ transport_data_system_9th,113232186.329093,single_datapoint,no_comment
16200,2014,21_VN,turnover_rate,bus,%,road,passenger,phev,all,yearly,national,['manually_inputted_data $ guess'],1,0.39,manually_inputted_data $ guess,0.03,single_datapoint,no_comment
16201,2015,21_VN,new_vehicle_efficiency,bus,km_per_pj,road,passenger,phev,all,yearly,national,['avg_eff_no_outliers $ transport_data_system_9th'],1,1472018422.278209,avg_eff_no_outliers $ transport_data_system_9th,113232186.329093,single_datapoint,no_comment
16202,2015,21_VN,turnover_rate,bus,%,road,passenger,phev,all,yearly,national,['manually_inputted_data $ guess'],1,0.39,manually_inputted_data $ guess,0.03,single_datapoint,no_comment
16203,2016,21_VN,new_vehicle_efficiency,bus,km_per_pj,road,passenger,phev,all,yearly,national,['avg_eff_no_outliers $ transport_data_system_9th'],1,1472018422.278209,avg_eff_no_outliers $ transport_data_system_9th,113232186.329093,single_datapoint,no_comment
16204,2016,21_VN,turnover_rate,bus,%,road,passenger,phev,all,yearly,national,['manually_inputted_data $ guess'],1,0.39,manually_inputted_data $ guess,0.03,single_datapoint,no_comment
16205,2017,21_VN,new_vehicle_efficiency,bus,km_per_pj,road,passenger,phev,all,yearly,national,['avg_eff_no_outliers $ transport_data_system_9th'],1,1472018422.278209,avg_eff_no_outliers $ transport_data_system_9th,113232186.329093,single_datapoint,no_comment
16206,2017,21_VN,turnover_rate,bus,%,road,passenger,phev,all,yearly,national,['manually_inputted_data $ guess'],1,0.39,manually_inputted_data $ guess,0.03,single_datapoint,no_comment
16207,2018,21_VN,new_vehicle_efficiency,bus,km_per_pj,road,passenger,phev,all,yearly,national,['avg_eff_no_outliers $ transport_data_system_9th'],1,1472018422.278209,avg_eff_no_outliers $ transport_data_system_9th,113232186.329093,single_datapoint,no_comment
16208,2018,21_VN,turnover_rate,bus,%,road,passenger,phev,all,yearly,national,['manually_inputted_data $ guess'],1,0.39,manually_inputted_data $ guess,0.03,single_datapoint,no_comment
16209,2019,21_VN,new_vehicle_efficiency,bus,km_per_pj,road,passenger,phev,all,yearly,national,['avg_eff_no_outliers $ transport_data_system_9th'],1,1472018422.278209,avg_eff_no_outliers $ transport_data_system_9th,113232186.329093,single_datapoint,no_comment
16210,2019,21_VN,turnover_rate,bus,%,road,passenger,phev,all,yearly,national,['manually_inputted_data $ guess'],1,0.39,manually_inputted_data $ guess,0.03,single_datapoint,no_comment
16211,2020,21_VN,new_vehicle_efficiency,bus,km_per_pj,road,passenger,phev,all,yearly,national,['avg_eff_no_outliers $ transport_data_system_9th'],1,1472018422.278209,avg_eff_no_outliers $ transport_data_system_9th,113232186.329093,single_datapoint,no_comment
16212,2020,21_VN,turnover_rate,bus,%,road,passenger,phev,all,yearly,national,['manually_inputted_data $ guess'],1,0.39,manually_inputted_data $ guess,0.03,single_datapoint,no_comment
16213,2021,21_VN,new_vehicle_efficiency,bus,km_per_pj,road,passenger,phev,all,yearly,national,['avg_eff_no_outliers $ transport_data_system_9th'],1,1472018422.278209,avg_eff_no_outliers $ transport_data_system_9th,113232186.329093,single_datapoint,no_comment
16214,2021,21_VN,turnover_rate,bus,%,road,passenger,phev,all,yearly,national,['manually_inputted_data $ guess'],1,0.39,manually_inputted_data $ guess,0.03,single_datapoint,no_comment
16215,2022,21_VN,new_vehicle_efficiency,bus,km_per_pj,road,passenger,phev,all,yearly,national,['avg_eff_no_outliers $ transport_data_system_9th'],1,1472018422.278209,avg_eff_no_outliers $ transport_data_system_9th,113232186.329093,single_datapoint,no_comment
16216,2022,21_VN,turnover_rate,bus,%,road,passenger,phev,all,yearly,national,['manually_inputted_data $ guess'],1,0.39,manually_inputted_data $ guess,0.03,single_datapoint,no_comment
16217,2010,21_VN,new_vehicle_efficiency,ht,km_per_pj,road,freight,bev,all,yearly,national,['avg_eff_no_outliers $ transport_data_system_9th'],1,3249486640.872147,avg_eff_no_outliers $ transport_data_system_9th,249960510.836319,single_datapoint,no_comment
16218,2010,21_VN,turnover_rate,ht,%,road,freight,bev,all,yearly,national,['manually_inputted_data $ guess'],1,0.42,manually_inputted_data $ guess,0.03,manual,no_comment
16219,2011,21_VN,new_vehicle_efficiency,ht,km_per_pj,road,freight,bev,all,yearly,national,['avg_eff_no_outliers $ transport_data_system_9th'],1,3249486640.872147,avg_eff_no_outliers $ transport_data_system_9th,249960510.836319,single_datapoint,no_comment
16220,2011,21_VN,turnover_rate,ht,%,road,freight,bev,all,yearly,national,['manually_inputted_data $ guess'],1,0.42,manually_inputted_data $ guess,0.03,manual,no_comment
16221,2012,21_VN,new_vehicle_efficiency,ht,km_per_pj,road,freight,bev,all,yearly,national,['avg_eff_no_outliers $ transport_data_system_9th'],1,3249486640.872147,avg_eff_no_outliers $ transport_data_system_9th,249960510.836319,single_datapoint,no_comment
16222,2012,21_VN,turnover_rate,ht,%,road,freight,bev,all,yearly,national,['manually_inputted_data $ guess'],1,0.42,manually_inputted_data $ guess,0.03,manual,no_comment
16223,2013,21_VN,new_vehicle_efficiency,ht,km_per_pj,road,freight,bev,all,yearly,national,['avg_eff_no_outliers $ transport_data_system_9th'],1,3249486640.872147,avg_eff_no_outliers $ transport_data_system_9th,249960510.836319,single_datapoint,no_comment
16224,2013,21_VN,turnover_rate,ht,%,road,freight,bev,all,yearly,national,['manually_inputted_data $ guess'],1,0.42,manually_inputted_data $ guess,0.03,manual,no_comment
16225,2014,21_VN,new_vehicle_efficiency,ht,km_per_pj,road,freight,bev,all,yearly,national,['avg_eff_no_outliers $ transport_data_system_9th'],1,3249486640.872147,avg_eff_no_outliers $ transport_data_system_9th,249960510.836319,single_datapoint,no_comment
16226,2014,21_VN,turnover_rate,ht,%,road,freight,bev,all,yearly,national,['manually_inputted_data $ guess'],1,0.42,manually_inputted_data $ guess,0.03,manual,no_comment
16227,2015,21_VN,new_vehicle_efficiency,ht,km_per_pj,road,freight,bev,all,yearly,national,['avg_eff_no_outliers $ transport_data_system_9th'],1,3249486640.872147,avg_eff_no_outliers $ transport_data_system_9th,249960510.836319,single_datapoint,no_comment
16228,2015,21_VN,turnover_rate,ht,%,road,freight,bev,all,yearly,national,['manually_inputted_data $ guess'],1,0.42,manually_inputted_data $ guess,0.03,manual,no_comment
16229,2016,21_VN,new_vehicle_efficiency,ht,km_per_pj,road,freight,bev,all,yearly,national,['avg_eff_no_outliers $ transport_data_system_9th'],1,3249486640.872147,avg_eff_no_outliers $ transport_data_system_9th,249960510.836319,single_datapoint,no_comment
16230,2016,21_VN,turnover_rate,ht,%,road,freight,bev,all,yearly,national,['manually_inputted_data $ guess'],1,0.42,manually_inputted_data $ guess,0.03,manual,no_comment
16231,2017,21_VN,new_vehicle_efficiency,ht,km_per_pj,road,freight,bev,all,yearly,national,['avg_eff_no_outliers $ transport_data_system_9th'],1,3249486640.872147,avg_eff_no_outliers $ transport_data_system_9th,249960510.836319,single_datapoint,no_comment
16232,2017,21_VN,turnover_rate,ht,%,road,freight,bev,all,yearly,national,"['manually_inputted_data $ guess', 'turnover_rate_est']",2,0.42,manually_inputted_data $ guess,0.03,manual,no_comment
16233,2018,21_VN,new_vehicle_efficiency,ht,km_per_pj,road,freight,bev,all,yearly,national,['avg_eff_no_outliers $ transport_data_system_9th'],1,3249486640.872147,avg_eff_no_outliers $ transport_data_system_9th,249960510.836319,single_datapoint,no_comment
16234,2018,21_VN,turnover_rate,ht,%,road,freight,bev,all,yearly,national,['manually_inputted_data $ guess'],1,0.42,manually_inputted_data $ guess,0.03,manual,no_comment
16235,2019,21_VN,new_vehicle_efficiency,ht,km_per_pj,road,freight,bev,all,yearly,national,['avg_eff_no_outliers $ transport_data_system_9th'],1,3249486640.872147,avg_eff_no_outliers $ transport_data_system_9th,249960510.836319,single_datapoint,no_comment
16236,2019,21_VN,turnover_rate,ht,%,road,freight,bev,all,yearly,national,['manually_inputted_data $ guess'],1,0.42,manually_inputted_data $ guess,0.03,manual,no_comment
16237,2020,21_VN,new_vehicle_efficiency,ht,km_per_pj,road,freight,bev,all,yearly,national,['avg_eff_no_outliers $ transport_data_system_9th'],1,3249486640.872147,avg_eff_no_outliers $ transport_data_system_9th,249960510.836319,single_datapoint,no_comment
16238,2020,21_VN,turnover_rate,ht,%,road,freight,bev,all,yearly,national,['manually_inputted_data $ guess'],1,0.42,manually_inputted_data $ guess,0.03,manual,no_comment
16239,2021,21_VN,new_vehicle_efficiency,ht,km_per_pj,road,freight,bev,all,yearly,national,['avg_eff_no_outliers $ transport_data_system_9th'],1,3249486640.872147,avg_eff_no_outliers $ transport_data_system_9th,249960510.836319,single_datapoint,no_comment
16240,2021,21_VN,turnover_rate,ht,%,road,freight,bev,all,yearly,national,['manually_inputted_data $ guess'],1,0.42,manually_inputted_data $ guess,0.03,manual,no_comment
16241,2022,21_VN,new_vehicle_efficiency,ht,km_per_pj,road,freight,bev,all,yearly,national,['avg_eff_no_outliers $ transport_data_system_9th'],1,3249486640.872147,avg_eff_no_outliers $ transport_data_system_9th,249960510.836319,single_datapoint,no_comment
16242,2022,21_VN,turnover_rate,ht,%,road,freight,bev,all,yearly,national,['manually_inputted_data $ guess'],1,0.42,manually_inputted_data $ guess,0.03,manual,no_comment
16243,2010,21_VN,new_vehicle_efficiency,ht,km_per_pj,road,freight,cng,all,yearly,national,['avg_eff_no_outliers $ transport_data_system_9th'],1,1775178058.548531,avg_eff_no_outliers $ transport_data_system_9th,136552158.349887,single_datapoint,no_comment
16244,2010,21_VN,turnover_rate,ht,%,road,freight,cng,all,yearly,national,['manually_inputted_data $ guess'],1,0.42,manually_inputted_data $ guess,0.03,manual,no_comment
16245,2011,21_VN,new_vehicle_efficiency,ht,km_per_pj,road,freight,cng,all,yearly,national,['avg_eff_no_outliers $ transport_data_system_9th'],1,1775178058.548531,avg_eff_no_outliers $ transport_data_system_9th,136552158.349887,single_datapoint,no_comment
16246,2011,21_VN,turnover_rate,ht,%,road,freight,cng,all,yearly,national,['manually_inputted_data $ guess'],1,0.42,manually_inputted_data $ guess,0.03,manual,no_comment
16247,2012,21_VN,new_vehicle_efficiency,ht,km_per_pj,road,freight,cng,all,yearly,national,['avg_eff_no_outliers $ transport_data_system_9th'],1,1775178058.548531,avg_eff_no_outliers $ transport_data_system_9th,136552158.349887,single_datapoint,no_comment
16248,2012,21_VN,turnover_rate,ht,%,road,freight,cng,all,yearly,national,['manually_inputted_data $ guess'],1,0.42,manually_inputted_data $ guess,0.03,manual,no_comment
16249,2013,21_VN,new_vehicle_efficiency,ht,km_per_pj,road,freight,cng,all,yearly,national,['avg_eff_no_outliers $ transport_data_system_9th'],1,1775178058.548531,avg_eff_no_outliers $ transport_data_system_9th,136552158.349887,single_datapoint,no_comment
16250,2013,21_VN,turnover_rate,ht,%,road,freight,cng,all,yearly,national,['manually_inputted_data $ guess'],1,0.42,manually_inputted_data $ guess,0.03,manual,no_comment
16251,2014,21_VN,new_vehicle_efficiency,ht,km_per_pj,road,freight,cng,all,yearly,national,['avg_eff_no_outliers $ transport_data_system_9th'],1,1775178058.548531,avg_eff_no_outliers $ transport_data_system_9th,136552158.349887,single_datapoint,no_comment
16252,2014,21_VN,turnover_rate,ht,%,road,freight,cng,all,yearly,national,['manually_inputted_data $ guess'],1,0.42,manually_inputted_data $ guess,0.03,manual,no_comment
16253,2015,21_VN,new_vehicle_efficiency,ht,km_per_pj,road,freight,cng,all,yearly,national,['avg_eff_no_outliers $ transport_data_system_9th'],1,1775178058.548531,avg_eff_no_outliers $ transport_data_system_9th,136552158.349887,single_datapoint,no_comment
16254,2015,21_VN,turnover_rate,ht,%,road,freight,cng,all,yearly,national,['manually_inputted_data $ guess'],1,0.42,manually_inputted_data $ guess,0.03,manual,no_comment
16255,2016,21_VN,new_vehicle_efficiency,ht,km_per_pj,road,freight,cng,all,yearly,national,['avg_eff_no_outliers $ transport_data_system_9th'],1,1775178058.548531,avg_eff_no_outliers $ transport_data_system_9th,136552158.349887,single_datapoint,no_comment
16256,2016,21_VN,turnover_rate,ht,%,road,freight,cng,all,yearly,national,['manually_inputted_data $ guess'],1,0.42,manually_inputted_data $ guess,0.03,manual,no_comment
16257,2017,21_VN,new_vehicle_efficiency,ht,km_per_pj,road,freight,cng,all,yearly,national,['avg_eff_no_outliers $ transport_data_system_9th'],1,1775178058.548531,avg_eff_no_outliers $ transport_data_system_9th,136552158.349887,single_datapoint,no_comment
16258,2017,21_VN,turnover_rate,ht,%,road,freight,cng,all,yearly,national,"['manually_inputted_data $ guess', 'turnover_rate_est']",2,0.42,manually_inputted_data $ guess,0.03,manual,no_comment
16259,2018,21_VN,new_vehicle_efficiency,ht,km_per_pj,road,freight,cng,all,yearly,national,['avg_eff_no_outliers $ transport_data_system_9th'],1,1775178058.548531,avg_eff_no_outliers $ transport_data_system_9th,136552158.349887,single_datapoint,no_comment
16260,2018,21_VN,turnover_rate,ht,%,road,freight,cng,all,yearly,national,['manually_inputted_data $ guess'],1,0.42,manually_inputted_data $ guess,0.03,manual,no_comment
16261,2019,21_VN,new_vehicle_efficiency,ht,km_per_pj,road,freight,cng,all,yearly,national,['avg_eff_no_outliers $ transport_data_system_9th'],1,1775178058.548531,avg_eff_no_outliers $ transport_data_system_9th,136552158.349887,single_datapoint,no_comment
16262,2019,21_VN,turnover_rate,ht,%,road,freight,cng,all,yearly,national,['manually_inputted_data $ guess'],1,0.42,manually_inputted_data $ guess,0.03,manual,no_comment
16263,2020,21_VN,new_vehicle_efficiency,ht,km_per_pj,road,freight,cng,all,yearly,national,['avg_eff_no_outliers $ transport_data_system_9th'],1,1775178058.548531,avg_eff_no_outliers $ transport_data_system_9th,136552158.349887,single_datapoint,no_comment
16264,2020,21_VN,turnover_rate,ht,%,road,freight,cng,all,yearly,national,['manually_inputted_data $ guess'],1,0.42,manually_inputted_data $ guess,0.03,manual,no_comment
16265,2021,21_VN,new_vehicle_efficiency,ht,km_per_pj,road,freight,cng,all,yearly,national,['avg_eff_no_outliers $ transport_data_system_9th'],1,1775178058.548531,avg_eff_no_outliers $ transport_data_system_9th,136552158.349887,single_datapoint,no_comment
16266,2021,21_VN,turnover_rate,ht,%,road,freight,cng,all,yearly,national,['manually_inputted_data $ guess'],1,0.42,manually_inputted_data $ guess,0.03,manual,no_comment
16267,2022,21_VN,new_vehicle_efficiency,ht,km_per_pj,road,freight,cng,all,yearly,national,['avg_eff_no_outliers $ transport_data_system_9th'],1,1775178058.548531,avg_eff_no_outliers $ transport_data_system_9th,136552158.349887,single_datapoint,no_comment
16268,2022,21_VN,turnover_rate,ht,%,road,freight,cng,all,yearly,national,['manually_inputted_data $ guess'],1,0.42,manually_inputted_data $ guess,0.03,manual,no_comment
16269,2017,21_VN,turnover_rate,ht,%,road,freight,fcev,all,yearly,national,['turnover_rate_est'],1,0.03,turnover_rate_est,0.03,single_datapoint,no_comment
16270,2010,21_VN,new_vehicle_efficiency,ht,km_per_pj,road,freight,ice,all,yearly,national,['avg_eff_no_outliers $ transport_data_system_9th'],1,1058551713.3301452,avg_eff_no_outliers $ transport_data_system_9th,81427054.87154964,single_datapoint,no_comment
16271,2010,21_VN,turnover_rate,ht,%,road,freight,ice,all,yearly,national,['manually_inputted_data $ guess'],1,0.39,manually_inputted_data $ guess,0.03,single_datapoint,no_comment
16272,2011,21_VN,new_vehicle_efficiency,ht,km_per_pj,road,freight,ice,all,yearly,national,['avg_eff_no_outliers $ transport_data_system_9th'],1,1058551713.3301452,avg_eff_no_outliers $ transport_data_system_9th,81427054.87154964,single_datapoint,no_comment
16273,2011,21_VN,turnover_rate,ht,%,road,freight,ice,all,yearly,national,['manually_inputted_data $ guess'],1,0.39,manually_inputted_data $ guess,0.03,single_datapoint,no_comment
16274,2012,21_VN,new_vehicle_efficiency,ht,km_per_pj,road,freight,ice,all,yearly,national,['avg_eff_no_outliers $ transport_data_system_9th'],1,1058551713.3301452,avg_eff_no_outliers $ transport_data_system_9th,81427054.87154964,single_datapoint,no_comment
16275,2012,21_VN,turnover_rate,ht,%,road,freight,ice,all,yearly,national,['manually_inputted_data $ guess'],1,0.39,manually_inputted_data $ guess,0.03,single_datapoint,no_comment
16276,2013,21_VN,new_vehicle_efficiency,ht,km_per_pj,road,freight,ice,all,yearly,national,['avg_eff_no_outliers $ transport_data_system_9th'],1,1058551713.3301452,avg_eff_no_outliers $ transport_data_system_9th,81427054.87154964,single_datapoint,no_comment
16277,2013,21_VN,turnover_rate,ht,%,road,freight,ice,all,yearly,national,['manually_inputted_data $ guess'],1,0.39,manually_inputted_data $ guess,0.03,single_datapoint,no_comment
16278,2014,21_VN,new_vehicle_efficiency,ht,km_per_pj,road,freight,ice,all,yearly,national,['avg_eff_no_outliers $ transport_data_system_9th'],1,1058551713.3301452,avg_eff_no_outliers $ transport_data_system_9th,81427054.87154964,single_datapoint,no_comment
16279,2014,21_VN,turnover_rate,ht,%,road,freight,ice,all,yearly,national,['manually_inputted_data $ guess'],1,0.39,manually_inputted_data $ guess,0.03,single_datapoint,no_comment
16280,2015,21_VN,new_vehicle_efficiency,ht,km_per_pj,road,freight,ice,all,yearly,national,['avg_eff_no_outliers $ transport_data_system_9th'],1,1058551713.3301452,avg_eff_no_outliers $ transport_data_system_9th,81427054.87154964,single_datapoint,no_comment
16281,2015,21_VN,turnover_rate,ht,%,road,freight,ice,all,yearly,national,['manually_inputted_data $ guess'],1,0.39,manually_inputted_data $ guess,0.03,single_datapoint,no_comment
16282,2016,21_VN,new_vehicle_efficiency,ht,km_per_pj,road,freight,ice,all,yearly,national,['avg_eff_no_outliers $ transport_data_system_9th'],1,1058551713.3301452,avg_eff_no_outliers $ transport_data_system_9th,81427054.87154964,single_datapoint,no_comment
16283,2016,21_VN,turnover_rate,ht,%,road,freight,ice,all,yearly,national,['manually_inputted_data $ guess'],1,0.39,manually_inputted_data $ guess,0.03,single_datapoint,no_comment
16284,2017,21_VN,activity,ht,passenger_km_or_freight_tonne_km,road,freight,ice,all,yearly,national,['estimated $ calculate_energy_and_activity()'],1,651125390625.0,estimated $ calculate_energy_and_activity(),651125390625.0,single_datapoint,no_comment
16285,2017,21_VN,energy,ht,pj,road,freight,ice,all,yearly,national,['estimated $ calculate_energy_and_activity()'],1,1640.2547557087748,estimated $ calculate_energy_and_activity(),1640.2547557087748,single_datapoint,no_comment
16286,2017,21_VN,new_vehicle_efficiency,ht,km_per_pj,road,freight,ice,all,yearly,national,['avg_eff_no_outliers $ transport_data_system_9th'],1,1058551713.3301452,avg_eff_no_outliers $ transport_data_system_9th,81427054.87154964,single_datapoint,no_comment
16287,2017,21_VN,travel_km,ht,km,road,freight,ice,all,yearly,national,['estimated $ calculate_energy_and_activity()'],1,115755625000.0,estimated $ calculate_energy_and_activity(),115755625000.0,single_datapoint,no_comment
16288,2017,21_VN,turnover_rate,ht,%,road,freight,ice,all,yearly,national,['manually_inputted_data $ guess'],1,0.39,manually_inputted_data $ guess,0.03,single_datapoint,no_comment
16289,2018,21_VN,new_vehicle_efficiency,ht,km_per_pj,road,freight,ice,all,yearly,national,['avg_eff_no_outliers $ transport_data_system_9th'],1,1058551713.3301452,avg_eff_no_outliers $ transport_data_system_9th,81427054.87154964,single_datapoint,no_comment
16290,2018,21_VN,turnover_rate,ht,%,road,freight,ice,all,yearly,national,['manually_inputted_data $ guess'],1,0.39,manually_inputted_data $ guess,0.03,single_datapoint,no_comment
16291,2019,21_VN,new_vehicle_efficiency,ht,km_per_pj,road,freight,ice,all,yearly,national,['avg_eff_no_outliers $ transport_data_system_9th'],1,1058551713.3301452,avg_eff_no_outliers $ transport_data_system_9th,81427054.87154964,single_datapoint,no_comment
16292,2019,21_VN,turnover_rate,ht,%,road,freight,ice,all,yearly,national,['manually_inputted_data $ guess'],1,0.39,manually_inputted_data $ guess,0.03,single_datapoint,no_comment
16293,2020,21_VN,new_vehicle_efficiency,ht,km_per_pj,road,freight,ice,all,yearly,national,['avg_eff_no_outliers $ transport_data_system_9th'],1,1058551713.3301452,avg_eff_no_outliers $ transport_data_system_9th,81427054.87154964,single_datapoint,no_comment
16294,2020,21_VN,turnover_rate,ht,%,road,freight,ice,all,yearly,national,['manually_inputted_data $ guess'],1,0.39,manually_inputted_data $ guess,0.03,single_datapoint,no_comment
16295,2021,21_VN,new_vehicle_efficiency,ht,km_per_pj,road,freight,ice,all,yearly,national,['avg_eff_no_outliers $ transport_data_system_9th'],1,1058551713.3301452,avg_eff_no_outliers $ transport_data_system_9th,81427054.87154964,single_datapoint,no_comment
16296,2021,21_VN,turnover_rate,ht,%,road,freight,ice,all,yearly,national,['manually_inputted_data $ guess'],1,0.39,manually_inputted_data $ guess,0.03,single_datapoint,no_comment
16297,2022,21_VN,new_vehicle_efficiency,ht,km_per_pj,road,freight,ice,all,yearly,national,['avg_eff_no_outliers $ transport_data_system_9th'],1,1058551713.3301452,avg_eff_no_outliers $ transport_data_system_9th,81427054.87154964,single_datapoint,no_comment
16298,2022,21_VN,turnover_rate,ht,%,road,freight,ice,all,yearly,national,['manually_inputted_data $ guess'],1,0.39,manually_inputted_data $ guess,0.03,single_datapoint,no_comment
16299,2010,21_VN,new_vehicle_efficiency,ht,km_per_pj,road,freight,lpg,all,yearly,national,['avg_eff_no_outliers $ transport_data_system_9th'],1,1405649677.815799,avg_eff_no_outliers $ transport_data_system_9th,108126898.293523,single_datapoint,no_comment
16300,2010,21_VN,turnover_rate,ht,%,road,freight,lpg,all,yearly,national,['manually_inputted_data $ guess'],1,0.42,manually_inputted_data $ guess,0.03,manual,no_comment
16301,2011,21_VN,new_vehicle_efficiency,ht,km_per_pj,road,freight,lpg,all,yearly,national,['avg_eff_no_outliers $ transport_data_system_9th'],1,1405649677.815799,avg_eff_no_outliers $ transport_data_system_9th,108126898.293523,single_datapoint,no_comment
16302,2011,21_VN,turnover_rate,ht,%,road,freight,lpg,all,yearly,national,['manually_inputted_data $ guess'],1,0.42,manually_inputted_data $ guess,0.03,manual,no_comment
16303,2012,21_VN,new_vehicle_efficiency,ht,km_per_pj,road,freight,lpg,all,yearly,national,['avg_eff_no_outliers $ transport_data_system_9th'],1,1405649677.815799,avg_eff_no_outliers $ transport_data_system_9th,108126898.293523,single_datapoint,no_comment
16304,2012,21_VN,turnover_rate,ht,%,road,freight,lpg,all,yearly,national,['manually_inputted_data $ guess'],1,0.42,manually_inputted_data $ guess,0.03,manual,no_comment
16305,2013,21_VN,new_vehicle_efficiency,ht,km_per_pj,road,freight,lpg,all,yearly,national,['avg_eff_no_outliers $ transport_data_system_9th'],1,1405649677.815799,avg_eff_no_outliers $ transport_data_system_9th,108126898.293523,single_datapoint,no_comment
16306,2013,21_VN,turnover_rate,ht,%,road,freight,lpg,all,yearly,national,['manually_inputted_data $ guess'],1,0.42,manually_inputted_data $ guess,0.03,manual,no_comment
16307,2014,21_VN,new_vehicle_efficiency,ht,km_per_pj,road,freight,lpg,all,yearly,national,['avg_eff_no_outliers $ transport_data_system_9th'],1,1405649677.815799,avg_eff_no_outliers $ transport_data_system_9th,108126898.293523,single_datapoint,no_comment
16308,2014,21_VN,turnover_rate,ht,%,road,freight,lpg,all,yearly,national,['manually_inputted_data $ guess'],1,0.42,manually_inputted_data $ guess,0.03,manual,no_comment
16309,2015,21_VN,new_vehicle_efficiency,ht,km_per_pj,road,freight,lpg,all,yearly,national,['avg_eff_no_outliers $ transport_data_system_9th'],1,1405649677.815799,avg_eff_no_outliers $ transport_data_system_9th,108126898.293523,single_datapoint,no_comment
16310,2015,21_VN,turnover_rate,ht,%,road,freight,lpg,all,yearly,national,['manually_inputted_data $ guess'],1,0.42,manually_inputted_data $ guess,0.03,manual,no_comment
16311,2016,21_VN,new_vehicle_efficiency,ht,km_per_pj,road,freight,lpg,all,yearly,national,['avg_eff_no_outliers $ transport_data_system_9th'],1,1405649677.815799,avg_eff_no_outliers $ transport_data_system_9th,108126898.293523,single_datapoint,no_comment
16312,2016,21_VN,turnover_rate,ht,%,road,freight,lpg,all,yearly,national,['manually_inputted_data $ guess'],1,0.42,manually_inputted_data $ guess,0.03,manual,no_comment
16313,2017,21_VN,new_vehicle_efficiency,ht,km_per_pj,road,freight,lpg,all,yearly,national,['avg_eff_no_outliers $ transport_data_system_9th'],1,1405649677.815799,avg_eff_no_outliers $ transport_data_system_9th,108126898.293523,single_datapoint,no_comment
16314,2017,21_VN,turnover_rate,ht,%,road,freight,lpg,all,yearly,national,"['manually_inputted_data $ guess', 'turnover_rate_est']",2,0.42,manually_inputted_data $ guess,0.03,manual,no_comment
16315,2018,21_VN,new_vehicle_efficiency,ht,km_per_pj,road,freight,lpg,all,yearly,national,['avg_eff_no_outliers $ transport_data_system_9th'],1,1405649677.815799,avg_eff_no_outliers $ transport_data_system_9th,108126898.293523,single_datapoint,no_comment
16316,2018,21_VN,turnover_rate,ht,%,road,freight,lpg,all,yearly,national,['manually_inputted_data $ guess'],1,0.42,manually_inputted_data $ guess,0.03,manual,no_comment
16317,2019,21_VN,new_vehicle_efficiency,ht,km_per_pj,road,freight,lpg,all,yearly,national,['avg_eff_no_outliers $ transport_data_system_9th'],1,1405649677.815799,avg_eff_no_outliers $ transport_data_system_9th,108126898.293523,single_datapoint,no_comment
16318,2019,21_VN,turnover_rate,ht,%,road,freight,lpg,all,yearly,national,['manually_inputted_data $ guess'],1,0.42,manually_inputted_data $ guess,0.03,manual,no_comment
16319,2020,21_VN,new_vehicle_efficiency,ht,km_per_pj,road,freight,lpg,all,yearly,national,['avg_eff_no_outliers $ transport_data_system_9th'],1,1405649677.815799,avg_eff_no_outliers $ transport_data_system_9th,108126898.293523,single_datapoint,no_comment
16320,2020,21_VN,turnover_rate,ht,%,road,freight,lpg,all,yearly,national,['manually_inputted_data $ guess'],1,0.42,manually_inputted_data $ guess,0.03,manual,no_comment
16321,2021,21_VN,new_vehicle_efficiency,ht,km_per_pj,road,freight,lpg,all,yearly,national,['avg_eff_no_outliers $ transport_data_system_9th'],1,1405649677.815799,avg_eff_no_outliers $ transport_data_system_9th,108126898.293523,single_datapoint,no_comment
16322,2021,21_VN,turnover_rate,ht,%,road,freight,lpg,all,yearly,national,['manually_inputted_data $ guess'],1,0.42,manually_inputted_data $ guess,0.03,manual,no_comment
16323,2022,21_VN,new_vehicle_efficiency,ht,km_per_pj,road,freight,lpg,all,yearly,national,['avg_eff_no_outliers $ transport_data_system_9th'],1,1405649677.815799,avg_eff_no_outliers $ transport_data_system_9th,108126898.293523,single_datapoint,no_comment
16324,2022,21_VN,turnover_rate,ht,%,road,freight,lpg,all,yearly,national,['manually_inputted_data $ guess'],1,0.42,manually_inputted_data $ guess,0.03,manual,no_comment
16325,2010,21_VN,new_vehicle_efficiency,ldv,km_per_pj,road,freight,bev,all,yearly,national,['avg_eff_no_outliers $ transport_data_system_9th'],1,7200566335.010296,avg_eff_no_outliers $ transport_data_system_9th,553889718.077715,single_datapoint,no_comment
16326,2010,21_VN,new_vehicle_efficiency,ldv,km_per_pj,road,passenger,bev,all,yearly,national,['avg_eff_no_outliers $ transport_data_system_9th'],1,9901716082.423439,avg_eff_no_outliers $ transport_data_system_9th,761670467.878726,single_datapoint,no_comment
16327,2010,21_VN,turnover_rate,ldv,%,road,freight,bev,all,yearly,national,['manually_inputted_data $ guess'],1,0.42,manually_inputted_data $ guess,0.03,manual,no_comment
16328,2010,21_VN,turnover_rate,ldv,%,road,passenger,bev,all,yearly,national,['manually_inputted_data $ guess'],1,0.42,manually_inputted_data $ guess,0.03,manual,no_comment
16329,2011,21_VN,new_vehicle_efficiency,ldv,km_per_pj,road,freight,bev,all,yearly,national,['avg_eff_no_outliers $ transport_data_system_9th'],1,7200566335.010296,avg_eff_no_outliers $ transport_data_system_9th,553889718.077715,single_datapoint,no_comment
16330,2011,21_VN,new_vehicle_efficiency,ldv,km_per_pj,road,passenger,bev,all,yearly,national,['avg_eff_no_outliers $ transport_data_system_9th'],1,9901716082.423439,avg_eff_no_outliers $ transport_data_system_9th,761670467.878726,single_datapoint,no_comment
16331,2011,21_VN,turnover_rate,ldv,%,road,freight,bev,all,yearly,national,['manually_inputted_data $ guess'],1,0.42,manually_inputted_data $ guess,0.03,manual,no_comment
16332,2011,21_VN,turnover_rate,ldv,%,road,passenger,bev,all,yearly,national,['manually_inputted_data $ guess'],1,0.42,manually_inputted_data $ guess,0.03,manual,no_comment
16333,2012,21_VN,new_vehicle_efficiency,ldv,km_per_pj,road,freight,bev,all,yearly,national,['avg_eff_no_outliers $ transport_data_system_9th'],1,7200566335.010296,avg_eff_no_outliers $ transport_data_system_9th,553889718.077715,single_datapoint,no_comment
16334,2012,21_VN,new_vehicle_efficiency,ldv,km_per_pj,road,passenger,bev,all,yearly,national,['avg_eff_no_outliers $ transport_data_system_9th'],1,9901716082.423439,avg_eff_no_outliers $ transport_data_system_9th,761670467.878726,single_datapoint,no_comment
16335,2012,21_VN,turnover_rate,ldv,%,road,freight,bev,all,yearly,national,['manually_inputted_data $ guess'],1,0.42,manually_inputted_data $ guess,0.03,manual,no_comment
16336,2012,21_VN,turnover_rate,ldv,%,road,passenger,bev,all,yearly,national,['manually_inputted_data $ guess'],1,0.42,manually_inputted_data $ guess,0.03,manual,no_comment
16337,2013,21_VN,new_vehicle_efficiency,ldv,km_per_pj,road,freight,bev,all,yearly,national,['avg_eff_no_outliers $ transport_data_system_9th'],1,7200566335.010296,avg_eff_no_outliers $ transport_data_system_9th,553889718.077715,single_datapoint,no_comment
16338,2013,21_VN,new_vehicle_efficiency,ldv,km_per_pj,road,passenger,bev,all,yearly,national,['avg_eff_no_outliers $ transport_data_system_9th'],1,9901716082.423439,avg_eff_no_outliers $ transport_data_system_9th,761670467.878726,single_datapoint,no_comment
16339,2013,21_VN,turnover_rate,ldv,%,road,freight,bev,all,yearly,national,['manually_inputted_data $ guess'],1,0.42,manually_inputted_data $ guess,0.03,manual,no_comment
16340,2013,21_VN,turnover_rate,ldv,%,road,passenger,bev,all,yearly,national,['manually_inputted_data $ guess'],1,0.42,manually_inputted_data $ guess,0.03,manual,no_comment
16341,2014,21_VN,new_vehicle_efficiency,ldv,km_per_pj,road,freight,bev,all,yearly,national,['avg_eff_no_outliers $ transport_data_system_9th'],1,7200566335.010296,avg_eff_no_outliers $ transport_data_system_9th,553889718.077715,single_datapoint,no_comment
16342,2014,21_VN,new_vehicle_efficiency,ldv,km_per_pj,road,passenger,bev,all,yearly,national,['avg_eff_no_outliers $ transport_data_system_9th'],1,9901716082.423439,avg_eff_no_outliers $ transport_data_system_9th,761670467.878726,single_datapoint,no_comment
16343,2014,21_VN,turnover_rate,ldv,%,road,freight,bev,all,yearly,national,['manually_inputted_data $ guess'],1,0.42,manually_inputted_data $ guess,0.03,manual,no_comment
16344,2014,21_VN,turnover_rate,ldv,%,road,passenger,bev,all,yearly,national,['manually_inputted_data $ guess'],1,0.42,manually_inputted_data $ guess,0.03,manual,no_comment
16345,2015,21_VN,new_vehicle_efficiency,ldv,km_per_pj,road,freight,bev,all,yearly,national,['avg_eff_no_outliers $ transport_data_system_9th'],1,7200566335.010296,avg_eff_no_outliers $ transport_data_system_9th,553889718.077715,single_datapoint,no_comment
16346,2015,21_VN,new_vehicle_efficiency,ldv,km_per_pj,road,passenger,bev,all,yearly,national,['avg_eff_no_outliers $ transport_data_system_9th'],1,9901716082.423439,avg_eff_no_outliers $ transport_data_system_9th,761670467.878726,single_datapoint,no_comment
16347,2015,21_VN,turnover_rate,ldv,%,road,freight,bev,all,yearly,national,['manually_inputted_data $ guess'],1,0.42,manually_inputted_data $ guess,0.03,manual,no_comment
16348,2015,21_VN,turnover_rate,ldv,%,road,passenger,bev,all,yearly,national,['manually_inputted_data $ guess'],1,0.42,manually_inputted_data $ guess,0.03,manual,no_comment
16349,2016,21_VN,new_vehicle_efficiency,ldv,km_per_pj,road,freight,bev,all,yearly,national,['avg_eff_no_outliers $ transport_data_system_9th'],1,7200566335.010296,avg_eff_no_outliers $ transport_data_system_9th,553889718.077715,single_datapoint,no_comment
16350,2016,21_VN,new_vehicle_efficiency,ldv,km_per_pj,road,passenger,bev,all,yearly,national,['avg_eff_no_outliers $ transport_data_system_9th'],1,9901716082.423439,avg_eff_no_outliers $ transport_data_system_9th,761670467.878726,single_datapoint,no_comment
16351,2016,21_VN,turnover_rate,ldv,%,road,freight,bev,all,yearly,national,['manually_inputted_data $ guess'],1,0.42,manually_inputted_data $ guess,0.03,manual,no_comment
16352,2016,21_VN,turnover_rate,ldv,%,road,passenger,bev,all,yearly,national,['manually_inputted_data $ guess'],1,0.42,manually_inputted_data $ guess,0.03,manual,no_comment
16353,2017,21_VN,activity,ldv,passenger_km_or_freight_tonne_km,road,passenger,bev,all,yearly,national,"['8th_edition_transport_model $ reference', 'estimated $ calculate_energy_and_activity()']",2,756785.0,estimated $ calculate_energy_and_activity(),495000.0,manual,no_comment
16354,2017,21_VN,energy,ldv,pj,road,passenger,bev,all,yearly,national,"['8th_edition_transport_model $ reference', 'estimated $ calculate_energy_and_activity()']",2,0.00044327986811854535,estimated $ calculate_energy_and_activity(),0.0002710443211960453,manual,no_comment
16355,2017,21_VN,new_vehicle_efficiency,ldv,km_per_pj,road,freight,bev,all,yearly,national,['avg_eff_no_outliers $ transport_data_system_9th'],1,7200566335.010296,avg_eff_no_outliers $ transport_data_system_9th,553889718.077715,single_datapoint,no_comment
16356,2017,21_VN,new_vehicle_efficiency,ldv,km_per_pj,road,passenger,bev,all,yearly,national,['avg_eff_no_outliers $ transport_data_system_9th'],1,9901716082.423439,avg_eff_no_outliers $ transport_data_system_9th,761670467.878726,single_datapoint,no_comment
16357,2017,21_VN,travel_km,ldv,km,road,passenger,bev,all,yearly,national,['estimated $ calculate_energy_and_activity()'],1,330000.0,estimated $ calculate_energy_and_activity(),330000.0,single_datapoint,no_comment
16358,2017,21_VN,turnover_rate,ldv,%,road,freight,bev,all,yearly,national,"['manually_inputted_data $ guess', 'turnover_rate_est']",2,0.42,manually_inputted_data $ guess,0.03,manual,no_comment
16359,2017,21_VN,turnover_rate,ldv,%,road,passenger,bev,all,yearly,national,"['manually_inputted_data $ guess', 'turnover_rate_est']",2,0.42,manually_inputted_data $ guess,0.03,manual,no_comment
16360,2018,21_VN,new_vehicle_efficiency,ldv,km_per_pj,road,freight,bev,all,yearly,national,['avg_eff_no_outliers $ transport_data_system_9th'],1,7200566335.010296,avg_eff_no_outliers $ transport_data_system_9th,553889718.077715,single_datapoint,no_comment
16361,2018,21_VN,new_vehicle_efficiency,ldv,km_per_pj,road,passenger,bev,all,yearly,national,['avg_eff_no_outliers $ transport_data_system_9th'],1,9901716082.423439,avg_eff_no_outliers $ transport_data_system_9th,761670467.878726,single_datapoint,no_comment
16362,2018,21_VN,turnover_rate,ldv,%,road,freight,bev,all,yearly,national,['manually_inputted_data $ guess'],1,0.42,manually_inputted_data $ guess,0.03,manual,no_comment
16363,2018,21_VN,turnover_rate,ldv,%,road,passenger,bev,all,yearly,national,['manually_inputted_data $ guess'],1,0.42,manually_inputted_data $ guess,0.03,manual,no_comment
16364,2019,21_VN,new_vehicle_efficiency,ldv,km_per_pj,road,freight,bev,all,yearly,national,['avg_eff_no_outliers $ transport_data_system_9th'],1,7200566335.010296,avg_eff_no_outliers $ transport_data_system_9th,553889718.077715,single_datapoint,no_comment
16365,2019,21_VN,new_vehicle_efficiency,ldv,km_per_pj,road,passenger,bev,all,yearly,national,['avg_eff_no_outliers $ transport_data_system_9th'],1,9901716082.423439,avg_eff_no_outliers $ transport_data_system_9th,761670467.878726,single_datapoint,no_comment
16366,2019,21_VN,turnover_rate,ldv,%,road,freight,bev,all,yearly,national,['manually_inputted_data $ guess'],1,0.42,manually_inputted_data $ guess,0.03,manual,no_comment
16367,2019,21_VN,turnover_rate,ldv,%,road,passenger,bev,all,yearly,national,['manually_inputted_data $ guess'],1,0.42,manually_inputted_data $ guess,0.03,manual,no_comment
16368,2020,21_VN,new_vehicle_efficiency,ldv,km_per_pj,road,freight,bev,all,yearly,national,['avg_eff_no_outliers $ transport_data_system_9th'],1,7200566335.010296,avg_eff_no_outliers $ transport_data_system_9th,553889718.077715,single_datapoint,no_comment
16369,2020,21_VN,new_vehicle_efficiency,ldv,km_per_pj,road,passenger,bev,all,yearly,national,['avg_eff_no_outliers $ transport_data_system_9th'],1,9901716082.423439,avg_eff_no_outliers $ transport_data_system_9th,761670467.878726,single_datapoint,no_comment
16370,2020,21_VN,turnover_rate,ldv,%,road,freight,bev,all,yearly,national,['manually_inputted_data $ guess'],1,0.42,manually_inputted_data $ guess,0.03,manual,no_comment
16371,2020,21_VN,turnover_rate,ldv,%,road,passenger,bev,all,yearly,national,['manually_inputted_data $ guess'],1,0.42,manually_inputted_data $ guess,0.03,manual,no_comment
16372,2021,21_VN,new_vehicle_efficiency,ldv,km_per_pj,road,freight,bev,all,yearly,national,['avg_eff_no_outliers $ transport_data_system_9th'],1,7200566335.010296,avg_eff_no_outliers $ transport_data_system_9th,553889718.077715,single_datapoint,no_comment
16373,2021,21_VN,new_vehicle_efficiency,ldv,km_per_pj,road,passenger,bev,all,yearly,national,['avg_eff_no_outliers $ transport_data_system_9th'],1,9901716082.423439,avg_eff_no_outliers $ transport_data_system_9th,761670467.878726,single_datapoint,no_comment
16374,2021,21_VN,turnover_rate,ldv,%,road,freight,bev,all,yearly,national,['manually_inputted_data $ guess'],1,0.42,manually_inputted_data $ guess,0.03,manual,no_comment
16375,2021,21_VN,turnover_rate,ldv,%,road,passenger,bev,all,yearly,national,['manually_inputted_data $ guess'],1,0.42,manually_inputted_data $ guess,0.03,manual,no_comment
16376,2022,21_VN,new_vehicle_efficiency,ldv,km_per_pj,road,freight,bev,all,yearly,national,['avg_eff_no_outliers $ transport_data_system_9th'],1,7200566335.010296,avg_eff_no_outliers $ transport_data_system_9th,553889718.077715,single_datapoint,no_comment
16377,2022,21_VN,new_vehicle_efficiency,ldv,km_per_pj,road,passenger,bev,all,yearly,national,['avg_eff_no_outliers $ transport_data_system_9th'],1,9901716082.423439,avg_eff_no_outliers $ transport_data_system_9th,761670467.878726,single_datapoint,no_comment
16378,2022,21_VN,turnover_rate,ldv,%,road,freight,bev,all,yearly,national,['manually_inputted_data $ guess'],1,0.42,manually_inputted_data $ guess,0.03,manual,no_comment
16379,2022,21_VN,turnover_rate,ldv,%,road,passenger,bev,all,yearly,national,['manually_inputted_data $ guess'],1,0.42,manually_inputted_data $ guess,0.03,manual,no_comment
16380,2010,21_VN,new_vehicle_efficiency,ldv,km_per_pj,road,freight,cng,all,yearly,national,['avg_eff_no_outliers $ transport_data_system_9th'],1,7214767129.708009,avg_eff_no_outliers $ transport_data_system_9th,554982086.900616,single_datapoint,no_comment
16381,2010,21_VN,new_vehicle_efficiency,ldv,km_per_pj,road,passenger,cng,all,yearly,national,['avg_eff_no_outliers $ transport_data_system_9th'],1,5429169522.90635,avg_eff_no_outliers $ transport_data_system_9th,417628424.83895,single_datapoint,no_comment
16382,2010,21_VN,turnover_rate,ldv,%,road,freight,cng,all,yearly,national,['manually_inputted_data $ guess'],1,0.42,manually_inputted_data $ guess,0.03,manual,no_comment
16383,2010,21_VN,turnover_rate,ldv,%,road,passenger,cng,all,yearly,national,['manually_inputted_data $ guess'],1,0.42,manually_inputted_data $ guess,0.03,manual,no_comment
16384,2011,21_VN,new_vehicle_efficiency,ldv,km_per_pj,road,freight,cng,all,yearly,national,['avg_eff_no_outliers $ transport_data_system_9th'],1,7214767129.708009,avg_eff_no_outliers $ transport_data_system_9th,554982086.900616,single_datapoint,no_comment
16385,2011,21_VN,new_vehicle_efficiency,ldv,km_per_pj,road,passenger,cng,all,yearly,national,['avg_eff_no_outliers $ transport_data_system_9th'],1,5429169522.90635,avg_eff_no_outliers $ transport_data_system_9th,417628424.83895,single_datapoint,no_comment
16386,2011,21_VN,turnover_rate,ldv,%,road,freight,cng,all,yearly,national,['manually_inputted_data $ guess'],1,0.42,manually_inputted_data $ guess,0.03,manual,no_comment
16387,2011,21_VN,turnover_rate,ldv,%,road,passenger,cng,all,yearly,national,['manually_inputted_data $ guess'],1,0.42,manually_inputted_data $ guess,0.03,manual,no_comment
16388,2012,21_VN,new_vehicle_efficiency,ldv,km_per_pj,road,freight,cng,all,yearly,national,['avg_eff_no_outliers $ transport_data_system_9th'],1,7214767129.708009,avg_eff_no_outliers $ transport_data_system_9th,554982086.900616,single_datapoint,no_comment
16389,2012,21_VN,new_vehicle_efficiency,ldv,km_per_pj,road,passenger,cng,all,yearly,national,['avg_eff_no_outliers $ transport_data_system_9th'],1,5429169522.90635,avg_eff_no_outliers $ transport_data_system_9th,417628424.83895,single_datapoint,no_comment
16390,2012,21_VN,turnover_rate,ldv,%,road,freight,cng,all,yearly,national,['manually_inputted_data $ guess'],1,0.42,manually_inputted_data $ guess,0.03,manual,no_comment
16391,2012,21_VN,turnover_rate,ldv,%,road,passenger,cng,all,yearly,national,['manually_inputted_data $ guess'],1,0.42,manually_inputted_data $ guess,0.03,manual,no_comment
16392,2013,21_VN,new_vehicle_efficiency,ldv,km_per_pj,road,freight,cng,all,yearly,national,['avg_eff_no_outliers $ transport_data_system_9th'],1,7214767129.708009,avg_eff_no_outliers $ transport_data_system_9th,554982086.900616,single_datapoint,no_comment
16393,2013,21_VN,new_vehicle_efficiency,ldv,km_per_pj,road,passenger,cng,all,yearly,national,['avg_eff_no_outliers $ transport_data_system_9th'],1,5429169522.90635,avg_eff_no_outliers $ transport_data_system_9th,417628424.83895,single_datapoint,no_comment
16394,2013,21_VN,turnover_rate,ldv,%,road,freight,cng,all,yearly,national,['manually_inputted_data $ guess'],1,0.42,manually_inputted_data $ guess,0.03,manual,no_comment
16395,2013,21_VN,turnover_rate,ldv,%,road,passenger,cng,all,yearly,national,['manually_inputted_data $ guess'],1,0.42,manually_inputted_data $ guess,0.03,manual,no_comment
16396,2014,21_VN,new_vehicle_efficiency,ldv,km_per_pj,road,freight,cng,all,yearly,national,['avg_eff_no_outliers $ transport_data_system_9th'],1,7214767129.708009,avg_eff_no_outliers $ transport_data_system_9th,554982086.900616,single_datapoint,no_comment
16397,2014,21_VN,new_vehicle_efficiency,ldv,km_per_pj,road,passenger,cng,all,yearly,national,['avg_eff_no_outliers $ transport_data_system_9th'],1,5429169522.90635,avg_eff_no_outliers $ transport_data_system_9th,417628424.83895,single_datapoint,no_comment
16398,2014,21_VN,turnover_rate,ldv,%,road,freight,cng,all,yearly,national,['manually_inputted_data $ guess'],1,0.42,manually_inputted_data $ guess,0.03,manual,no_comment
16399,2014,21_VN,turnover_rate,ldv,%,road,passenger,cng,all,yearly,national,['manually_inputted_data $ guess'],1,0.42,manually_inputted_data $ guess,0.03,manual,no_comment
16400,2015,21_VN,new_vehicle_efficiency,ldv,km_per_pj,road,freight,cng,all,yearly,national,['avg_eff_no_outliers $ transport_data_system_9th'],1,7214767129.708009,avg_eff_no_outliers $ transport_data_system_9th,554982086.900616,single_datapoint,no_comment
16401,2015,21_VN,new_vehicle_efficiency,ldv,km_per_pj,road,passenger,cng,all,yearly,national,['avg_eff_no_outliers $ transport_data_system_9th'],1,5429169522.90635,avg_eff_no_outliers $ transport_data_system_9th,417628424.83895,single_datapoint,no_comment
16402,2015,21_VN,turnover_rate,ldv,%,road,freight,cng,all,yearly,national,['manually_inputted_data $ guess'],1,0.42,manually_inputted_data $ guess,0.03,manual,no_comment
16403,2015,21_VN,turnover_rate,ldv,%,road,passenger,cng,all,yearly,national,['manually_inputted_data $ guess'],1,0.42,manually_inputted_data $ guess,0.03,manual,no_comment
16404,2016,21_VN,new_vehicle_efficiency,ldv,km_per_pj,road,freight,cng,all,yearly,national,['avg_eff_no_outliers $ transport_data_system_9th'],1,7214767129.708009,avg_eff_no_outliers $ transport_data_system_9th,554982086.900616,single_datapoint,no_comment
16405,2016,21_VN,new_vehicle_efficiency,ldv,km_per_pj,road,passenger,cng,all,yearly,national,['avg_eff_no_outliers $ transport_data_system_9th'],1,5429169522.90635,avg_eff_no_outliers $ transport_data_system_9th,417628424.83895,single_datapoint,no_comment
16406,2016,21_VN,turnover_rate,ldv,%,road,freight,cng,all,yearly,national,['manually_inputted_data $ guess'],1,0.42,manually_inputted_data $ guess,0.03,manual,no_comment
16407,2016,21_VN,turnover_rate,ldv,%,road,passenger,cng,all,yearly,national,['manually_inputted_data $ guess'],1,0.42,manually_inputted_data $ guess,0.03,manual,no_comment
16408,2017,21_VN,activity,ldv,passenger_km_or_freight_tonne_km,road,passenger,cng,all,yearly,national,"['8th_edition_transport_model $ reference', 'estimated $ calculate_energy_and_activity()']",2,65640583.0,estimated $ calculate_energy_and_activity(),43065000.0,manual,no_comment
16409,2017,21_VN,energy,ldv,pj,road,passenger,cng,all,yearly,national,"['8th_edition_transport_model $ reference', 'estimated $ calculate_energy_and_activity()']",2,1.0234481520598953,estimated $ calculate_energy_and_activity(),0.08253299580419579,manual,no_comment
16410,2017,21_VN,new_vehicle_efficiency,ldv,km_per_pj,road,freight,cng,all,yearly,national,['avg_eff_no_outliers $ transport_data_system_9th'],1,7214767129.708009,avg_eff_no_outliers $ transport_data_system_9th,554982086.900616,single_datapoint,no_comment
16411,2017,21_VN,new_vehicle_efficiency,ldv,km_per_pj,road,passenger,cng,all,yearly,national,['avg_eff_no_outliers $ transport_data_system_9th'],1,5429169522.90635,avg_eff_no_outliers $ transport_data_system_9th,417628424.83895,single_datapoint,no_comment
16412,2017,21_VN,travel_km,ldv,km,road,passenger,cng,all,yearly,national,['estimated $ calculate_energy_and_activity()'],1,28710000.0,estimated $ calculate_energy_and_activity(),28710000.0,single_datapoint,no_comment
16413,2017,21_VN,turnover_rate,ldv,%,road,freight,cng,all,yearly,national,"['manually_inputted_data $ guess', 'turnover_rate_est']",2,0.42,manually_inputted_data $ guess,0.03,manual,no_comment
16414,2017,21_VN,turnover_rate,ldv,%,road,passenger,cng,all,yearly,national,"['manually_inputted_data $ guess', 'turnover_rate_est']",2,0.42,manually_inputted_data $ guess,0.03,manual,no_comment
16415,2018,21_VN,new_vehicle_efficiency,ldv,km_per_pj,road,freight,cng,all,yearly,national,['avg_eff_no_outliers $ transport_data_system_9th'],1,7214767129.708009,avg_eff_no_outliers $ transport_data_system_9th,554982086.900616,single_datapoint,no_comment
16416,2018,21_VN,new_vehicle_efficiency,ldv,km_per_pj,road,passenger,cng,all,yearly,national,['avg_eff_no_outliers $ transport_data_system_9th'],1,5429169522.90635,avg_eff_no_outliers $ transport_data_system_9th,417628424.83895,single_datapoint,no_comment
16417,2018,21_VN,turnover_rate,ldv,%,road,freight,cng,all,yearly,national,['manually_inputted_data $ guess'],1,0.42,manually_inputted_data $ guess,0.03,manual,no_comment
16418,2018,21_VN,turnover_rate,ldv,%,road,passenger,cng,all,yearly,national,['manually_inputted_data $ guess'],1,0.42,manually_inputted_data $ guess,0.03,manual,no_comment
16419,2019,21_VN,new_vehicle_efficiency,ldv,km_per_pj,road,freight,cng,all,yearly,national,['avg_eff_no_outliers $ transport_data_system_9th'],1,7214767129.708009,avg_eff_no_outliers $ transport_data_system_9th,554982086.900616,single_datapoint,no_comment
16420,2019,21_VN,new_vehicle_efficiency,ldv,km_per_pj,road,passenger,cng,all,yearly,national,['avg_eff_no_outliers $ transport_data_system_9th'],1,5429169522.90635,avg_eff_no_outliers $ transport_data_system_9th,417628424.83895,single_datapoint,no_comment
16421,2019,21_VN,turnover_rate,ldv,%,road,freight,cng,all,yearly,national,['manually_inputted_data $ guess'],1,0.42,manually_inputted_data $ guess,0.03,manual,no_comment
16422,2019,21_VN,turnover_rate,ldv,%,road,passenger,cng,all,yearly,national,['manually_inputted_data $ guess'],1,0.42,manually_inputted_data $ guess,0.03,manual,no_comment
16423,2020,21_VN,new_vehicle_efficiency,ldv,km_per_pj,road,freight,cng,all,yearly,national,['avg_eff_no_outliers $ transport_data_system_9th'],1,7214767129.708009,avg_eff_no_outliers $ transport_data_system_9th,554982086.900616,single_datapoint,no_comment
16424,2020,21_VN,new_vehicle_efficiency,ldv,km_per_pj,road,passenger,cng,all,yearly,national,['avg_eff_no_outliers $ transport_data_system_9th'],1,5429169522.90635,avg_eff_no_outliers $ transport_data_system_9th,417628424.83895,single_datapoint,no_comment
16425,2020,21_VN,turnover_rate,ldv,%,road,freight,cng,all,yearly,national,['manually_inputted_data $ guess'],1,0.42,manually_inputted_data $ guess,0.03,manual,no_comment
16426,2020,21_VN,turnover_rate,ldv,%,road,passenger,cng,all,yearly,national,['manually_inputted_data $ guess'],1,0.42,manually_inputted_data $ guess,0.03,manual,no_comment
16427,2021,21_VN,new_vehicle_efficiency,ldv,km_per_pj,road,freight,cng,all,yearly,national,['avg_eff_no_outliers $ transport_data_system_9th'],1,7214767129.708009,avg_eff_no_outliers $ transport_data_system_9th,554982086.900616,single_datapoint,no_comment
16428,2021,21_VN,new_vehicle_efficiency,ldv,km_per_pj,road,passenger,cng,all,yearly,national,['avg_eff_no_outliers $ transport_data_system_9th'],1,5429169522.90635,avg_eff_no_outliers $ transport_data_system_9th,417628424.83895,single_datapoint,no_comment
16429,2021,21_VN,turnover_rate,ldv,%,road,freight,cng,all,yearly,national,['manually_inputted_data $ guess'],1,0.42,manually_inputted_data $ guess,0.03,manual,no_comment
16430,2021,21_VN,turnover_rate,ldv,%,road,passenger,cng,all,yearly,national,['manually_inputted_data $ guess'],1,0.42,manually_inputted_data $ guess,0.03,manual,no_comment
16431,2022,21_VN,new_vehicle_efficiency,ldv,km_per_pj,road,freight,cng,all,yearly,national,['avg_eff_no_outliers $ transport_data_system_9th'],1,7214767129.708009,avg_eff_no_outliers $ transport_data_system_9th,554982086.900616,single_datapoint,no_comment
16432,2022,21_VN,new_vehicle_efficiency,ldv,km_per_pj,road,passenger,cng,all,yearly,national,['avg_eff_no_outliers $ transport_data_system_9th'],1,5429169522.90635,avg_eff_no_outliers $ transport_data_system_9th,417628424.83895,single_datapoint,no_comment
16433,2022,21_VN,turnover_rate,ldv,%,road,freight,cng,all,yearly,national,['manually_inputted_data $ guess'],1,0.42,manually_inputted_data $ guess,0.03,manual,no_comment
16434,2022,21_VN,turnover_rate,ldv,%,road,passenger,cng,all,yearly,national,['manually_inputted_data $ guess'],1,0.42,manually_inputted_data $ guess,0.03,manual,no_comment
16435,2010,21_VN,new_vehicle_efficiency,ldv,km_per_pj,road,passenger,fcev,all,yearly,national,['avg_eff_no_outliers $ transport_data_system_9th'],1,1469603353.601357,avg_eff_no_outliers $ transport_data_system_9th,113046411.815489,single_datapoint,no_comment
16436,2010,21_VN,turnover_rate,ldv,%,road,passenger,fcev,all,yearly,national,['manually_inputted_data $ guess'],1,0.42,manually_inputted_data $ guess,0.03,manual,no_comment
16437,2011,21_VN,new_vehicle_efficiency,ldv,km_per_pj,road,passenger,fcev,all,yearly,national,['avg_eff_no_outliers $ transport_data_system_9th'],1,1469603353.601357,avg_eff_no_outliers $ transport_data_system_9th,113046411.815489,single_datapoint,no_comment
16438,2011,21_VN,turnover_rate,ldv,%,road,passenger,fcev,all,yearly,national,['manually_inputted_data $ guess'],1,0.42,manually_inputted_data $ guess,0.03,manual,no_comment
16439,2012,21_VN,new_vehicle_efficiency,ldv,km_per_pj,road,passenger,fcev,all,yearly,national,['avg_eff_no_outliers $ transport_data_system_9th'],1,1469603353.601357,avg_eff_no_outliers $ transport_data_system_9th,113046411.815489,single_datapoint,no_comment
16440,2012,21_VN,turnover_rate,ldv,%,road,passenger,fcev,all,yearly,national,['manually_inputted_data $ guess'],1,0.42,manually_inputted_data $ guess,0.03,manual,no_comment
16441,2013,21_VN,new_vehicle_efficiency,ldv,km_per_pj,road,passenger,fcev,all,yearly,national,['avg_eff_no_outliers $ transport_data_system_9th'],1,1469603353.601357,avg_eff_no_outliers $ transport_data_system_9th,113046411.815489,single_datapoint,no_comment
16442,2013,21_VN,turnover_rate,ldv,%,road,passenger,fcev,all,yearly,national,['manually_inputted_data $ guess'],1,0.42,manually_inputted_data $ guess,0.03,manual,no_comment
16443,2014,21_VN,new_vehicle_efficiency,ldv,km_per_pj,road,passenger,fcev,all,yearly,national,['avg_eff_no_outliers $ transport_data_system_9th'],1,1469603353.601357,avg_eff_no_outliers $ transport_data_system_9th,113046411.815489,single_datapoint,no_comment
16444,2014,21_VN,turnover_rate,ldv,%,road,passenger,fcev,all,yearly,national,['manually_inputted_data $ guess'],1,0.42,manually_inputted_data $ guess,0.03,manual,no_comment
16445,2015,21_VN,new_vehicle_efficiency,ldv,km_per_pj,road,passenger,fcev,all,yearly,national,['avg_eff_no_outliers $ transport_data_system_9th'],1,1469603353.601357,avg_eff_no_outliers $ transport_data_system_9th,113046411.815489,single_datapoint,no_comment
16446,2015,21_VN,turnover_rate,ldv,%,road,passenger,fcev,all,yearly,national,['manually_inputted_data $ guess'],1,0.42,manually_inputted_data $ guess,0.03,manual,no_comment
16447,2016,21_VN,new_vehicle_efficiency,ldv,km_per_pj,road,passenger,fcev,all,yearly,national,['avg_eff_no_outliers $ transport_data_system_9th'],1,1469603353.601357,avg_eff_no_outliers $ transport_data_system_9th,113046411.815489,single_datapoint,no_comment
16448,2016,21_VN,turnover_rate,ldv,%,road,passenger,fcev,all,yearly,national,['manually_inputted_data $ guess'],1,0.42,manually_inputted_data $ guess,0.03,manual,no_comment
16449,2017,21_VN,new_vehicle_efficiency,ldv,km_per_pj,road,passenger,fcev,all,yearly,national,['avg_eff_no_outliers $ transport_data_system_9th'],1,1469603353.601357,avg_eff_no_outliers $ transport_data_system_9th,113046411.815489,single_datapoint,no_comment
16450,2017,21_VN,turnover_rate,ldv,%,road,freight,fcev,all,yearly,national,['turnover_rate_est'],1,0.03,turnover_rate_est,0.03,single_datapoint,no_comment
16451,2017,21_VN,turnover_rate,ldv,%,road,passenger,fcev,all,yearly,national,"['manually_inputted_data $ guess', 'turnover_rate_est']",2,0.42,manually_inputted_data $ guess,0.03,manual,no_comment
16452,2018,21_VN,new_vehicle_efficiency,ldv,km_per_pj,road,passenger,fcev,all,yearly,national,['avg_eff_no_outliers $ transport_data_system_9th'],1,1469603353.601357,avg_eff_no_outliers $ transport_data_system_9th,113046411.815489,single_datapoint,no_comment
16453,2018,21_VN,turnover_rate,ldv,%,road,passenger,fcev,all,yearly,national,['manually_inputted_data $ guess'],1,0.42,manually_inputted_data $ guess,0.03,manual,no_comment
16454,2019,21_VN,new_vehicle_efficiency,ldv,km_per_pj,road,passenger,fcev,all,yearly,national,['avg_eff_no_outliers $ transport_data_system_9th'],1,1469603353.601357,avg_eff_no_outliers $ transport_data_system_9th,113046411.815489,single_datapoint,no_comment
16455,2019,21_VN,turnover_rate,ldv,%,road,passenger,fcev,all,yearly,national,['manually_inputted_data $ guess'],1,0.42,manually_inputted_data $ guess,0.03,manual,no_comment
16456,2020,21_VN,new_vehicle_efficiency,ldv,km_per_pj,road,passenger,fcev,all,yearly,national,['avg_eff_no_outliers $ transport_data_system_9th'],1,1469603353.601357,avg_eff_no_outliers $ transport_data_system_9th,113046411.815489,single_datapoint,no_comment
16457,2020,21_VN,turnover_rate,ldv,%,road,passenger,fcev,all,yearly,national,['manually_inputted_data $ guess'],1,0.42,manually_inputted_data $ guess,0.03,manual,no_comment
16458,2021,21_VN,new_vehicle_efficiency,ldv,km_per_pj,road,passenger,fcev,all,yearly,national,['avg_eff_no_outliers $ transport_data_system_9th'],1,1469603353.601357,avg_eff_no_outliers $ transport_data_system_9th,113046411.815489,single_datapoint,no_comment
16459,2021,21_VN,turnover_rate,ldv,%,road,passenger,fcev,all,yearly,national,['manually_inputted_data $ guess'],1,0.42,manually_inputted_data $ guess,0.03,manual,no_comment
16460,2022,21_VN,new_vehicle_efficiency,ldv,km_per_pj,road,passenger,fcev,all,yearly,national,['avg_eff_no_outliers $ transport_data_system_9th'],1,1469603353.601357,avg_eff_no_outliers $ transport_data_system_9th,113046411.815489,single_datapoint,no_comment
16461,2022,21_VN,turnover_rate,ldv,%,road,passenger,fcev,all,yearly,national,['manually_inputted_data $ guess'],1,0.42,manually_inputted_data $ guess,0.03,manual,no_comment
16462,2010,21_VN,activity,ldv,passenger_km_or_freight_tonne_km,road,passenger,ice,all,yearly,national,['estimated $ calculate_energy_and_activity()'],1,253665000000.0,estimated $ calculate_energy_and_activity(),12532500000.0,single_datapoint,no_comment
16463,2010,21_VN,energy,ldv,pj,road,passenger,ice,all,yearly,national,['estimated $ calculate_energy_and_activity()'],1,486.14263045794326,estimated $ calculate_energy_and_activity(),24.018222916895013,single_datapoint,no_comment
16464,2010,21_VN,new_vehicle_efficiency,ldv,km_per_pj,road,freight,ice,all,yearly,national,['avg_eff_no_outliers $ transport_data_system_9th'],1,4776513034.843043,avg_eff_no_outliers $ transport_data_system_9th,367424079.603311,single_datapoint,no_comment
16465,2010,21_VN,new_vehicle_efficiency,ldv,km_per_pj,road,passenger,ice,all,yearly,national,['avg_eff_no_outliers $ transport_data_system_9th'],1,3086802010.889935,avg_eff_no_outliers $ transport_data_system_9th,237446308.529995,single_datapoint,no_comment
16466,2010,21_VN,travel_km,ldv,km,road,passenger,ice,all,yearly,national,['estimated $ calculate_energy_and_activity()'],1,169110000000.0,estimated $ calculate_energy_and_activity(),8355000000.0,single_datapoint,no_comment
16467,2010,21_VN,turnover_rate,ldv,%,road,freight,ice,all,yearly,national,['manually_inputted_data $ guess'],1,0.39,manually_inputted_data $ guess,0.03,single_datapoint,no_comment
16468,2010,21_VN,turnover_rate,ldv,%,road,passenger,ice,all,yearly,national,['manually_inputted_data $ guess'],1,0.39,manually_inputted_data $ guess,0.03,single_datapoint,no_comment
16469,2011,21_VN,activity,ldv,passenger_km_or_freight_tonne_km,road,passenger,ice,all,yearly,national,['estimated $ calculate_energy_and_activity()'],1,253665000000.0,estimated $ calculate_energy_and_activity(),15120000000.0,single_datapoint,no_comment
16470,2011,21_VN,energy,ldv,pj,road,passenger,ice,all,yearly,national,['estimated $ calculate_energy_and_activity()'],1,486.14263045794326,estimated $ calculate_energy_and_activity(),28.977101975140844,single_datapoint,no_comment
16471,2011,21_VN,new_vehicle_efficiency,ldv,km_per_pj,road,freight,ice,all,yearly,national,['avg_eff_no_outliers $ transport_data_system_9th'],1,4776513034.843043,avg_eff_no_outliers $ transport_data_system_9th,367424079.603311,single_datapoint,no_comment
16472,2011,21_VN,new_vehicle_efficiency,ldv,km_per_pj,road,passenger,ice,all,yearly,national,['avg_eff_no_outliers $ transport_data_system_9th'],1,3086802010.889935,avg_eff_no_outliers $ transport_data_system_9th,237446308.529995,single_datapoint,no_comment
16473,2011,21_VN,travel_km,ldv,km,road,passenger,ice,all,yearly,national,['estimated $ calculate_energy_and_activity()'],1,169110000000.0,estimated $ calculate_energy_and_activity(),10080000000.0,single_datapoint,no_comment
16474,2011,21_VN,turnover_rate,ldv,%,road,freight,ice,all,yearly,national,['manually_inputted_data $ guess'],1,0.39,manually_inputted_data $ guess,0.03,single_datapoint,no_comment
16475,2011,21_VN,turnover_rate,ldv,%,road,passenger,ice,all,yearly,national,['manually_inputted_data $ guess'],1,0.39,manually_inputted_data $ guess,0.03,single_datapoint,no_comment
16476,2012,21_VN,activity,ldv,passenger_km_or_freight_tonne_km,road,passenger,ice,all,yearly,national,['estimated $ calculate_energy_and_activity()'],1,253665000000.0,estimated $ calculate_energy_and_activity(),16357500000.0,single_datapoint,no_comment
16477,2012,21_VN,energy,ldv,pj,road,passenger,ice,all,yearly,national,['estimated $ calculate_energy_and_activity()'],1,486.14263045794326,estimated $ calculate_energy_and_activity(),31.34873978560624,single_datapoint,no_comment
16478,2012,21_VN,new_vehicle_efficiency,ldv,km_per_pj,road,freight,ice,all,yearly,national,['avg_eff_no_outliers $ transport_data_system_9th'],1,4776513034.843043,avg_eff_no_outliers $ transport_data_system_9th,367424079.603311,single_datapoint,no_comment
16479,2012,21_VN,new_vehicle_efficiency,ldv,km_per_pj,road,passenger,ice,all,yearly,national,['avg_eff_no_outliers $ transport_data_system_9th'],1,3086802010.889935,avg_eff_no_outliers $ transport_data_system_9th,237446308.529995,single_datapoint,no_comment
16480,2012,21_VN,travel_km,ldv,km,road,passenger,ice,all,yearly,national,['estimated $ calculate_energy_and_activity()'],1,169110000000.0,estimated $ calculate_energy_and_activity(),10905000000.0,single_datapoint,no_comment
16481,2012,21_VN,turnover_rate,ldv,%,road,freight,ice,all,yearly,national,['manually_inputted_data $ guess'],1,0.39,manually_inputted_data $ guess,0.03,single_datapoint,no_comment
16482,2012,21_VN,turnover_rate,ldv,%,road,passenger,ice,all,yearly,national,['manually_inputted_data $ guess'],1,0.39,manually_inputted_data $ guess,0.03,single_datapoint,no_comment
16483,2013,21_VN,activity,ldv,passenger_km_or_freight_tonne_km,road,passenger,ice,all,yearly,national,['estimated $ calculate_energy_and_activity()'],1,253665000000.0,estimated $ calculate_energy_and_activity(),17977500000.0,single_datapoint,no_comment
16484,2013,21_VN,energy,ldv,pj,road,passenger,ice,all,yearly,national,['estimated $ calculate_energy_and_activity()'],1,486.14263045794326,estimated $ calculate_energy_and_activity(),34.45342928294276,single_datapoint,no_comment
16485,2013,21_VN,new_vehicle_efficiency,ldv,km_per_pj,road,freight,ice,all,yearly,national,['avg_eff_no_outliers $ transport_data_system_9th'],1,4776513034.843043,avg_eff_no_outliers $ transport_data_system_9th,367424079.603311,single_datapoint,no_comment
16486,2013,21_VN,new_vehicle_efficiency,ldv,km_per_pj,road,passenger,ice,all,yearly,national,['avg_eff_no_outliers $ transport_data_system_9th'],1,3086802010.889935,avg_eff_no_outliers $ transport_data_system_9th,237446308.529995,single_datapoint,no_comment
16487,2013,21_VN,travel_km,ldv,km,road,passenger,ice,all,yearly,national,['estimated $ calculate_energy_and_activity()'],1,169110000000.0,estimated $ calculate_energy_and_activity(),11985000000.0,single_datapoint,no_comment
16488,2013,21_VN,turnover_rate,ldv,%,road,freight,ice,all,yearly,national,['manually_inputted_data $ guess'],1,0.39,manually_inputted_data $ guess,0.03,single_datapoint,no_comment
16489,2013,21_VN,turnover_rate,ldv,%,road,passenger,ice,all,yearly,national,['manually_inputted_data $ guess'],1,0.39,manually_inputted_data $ guess,0.03,single_datapoint,no_comment
16490,2014,21_VN,activity,ldv,passenger_km_or_freight_tonne_km,road,passenger,ice,all,yearly,national,['estimated $ calculate_energy_and_activity()'],1,253665000000.0,estimated $ calculate_energy_and_activity(),20250000000.0,single_datapoint,no_comment
16491,2014,21_VN,energy,ldv,pj,road,passenger,ice,all,yearly,national,['estimated $ calculate_energy_and_activity()'],1,486.14263045794326,estimated $ calculate_energy_and_activity(),38.808618716706484,single_datapoint,no_comment
16492,2014,21_VN,new_vehicle_efficiency,ldv,km_per_pj,road,freight,ice,all,yearly,national,['avg_eff_no_outliers $ transport_data_system_9th'],1,4776513034.843043,avg_eff_no_outliers $ transport_data_system_9th,367424079.603311,single_datapoint,no_comment
16493,2014,21_VN,new_vehicle_efficiency,ldv,km_per_pj,road,passenger,ice,all,yearly,national,['avg_eff_no_outliers $ transport_data_system_9th'],1,3086802010.889935,avg_eff_no_outliers $ transport_data_system_9th,237446308.529995,single_datapoint,no_comment
16494,2014,21_VN,travel_km,ldv,km,road,passenger,ice,all,yearly,national,['estimated $ calculate_energy_and_activity()'],1,169110000000.0,estimated $ calculate_energy_and_activity(),13500000000.0,single_datapoint,no_comment
16495,2014,21_VN,turnover_rate,ldv,%,road,freight,ice,all,yearly,national,['manually_inputted_data $ guess'],1,0.39,manually_inputted_data $ guess,0.03,single_datapoint,no_comment
16496,2014,21_VN,turnover_rate,ldv,%,road,passenger,ice,all,yearly,national,['manually_inputted_data $ guess'],1,0.39,manually_inputted_data $ guess,0.03,single_datapoint,no_comment
16497,2015,21_VN,activity,ldv,passenger_km_or_freight_tonne_km,road,passenger,ice,all,yearly,national,['estimated $ calculate_energy_and_activity()'],1,253665000000.0,estimated $ calculate_energy_and_activity(),23242500000.0,single_datapoint,no_comment
16498,2015,21_VN,energy,ldv,pj,road,passenger,ice,all,yearly,national,['estimated $ calculate_energy_and_activity()'],1,486.14263045794326,estimated $ calculate_energy_and_activity(),44.54367014928645,single_datapoint,no_comment
16499,2015,21_VN,new_vehicle_efficiency,ldv,km_per_pj,road,freight,ice,all,yearly,national,['avg_eff_no_outliers $ transport_data_system_9th'],1,4776513034.843043,avg_eff_no_outliers $ transport_data_system_9th,367424079.603311,single_datapoint,no_comment
16500,2015,21_VN,new_vehicle_efficiency,ldv,km_per_pj,road,passenger,ice,all,yearly,national,['avg_eff_no_outliers $ transport_data_system_9th'],1,3086802010.889935,avg_eff_no_outliers $ transport_data_system_9th,237446308.529995,single_datapoint,no_comment
16501,2015,21_VN,travel_km,ldv,km,road,passenger,ice,all,yearly,national,['estimated $ calculate_energy_and_activity()'],1,169110000000.0,estimated $ calculate_energy_and_activity(),15495000000.0,single_datapoint,no_comment
16502,2015,21_VN,turnover_rate,ldv,%,road,freight,ice,all,yearly,national,['manually_inputted_data $ guess'],1,0.39,manually_inputted_data $ guess,0.03,single_datapoint,no_comment
16503,2015,21_VN,turnover_rate,ldv,%,road,passenger,ice,all,yearly,national,['manually_inputted_data $ guess'],1,0.39,manually_inputted_data $ guess,0.03,single_datapoint,no_comment
16504,2016,21_VN,activity,ldv,passenger_km_or_freight_tonne_km,road,passenger,ice,all,yearly,national,['estimated $ calculate_energy_and_activity()'],1,253665000000.0,estimated $ calculate_energy_and_activity(),28575000000.0,single_datapoint,no_comment
16505,2016,21_VN,energy,ldv,pj,road,passenger,ice,all,yearly,national,['estimated $ calculate_energy_and_activity()'],1,486.14263045794326,estimated $ calculate_energy_and_activity(),54.763273078019154,single_datapoint,no_comment
16506,2016,21_VN,new_vehicle_efficiency,ldv,km_per_pj,road,freight,ice,all,yearly,national,['avg_eff_no_outliers $ transport_data_system_9th'],1,4776513034.843043,avg_eff_no_outliers $ transport_data_system_9th,367424079.603311,single_datapoint,no_comment
16507,2016,21_VN,new_vehicle_efficiency,ldv,km_per_pj,road,passenger,ice,all,yearly,national,['avg_eff_no_outliers $ transport_data_system_9th'],1,3086802010.889935,avg_eff_no_outliers $ transport_data_system_9th,237446308.529995,single_datapoint,no_comment
16508,2016,21_VN,travel_km,ldv,km,road,passenger,ice,all,yearly,national,['estimated $ calculate_energy_and_activity()'],1,169110000000.0,estimated $ calculate_energy_and_activity(),19050000000.0,single_datapoint,no_comment
16509,2016,21_VN,turnover_rate,ldv,%,road,freight,ice,all,yearly,national,['manually_inputted_data $ guess'],1,0.39,manually_inputted_data $ guess,0.03,single_datapoint,no_comment
16510,2016,21_VN,turnover_rate,ldv,%,road,passenger,ice,all,yearly,national,['manually_inputted_data $ guess'],1,0.39,manually_inputted_data $ guess,0.03,single_datapoint,no_comment
16511,2017,21_VN,activity,ldv,passenger_km_or_freight_tonne_km,road,freight,ice,all,yearly,national,['estimated $ calculate_energy_and_activity()'],1,744014175.0,estimated $ calculate_energy_and_activity(),744014175.0,single_datapoint,no_comment
16512,2017,21_VN,activity,ldv,passenger_km_or_freight_tonne_km,road,passenger,ice,all,yearly,national,['estimated $ calculate_energy_and_activity()'],1,253665000000.0,estimated $ calculate_energy_and_activity(),33637500000.0,single_datapoint,no_comment
16513,2017,21_VN,energy,ldv,pj,road,freight,ice,all,yearly,national,['estimated $ calculate_energy_and_activity()'],1,8.10326570686472,estimated $ calculate_energy_and_activity(),8.10326570686472,single_datapoint,no_comment
16514,2017,21_VN,energy,ldv,pj,road,passenger,ice,all,yearly,national,['estimated $ calculate_energy_and_activity()'],1,486.14263045794326,estimated $ calculate_energy_and_activity(),64.46542775719577,single_datapoint,no_comment
16515,2017,21_VN,new_vehicle_efficiency,ldv,km_per_pj,road,freight,ice,all,yearly,national,['avg_eff_no_outliers $ transport_data_system_9th'],1,4776513034.843043,avg_eff_no_outliers $ transport_data_system_9th,367424079.603311,single_datapoint,no_comment
16516,2017,21_VN,new_vehicle_efficiency,ldv,km_per_pj,road,passenger,ice,all,yearly,national,['avg_eff_no_outliers $ transport_data_system_9th'],1,3086802010.889935,avg_eff_no_outliers $ transport_data_system_9th,237446308.529995,single_datapoint,no_comment
16517,2017,21_VN,travel_km,ldv,km,road,freight,ice,all,yearly,national,['estimated $ calculate_energy_and_activity()'],1,2038395000.0,estimated $ calculate_energy_and_activity(),2038395000.0,single_datapoint,no_comment
16518,2017,21_VN,travel_km,ldv,km,road,passenger,ice,all,yearly,national,['estimated $ calculate_energy_and_activity()'],1,169110000000.0,estimated $ calculate_energy_and_activity(),22425000000.0,single_datapoint,no_comment
16519,2017,21_VN,turnover_rate,ldv,%,road,freight,ice,all,yearly,national,['manually_inputted_data $ guess'],1,0.39,manually_inputted_data $ guess,0.03,single_datapoint,no_comment
16520,2017,21_VN,turnover_rate,ldv,%,road,passenger,ice,all,yearly,national,['manually_inputted_data $ guess'],1,0.39,manually_inputted_data $ guess,0.03,single_datapoint,no_comment
16521,2018,21_VN,activity,ldv,passenger_km_or_freight_tonne_km,road,passenger,ice,all,yearly,national,['estimated $ calculate_energy_and_activity()'],1,253665000000.0,estimated $ calculate_energy_and_activity(),39532500000.0,single_datapoint,no_comment
16522,2018,21_VN,energy,ldv,pj,road,passenger,ice,all,yearly,national,['estimated $ calculate_energy_and_activity()'],1,486.14263045794326,estimated $ calculate_energy_and_activity(),75.76304787250366,single_datapoint,no_comment
16523,2018,21_VN,new_vehicle_efficiency,ldv,km_per_pj,road,freight,ice,all,yearly,national,['avg_eff_no_outliers $ transport_data_system_9th'],1,4776513034.843043,avg_eff_no_outliers $ transport_data_system_9th,367424079.603311,single_datapoint,no_comment
16524,2018,21_VN,new_vehicle_efficiency,ldv,km_per_pj,road,passenger,ice,all,yearly,national,['avg_eff_no_outliers $ transport_data_system_9th'],1,3086802010.889935,avg_eff_no_outliers $ transport_data_system_9th,237446308.529995,single_datapoint,no_comment
16525,2018,21_VN,travel_km,ldv,km,road,passenger,ice,all,yearly,national,['estimated $ calculate_energy_and_activity()'],1,169110000000.0,estimated $ calculate_energy_and_activity(),26355000000.0,single_datapoint,no_comment
16526,2018,21_VN,turnover_rate,ldv,%,road,freight,ice,all,yearly,national,['manually_inputted_data $ guess'],1,0.39,manually_inputted_data $ guess,0.03,single_datapoint,no_comment
16527,2018,21_VN,turnover_rate,ldv,%,road,passenger,ice,all,yearly,national,['manually_inputted_data $ guess'],1,0.39,manually_inputted_data $ guess,0.03,single_datapoint,no_comment
16528,2019,21_VN,activity,ldv,passenger_km_or_freight_tonne_km,road,passenger,ice,all,yearly,national,['estimated $ calculate_energy_and_activity()'],1,253665000000.0,estimated $ calculate_energy_and_activity(),46440000000.0,single_datapoint,no_comment
16529,2019,21_VN,energy,ldv,pj,road,passenger,ice,all,yearly,national,['estimated $ calculate_energy_and_activity()'],1,486.14263045794326,estimated $ calculate_energy_and_activity(),89.00109892364688,single_datapoint,no_comment
16530,2019,21_VN,new_vehicle_efficiency,ldv,km_per_pj,road,freight,ice,all,yearly,national,['avg_eff_no_outliers $ transport_data_system_9th'],1,4776513034.843043,avg_eff_no_outliers $ transport_data_system_9th,367424079.603311,single_datapoint,no_comment
16531,2019,21_VN,new_vehicle_efficiency,ldv,km_per_pj,road,passenger,ice,all,yearly,national,['avg_eff_no_outliers $ transport_data_system_9th'],1,3086802010.889935,avg_eff_no_outliers $ transport_data_system_9th,237446308.529995,single_datapoint,no_comment
16532,2019,21_VN,travel_km,ldv,km,road,passenger,ice,all,yearly,national,['estimated $ calculate_energy_and_activity()'],1,169110000000.0,estimated $ calculate_energy_and_activity(),30960000000.0,single_datapoint,no_comment
16533,2019,21_VN,turnover_rate,ldv,%,road,freight,ice,all,yearly,national,['manually_inputted_data $ guess'],1,0.39,manually_inputted_data $ guess,0.03,single_datapoint,no_comment
16534,2019,21_VN,turnover_rate,ldv,%,road,passenger,ice,all,yearly,national,['manually_inputted_data $ guess'],1,0.39,manually_inputted_data $ guess,0.03,single_datapoint,no_comment
16535,2020,21_VN,new_vehicle_efficiency,ldv,km_per_pj,road,freight,ice,all,yearly,national,['avg_eff_no_outliers $ transport_data_system_9th'],1,4776513034.843043,avg_eff_no_outliers $ transport_data_system_9th,367424079.603311,single_datapoint,no_comment
16536,2020,21_VN,new_vehicle_efficiency,ldv,km_per_pj,road,passenger,ice,all,yearly,national,['avg_eff_no_outliers $ transport_data_system_9th'],1,3086802010.889935,avg_eff_no_outliers $ transport_data_system_9th,237446308.529995,single_datapoint,no_comment
16537,2020,21_VN,turnover_rate,ldv,%,road,freight,ice,all,yearly,national,['manually_inputted_data $ guess'],1,0.39,manually_inputted_data $ guess,0.03,single_datapoint,no_comment
16538,2020,21_VN,turnover_rate,ldv,%,road,passenger,ice,all,yearly,national,['manually_inputted_data $ guess'],1,0.39,manually_inputted_data $ guess,0.03,single_datapoint,no_comment
16539,2021,21_VN,new_vehicle_efficiency,ldv,km_per_pj,road,freight,ice,all,yearly,national,['avg_eff_no_outliers $ transport_data_system_9th'],1,4776513034.843043,avg_eff_no_outliers $ transport_data_system_9th,367424079.603311,single_datapoint,no_comment
16540,2021,21_VN,new_vehicle_efficiency,ldv,km_per_pj,road,passenger,ice,all,yearly,national,['avg_eff_no_outliers $ transport_data_system_9th'],1,3086802010.889935,avg_eff_no_outliers $ transport_data_system_9th,237446308.529995,single_datapoint,no_comment
16541,2021,21_VN,turnover_rate,ldv,%,road,freight,ice,all,yearly,national,['manually_inputted_data $ guess'],1,0.39,manually_inputted_data $ guess,0.03,single_datapoint,no_comment
16542,2021,21_VN,turnover_rate,ldv,%,road,passenger,ice,all,yearly,national,['manually_inputted_data $ guess'],1,0.39,manually_inputted_data $ guess,0.03,single_datapoint,no_comment
16543,2022,21_VN,new_vehicle_efficiency,ldv,km_per_pj,road,freight,ice,all,yearly,national,['avg_eff_no_outliers $ transport_data_system_9th'],1,4776513034.843043,avg_eff_no_outliers $ transport_data_system_9th,367424079.603311,single_datapoint,no_comment
16544,2022,21_VN,new_vehicle_efficiency,ldv,km_per_pj,road,passenger,ice,all,yearly,national,['avg_eff_no_outliers $ transport_data_system_9th'],1,3086802010.889935,avg_eff_no_outliers $ transport_data_system_9th,237446308.529995,single_datapoint,no_comment
16545,2022,21_VN,turnover_rate,ldv,%,road,freight,ice,all,yearly,national,['manually_inputted_data $ guess'],1,0.39,manually_inputted_data $ guess,0.03,single_datapoint,no_comment
16546,2022,21_VN,turnover_rate,ldv,%,road,passenger,ice,all,yearly,national,['manually_inputted_data $ guess'],1,0.39,manually_inputted_data $ guess,0.03,single_datapoint,no_comment
16547,2010,21_VN,new_vehicle_efficiency,ldv,km_per_pj,road,freight,lpg,all,yearly,national,['avg_eff_no_outliers $ transport_data_system_9th'],1,3668778329.1297708,avg_eff_no_outliers $ transport_data_system_9th,282213717.625367,single_datapoint,no_comment
16548,2010,21_VN,new_vehicle_efficiency,ldv,km_per_pj,road,passenger,lpg,all,yearly,national,['avg_eff_no_outliers $ transport_data_system_9th'],1,4713924488.084526,avg_eff_no_outliers $ transport_data_system_9th,362609576.006502,single_datapoint,no_comment
16549,2010,21_VN,turnover_rate,ldv,%,road,freight,lpg,all,yearly,national,['manually_inputted_data $ guess'],1,0.42,manually_inputted_data $ guess,0.03,manual,no_comment
16550,2010,21_VN,turnover_rate,ldv,%,road,passenger,lpg,all,yearly,national,['manually_inputted_data $ guess'],1,0.42,manually_inputted_data $ guess,0.03,manual,no_comment
16551,2011,21_VN,new_vehicle_efficiency,ldv,km_per_pj,road,freight,lpg,all,yearly,national,['avg_eff_no_outliers $ transport_data_system_9th'],1,3668778329.1297708,avg_eff_no_outliers $ transport_data_system_9th,282213717.625367,single_datapoint,no_comment
16552,2011,21_VN,new_vehicle_efficiency,ldv,km_per_pj,road,passenger,lpg,all,yearly,national,['avg_eff_no_outliers $ transport_data_system_9th'],1,4713924488.084526,avg_eff_no_outliers $ transport_data_system_9th,362609576.006502,single_datapoint,no_comment
16553,2011,21_VN,turnover_rate,ldv,%,road,freight,lpg,all,yearly,national,['manually_inputted_data $ guess'],1,0.42,manually_inputted_data $ guess,0.03,manual,no_comment
16554,2011,21_VN,turnover_rate,ldv,%,road,passenger,lpg,all,yearly,national,['manually_inputted_data $ guess'],1,0.42,manually_inputted_data $ guess,0.03,manual,no_comment
16555,2012,21_VN,new_vehicle_efficiency,ldv,km_per_pj,road,freight,lpg,all,yearly,national,['avg_eff_no_outliers $ transport_data_system_9th'],1,3668778329.1297708,avg_eff_no_outliers $ transport_data_system_9th,282213717.625367,single_datapoint,no_comment
16556,2012,21_VN,new_vehicle_efficiency,ldv,km_per_pj,road,passenger,lpg,all,yearly,national,['avg_eff_no_outliers $ transport_data_system_9th'],1,4713924488.084526,avg_eff_no_outliers $ transport_data_system_9th,362609576.006502,single_datapoint,no_comment
16557,2012,21_VN,turnover_rate,ldv,%,road,freight,lpg,all,yearly,national,['manually_inputted_data $ guess'],1,0.42,manually_inputted_data $ guess,0.03,manual,no_comment
16558,2012,21_VN,turnover_rate,ldv,%,road,passenger,lpg,all,yearly,national,['manually_inputted_data $ guess'],1,0.42,manually_inputted_data $ guess,0.03,manual,no_comment
16559,2013,21_VN,new_vehicle_efficiency,ldv,km_per_pj,road,freight,lpg,all,yearly,national,['avg_eff_no_outliers $ transport_data_system_9th'],1,3668778329.1297708,avg_eff_no_outliers $ transport_data_system_9th,282213717.625367,single_datapoint,no_comment
16560,2013,21_VN,new_vehicle_efficiency,ldv,km_per_pj,road,passenger,lpg,all,yearly,national,['avg_eff_no_outliers $ transport_data_system_9th'],1,4713924488.084526,avg_eff_no_outliers $ transport_data_system_9th,362609576.006502,single_datapoint,no_comment
16561,2013,21_VN,turnover_rate,ldv,%,road,freight,lpg,all,yearly,national,['manually_inputted_data $ guess'],1,0.42,manually_inputted_data $ guess,0.03,manual,no_comment
16562,2013,21_VN,turnover_rate,ldv,%,road,passenger,lpg,all,yearly,national,['manually_inputted_data $ guess'],1,0.42,manually_inputted_data $ guess,0.03,manual,no_comment
16563,2014,21_VN,new_vehicle_efficiency,ldv,km_per_pj,road,freight,lpg,all,yearly,national,['avg_eff_no_outliers $ transport_data_system_9th'],1,3668778329.1297708,avg_eff_no_outliers $ transport_data_system_9th,282213717.625367,single_datapoint,no_comment
16564,2014,21_VN,new_vehicle_efficiency,ldv,km_per_pj,road,passenger,lpg,all,yearly,national,['avg_eff_no_outliers $ transport_data_system_9th'],1,4713924488.084526,avg_eff_no_outliers $ transport_data_system_9th,362609576.006502,single_datapoint,no_comment
16565,2014,21_VN,turnover_rate,ldv,%,road,freight,lpg,all,yearly,national,['manually_inputted_data $ guess'],1,0.42,manually_inputted_data $ guess,0.03,manual,no_comment
16566,2014,21_VN,turnover_rate,ldv,%,road,passenger,lpg,all,yearly,national,['manually_inputted_data $ guess'],1,0.42,manually_inputted_data $ guess,0.03,manual,no_comment
16567,2015,21_VN,new_vehicle_efficiency,ldv,km_per_pj,road,freight,lpg,all,yearly,national,['avg_eff_no_outliers $ transport_data_system_9th'],1,3668778329.1297708,avg_eff_no_outliers $ transport_data_system_9th,282213717.625367,single_datapoint,no_comment
16568,2015,21_VN,new_vehicle_efficiency,ldv,km_per_pj,road,passenger,lpg,all,yearly,national,['avg_eff_no_outliers $ transport_data_system_9th'],1,4713924488.084526,avg_eff_no_outliers $ transport_data_system_9th,362609576.006502,single_datapoint,no_comment
16569,2015,21_VN,turnover_rate,ldv,%,road,freight,lpg,all,yearly,national,['manually_inputted_data $ guess'],1,0.42,manually_inputted_data $ guess,0.03,manual,no_comment
16570,2015,21_VN,turnover_rate,ldv,%,road,passenger,lpg,all,yearly,national,['manually_inputted_data $ guess'],1,0.42,manually_inputted_data $ guess,0.03,manual,no_comment
16571,2016,21_VN,new_vehicle_efficiency,ldv,km_per_pj,road,freight,lpg,all,yearly,national,['avg_eff_no_outliers $ transport_data_system_9th'],1,3668778329.1297708,avg_eff_no_outliers $ transport_data_system_9th,282213717.625367,single_datapoint,no_comment
16572,2016,21_VN,new_vehicle_efficiency,ldv,km_per_pj,road,passenger,lpg,all,yearly,national,['avg_eff_no_outliers $ transport_data_system_9th'],1,4713924488.084526,avg_eff_no_outliers $ transport_data_system_9th,362609576.006502,single_datapoint,no_comment
16573,2016,21_VN,turnover_rate,ldv,%,road,freight,lpg,all,yearly,national,['manually_inputted_data $ guess'],1,0.42,manually_inputted_data $ guess,0.03,manual,no_comment
16574,2016,21_VN,turnover_rate,ldv,%,road,passenger,lpg,all,yearly,national,['manually_inputted_data $ guess'],1,0.42,manually_inputted_data $ guess,0.03,manual,no_comment
16575,2017,21_VN,new_vehicle_efficiency,ldv,km_per_pj,road,freight,lpg,all,yearly,national,['avg_eff_no_outliers $ transport_data_system_9th'],1,3668778329.1297708,avg_eff_no_outliers $ transport_data_system_9th,282213717.625367,single_datapoint,no_comment
16576,2017,21_VN,new_vehicle_efficiency,ldv,km_per_pj,road,passenger,lpg,all,yearly,national,['avg_eff_no_outliers $ transport_data_system_9th'],1,4713924488.084526,avg_eff_no_outliers $ transport_data_system_9th,362609576.006502,single_datapoint,no_comment
16577,2017,21_VN,turnover_rate,ldv,%,road,freight,lpg,all,yearly,national,"['manually_inputted_data $ guess', 'turnover_rate_est']",2,0.42,manually_inputted_data $ guess,0.03,manual,no_comment
16578,2017,21_VN,turnover_rate,ldv,%,road,passenger,lpg,all,yearly,national,"['manually_inputted_data $ guess', 'turnover_rate_est']",2,0.42,manually_inputted_data $ guess,0.03,manual,no_comment
16579,2018,21_VN,new_vehicle_efficiency,ldv,km_per_pj,road,freight,lpg,all,yearly,national,['avg_eff_no_outliers $ transport_data_system_9th'],1,3668778329.1297708,avg_eff_no_outliers $ transport_data_system_9th,282213717.625367,single_datapoint,no_comment
16580,2018,21_VN,new_vehicle_efficiency,ldv,km_per_pj,road,passenger,lpg,all,yearly,national,['avg_eff_no_outliers $ transport_data_system_9th'],1,4713924488.084526,avg_eff_no_outliers $ transport_data_system_9th,362609576.006502,single_datapoint,no_comment
16581,2018,21_VN,turnover_rate,ldv,%,road,freight,lpg,all,yearly,national,['manually_inputted_data $ guess'],1,0.42,manually_inputted_data $ guess,0.03,manual,no_comment
16582,2018,21_VN,turnover_rate,ldv,%,road,passenger,lpg,all,yearly,national,['manually_inputted_data $ guess'],1,0.42,manually_inputted_data $ guess,0.03,manual,no_comment
16583,2019,21_VN,new_vehicle_efficiency,ldv,km_per_pj,road,freight,lpg,all,yearly,national,['avg_eff_no_outliers $ transport_data_system_9th'],1,3668778329.1297708,avg_eff_no_outliers $ transport_data_system_9th,282213717.625367,single_datapoint,no_comment
16584,2019,21_VN,new_vehicle_efficiency,ldv,km_per_pj,road,passenger,lpg,all,yearly,national,['avg_eff_no_outliers $ transport_data_system_9th'],1,4713924488.084526,avg_eff_no_outliers $ transport_data_system_9th,362609576.006502,single_datapoint,no_comment
16585,2019,21_VN,turnover_rate,ldv,%,road,freight,lpg,all,yearly,national,['manually_inputted_data $ guess'],1,0.42,manually_inputted_data $ guess,0.03,manual,no_comment
16586,2019,21_VN,turnover_rate,ldv,%,road,passenger,lpg,all,yearly,national,['manually_inputted_data $ guess'],1,0.42,manually_inputted_data $ guess,0.03,manual,no_comment
16587,2020,21_VN,new_vehicle_efficiency,ldv,km_per_pj,road,freight,lpg,all,yearly,national,['avg_eff_no_outliers $ transport_data_system_9th'],1,3668778329.1297708,avg_eff_no_outliers $ transport_data_system_9th,282213717.625367,single_datapoint,no_comment
16588,2020,21_VN,new_vehicle_efficiency,ldv,km_per_pj,road,passenger,lpg,all,yearly,national,['avg_eff_no_outliers $ transport_data_system_9th'],1,4713924488.084526,avg_eff_no_outliers $ transport_data_system_9th,362609576.006502,single_datapoint,no_comment
16589,2020,21_VN,turnover_rate,ldv,%,road,freight,lpg,all,yearly,national,['manually_inputted_data $ guess'],1,0.42,manually_inputted_data $ guess,0.03,manual,no_comment
16590,2020,21_VN,turnover_rate,ldv,%,road,passenger,lpg,all,yearly,national,['manually_inputted_data $ guess'],1,0.42,manually_inputted_data $ guess,0.03,manual,no_comment
16591,2021,21_VN,new_vehicle_efficiency,ldv,km_per_pj,road,freight,lpg,all,yearly,national,['avg_eff_no_outliers $ transport_data_system_9th'],1,3668778329.1297708,avg_eff_no_outliers $ transport_data_system_9th,282213717.625367,single_datapoint,no_comment
16592,2021,21_VN,new_vehicle_efficiency,ldv,km_per_pj,road,passenger,lpg,all,yearly,national,['avg_eff_no_outliers $ transport_data_system_9th'],1,4713924488.084526,avg_eff_no_outliers $ transport_data_system_9th,362609576.006502,single_datapoint,no_comment
16593,2021,21_VN,turnover_rate,ldv,%,road,freight,lpg,all,yearly,national,['manually_inputted_data $ guess'],1,0.42,manually_inputted_data $ guess,0.03,manual,no_comment
16594,2021,21_VN,turnover_rate,ldv,%,road,passenger,lpg,all,yearly,national,['manually_inputted_data $ guess'],1,0.42,manually_inputted_data $ guess,0.03,manual,no_comment
16595,2022,21_VN,new_vehicle_efficiency,ldv,km_per_pj,road,freight,lpg,all,yearly,national,['avg_eff_no_outliers $ transport_data_system_9th'],1,3668778329.1297708,avg_eff_no_outliers $ transport_data_system_9th,282213717.625367,single_datapoint,no_comment
16596,2022,21_VN,new_vehicle_efficiency,ldv,km_per_pj,road,passenger,lpg,all,yearly,national,['avg_eff_no_outliers $ transport_data_system_9th'],1,4713924488.084526,avg_eff_no_outliers $ transport_data_system_9th,362609576.006502,single_datapoint,no_comment
16597,2022,21_VN,turnover_rate,ldv,%,road,freight,lpg,all,yearly,national,['manually_inputted_data $ guess'],1,0.42,manually_inputted_data $ guess,0.03,manual,no_comment
16598,2022,21_VN,turnover_rate,ldv,%,road,passenger,lpg,all,yearly,national,['manually_inputted_data $ guess'],1,0.42,manually_inputted_data $ guess,0.03,manual,no_comment
16599,2010,21_VN,new_vehicle_efficiency,ldv,km_per_pj,road,freight,phev,all,yearly,national,['avg_eff_no_outliers $ transport_data_system_9th'],1,8979606259.303562,avg_eff_no_outliers $ transport_data_system_9th,690738943.023351,single_datapoint,no_comment
16600,2010,21_VN,new_vehicle_efficiency,ldv,km_per_pj,road,passenger,phev,all,yearly,national,['avg_eff_no_outliers $ transport_data_system_9th'],1,5974718100.659283,avg_eff_no_outliers $ transport_data_system_9th,459593700.050714,single_datapoint,no_comment
16601,2010,21_VN,turnover_rate,ldv,%,road,freight,phev,all,yearly,national,['manually_inputted_data $ guess'],1,0.39,manually_inputted_data $ guess,0.03,single_datapoint,no_comment
16602,2010,21_VN,turnover_rate,ldv,%,road,passenger,phev,all,yearly,national,['manually_inputted_data $ guess'],1,0.39,manually_inputted_data $ guess,0.03,single_datapoint,no_comment
16603,2011,21_VN,new_vehicle_efficiency,ldv,km_per_pj,road,freight,phev,all,yearly,national,['avg_eff_no_outliers $ transport_data_system_9th'],1,8979606259.303562,avg_eff_no_outliers $ transport_data_system_9th,690738943.023351,single_datapoint,no_comment
16604,2011,21_VN,new_vehicle_efficiency,ldv,km_per_pj,road,passenger,phev,all,yearly,national,['avg_eff_no_outliers $ transport_data_system_9th'],1,5974718100.659283,avg_eff_no_outliers $ transport_data_system_9th,459593700.050714,single_datapoint,no_comment
16605,2011,21_VN,turnover_rate,ldv,%,road,freight,phev,all,yearly,national,['manually_inputted_data $ guess'],1,0.39,manually_inputted_data $ guess,0.03,single_datapoint,no_comment
16606,2011,21_VN,turnover_rate,ldv,%,road,passenger,phev,all,yearly,national,['manually_inputted_data $ guess'],1,0.39,manually_inputted_data $ guess,0.03,single_datapoint,no_comment
16607,2012,21_VN,new_vehicle_efficiency,ldv,km_per_pj,road,freight,phev,all,yearly,national,['avg_eff_no_outliers $ transport_data_system_9th'],1,8979606259.303562,avg_eff_no_outliers $ transport_data_system_9th,690738943.023351,single_datapoint,no_comment
16608,2012,21_VN,new_vehicle_efficiency,ldv,km_per_pj,road,passenger,phev,all,yearly,national,['avg_eff_no_outliers $ transport_data_system_9th'],1,5974718100.659283,avg_eff_no_outliers $ transport_data_system_9th,459593700.050714,single_datapoint,no_comment
16609,2012,21_VN,turnover_rate,ldv,%,road,freight,phev,all,yearly,national,['manually_inputted_data $ guess'],1,0.39,manually_inputted_data $ guess,0.03,single_datapoint,no_comment
16610,2012,21_VN,turnover_rate,ldv,%,road,passenger,phev,all,yearly,national,['manually_inputted_data $ guess'],1,0.39,manually_inputted_data $ guess,0.03,single_datapoint,no_comment
16611,2013,21_VN,new_vehicle_efficiency,ldv,km_per_pj,road,freight,phev,all,yearly,national,['avg_eff_no_outliers $ transport_data_system_9th'],1,8979606259.303562,avg_eff_no_outliers $ transport_data_system_9th,690738943.023351,single_datapoint,no_comment
16612,2013,21_VN,new_vehicle_efficiency,ldv,km_per_pj,road,passenger,phev,all,yearly,national,['avg_eff_no_outliers $ transport_data_system_9th'],1,5974718100.659283,avg_eff_no_outliers $ transport_data_system_9th,459593700.050714,single_datapoint,no_comment
16613,2013,21_VN,turnover_rate,ldv,%,road,freight,phev,all,yearly,national,['manually_inputted_data $ guess'],1,0.39,manually_inputted_data $ guess,0.03,single_datapoint,no_comment
16614,2013,21_VN,turnover_rate,ldv,%,road,passenger,phev,all,yearly,national,['manually_inputted_data $ guess'],1,0.39,manually_inputted_data $ guess,0.03,single_datapoint,no_comment
16615,2014,21_VN,new_vehicle_efficiency,ldv,km_per_pj,road,freight,phev,all,yearly,national,['avg_eff_no_outliers $ transport_data_system_9th'],1,8979606259.303562,avg_eff_no_outliers $ transport_data_system_9th,690738943.023351,single_datapoint,no_comment
16616,2014,21_VN,new_vehicle_efficiency,ldv,km_per_pj,road,passenger,phev,all,yearly,national,['avg_eff_no_outliers $ transport_data_system_9th'],1,5974718100.659283,avg_eff_no_outliers $ transport_data_system_9th,459593700.050714,single_datapoint,no_comment
16617,2014,21_VN,turnover_rate,ldv,%,road,freight,phev,all,yearly,national,['manually_inputted_data $ guess'],1,0.39,manually_inputted_data $ guess,0.03,single_datapoint,no_comment
16618,2014,21_VN,turnover_rate,ldv,%,road,passenger,phev,all,yearly,national,['manually_inputted_data $ guess'],1,0.39,manually_inputted_data $ guess,0.03,single_datapoint,no_comment
16619,2015,21_VN,new_vehicle_efficiency,ldv,km_per_pj,road,freight,phev,all,yearly,national,['avg_eff_no_outliers $ transport_data_system_9th'],1,8979606259.303562,avg_eff_no_outliers $ transport_data_system_9th,690738943.023351,single_datapoint,no_comment
16620,2015,21_VN,new_vehicle_efficiency,ldv,km_per_pj,road,passenger,phev,all,yearly,national,['avg_eff_no_outliers $ transport_data_system_9th'],1,5974718100.659283,avg_eff_no_outliers $ transport_data_system_9th,459593700.050714,single_datapoint,no_comment
16621,2015,21_VN,turnover_rate,ldv,%,road,freight,phev,all,yearly,national,['manually_inputted_data $ guess'],1,0.39,manually_inputted_data $ guess,0.03,single_datapoint,no_comment
16622,2015,21_VN,turnover_rate,ldv,%,road,passenger,phev,all,yearly,national,['manually_inputted_data $ guess'],1,0.39,manually_inputted_data $ guess,0.03,single_datapoint,no_comment
16623,2016,21_VN,new_vehicle_efficiency,ldv,km_per_pj,road,freight,phev,all,yearly,national,['avg_eff_no_outliers $ transport_data_system_9th'],1,8979606259.303562,avg_eff_no_outliers $ transport_data_system_9th,690738943.023351,single_datapoint,no_comment
16624,2016,21_VN,new_vehicle_efficiency,ldv,km_per_pj,road,passenger,phev,all,yearly,national,['avg_eff_no_outliers $ transport_data_system_9th'],1,5974718100.659283,avg_eff_no_outliers $ transport_data_system_9th,459593700.050714,single_datapoint,no_comment
16625,2016,21_VN,turnover_rate,ldv,%,road,freight,phev,all,yearly,national,['manually_inputted_data $ guess'],1,0.39,manually_inputted_data $ guess,0.03,single_datapoint,no_comment
16626,2016,21_VN,turnover_rate,ldv,%,road,passenger,phev,all,yearly,national,['manually_inputted_data $ guess'],1,0.39,manually_inputted_data $ guess,0.03,single_datapoint,no_comment
16627,2017,21_VN,new_vehicle_efficiency,ldv,km_per_pj,road,freight,phev,all,yearly,national,['avg_eff_no_outliers $ transport_data_system_9th'],1,8979606259.303562,avg_eff_no_outliers $ transport_data_system_9th,690738943.023351,single_datapoint,no_comment
16628,2017,21_VN,new_vehicle_efficiency,ldv,km_per_pj,road,passenger,phev,all,yearly,national,['avg_eff_no_outliers $ transport_data_system_9th'],1,5974718100.659283,avg_eff_no_outliers $ transport_data_system_9th,459593700.050714,single_datapoint,no_comment
16629,2017,21_VN,turnover_rate,ldv,%,road,freight,phev,all,yearly,national,['manually_inputted_data $ guess'],1,0.39,manually_inputted_data $ guess,0.03,single_datapoint,no_comment
16630,2017,21_VN,turnover_rate,ldv,%,road,passenger,phev,all,yearly,national,['manually_inputted_data $ guess'],1,0.39,manually_inputted_data $ guess,0.03,single_datapoint,no_comment
16631,2018,21_VN,new_vehicle_efficiency,ldv,km_per_pj,road,freight,phev,all,yearly,national,['avg_eff_no_outliers $ transport_data_system_9th'],1,8979606259.303562,avg_eff_no_outliers $ transport_data_system_9th,690738943.023351,single_datapoint,no_comment
16632,2018,21_VN,new_vehicle_efficiency,ldv,km_per_pj,road,passenger,phev,all,yearly,national,['avg_eff_no_outliers $ transport_data_system_9th'],1,5974718100.659283,avg_eff_no_outliers $ transport_data_system_9th,459593700.050714,single_datapoint,no_comment
16633,2018,21_VN,turnover_rate,ldv,%,road,freight,phev,all,yearly,national,['manually_inputted_data $ guess'],1,0.39,manually_inputted_data $ guess,0.03,single_datapoint,no_comment
16634,2018,21_VN,turnover_rate,ldv,%,road,passenger,phev,all,yearly,national,['manually_inputted_data $ guess'],1,0.39,manually_inputted_data $ guess,0.03,single_datapoint,no_comment
16635,2019,21_VN,new_vehicle_efficiency,ldv,km_per_pj,road,freight,phev,all,yearly,national,['avg_eff_no_outliers $ transport_data_system_9th'],1,8979606259.303562,avg_eff_no_outliers $ transport_data_system_9th,690738943.023351,single_datapoint,no_comment
16636,2019,21_VN,new_vehicle_efficiency,ldv,km_per_pj,road,passenger,phev,all,yearly,national,['avg_eff_no_outliers $ transport_data_system_9th'],1,5974718100.659283,avg_eff_no_outliers $ transport_data_system_9th,459593700.050714,single_datapoint,no_comment
16637,2019,21_VN,turnover_rate,ldv,%,road,freight,phev,all,yearly,national,['manually_inputted_data $ guess'],1,0.39,manually_inputted_data $ guess,0.03,single_datapoint,no_comment
16638,2019,21_VN,turnover_rate,ldv,%,road,passenger,phev,all,yearly,national,['manually_inputted_data $ guess'],1,0.39,manually_inputted_data $ guess,0.03,single_datapoint,no_comment
16639,2020,21_VN,new_vehicle_efficiency,ldv,km_per_pj,road,freight,phev,all,yearly,national,['avg_eff_no_outliers $ transport_data_system_9th'],1,8979606259.303562,avg_eff_no_outliers $ transport_data_system_9th,690738943.023351,single_datapoint,no_comment
16640,2020,21_VN,new_vehicle_efficiency,ldv,km_per_pj,road,passenger,phev,all,yearly,national,['avg_eff_no_outliers $ transport_data_system_9th'],1,5974718100.659283,avg_eff_no_outliers $ transport_data_system_9th,459593700.050714,single_datapoint,no_comment
16641,2020,21_VN,turnover_rate,ldv,%,road,freight,phev,all,yearly,national,['manually_inputted_data $ guess'],1,0.39,manually_inputted_data $ guess,0.03,single_datapoint,no_comment
16642,2020,21_VN,turnover_rate,ldv,%,road,passenger,phev,all,yearly,national,['manually_inputted_data $ guess'],1,0.39,manually_inputted_data $ guess,0.03,single_datapoint,no_comment
16643,2021,21_VN,new_vehicle_efficiency,ldv,km_per_pj,road,freight,phev,all,yearly,national,['avg_eff_no_outliers $ transport_data_system_9th'],1,8979606259.303562,avg_eff_no_outliers $ transport_data_system_9th,690738943.023351,single_datapoint,no_comment
16644,2021,21_VN,new_vehicle_efficiency,ldv,km_per_pj,road,passenger,phev,all,yearly,national,['avg_eff_no_outliers $ transport_data_system_9th'],1,5974718100.659283,avg_eff_no_outliers $ transport_data_system_9th,459593700.050714,single_datapoint,no_comment
16645,2021,21_VN,turnover_rate,ldv,%,road,freight,phev,all,yearly,national,['manually_inputted_data $ guess'],1,0.39,manually_inputted_data $ guess,0.03,single_datapoint,no_comment
16646,2021,21_VN,turnover_rate,ldv,%,road,passenger,phev,all,yearly,national,['manually_inputted_data $ guess'],1,0.39,manually_inputted_data $ guess,0.03,single_datapoint,no_comment
16647,2022,21_VN,new_vehicle_efficiency,ldv,km_per_pj,road,freight,phev,all,yearly,national,['avg_eff_no_outliers $ transport_data_system_9th'],1,8979606259.303562,avg_eff_no_outliers $ transport_data_system_9th,690738943.023351,single_datapoint,no_comment
16648,2022,21_VN,new_vehicle_efficiency,ldv,km_per_pj,road,passenger,phev,all,yearly,national,['avg_eff_no_outliers $ transport_data_system_9th'],1,5974718100.659283,avg_eff_no_outliers $ transport_data_system_9th,459593700.050714,single_datapoint,no_comment
16649,2022,21_VN,turnover_rate,ldv,%,road,freight,phev,all,yearly,national,['manually_inputted_data $ guess'],1,0.39,manually_inputted_data $ guess,0.03,single_datapoint,no_comment
16650,2022,21_VN,turnover_rate,ldv,%,road,passenger,phev,all,yearly,national,['manually_inputted_data $ guess'],1,0.39,manually_inputted_data $ guess,0.03,single_datapoint,no_comment
